"DATE","NIS5","TX_DESCR_NL","TX_DESCR_FR","TX_ADM_DSTR_DESCR_NL","TX_ADM_DSTR_DESCR_FR","TX_PROV_DESCR_NL","TX_PROV_DESCR_FR","TX_RGN_DESCR_NL","TX_RGN_DESCR_FR","CASES"
"2020-03-01","11002","Antwerpen","Anvers","Arrondissement Antwerpen","Arrondissement d’Anvers","Provincie Antwerpen","Province d’Anvers","Vlaams Gewest","Région flamande","<5"
"2020-03-01","21004","Brussel","Bruxelles","Arrondissement Brussel-Hoofdstad","Arrondissement de Bruxelles-Capitale",NA,NA,"Brussels Hoofdstedelijk Gewest","Région de Bruxelles-Capitale","<5"
"2020-03-01","21009","Elsene","Ixelles","Arrondissement Brussel-Hoofdstad","Arrondissement de Bruxelles-Capitale",NA,NA,"Brussels Hoofdstedelijk Gewest","Région de Bruxelles-Capitale","<5"
"2020-03-01","21014","Sint-Joost-ten-Node","Saint-Josse-ten-Noode","Arrondissement Brussel-Hoofdstad","Arrondissement de Bruxelles-Capitale",NA,NA,"Brussels Hoofdstedelijk Gewest","Région de Bruxelles-Capitale","<5"
"2020-03-01","23062","Overijse","Overijse","Arrondissement Halle-Vilvoorde","Arrondissement de Hal-Vilvorde","Provincie Vlaams-Brabant","Province du Brabant flamand","Vlaams Gewest","Région flamande","<5"
"2020-03-01","23088","Vilvoorde","Vilvorde","Arrondissement Halle-Vilvoorde","Arrondissement de Hal-Vilvorde","Provincie Vlaams-Brabant","Province du Brabant flamand","Vlaams Gewest","Région flamande","<5"
"2020-03-01","23099","Kraainem","Kraainem","Arrondissement Halle-Vilvoorde","Arrondissement de Hal-Vilvorde","Provincie Vlaams-Brabant","Province du Brabant flamand","Vlaams Gewest","Région flamande","<5"
"2020-03-01","24045","Huldenberg","Huldenberg","Arrondissement Leuven","Arrondissement de Louvain","Provincie Vlaams-Brabant","Province du Brabant flamand","Vlaams Gewest","Région flamande","<5"
"2020-03-01","24062","Leuven","Louvain","Arrondissement Leuven","Arrondissement de Louvain","Provincie Vlaams-Brabant","Province du Brabant flamand","Vlaams Gewest","Région flamande","<5"
"2020-03-01","44083","Deinze","Deinze","Arrondissement Gent","Arrondissement de Gand","Provincie Oost-Vlaanderen","Province de Flandre orientale","Vlaams Gewest","Région flamande","<5"
"2020-03-01","61028","Héron","Héron","Arrondissement Hoei","Arrondissement de Huy","Provincie Luik","Province de Liège","Waals Gewest","Région wallonne","<5"
"2020-03-01","71020","Halen","Halen","Arrondissement Hasselt","Arrondissement de Hasselt","Provincie Limburg","Province du Limbourg","Vlaams Gewest","Région flamande","<5"
"2020-03-02","12035","Sint-Katelijne-Waver","Sint-Katelijne-Waver","Arrondissement Mechelen","Arrondissement de Malines","Provincie Antwerpen","Province d’Anvers","Vlaams Gewest","Région flamande","<5"
"2020-03-02","21003","Sint-Agatha-Berchem","Berchem-Sainte-Agathe","Arrondissement Brussel-Hoofdstad","Arrondissement de Bruxelles-Capitale",NA,NA,"Brussels Hoofdstedelijk Gewest","Région de Bruxelles-Capitale","<5"
"2020-03-02","21016","Ukkel","Uccle","Arrondissement Brussel-Hoofdstad","Arrondissement de Bruxelles-Capitale",NA,NA,"Brussels Hoofdstedelijk Gewest","Région de Bruxelles-Capitale","<5"
"2020-03-02","21018","Sint-Lambrechts-Woluwe","Woluwe-Saint-Lambert","Arrondissement Brussel-Hoofdstad","Arrondissement de Bruxelles-Capitale",NA,NA,"Brussels Hoofdstedelijk Gewest","Région de Bruxelles-Capitale","<5"
"2020-03-02","21019","Sint-Pieters-Woluwe","Woluwe-Saint-Pierre","Arrondissement Brussel-Hoofdstad","Arrondissement de Bruxelles-Capitale",NA,NA,"Brussels Hoofdstedelijk Gewest","Région de Bruxelles-Capitale","<5"
"2020-03-02","23027","Halle (Halle-Vilvoorde)","Hal (Hal-Vilvorde)","Arrondissement Halle-Vilvoorde","Arrondissement de Hal-Vilvorde","Provincie Vlaams-Brabant","Province du Brabant flamand","Vlaams Gewest","Région flamande","<5"
"2020-03-02","24041","Hoegaarden","Hoegaarden","Arrondissement Leuven","Arrondissement de Louvain","Provincie Vlaams-Brabant","Province du Brabant flamand","Vlaams Gewest","Région flamande","<5"
"2020-03-02","24043","Holsbeek","Holsbeek","Arrondissement Leuven","Arrondissement de Louvain","Provincie Vlaams-Brabant","Province du Brabant flamand","Vlaams Gewest","Région flamande","<5"
"2020-03-02","24104","Tervuren","Tervuren","Arrondissement Leuven","Arrondissement de Louvain","Provincie Vlaams-Brabant","Province du Brabant flamand","Vlaams Gewest","Région flamande","<5"
"2020-03-02","34041","Wevelgem","Wevelgem","Arrondissement Kortrijk","Arrondissement de Courtrai","Provincie West-Vlaanderen","Province de Flandre occidentale","Vlaams Gewest","Région flamande","<5"
"2020-03-02","35013","Oostende","Ostende","Arrondissement Oostende","Arrondissement d’Ostende","Provincie West-Vlaanderen","Province de Flandre occidentale","Vlaams Gewest","Région flamande","<5"
"2020-03-02","41063","Sint-Lievens-Houtem","Sint-Lievens-Houtem","Arrondissement Aalst","Arrondissement d’Alost","Provincie Oost-Vlaanderen","Province de Flandre orientale","Vlaams Gewest","Région flamande","<5"
"2020-03-02","62100","Sprimont","Sprimont","Arrondissement Luik","Arrondissement de Liège","Provincie Luik","Province de Liège","Waals Gewest","Région wallonne","<5"
"2020-03-03","11002","Antwerpen","Anvers","Arrondissement Antwerpen","Arrondissement d’Anvers","Provincie Antwerpen","Province d’Anvers","Vlaams Gewest","Région flamande","<5"
"2020-03-03","13008","Geel","Geel","Arrondissement Turnhout","Arrondissement de Turnhout","Provincie Antwerpen","Province d’Anvers","Vlaams Gewest","Région flamande","<5"
"2020-03-03","21001","Anderlecht","Anderlecht","Arrondissement Brussel-Hoofdstad","Arrondissement de Bruxelles-Capitale",NA,NA,"Brussels Hoofdstedelijk Gewest","Région de Bruxelles-Capitale","<5"
"2020-03-03","21017","Watermaal-Bosvoorde","Watermael-Boitsfort","Arrondissement Brussel-Hoofdstad","Arrondissement de Bruxelles-Capitale",NA,NA,"Brussels Hoofdstedelijk Gewest","Région de Bruxelles-Capitale","<5"
"2020-03-03","23016","Dilbeek","Dilbeek","Arrondissement Halle-Vilvoorde","Arrondissement de Hal-Vilvorde","Provincie Vlaams-Brabant","Province du Brabant flamand","Vlaams Gewest","Région flamande","<5"
"2020-03-03","23062","Overijse","Overijse","Arrondissement Halle-Vilvoorde","Arrondissement de Hal-Vilvorde","Provincie Vlaams-Brabant","Province du Brabant flamand","Vlaams Gewest","Région flamande","<5"
"2020-03-03","23099","Kraainem","Kraainem","Arrondissement Halle-Vilvoorde","Arrondissement de Hal-Vilvorde","Provincie Vlaams-Brabant","Province du Brabant flamand","Vlaams Gewest","Région flamande","<5"
"2020-03-03","24045","Huldenberg","Huldenberg","Arrondissement Leuven","Arrondissement de Louvain","Provincie Vlaams-Brabant","Province du Brabant flamand","Vlaams Gewest","Région flamande","<5"
"2020-03-03","24062","Leuven","Louvain","Arrondissement Leuven","Arrondissement de Louvain","Provincie Vlaams-Brabant","Province du Brabant flamand","Vlaams Gewest","Région flamande","<5"
"2020-03-03","24066","Lubbeek","Lubbeek","Arrondissement Leuven","Arrondissement de Louvain","Provincie Vlaams-Brabant","Province du Brabant flamand","Vlaams Gewest","Région flamande","<5"
"2020-03-03","25014","Eigenbrakel","Braine-l’Alleud","Arrondissement Nijvel","Arrondissement de Nivelles","Provincie Waals-Brabant","Province du Brabant wallon","Waals Gewest","Région wallonne","<5"
"2020-03-03","25084","Perwijs (Nijvel)","Perwez (Nivelles)","Arrondissement Nijvel","Arrondissement de Nivelles","Provincie Waals-Brabant","Province du Brabant wallon","Waals Gewest","Région wallonne","<5"
"2020-03-03","25091","Rixensart","Rixensart","Arrondissement Nijvel","Arrondissement de Nivelles","Provincie Waals-Brabant","Province du Brabant wallon","Waals Gewest","Région wallonne","<5"
"2020-03-03","25121","Ottignies-Louvain-la-Neuve","Ottignies-Louvain-la-Neuve","Arrondissement Nijvel","Arrondissement de Nivelles","Provincie Waals-Brabant","Province du Brabant wallon","Waals Gewest","Région wallonne","<5"
"2020-03-03","31043","Knokke-Heist","Knokke-Heist","Arrondissement Brugge","Arrondissement de Bruges","Provincie West-Vlaanderen","Province de Flandre occidentale","Vlaams Gewest","Région flamande","<5"
"2020-03-03","37010","Oostrozebeke","Oostrozebeke","Arrondissement Tielt","Arrondissement de Tielt","Provincie West-Vlaanderen","Province de Flandre occidentale","Vlaams Gewest","Région flamande","<5"
"2020-03-03","37012","Ruiselede","Ruiselede","Arrondissement Tielt","Arrondissement de Tielt","Provincie West-Vlaanderen","Province de Flandre occidentale","Vlaams Gewest","Région flamande","<5"
"2020-03-03","44021","Gent","Gand","Arrondissement Gent","Arrondissement de Gand","Provincie Oost-Vlaanderen","Province de Flandre orientale","Vlaams Gewest","Région flamande","<5"
"2020-03-03","45041","Ronse","Renaix","Arrondissement Oudenaarde","Arrondissement d’Audenarde","Provincie Oost-Vlaanderen","Province de Flandre orientale","Vlaams Gewest","Région flamande","<5"
"2020-03-03","51017","Elzele","Ellezelles","Arrondissement Aat","Arrondissement d’Ath","Provincie Henegouwen","Province du Hainaut","Waals Gewest","Région wallonne","<5"
"2020-03-03","62003","Ans","Ans","Arrondissement Luik","Arrondissement de Liège","Provincie Luik","Province de Liège","Waals Gewest","Région wallonne","<5"
"2020-03-03","62051","Herstal","Herstal","Arrondissement Luik","Arrondissement de Liège","Provincie Luik","Province de Liège","Waals Gewest","Région wallonne","<5"
"2020-03-03","62119","Blegny","Blegny","Arrondissement Luik","Arrondissement de Liège","Provincie Luik","Province de Liège","Waals Gewest","Région wallonne","<5"
"2020-03-03","63035","Herve","Herve","Arrondissement Verviers","Arrondissement de Verviers","Provincie Luik","Province de Liège","Waals Gewest","Région wallonne","<5"
"2020-03-03","71053","Sint-Truiden","Saint-Trond","Arrondissement Hasselt","Arrondissement de Hasselt","Provincie Limburg","Province du Limbourg","Vlaams Gewest","Région flamande","<5"
"2020-03-03","72043","Pelt","Pelt","Arrondissement Maaseik","Arrondissement de Maaseik","Provincie Limburg","Province du Limbourg","Vlaams Gewest","Région flamande","<5"
"2020-03-03","73001","Alken","Alken","Arrondissement Tongeren","Arrondissement de Tongres","Provincie Limburg","Province du Limbourg","Vlaams Gewest","Région flamande","<5"
"2020-03-03","92094","Namen","Namur","Arrondissement Namen","Arrondissement de Namur","Provincie Namen","Province de Namur","Waals Gewest","Région wallonne","<5"
"2020-03-04","11002","Antwerpen","Anvers","Arrondissement Antwerpen","Arrondissement d’Anvers","Provincie Antwerpen","Province d’Anvers","Vlaams Gewest","Région flamande","<5"
"2020-03-04","11040","Schoten","Schoten","Arrondissement Antwerpen","Arrondissement d’Anvers","Provincie Antwerpen","Province d’Anvers","Vlaams Gewest","Région flamande","<5"
"2020-03-04","12021","Lier","Lierre","Arrondissement Mechelen","Arrondissement de Malines","Provincie Antwerpen","Province d’Anvers","Vlaams Gewest","Région flamande","<5"
"2020-03-04","13008","Geel","Geel","Arrondissement Turnhout","Arrondissement de Turnhout","Provincie Antwerpen","Province d’Anvers","Vlaams Gewest","Région flamande","<5"
"2020-03-04","13036","Retie","Retie","Arrondissement Turnhout","Arrondissement de Turnhout","Provincie Antwerpen","Province d’Anvers","Vlaams Gewest","Région flamande","<5"
"2020-03-04","21004","Brussel","Bruxelles","Arrondissement Brussel-Hoofdstad","Arrondissement de Bruxelles-Capitale",NA,NA,"Brussels Hoofdstedelijk Gewest","Région de Bruxelles-Capitale","<5"
"2020-03-04","21006","Evere","Evere","Arrondissement Brussel-Hoofdstad","Arrondissement de Bruxelles-Capitale",NA,NA,"Brussels Hoofdstedelijk Gewest","Région de Bruxelles-Capitale","<5"
"2020-03-04","21009","Elsene","Ixelles","Arrondissement Brussel-Hoofdstad","Arrondissement de Bruxelles-Capitale",NA,NA,"Brussels Hoofdstedelijk Gewest","Région de Bruxelles-Capitale","<5"
"2020-03-04","21010","Jette","Jette","Arrondissement Brussel-Hoofdstad","Arrondissement de Bruxelles-Capitale",NA,NA,"Brussels Hoofdstedelijk Gewest","Région de Bruxelles-Capitale","<5"
"2020-03-04","21018","Sint-Lambrechts-Woluwe","Woluwe-Saint-Lambert","Arrondissement Brussel-Hoofdstad","Arrondissement de Bruxelles-Capitale",NA,NA,"Brussels Hoofdstedelijk Gewest","Région de Bruxelles-Capitale","<5"
"2020-03-04","23016","Dilbeek","Dilbeek","Arrondissement Halle-Vilvoorde","Arrondissement de Hal-Vilvorde","Provincie Vlaams-Brabant","Province du Brabant flamand","Vlaams Gewest","Région flamande","<5"
"2020-03-04","23024","Gooik","Gooik","Arrondissement Halle-Vilvoorde","Arrondissement de Hal-Vilvorde","Provincie Vlaams-Brabant","Province du Brabant flamand","Vlaams Gewest","Région flamande","<5"
"2020-03-04","24011","Bierbeek","Bierbeek","Arrondissement Leuven","Arrondissement de Louvain","Provincie Vlaams-Brabant","Province du Brabant flamand","Vlaams Gewest","Région flamande","<5"
"2020-03-04","24041","Hoegaarden","Hoegaarden","Arrondissement Leuven","Arrondissement de Louvain","Provincie Vlaams-Brabant","Province du Brabant flamand","Vlaams Gewest","Région flamande","<5"
"2020-03-04","24043","Holsbeek","Holsbeek","Arrondissement Leuven","Arrondissement de Louvain","Provincie Vlaams-Brabant","Province du Brabant flamand","Vlaams Gewest","Région flamande","<5"
"2020-03-04","24045","Huldenberg","Huldenberg","Arrondissement Leuven","Arrondissement de Louvain","Provincie Vlaams-Brabant","Province du Brabant flamand","Vlaams Gewest","Région flamande","<5"
"2020-03-04","24062","Leuven","Louvain","Arrondissement Leuven","Arrondissement de Louvain","Provincie Vlaams-Brabant","Province du Brabant flamand","Vlaams Gewest","Région flamande","5"
"2020-03-04","24109","Tremelo","Tremelo","Arrondissement Leuven","Arrondissement de Louvain","Provincie Vlaams-Brabant","Province du Brabant flamand","Vlaams Gewest","Région flamande","<5"
"2020-03-04","25014","Eigenbrakel","Braine-l’Alleud","Arrondissement Nijvel","Arrondissement de Nivelles","Provincie Waals-Brabant","Province du Brabant wallon","Waals Gewest","Région wallonne","<5"
"2020-03-04","31043","Knokke-Heist","Knokke-Heist","Arrondissement Brugge","Arrondissement de Bruges","Provincie West-Vlaanderen","Province de Flandre occidentale","Vlaams Gewest","Région flamande","<5"
"2020-03-04","41002","Aalst (Aalst)","Alost (Alost)","Arrondissement Aalst","Arrondissement d’Alost","Provincie Oost-Vlaanderen","Province de Flandre orientale","Vlaams Gewest","Région flamande","<5"
"2020-03-04","42006","Dendermonde","Termonde","Arrondissement Dendermonde","Arrondissement de Termonde","Provincie Oost-Vlaanderen","Province de Flandre orientale","Vlaams Gewest","Région flamande","<5"
"2020-03-04","46014","Lokeren","Lokeren","Arrondissement Sint-Niklaas","Arrondissement de Saint-Nicolas","Provincie Oost-Vlaanderen","Province de Flandre orientale","Vlaams Gewest","Région flamande","<5"
"2020-03-04","52011","Charleroi","Charleroi","Arrondissement Charleroi","Arrondissement de Charleroi","Provincie Henegouwen","Province du Hainaut","Waals Gewest","Région wallonne","<5"
"2020-03-04","52048","Montigny-le-Tilleul","Montigny-le-Tilleul","Arrondissement Charleroi","Arrondissement de Charleroi","Provincie Henegouwen","Province du Hainaut","Waals Gewest","Région wallonne","<5"
"2020-03-04","57097","Komen-Waasten","Comines-Warneton","Arrondissement Doornik-Moeskroen","Arrondissement de Tournai-Mouscron","Provincie Henegouwen","Province du Hainaut","Waals Gewest","Région wallonne","<5"
"2020-03-04","58001","La Louvière","La Louvière","Arrondissement La Louvière","Arrondissement de La Louvière","Provincie Henegouwen","Province du Hainaut","Waals Gewest","Région wallonne","<5"
"2020-03-04","58003","Estinnes","Estinnes","Arrondissement La Louvière","Arrondissement de La Louvière","Provincie Henegouwen","Province du Hainaut","Waals Gewest","Région wallonne","<5"
"2020-03-04","62051","Herstal","Herstal","Arrondissement Luik","Arrondissement de Liège","Provincie Luik","Province de Liège","Waals Gewest","Région wallonne","<5"
"2020-03-04","62063","Luik","Liège","Arrondissement Luik","Arrondissement de Liège","Provincie Luik","Province de Liège","Waals Gewest","Région wallonne","<5"
"2020-03-04","62119","Blegny","Blegny","Arrondissement Luik","Arrondissement de Liège","Provincie Luik","Province de Liège","Waals Gewest","Région wallonne","<5"
"2020-03-04","63040","Kelmis","La Calamine","Arrondissement Verviers","Arrondissement de Verviers","Provincie Luik","Province de Liège","Waals Gewest","Région wallonne","<5"
"2020-03-04","63049","Malmedy","Malmedy","Arrondissement Verviers","Arrondissement de Verviers","Provincie Luik","Province de Liège","Waals Gewest","Région wallonne","<5"
"2020-03-04","71004","Beringen","Beringen","Arrondissement Hasselt","Arrondissement de Hasselt","Provincie Limburg","Province du Limbourg","Vlaams Gewest","Région flamande","<5"
"2020-03-04","71022","Hasselt","Hasselt","Arrondissement Hasselt","Arrondissement de Hasselt","Provincie Limburg","Province du Limbourg","Vlaams Gewest","Région flamande","<5"
"2020-03-04","71066","Zonhoven","Zonhoven","Arrondissement Hasselt","Arrondissement de Hasselt","Provincie Limburg","Province du Limbourg","Vlaams Gewest","Région flamande","<5"
"2020-03-04","71070","Heusden-Zolder","Heusden-Zolder","Arrondissement Hasselt","Arrondissement de Hasselt","Provincie Limburg","Province du Limbourg","Vlaams Gewest","Région flamande","<5"
"2020-03-04","73042","Lanaken","Lanaken","Arrondissement Tongeren","Arrondissement de Tongres","Provincie Limburg","Province du Limbourg","Vlaams Gewest","Région flamande","<5"
"2020-03-04","92101","Profondeville","Profondeville","Arrondissement Namen","Arrondissement de Namur","Provincie Namen","Province de Namur","Waals Gewest","Région wallonne","<5"
"2020-03-04",NA,NA,NA,NA,NA,NA,NA,NA,NA,"6"
"2020-03-05","11002","Antwerpen","Anvers","Arrondissement Antwerpen","Arrondissement d’Anvers","Provincie Antwerpen","Province d’Anvers","Vlaams Gewest","Région flamande","<5"
"2020-03-05","11008","Brasschaat","Brasschaat","Arrondissement Antwerpen","Arrondissement d’Anvers","Provincie Antwerpen","Province d’Anvers","Vlaams Gewest","Région flamande","<5"
"2020-03-05","11022","Kalmthout","Kalmthout","Arrondissement Antwerpen","Arrondissement d’Anvers","Provincie Antwerpen","Province d’Anvers","Vlaams Gewest","Région flamande","<5"
"2020-03-05","12005","Bonheiden","Bonheiden","Arrondissement Mechelen","Arrondissement de Malines","Provincie Antwerpen","Province d’Anvers","Vlaams Gewest","Région flamande","<5"
"2020-03-05","12021","Lier","Lierre","Arrondissement Mechelen","Arrondissement de Malines","Provincie Antwerpen","Province d’Anvers","Vlaams Gewest","Région flamande","<5"
"2020-03-05","13035","Ravels","Ravels","Arrondissement Turnhout","Arrondissement de Turnhout","Provincie Antwerpen","Province d’Anvers","Vlaams Gewest","Région flamande","<5"
"2020-03-05","21016","Ukkel","Uccle","Arrondissement Brussel-Hoofdstad","Arrondissement de Bruxelles-Capitale",NA,NA,"Brussels Hoofdstedelijk Gewest","Région de Bruxelles-Capitale","<5"
"2020-03-05","23003","Beersel","Beersel","Arrondissement Halle-Vilvoorde","Arrondissement de Hal-Vilvorde","Provincie Vlaams-Brabant","Province du Brabant flamand","Vlaams Gewest","Région flamande","<5"
"2020-03-05","23016","Dilbeek","Dilbeek","Arrondissement Halle-Vilvoorde","Arrondissement de Hal-Vilvorde","Provincie Vlaams-Brabant","Province du Brabant flamand","Vlaams Gewest","Région flamande","<5"
"2020-03-05","23099","Kraainem","Kraainem","Arrondissement Halle-Vilvoorde","Arrondissement de Hal-Vilvorde","Provincie Vlaams-Brabant","Province du Brabant flamand","Vlaams Gewest","Région flamande","<5"
"2020-03-05","23105","Affligem","Affligem","Arrondissement Halle-Vilvoorde","Arrondissement de Hal-Vilvorde","Provincie Vlaams-Brabant","Province du Brabant flamand","Vlaams Gewest","Région flamande","<5"
"2020-03-05","24001","Aarschot","Aarschot","Arrondissement Leuven","Arrondissement de Louvain","Provincie Vlaams-Brabant","Province du Brabant flamand","Vlaams Gewest","Région flamande","<5"
"2020-03-05","24048","Keerbergen","Keerbergen","Arrondissement Leuven","Arrondissement de Louvain","Provincie Vlaams-Brabant","Province du Brabant flamand","Vlaams Gewest","Région flamande","5"
"2020-03-05","24062","Leuven","Louvain","Arrondissement Leuven","Arrondissement de Louvain","Provincie Vlaams-Brabant","Province du Brabant flamand","Vlaams Gewest","Région flamande","<5"
"2020-03-05","24066","Lubbeek","Lubbeek","Arrondissement Leuven","Arrondissement de Louvain","Provincie Vlaams-Brabant","Province du Brabant flamand","Vlaams Gewest","Région flamande","<5"
"2020-03-05","24109","Tremelo","Tremelo","Arrondissement Leuven","Arrondissement de Louvain","Provincie Vlaams-Brabant","Province du Brabant flamand","Vlaams Gewest","Région flamande","<5"
"2020-03-05","25014","Eigenbrakel","Braine-l’Alleud","Arrondissement Nijvel","Arrondissement de Nivelles","Provincie Waals-Brabant","Province du Brabant wallon","Waals Gewest","Région wallonne","<5"
"2020-03-05","25015","Kasteelbrakel","Braine-le-Château","Arrondissement Nijvel","Arrondissement de Nivelles","Provincie Waals-Brabant","Province du Brabant wallon","Waals Gewest","Région wallonne","<5"
"2020-03-05","31005","Brugge","Bruges","Arrondissement Brugge","Arrondissement de Bruges","Provincie West-Vlaanderen","Province de Flandre occidentale","Vlaams Gewest","Région flamande","<5"
"2020-03-05","31043","Knokke-Heist","Knokke-Heist","Arrondissement Brugge","Arrondissement de Bruges","Provincie West-Vlaanderen","Province de Flandre occidentale","Vlaams Gewest","Région flamande","<5"
"2020-03-05","33029","Wervik","Wervik","Arrondissement Ieper","Arrondissement d’Ypres","Provincie West-Vlaanderen","Province de Flandre occidentale","Vlaams Gewest","Région flamande","<5"
"2020-03-05","34013","Harelbeke","Harelbeke","Arrondissement Kortrijk","Arrondissement de Courtrai","Provincie West-Vlaanderen","Province de Flandre occidentale","Vlaams Gewest","Région flamande","<5"
"2020-03-05","34041","Wevelgem","Wevelgem","Arrondissement Kortrijk","Arrondissement de Courtrai","Provincie West-Vlaanderen","Province de Flandre occidentale","Vlaams Gewest","Région flamande","7"
"2020-03-05","41034","Lede","Lede","Arrondissement Aalst","Arrondissement d’Alost","Provincie Oost-Vlaanderen","Province de Flandre orientale","Vlaams Gewest","Région flamande","<5"
"2020-03-05","41082","Erpe-Mere","Erpe-Mere","Arrondissement Aalst","Arrondissement d’Alost","Provincie Oost-Vlaanderen","Province de Flandre orientale","Vlaams Gewest","Région flamande","<5"
"2020-03-05","42006","Dendermonde","Termonde","Arrondissement Dendermonde","Arrondissement de Termonde","Provincie Oost-Vlaanderen","Province de Flandre orientale","Vlaams Gewest","Région flamande","<5"
"2020-03-05","42011","Lebbeke","Lebbeke","Arrondissement Dendermonde","Arrondissement de Termonde","Provincie Oost-Vlaanderen","Province de Flandre orientale","Vlaams Gewest","Région flamande","<5"
"2020-03-05","44019","Evergem","Evergem","Arrondissement Gent","Arrondissement de Gand","Provincie Oost-Vlaanderen","Province de Flandre orientale","Vlaams Gewest","Région flamande","<5"
"2020-03-05","44034","Lochristi","Lochristi","Arrondissement Gent","Arrondissement de Gand","Provincie Oost-Vlaanderen","Province de Flandre orientale","Vlaams Gewest","Région flamande","<5"
"2020-03-05","44052","Oosterzele","Oosterzele","Arrondissement Gent","Arrondissement de Gand","Provincie Oost-Vlaanderen","Province de Flandre orientale","Vlaams Gewest","Région flamande","<5"
"2020-03-05","46003","Beveren (Sint-Niklaas)","Beveren (Saint-Nicolas)","Arrondissement Sint-Niklaas","Arrondissement de Saint-Nicolas","Provincie Oost-Vlaanderen","Province de Flandre orientale","Vlaams Gewest","Région flamande","<5"
"2020-03-05","52011","Charleroi","Charleroi","Arrondissement Charleroi","Arrondissement de Charleroi","Provincie Henegouwen","Province du Hainaut","Waals Gewest","Région wallonne","<5"
"2020-03-05","52012","Châtelet","Châtelet","Arrondissement Charleroi","Arrondissement de Charleroi","Provincie Henegouwen","Province du Hainaut","Waals Gewest","Région wallonne","<5"
"2020-03-05","52015","Courcelles","Courcelles","Arrondissement Charleroi","Arrondissement de Charleroi","Provincie Henegouwen","Province du Hainaut","Waals Gewest","Région wallonne","<5"
"2020-03-05","53053","Bergen","Mons","Arrondissement Bergen","Arrondissement de Mons","Provincie Henegouwen","Province du Hainaut","Waals Gewest","Région wallonne","<5"
"2020-03-05","57096","Moeskroen","Mouscron","Arrondissement Doornik-Moeskroen","Arrondissement de Tournai-Mouscron","Provincie Henegouwen","Province du Hainaut","Waals Gewest","Région wallonne","<5"
"2020-03-05","57097","Komen-Waasten","Comines-Warneton","Arrondissement Doornik-Moeskroen","Arrondissement de Tournai-Mouscron","Provincie Henegouwen","Province du Hainaut","Waals Gewest","Région wallonne","<5"
"2020-03-05","58001","La Louvière","La Louvière","Arrondissement La Louvière","Arrondissement de La Louvière","Provincie Henegouwen","Province du Hainaut","Waals Gewest","Région wallonne","<5"
"2020-03-05","58003","Estinnes","Estinnes","Arrondissement La Louvière","Arrondissement de La Louvière","Provincie Henegouwen","Province du Hainaut","Waals Gewest","Région wallonne","<5"
"2020-03-05","62099","Soumagne","Soumagne","Arrondissement Luik","Arrondissement de Liège","Provincie Luik","Province de Liège","Waals Gewest","Région wallonne","<5"
"2020-03-05","62119","Blegny","Blegny","Arrondissement Luik","Arrondissement de Liège","Provincie Luik","Province de Liège","Waals Gewest","Région wallonne","<5"
"2020-03-05","62121","Neupré","Neupré","Arrondissement Luik","Arrondissement de Liège","Provincie Luik","Province de Liège","Waals Gewest","Région wallonne","<5"
"2020-03-05","63035","Herve","Herve","Arrondissement Verviers","Arrondissement de Verviers","Provincie Luik","Province de Liège","Waals Gewest","Région wallonne","<5"
"2020-03-05","63046","Limburg","Limbourg","Arrondissement Verviers","Arrondissement de Verviers","Provincie Luik","Province de Liège","Waals Gewest","Région wallonne","<5"
"2020-03-05","71066","Zonhoven","Zonhoven","Arrondissement Hasselt","Arrondissement de Hasselt","Provincie Limburg","Province du Limbourg","Vlaams Gewest","Région flamande","<5"
"2020-03-05","72039","Houthalen-Helchteren","Houthalen-Helchteren","Arrondissement Maaseik","Arrondissement de Maaseik","Provincie Limburg","Province du Limbourg","Vlaams Gewest","Région flamande","<5"
"2020-03-05","72043","Pelt","Pelt","Arrondissement Maaseik","Arrondissement de Maaseik","Provincie Limburg","Province du Limbourg","Vlaams Gewest","Région flamande","<5"
"2020-03-05","73001","Alken","Alken","Arrondissement Tongeren","Arrondissement de Tongres","Provincie Limburg","Province du Limbourg","Vlaams Gewest","Région flamande","<5"
"2020-03-05","73022","Heers","Heers","Arrondissement Tongeren","Arrondissement de Tongres","Provincie Limburg","Province du Limbourg","Vlaams Gewest","Région flamande","<5"
"2020-03-05","73042","Lanaken","Lanaken","Arrondissement Tongeren","Arrondissement de Tongres","Provincie Limburg","Province du Limbourg","Vlaams Gewest","Région flamande","<5"
"2020-03-05","91064","Havelange","Havelange","Arrondissement Dinant","Arrondissement de Dinant","Provincie Namen","Province de Namur","Waals Gewest","Région wallonne","<5"
"2020-03-06","11002","Antwerpen","Anvers","Arrondissement Antwerpen","Arrondissement d’Anvers","Provincie Antwerpen","Province d’Anvers","Vlaams Gewest","Région flamande","<5"
"2020-03-06","11023","Kapellen (Antwerpen)","Kapellen (Anvers)","Arrondissement Antwerpen","Arrondissement d’Anvers","Provincie Antwerpen","Province d’Anvers","Vlaams Gewest","Région flamande","<5"
"2020-03-06","12005","Bonheiden","Bonheiden","Arrondissement Mechelen","Arrondissement de Malines","Provincie Antwerpen","Province d’Anvers","Vlaams Gewest","Région flamande","<5"
"2020-03-06","12014","Heist-op-den-Berg","Heist-op-den-Berg","Arrondissement Mechelen","Arrondissement de Malines","Provincie Antwerpen","Province d’Anvers","Vlaams Gewest","Région flamande","<5"
"2020-03-06","12035","Sint-Katelijne-Waver","Sint-Katelijne-Waver","Arrondissement Mechelen","Arrondissement de Malines","Provincie Antwerpen","Province d’Anvers","Vlaams Gewest","Région flamande","<5"
"2020-03-06","13016","Hulshout","Hulshout","Arrondissement Turnhout","Arrondissement de Turnhout","Provincie Antwerpen","Province d’Anvers","Vlaams Gewest","Région flamande","<5"
"2020-03-06","13017","Kasterlee","Kasterlee","Arrondissement Turnhout","Arrondissement de Turnhout","Provincie Antwerpen","Province d’Anvers","Vlaams Gewest","Région flamande","<5"
"2020-03-06","13019","Lille","Lille","Arrondissement Turnhout","Arrondissement de Turnhout","Provincie Antwerpen","Province d’Anvers","Vlaams Gewest","Région flamande","<5"
"2020-03-06","21004","Brussel","Bruxelles","Arrondissement Brussel-Hoofdstad","Arrondissement de Bruxelles-Capitale",NA,NA,"Brussels Hoofdstedelijk Gewest","Région de Bruxelles-Capitale","<5"
"2020-03-06","21008","Ganshoren","Ganshoren","Arrondissement Brussel-Hoofdstad","Arrondissement de Bruxelles-Capitale",NA,NA,"Brussels Hoofdstedelijk Gewest","Région de Bruxelles-Capitale","<5"
"2020-03-06","21016","Ukkel","Uccle","Arrondissement Brussel-Hoofdstad","Arrondissement de Bruxelles-Capitale",NA,NA,"Brussels Hoofdstedelijk Gewest","Région de Bruxelles-Capitale","<5"
"2020-03-06","21018","Sint-Lambrechts-Woluwe","Woluwe-Saint-Lambert","Arrondissement Brussel-Hoofdstad","Arrondissement de Bruxelles-Capitale",NA,NA,"Brussels Hoofdstedelijk Gewest","Région de Bruxelles-Capitale","<5"
"2020-03-06","21019","Sint-Pieters-Woluwe","Woluwe-Saint-Pierre","Arrondissement Brussel-Hoofdstad","Arrondissement de Bruxelles-Capitale",NA,NA,"Brussels Hoofdstedelijk Gewest","Région de Bruxelles-Capitale","<5"
"2020-03-06","23033","Hoeilaart","Hoeilaart","Arrondissement Halle-Vilvoorde","Arrondissement de Hal-Vilvorde","Provincie Vlaams-Brabant","Province du Brabant flamand","Vlaams Gewest","Région flamande","<5"
"2020-03-06","23038","Kampenhout","Kampenhout","Arrondissement Halle-Vilvoorde","Arrondissement de Hal-Vilvorde","Provincie Vlaams-Brabant","Province du Brabant flamand","Vlaams Gewest","Région flamande","<5"
"2020-03-06","23062","Overijse","Overijse","Arrondissement Halle-Vilvoorde","Arrondissement de Hal-Vilvorde","Provincie Vlaams-Brabant","Province du Brabant flamand","Vlaams Gewest","Région flamande","<5"
"2020-03-06","23100","Linkebeek","Linkebeek","Arrondissement Halle-Vilvoorde","Arrondissement de Hal-Vilvorde","Provincie Vlaams-Brabant","Province du Brabant flamand","Vlaams Gewest","Région flamande","<5"
"2020-03-06","23101","Sint-Genesius-Rode","Rhode-Saint-Genèse","Arrondissement Halle-Vilvoorde","Arrondissement de Hal-Vilvorde","Provincie Vlaams-Brabant","Province du Brabant flamand","Vlaams Gewest","Région flamande","<5"
"2020-03-06","24001","Aarschot","Aarschot","Arrondissement Leuven","Arrondissement de Louvain","Provincie Vlaams-Brabant","Province du Brabant flamand","Vlaams Gewest","Région flamande","<5"
"2020-03-06","24038","Herent","Herent","Arrondissement Leuven","Arrondissement de Louvain","Provincie Vlaams-Brabant","Province du Brabant flamand","Vlaams Gewest","Région flamande","<5"
"2020-03-06","24043","Holsbeek","Holsbeek","Arrondissement Leuven","Arrondissement de Louvain","Provincie Vlaams-Brabant","Province du Brabant flamand","Vlaams Gewest","Région flamande","<5"
"2020-03-06","24045","Huldenberg","Huldenberg","Arrondissement Leuven","Arrondissement de Louvain","Provincie Vlaams-Brabant","Province du Brabant flamand","Vlaams Gewest","Région flamande","<5"
"2020-03-06","24062","Leuven","Louvain","Arrondissement Leuven","Arrondissement de Louvain","Provincie Vlaams-Brabant","Province du Brabant flamand","Vlaams Gewest","Région flamande","<5"
"2020-03-06","24066","Lubbeek","Lubbeek","Arrondissement Leuven","Arrondissement de Louvain","Provincie Vlaams-Brabant","Province du Brabant flamand","Vlaams Gewest","Région flamande","<5"
"2020-03-06","25014","Eigenbrakel","Braine-l’Alleud","Arrondissement Nijvel","Arrondissement de Nivelles","Provincie Waals-Brabant","Province du Brabant wallon","Waals Gewest","Région wallonne","<5"
"2020-03-06","25043","Incourt","Incourt","Arrondissement Nijvel","Arrondissement de Nivelles","Provincie Waals-Brabant","Province du Brabant wallon","Waals Gewest","Région wallonne","<5"
"2020-03-06","25110","Waterloo","Waterloo","Arrondissement Nijvel","Arrondissement de Nivelles","Provincie Waals-Brabant","Province du Brabant wallon","Waals Gewest","Région wallonne","<5"
"2020-03-06","25112","Waver","Wavre","Arrondissement Nijvel","Arrondissement de Nivelles","Provincie Waals-Brabant","Province du Brabant wallon","Waals Gewest","Région wallonne","<5"
"2020-03-06","25119","Lasne","Lasne","Arrondissement Nijvel","Arrondissement de Nivelles","Provincie Waals-Brabant","Province du Brabant wallon","Waals Gewest","Région wallonne","<5"
"2020-03-06","31043","Knokke-Heist","Knokke-Heist","Arrondissement Brugge","Arrondissement de Bruges","Provincie West-Vlaanderen","Province de Flandre occidentale","Vlaams Gewest","Région flamande","<5"
"2020-03-06","33029","Wervik","Wervik","Arrondissement Ieper","Arrondissement d’Ypres","Provincie West-Vlaanderen","Province de Flandre occidentale","Vlaams Gewest","Région flamande","<5"
"2020-03-06","34009","Deerlijk","Deerlijk","Arrondissement Kortrijk","Arrondissement de Courtrai","Provincie West-Vlaanderen","Province de Flandre occidentale","Vlaams Gewest","Région flamande","<5"
"2020-03-06","34022","Kortrijk","Courtrai","Arrondissement Kortrijk","Arrondissement de Courtrai","Provincie West-Vlaanderen","Province de Flandre occidentale","Vlaams Gewest","Région flamande","<5"
"2020-03-06","34027","Menen","Menin","Arrondissement Kortrijk","Arrondissement de Courtrai","Provincie West-Vlaanderen","Province de Flandre occidentale","Vlaams Gewest","Région flamande","<5"
"2020-03-06","34041","Wevelgem","Wevelgem","Arrondissement Kortrijk","Arrondissement de Courtrai","Provincie West-Vlaanderen","Province de Flandre occidentale","Vlaams Gewest","Région flamande","5"
"2020-03-06","36015","Roeselare","Roulers","Arrondissement Roeselare","Arrondissement de Roulers","Provincie West-Vlaanderen","Province de Flandre occidentale","Vlaams Gewest","Région flamande","<5"
"2020-03-06","37012","Ruiselede","Ruiselede","Arrondissement Tielt","Arrondissement de Tielt","Provincie West-Vlaanderen","Province de Flandre occidentale","Vlaams Gewest","Région flamande","<5"
"2020-03-06","41081","Zottegem","Zottegem","Arrondissement Aalst","Arrondissement d’Alost","Provincie Oost-Vlaanderen","Province de Flandre orientale","Vlaams Gewest","Région flamande","<5"
"2020-03-06","42023","Waasmunster","Waasmunster","Arrondissement Dendermonde","Arrondissement de Termonde","Provincie Oost-Vlaanderen","Province de Flandre orientale","Vlaams Gewest","Région flamande","<5"
"2020-03-06","44021","Gent","Gand","Arrondissement Gent","Arrondissement de Gand","Provincie Oost-Vlaanderen","Province de Flandre orientale","Vlaams Gewest","Région flamande","<5"
"2020-03-06","44034","Lochristi","Lochristi","Arrondissement Gent","Arrondissement de Gand","Provincie Oost-Vlaanderen","Province de Flandre orientale","Vlaams Gewest","Région flamande","<5"
"2020-03-06","44043","Merelbeke","Merelbeke","Arrondissement Gent","Arrondissement de Gand","Provincie Oost-Vlaanderen","Province de Flandre orientale","Vlaams Gewest","Région flamande","<5"
"2020-03-06","44083","Deinze","Deinze","Arrondissement Gent","Arrondissement de Gand","Provincie Oost-Vlaanderen","Province de Flandre orientale","Vlaams Gewest","Région flamande","5"
"2020-03-06","46014","Lokeren","Lokeren","Arrondissement Sint-Niklaas","Arrondissement de Saint-Nicolas","Provincie Oost-Vlaanderen","Province de Flandre orientale","Vlaams Gewest","Région flamande","<5"
"2020-03-06","46024","Stekene","Stekene","Arrondissement Sint-Niklaas","Arrondissement de Saint-Nicolas","Provincie Oost-Vlaanderen","Province de Flandre orientale","Vlaams Gewest","Région flamande","<5"
"2020-03-06","52015","Courcelles","Courcelles","Arrondissement Charleroi","Arrondissement de Charleroi","Provincie Henegouwen","Province du Hainaut","Waals Gewest","Région wallonne","<5"
"2020-03-06","57097","Komen-Waasten","Comines-Warneton","Arrondissement Doornik-Moeskroen","Arrondissement de Tournai-Mouscron","Provincie Henegouwen","Province du Hainaut","Waals Gewest","Région wallonne","<5"
"2020-03-06","58002","Binche","Binche","Arrondissement La Louvière","Arrondissement de La Louvière","Provincie Henegouwen","Province du Hainaut","Waals Gewest","Région wallonne","<5"
"2020-03-06","61043","Nandrin","Nandrin","Arrondissement Hoei","Arrondissement de Huy","Provincie Luik","Province de Liège","Waals Gewest","Région wallonne","<5"
"2020-03-06","62022","Chaudfontaine","Chaudfontaine","Arrondissement Luik","Arrondissement de Liège","Provincie Luik","Province de Liège","Waals Gewest","Région wallonne","<5"
"2020-03-06","62096","Seraing","Seraing","Arrondissement Luik","Arrondissement de Liège","Provincie Luik","Province de Liège","Waals Gewest","Région wallonne","<5"
"2020-03-06","62118","Grâce-Hollogne","Grâce-Hollogne","Arrondissement Luik","Arrondissement de Liège","Provincie Luik","Province de Liège","Waals Gewest","Région wallonne","<5"
"2020-03-06","63013","Bütgenbach","Butgenbach","Arrondissement Verviers","Arrondissement de Verviers","Provincie Luik","Province de Liège","Waals Gewest","Région wallonne","<5"
"2020-03-06","63035","Herve","Herve","Arrondissement Verviers","Arrondissement de Verviers","Provincie Luik","Province de Liège","Waals Gewest","Région wallonne","<5"
"2020-03-06","64008","Berloz","Berloz","Arrondissement Borgworm","Arrondissement de Waremme","Provincie Luik","Province de Liège","Waals Gewest","Région wallonne","<5"
"2020-03-06","71004","Beringen","Beringen","Arrondissement Hasselt","Arrondissement de Hasselt","Provincie Limburg","Province du Limbourg","Vlaams Gewest","Région flamande","<5"
"2020-03-06","71022","Hasselt","Hasselt","Arrondissement Hasselt","Arrondissement de Hasselt","Provincie Limburg","Province du Limbourg","Vlaams Gewest","Région flamande","<5"
"2020-03-06","71066","Zonhoven","Zonhoven","Arrondissement Hasselt","Arrondissement de Hasselt","Provincie Limburg","Province du Limbourg","Vlaams Gewest","Région flamande","<5"
"2020-03-06","72004","Bree","Bree","Arrondissement Maaseik","Arrondissement de Maaseik","Provincie Limburg","Province du Limbourg","Vlaams Gewest","Région flamande","<5"
"2020-03-06","72039","Houthalen-Helchteren","Houthalen-Helchteren","Arrondissement Maaseik","Arrondissement de Maaseik","Provincie Limburg","Province du Limbourg","Vlaams Gewest","Région flamande","<5"
"2020-03-06","73001","Alken","Alken","Arrondissement Tongeren","Arrondissement de Tongres","Provincie Limburg","Province du Limbourg","Vlaams Gewest","Région flamande","<5"
"2020-03-06","73022","Heers","Heers","Arrondissement Tongeren","Arrondissement de Tongres","Provincie Limburg","Province du Limbourg","Vlaams Gewest","Région flamande","<5"
"2020-03-06","73066","Riemst","Riemst","Arrondissement Tongeren","Arrondissement de Tongres","Provincie Limburg","Province du Limbourg","Vlaams Gewest","Région flamande","<5"
"2020-03-06","73083","Tongeren","Tongres","Arrondissement Tongeren","Arrondissement de Tongres","Provincie Limburg","Province du Limbourg","Vlaams Gewest","Région flamande","<5"
"2020-03-06","83055","Manhay","Manhay","Arrondissement Marche-en-Famenne","Arrondissement de Marche-en-Famenne","Provincie Luxemburg","Province du Luxembourg","Waals Gewest","Région wallonne","<5"
"2020-03-06","91064","Havelange","Havelange","Arrondissement Dinant","Arrondissement de Dinant","Provincie Namen","Province de Namur","Waals Gewest","Région wallonne","<5"
"2020-03-06","92003","Andenne","Andenne","Arrondissement Namen","Arrondissement de Namur","Provincie Namen","Province de Namur","Waals Gewest","Région wallonne","<5"
"2020-03-06","92114","Sombreffe","Sombreffe","Arrondissement Namen","Arrondissement de Namur","Provincie Namen","Province de Namur","Waals Gewest","Région wallonne","<5"
"2020-03-06",NA,NA,NA,NA,NA,NA,NA,NA,NA,"<5"
"2020-03-07","11002","Antwerpen","Anvers","Arrondissement Antwerpen","Arrondissement d’Anvers","Provincie Antwerpen","Province d’Anvers","Vlaams Gewest","Région flamande","<5"
"2020-03-07","12005","Bonheiden","Bonheiden","Arrondissement Mechelen","Arrondissement de Malines","Provincie Antwerpen","Province d’Anvers","Vlaams Gewest","Région flamande","<5"
"2020-03-07","12014","Heist-op-den-Berg","Heist-op-den-Berg","Arrondissement Mechelen","Arrondissement de Malines","Provincie Antwerpen","Province d’Anvers","Vlaams Gewest","Région flamande","<5"
"2020-03-07","13017","Kasterlee","Kasterlee","Arrondissement Turnhout","Arrondissement de Turnhout","Provincie Antwerpen","Province d’Anvers","Vlaams Gewest","Région flamande","<5"
"2020-03-07","13021","Meerhout","Meerhout","Arrondissement Turnhout","Arrondissement de Turnhout","Provincie Antwerpen","Province d’Anvers","Vlaams Gewest","Région flamande","<5"
"2020-03-07","13049","Westerlo","Westerlo","Arrondissement Turnhout","Arrondissement de Turnhout","Provincie Antwerpen","Province d’Anvers","Vlaams Gewest","Région flamande","<5"
"2020-03-07","21005","Etterbeek","Etterbeek","Arrondissement Brussel-Hoofdstad","Arrondissement de Bruxelles-Capitale",NA,NA,"Brussels Hoofdstedelijk Gewest","Région de Bruxelles-Capitale","<5"
"2020-03-07","21009","Elsene","Ixelles","Arrondissement Brussel-Hoofdstad","Arrondissement de Bruxelles-Capitale",NA,NA,"Brussels Hoofdstedelijk Gewest","Région de Bruxelles-Capitale","<5"
"2020-03-07","21013","Sint-Gillis","Saint-Gilles","Arrondissement Brussel-Hoofdstad","Arrondissement de Bruxelles-Capitale",NA,NA,"Brussels Hoofdstedelijk Gewest","Région de Bruxelles-Capitale","<5"
"2020-03-07","21018","Sint-Lambrechts-Woluwe","Woluwe-Saint-Lambert","Arrondissement Brussel-Hoofdstad","Arrondissement de Bruxelles-Capitale",NA,NA,"Brussels Hoofdstedelijk Gewest","Région de Bruxelles-Capitale","<5"
"2020-03-07","21019","Sint-Pieters-Woluwe","Woluwe-Saint-Pierre","Arrondissement Brussel-Hoofdstad","Arrondissement de Bruxelles-Capitale",NA,NA,"Brussels Hoofdstedelijk Gewest","Région de Bruxelles-Capitale","<5"
"2020-03-07","25112","Waver","Wavre","Arrondissement Nijvel","Arrondissement de Nivelles","Provincie Waals-Brabant","Province du Brabant wallon","Waals Gewest","Région wallonne","<5"
"2020-03-07","31006","Damme","Damme","Arrondissement Brugge","Arrondissement de Bruges","Provincie West-Vlaanderen","Province de Flandre occidentale","Vlaams Gewest","Région flamande","<5"
"2020-03-07","34013","Harelbeke","Harelbeke","Arrondissement Kortrijk","Arrondissement de Courtrai","Provincie West-Vlaanderen","Province de Flandre occidentale","Vlaams Gewest","Région flamande","<5"
"2020-03-07","34041","Wevelgem","Wevelgem","Arrondissement Kortrijk","Arrondissement de Courtrai","Provincie West-Vlaanderen","Province de Flandre occidentale","Vlaams Gewest","Région flamande","<5"
"2020-03-07","36019","Staden","Staden","Arrondissement Roeselare","Arrondissement de Roulers","Provincie West-Vlaanderen","Province de Flandre occidentale","Vlaams Gewest","Région flamande","<5"
"2020-03-07","41018","Geraardsbergen","Grammont","Arrondissement Aalst","Arrondissement d’Alost","Provincie Oost-Vlaanderen","Province de Flandre orientale","Vlaams Gewest","Région flamande","<5"
"2020-03-07","58003","Estinnes","Estinnes","Arrondissement La Louvière","Arrondissement de La Louvière","Provincie Henegouwen","Province du Hainaut","Waals Gewest","Région wallonne","<5"
"2020-03-07","62063","Luik","Liège","Arrondissement Luik","Arrondissement de Liège","Provincie Luik","Province de Liège","Waals Gewest","Région wallonne","<5"
"2020-03-07","62079","Oupeye","Oupeye","Arrondissement Luik","Arrondissement de Liège","Provincie Luik","Province de Liège","Waals Gewest","Région wallonne","<5"
"2020-03-07","62093","Saint-Nicolas (Luik)","Saint-Nicolas (Liège)","Arrondissement Luik","Arrondissement de Liège","Provincie Luik","Province de Liège","Waals Gewest","Région wallonne","<5"
"2020-03-07","71011","Diepenbeek","Diepenbeek","Arrondissement Hasselt","Arrondissement de Hasselt","Provincie Limburg","Province du Limbourg","Vlaams Gewest","Région flamande","<5"
"2020-03-07","72004","Bree","Bree","Arrondissement Maaseik","Arrondissement de Maaseik","Provincie Limburg","Province du Limbourg","Vlaams Gewest","Région flamande","<5"
"2020-03-07","72043","Pelt","Pelt","Arrondissement Maaseik","Arrondissement de Maaseik","Provincie Limburg","Province du Limbourg","Vlaams Gewest","Région flamande","<5"
"2020-03-08","11002","Antwerpen","Anvers","Arrondissement Antwerpen","Arrondissement d’Anvers","Provincie Antwerpen","Province d’Anvers","Vlaams Gewest","Région flamande","5"
"2020-03-08","11039","Schilde","Schilde","Arrondissement Antwerpen","Arrondissement d’Anvers","Provincie Antwerpen","Province d’Anvers","Vlaams Gewest","Région flamande","<5"
"2020-03-08","11055","Zoersel","Zoersel","Arrondissement Antwerpen","Arrondissement d’Anvers","Provincie Antwerpen","Province d’Anvers","Vlaams Gewest","Région flamande","<5"
"2020-03-08","12035","Sint-Katelijne-Waver","Sint-Katelijne-Waver","Arrondissement Mechelen","Arrondissement de Malines","Provincie Antwerpen","Province d’Anvers","Vlaams Gewest","Région flamande","<5"
"2020-03-08","13036","Retie","Retie","Arrondissement Turnhout","Arrondissement de Turnhout","Provincie Antwerpen","Province d’Anvers","Vlaams Gewest","Région flamande","<5"
"2020-03-08","21001","Anderlecht","Anderlecht","Arrondissement Brussel-Hoofdstad","Arrondissement de Bruxelles-Capitale",NA,NA,"Brussels Hoofdstedelijk Gewest","Région de Bruxelles-Capitale","<5"
"2020-03-08","21004","Brussel","Bruxelles","Arrondissement Brussel-Hoofdstad","Arrondissement de Bruxelles-Capitale",NA,NA,"Brussels Hoofdstedelijk Gewest","Région de Bruxelles-Capitale","<5"
"2020-03-08","21009","Elsene","Ixelles","Arrondissement Brussel-Hoofdstad","Arrondissement de Bruxelles-Capitale",NA,NA,"Brussels Hoofdstedelijk Gewest","Région de Bruxelles-Capitale","<5"
"2020-03-08","21010","Jette","Jette","Arrondissement Brussel-Hoofdstad","Arrondissement de Bruxelles-Capitale",NA,NA,"Brussels Hoofdstedelijk Gewest","Région de Bruxelles-Capitale","<5"
"2020-03-08","21016","Ukkel","Uccle","Arrondissement Brussel-Hoofdstad","Arrondissement de Bruxelles-Capitale",NA,NA,"Brussels Hoofdstedelijk Gewest","Région de Bruxelles-Capitale","<5"
"2020-03-08","23003","Beersel","Beersel","Arrondissement Halle-Vilvoorde","Arrondissement de Hal-Vilvorde","Provincie Vlaams-Brabant","Province du Brabant flamand","Vlaams Gewest","Région flamande","<5"
"2020-03-08","23025","Grimbergen","Grimbergen","Arrondissement Halle-Vilvoorde","Arrondissement de Hal-Vilvorde","Provincie Vlaams-Brabant","Province du Brabant flamand","Vlaams Gewest","Région flamande","<5"
"2020-03-08","23062","Overijse","Overijse","Arrondissement Halle-Vilvoorde","Arrondissement de Hal-Vilvorde","Provincie Vlaams-Brabant","Province du Brabant flamand","Vlaams Gewest","Région flamande","<5"
"2020-03-08","23077","Sint-Pieters-Leeuw","Sint-Pieters-Leeuw","Arrondissement Halle-Vilvoorde","Arrondissement de Hal-Vilvorde","Provincie Vlaams-Brabant","Province du Brabant flamand","Vlaams Gewest","Région flamande","<5"
"2020-03-08","23101","Sint-Genesius-Rode","Rhode-Saint-Genèse","Arrondissement Halle-Vilvoorde","Arrondissement de Hal-Vilvorde","Provincie Vlaams-Brabant","Province du Brabant flamand","Vlaams Gewest","Région flamande","<5"
"2020-03-08","25091","Rixensart","Rixensart","Arrondissement Nijvel","Arrondissement de Nivelles","Provincie Waals-Brabant","Province du Brabant wallon","Waals Gewest","Région wallonne","<5"
"2020-03-08","31043","Knokke-Heist","Knokke-Heist","Arrondissement Brugge","Arrondissement de Bruges","Provincie West-Vlaanderen","Province de Flandre occidentale","Vlaams Gewest","Région flamande","<5"
"2020-03-08","32003","Diksmuide","Dixmude","Arrondissement Diksmuide","Arrondissement de Dixmude","Provincie West-Vlaanderen","Province de Flandre occidentale","Vlaams Gewest","Région flamande","<5"
"2020-03-08","33029","Wervik","Wervik","Arrondissement Ieper","Arrondissement d’Ypres","Provincie West-Vlaanderen","Province de Flandre occidentale","Vlaams Gewest","Région flamande","<5"
"2020-03-08","33039","Heuvelland","Heuvelland","Arrondissement Ieper","Arrondissement d’Ypres","Provincie West-Vlaanderen","Province de Flandre occidentale","Vlaams Gewest","Région flamande","<5"
"2020-03-08","34022","Kortrijk","Courtrai","Arrondissement Kortrijk","Arrondissement de Courtrai","Provincie West-Vlaanderen","Province de Flandre occidentale","Vlaams Gewest","Région flamande","<5"
"2020-03-08","34023","Kuurne","Kuurne","Arrondissement Kortrijk","Arrondissement de Courtrai","Provincie West-Vlaanderen","Province de Flandre occidentale","Vlaams Gewest","Région flamande","<5"
"2020-03-08","35013","Oostende","Ostende","Arrondissement Oostende","Arrondissement d’Ostende","Provincie West-Vlaanderen","Province de Flandre occidentale","Vlaams Gewest","Région flamande","<5"
"2020-03-08","36015","Roeselare","Roulers","Arrondissement Roeselare","Arrondissement de Roulers","Provincie West-Vlaanderen","Province de Flandre occidentale","Vlaams Gewest","Région flamande","<5"
"2020-03-08","37017","Wielsbeke","Wielsbeke","Arrondissement Tielt","Arrondissement de Tielt","Provincie West-Vlaanderen","Province de Flandre occidentale","Vlaams Gewest","Région flamande","<5"
"2020-03-08","41018","Geraardsbergen","Grammont","Arrondissement Aalst","Arrondissement d’Alost","Provincie Oost-Vlaanderen","Province de Flandre orientale","Vlaams Gewest","Région flamande","<5"
"2020-03-08","44083","Deinze","Deinze","Arrondissement Gent","Arrondissement de Gand","Provincie Oost-Vlaanderen","Province de Flandre orientale","Vlaams Gewest","Région flamande","<5"
"2020-03-08","46020","Sint-Gillis-Waas","Sint-Gillis-Waas","Arrondissement Sint-Niklaas","Arrondissement de Saint-Nicolas","Provincie Oost-Vlaanderen","Province de Flandre orientale","Vlaams Gewest","Région flamande","<5"
"2020-03-08","53053","Bergen","Mons","Arrondissement Bergen","Arrondissement de Mons","Provincie Henegouwen","Province du Hainaut","Waals Gewest","Région wallonne","<5"
"2020-03-08","57097","Komen-Waasten","Comines-Warneton","Arrondissement Doornik-Moeskroen","Arrondissement de Tournai-Mouscron","Provincie Henegouwen","Province du Hainaut","Waals Gewest","Région wallonne","<5"
"2020-03-08","58001","La Louvière","La Louvière","Arrondissement La Louvière","Arrondissement de La Louvière","Provincie Henegouwen","Province du Hainaut","Waals Gewest","Région wallonne","<5"
"2020-03-08","61043","Nandrin","Nandrin","Arrondissement Hoei","Arrondissement de Huy","Provincie Luik","Province de Liège","Waals Gewest","Région wallonne","<5"
"2020-03-08","62027","Dalhem","Dalhem","Arrondissement Luik","Arrondissement de Liège","Provincie Luik","Province de Liège","Waals Gewest","Région wallonne","<5"
"2020-03-08","62051","Herstal","Herstal","Arrondissement Luik","Arrondissement de Liège","Provincie Luik","Province de Liège","Waals Gewest","Région wallonne","<5"
"2020-03-08","62118","Grâce-Hollogne","Grâce-Hollogne","Arrondissement Luik","Arrondissement de Liège","Provincie Luik","Province de Liège","Waals Gewest","Région wallonne","<5"
"2020-03-08","63035","Herve","Herve","Arrondissement Verviers","Arrondissement de Verviers","Provincie Luik","Province de Liège","Waals Gewest","Région wallonne","<5"
"2020-03-08","63061","Raeren","Raeren","Arrondissement Verviers","Arrondissement de Verviers","Provincie Luik","Province de Liège","Waals Gewest","Région wallonne","<5"
"2020-03-08","63076","Theux","Theux","Arrondissement Verviers","Arrondissement de Verviers","Provincie Luik","Province de Liège","Waals Gewest","Région wallonne","<5"
"2020-03-08","63079","Verviers","Verviers","Arrondissement Verviers","Arrondissement de Verviers","Provincie Luik","Province de Liège","Waals Gewest","Région wallonne","<5"
"2020-03-08","63084","Welkenraedt","Welkenraedt","Arrondissement Verviers","Arrondissement de Verviers","Provincie Luik","Province de Liège","Waals Gewest","Région wallonne","<5"
"2020-03-08","71004","Beringen","Beringen","Arrondissement Hasselt","Arrondissement de Hasselt","Provincie Limburg","Province du Limbourg","Vlaams Gewest","Région flamande","<5"
"2020-03-08","71053","Sint-Truiden","Saint-Trond","Arrondissement Hasselt","Arrondissement de Hasselt","Provincie Limburg","Province du Limbourg","Vlaams Gewest","Région flamande","<5"
"2020-03-08","71066","Zonhoven","Zonhoven","Arrondissement Hasselt","Arrondissement de Hasselt","Provincie Limburg","Province du Limbourg","Vlaams Gewest","Région flamande","<5"
"2020-03-08","72004","Bree","Bree","Arrondissement Maaseik","Arrondissement de Maaseik","Provincie Limburg","Province du Limbourg","Vlaams Gewest","Région flamande","<5"
"2020-03-08","72018","Kinrooi","Kinrooi","Arrondissement Maaseik","Arrondissement de Maaseik","Provincie Limburg","Province du Limbourg","Vlaams Gewest","Région flamande","<5"
"2020-03-08","73001","Alken","Alken","Arrondissement Tongeren","Arrondissement de Tongres","Provincie Limburg","Province du Limbourg","Vlaams Gewest","Région flamande","<5"
"2020-03-08","73042","Lanaken","Lanaken","Arrondissement Tongeren","Arrondissement de Tongres","Provincie Limburg","Province du Limbourg","Vlaams Gewest","Région flamande","<5"
"2020-03-08","84050","Paliseul","Paliseul","Arrondissement Neufchâteau","Arrondissement de Neufchâteau","Provincie Luxemburg","Province du Luxembourg","Waals Gewest","Région wallonne","<5"
"2020-03-08","92101","Profondeville","Profondeville","Arrondissement Namen","Arrondissement de Namur","Provincie Namen","Province de Namur","Waals Gewest","Région wallonne","<5"
"2020-03-08","92114","Sombreffe","Sombreffe","Arrondissement Namen","Arrondissement de Namur","Provincie Namen","Province de Namur","Waals Gewest","Région wallonne","<5"
"2020-03-08",NA,NA,NA,NA,NA,NA,NA,NA,NA,"<5"
"2020-03-09","11002","Antwerpen","Anvers","Arrondissement Antwerpen","Arrondissement d’Anvers","Provincie Antwerpen","Province d’Anvers","Vlaams Gewest","Région flamande","<5"
"2020-03-09","11016","Essen","Essen","Arrondissement Antwerpen","Arrondissement d’Anvers","Provincie Antwerpen","Province d’Anvers","Vlaams Gewest","Région flamande","<5"
"2020-03-09","11037","Rumst","Rumst","Arrondissement Antwerpen","Arrondissement d’Anvers","Provincie Antwerpen","Province d’Anvers","Vlaams Gewest","Région flamande","<5"
"2020-03-09","12014","Heist-op-den-Berg","Heist-op-den-Berg","Arrondissement Mechelen","Arrondissement de Malines","Provincie Antwerpen","Province d’Anvers","Vlaams Gewest","Région flamande","<5"
"2020-03-09","13035","Ravels","Ravels","Arrondissement Turnhout","Arrondissement de Turnhout","Provincie Antwerpen","Province d’Anvers","Vlaams Gewest","Région flamande","<5"
"2020-03-09","13049","Westerlo","Westerlo","Arrondissement Turnhout","Arrondissement de Turnhout","Provincie Antwerpen","Province d’Anvers","Vlaams Gewest","Région flamande","<5"
"2020-03-09","21001","Anderlecht","Anderlecht","Arrondissement Brussel-Hoofdstad","Arrondissement de Bruxelles-Capitale",NA,NA,"Brussels Hoofdstedelijk Gewest","Région de Bruxelles-Capitale","<5"
"2020-03-09","21004","Brussel","Bruxelles","Arrondissement Brussel-Hoofdstad","Arrondissement de Bruxelles-Capitale",NA,NA,"Brussels Hoofdstedelijk Gewest","Région de Bruxelles-Capitale","<5"
"2020-03-09","21009","Elsene","Ixelles","Arrondissement Brussel-Hoofdstad","Arrondissement de Bruxelles-Capitale",NA,NA,"Brussels Hoofdstedelijk Gewest","Région de Bruxelles-Capitale","<5"
"2020-03-09","21011","Koekelberg","Koekelberg","Arrondissement Brussel-Hoofdstad","Arrondissement de Bruxelles-Capitale",NA,NA,"Brussels Hoofdstedelijk Gewest","Région de Bruxelles-Capitale","<5"
"2020-03-09","21013","Sint-Gillis","Saint-Gilles","Arrondissement Brussel-Hoofdstad","Arrondissement de Bruxelles-Capitale",NA,NA,"Brussels Hoofdstedelijk Gewest","Région de Bruxelles-Capitale","<5"
"2020-03-09","21015","Schaarbeek","Schaerbeek","Arrondissement Brussel-Hoofdstad","Arrondissement de Bruxelles-Capitale",NA,NA,"Brussels Hoofdstedelijk Gewest","Région de Bruxelles-Capitale","<5"
"2020-03-09","21016","Ukkel","Uccle","Arrondissement Brussel-Hoofdstad","Arrondissement de Bruxelles-Capitale",NA,NA,"Brussels Hoofdstedelijk Gewest","Région de Bruxelles-Capitale","<5"
"2020-03-09","21017","Watermaal-Bosvoorde","Watermael-Boitsfort","Arrondissement Brussel-Hoofdstad","Arrondissement de Bruxelles-Capitale",NA,NA,"Brussels Hoofdstedelijk Gewest","Région de Bruxelles-Capitale","<5"
"2020-03-09","21019","Sint-Pieters-Woluwe","Woluwe-Saint-Pierre","Arrondissement Brussel-Hoofdstad","Arrondissement de Bruxelles-Capitale",NA,NA,"Brussels Hoofdstedelijk Gewest","Région de Bruxelles-Capitale","<5"
"2020-03-09","23002","Asse","Asse","Arrondissement Halle-Vilvoorde","Arrondissement de Hal-Vilvorde","Provincie Vlaams-Brabant","Province du Brabant flamand","Vlaams Gewest","Région flamande","<5"
"2020-03-09","23003","Beersel","Beersel","Arrondissement Halle-Vilvoorde","Arrondissement de Hal-Vilvorde","Provincie Vlaams-Brabant","Province du Brabant flamand","Vlaams Gewest","Région flamande","<5"
"2020-03-09","23016","Dilbeek","Dilbeek","Arrondissement Halle-Vilvoorde","Arrondissement de Hal-Vilvorde","Provincie Vlaams-Brabant","Province du Brabant flamand","Vlaams Gewest","Région flamande","<5"
"2020-03-09","23033","Hoeilaart","Hoeilaart","Arrondissement Halle-Vilvoorde","Arrondissement de Hal-Vilvorde","Provincie Vlaams-Brabant","Province du Brabant flamand","Vlaams Gewest","Région flamande","<5"
"2020-03-09","23060","Opwijk","Opwijk","Arrondissement Halle-Vilvoorde","Arrondissement de Hal-Vilvorde","Provincie Vlaams-Brabant","Province du Brabant flamand","Vlaams Gewest","Région flamande","<5"
"2020-03-09","23081","Steenokkerzeel","Steenokkerzeel","Arrondissement Halle-Vilvoorde","Arrondissement de Hal-Vilvorde","Provincie Vlaams-Brabant","Province du Brabant flamand","Vlaams Gewest","Région flamande","<5"
"2020-03-09","23086","Ternat","Ternat","Arrondissement Halle-Vilvoorde","Arrondissement de Hal-Vilvorde","Provincie Vlaams-Brabant","Province du Brabant flamand","Vlaams Gewest","Région flamande","<5"
"2020-03-09","23099","Kraainem","Kraainem","Arrondissement Halle-Vilvoorde","Arrondissement de Hal-Vilvorde","Provincie Vlaams-Brabant","Province du Brabant flamand","Vlaams Gewest","Région flamande","<5"
"2020-03-09","23100","Linkebeek","Linkebeek","Arrondissement Halle-Vilvoorde","Arrondissement de Hal-Vilvorde","Provincie Vlaams-Brabant","Province du Brabant flamand","Vlaams Gewest","Région flamande","<5"
"2020-03-09","24001","Aarschot","Aarschot","Arrondissement Leuven","Arrondissement de Louvain","Provincie Vlaams-Brabant","Province du Brabant flamand","Vlaams Gewest","Région flamande","<5"
"2020-03-09","24020","Diest","Diest","Arrondissement Leuven","Arrondissement de Louvain","Provincie Vlaams-Brabant","Province du Brabant flamand","Vlaams Gewest","Région flamande","<5"
"2020-03-09","24059","Landen","Landen","Arrondissement Leuven","Arrondissement de Louvain","Provincie Vlaams-Brabant","Province du Brabant flamand","Vlaams Gewest","Région flamande","<5"
"2020-03-09","24062","Leuven","Louvain","Arrondissement Leuven","Arrondissement de Louvain","Provincie Vlaams-Brabant","Province du Brabant flamand","Vlaams Gewest","Région flamande","<5"
"2020-03-09","24107","Tienen","Tirlemont","Arrondissement Leuven","Arrondissement de Louvain","Provincie Vlaams-Brabant","Province du Brabant flamand","Vlaams Gewest","Région flamande","<5"
"2020-03-09","25014","Eigenbrakel","Braine-l’Alleud","Arrondissement Nijvel","Arrondissement de Nivelles","Provincie Waals-Brabant","Province du Brabant wallon","Waals Gewest","Région wallonne","<5"
"2020-03-09","25015","Kasteelbrakel","Braine-le-Château","Arrondissement Nijvel","Arrondissement de Nivelles","Provincie Waals-Brabant","Province du Brabant wallon","Waals Gewest","Région wallonne","<5"
"2020-03-09","25091","Rixensart","Rixensart","Arrondissement Nijvel","Arrondissement de Nivelles","Provincie Waals-Brabant","Province du Brabant wallon","Waals Gewest","Région wallonne","<5"
"2020-03-09","25110","Waterloo","Waterloo","Arrondissement Nijvel","Arrondissement de Nivelles","Provincie Waals-Brabant","Province du Brabant wallon","Waals Gewest","Région wallonne","<5"
"2020-03-09","25119","Lasne","Lasne","Arrondissement Nijvel","Arrondissement de Nivelles","Provincie Waals-Brabant","Province du Brabant wallon","Waals Gewest","Région wallonne","<5"
"2020-03-09","34027","Menen","Menin","Arrondissement Kortrijk","Arrondissement de Courtrai","Provincie West-Vlaanderen","Province de Flandre occidentale","Vlaams Gewest","Région flamande","<5"
"2020-03-09","35011","Middelkerke","Middelkerke","Arrondissement Oostende","Arrondissement d’Ostende","Provincie West-Vlaanderen","Province de Flandre occidentale","Vlaams Gewest","Région flamande","<5"
"2020-03-09","36010","Ledegem","Ledegem","Arrondissement Roeselare","Arrondissement de Roulers","Provincie West-Vlaanderen","Province de Flandre occidentale","Vlaams Gewest","Région flamande","<5"
"2020-03-09","41024","Haaltert","Haaltert","Arrondissement Aalst","Arrondissement d’Alost","Provincie Oost-Vlaanderen","Province de Flandre orientale","Vlaams Gewest","Région flamande","<5"
"2020-03-09","41034","Lede","Lede","Arrondissement Aalst","Arrondissement d’Alost","Provincie Oost-Vlaanderen","Province de Flandre orientale","Vlaams Gewest","Région flamande","<5"
"2020-03-09","41081","Zottegem","Zottegem","Arrondissement Aalst","Arrondissement d’Alost","Provincie Oost-Vlaanderen","Province de Flandre orientale","Vlaams Gewest","Région flamande","<5"
"2020-03-09","42010","Laarne","Laarne","Arrondissement Dendermonde","Arrondissement de Termonde","Provincie Oost-Vlaanderen","Province de Flandre orientale","Vlaams Gewest","Région flamande","<5"
"2020-03-09","44021","Gent","Gand","Arrondissement Gent","Arrondissement de Gand","Provincie Oost-Vlaanderen","Province de Flandre orientale","Vlaams Gewest","Région flamande","<5"
"2020-03-09","44064","Sint-Martens-Latem","Sint-Martens-Latem","Arrondissement Gent","Arrondissement de Gand","Provincie Oost-Vlaanderen","Province de Flandre orientale","Vlaams Gewest","Région flamande","<5"
"2020-03-09","52011","Charleroi","Charleroi","Arrondissement Charleroi","Arrondissement de Charleroi","Provincie Henegouwen","Province du Hainaut","Waals Gewest","Région wallonne","<5"
"2020-03-09","52012","Châtelet","Châtelet","Arrondissement Charleroi","Arrondissement de Charleroi","Provincie Henegouwen","Province du Hainaut","Waals Gewest","Région wallonne","<5"
"2020-03-09","52015","Courcelles","Courcelles","Arrondissement Charleroi","Arrondissement de Charleroi","Provincie Henegouwen","Province du Hainaut","Waals Gewest","Région wallonne","<5"
"2020-03-09","53053","Bergen","Mons","Arrondissement Bergen","Arrondissement de Mons","Provincie Henegouwen","Province du Hainaut","Waals Gewest","Région wallonne","<5"
"2020-03-09","53082","Colfontaine","Colfontaine","Arrondissement Bergen","Arrondissement de Mons","Provincie Henegouwen","Province du Hainaut","Waals Gewest","Région wallonne","<5"
"2020-03-09","58001","La Louvière","La Louvière","Arrondissement La Louvière","Arrondissement de La Louvière","Provincie Henegouwen","Province du Hainaut","Waals Gewest","Région wallonne","<5"
"2020-03-09","58003","Estinnes","Estinnes","Arrondissement La Louvière","Arrondissement de La Louvière","Provincie Henegouwen","Province du Hainaut","Waals Gewest","Région wallonne","<5"
"2020-03-09","61024","Hamoir","Hamoir","Arrondissement Hoei","Arrondissement de Huy","Provincie Luik","Province de Liège","Waals Gewest","Région wallonne","<5"
"2020-03-09","61043","Nandrin","Nandrin","Arrondissement Hoei","Arrondissement de Huy","Provincie Luik","Province de Liège","Waals Gewest","Région wallonne","<5"
"2020-03-09","61068","Villers-Le-Bouillet","Villers-Le-Bouillet","Arrondissement Hoei","Arrondissement de Huy","Provincie Luik","Province de Liège","Waals Gewest","Région wallonne","<5"
"2020-03-09","62003","Ans","Ans","Arrondissement Luik","Arrondissement de Liège","Provincie Luik","Province de Liège","Waals Gewest","Région wallonne","<5"
"2020-03-09","62063","Luik","Liège","Arrondissement Luik","Arrondissement de Liège","Provincie Luik","Province de Liège","Waals Gewest","Région wallonne","5"
"2020-03-09","62093","Saint-Nicolas (Luik)","Saint-Nicolas (Liège)","Arrondissement Luik","Arrondissement de Liège","Provincie Luik","Province de Liège","Waals Gewest","Région wallonne","<5"
"2020-03-09","62119","Blegny","Blegny","Arrondissement Luik","Arrondissement de Liège","Provincie Luik","Province de Liège","Waals Gewest","Région wallonne","<5"
"2020-03-09","62120","Flémalle","Flémalle","Arrondissement Luik","Arrondissement de Liège","Provincie Luik","Province de Liège","Waals Gewest","Région wallonne","<5"
"2020-03-09","63035","Herve","Herve","Arrondissement Verviers","Arrondissement de Verviers","Provincie Luik","Province de Liège","Waals Gewest","Région wallonne","<5"
"2020-03-09","63045","Lierneux","Lierneux","Arrondissement Verviers","Arrondissement de Verviers","Provincie Luik","Province de Liège","Waals Gewest","Région wallonne","<5"
"2020-03-09","63046","Limburg","Limbourg","Arrondissement Verviers","Arrondissement de Verviers","Provincie Luik","Province de Liège","Waals Gewest","Région wallonne","<5"
"2020-03-09","63079","Verviers","Verviers","Arrondissement Verviers","Arrondissement de Verviers","Provincie Luik","Province de Liège","Waals Gewest","Région wallonne","<5"
"2020-03-09","64034","Hannuit","Hannut","Arrondissement Borgworm","Arrondissement de Waremme","Provincie Luik","Province de Liège","Waals Gewest","Région wallonne","<5"
"2020-03-09","71022","Hasselt","Hasselt","Arrondissement Hasselt","Arrondissement de Hasselt","Provincie Limburg","Province du Limbourg","Vlaams Gewest","Région flamande","<5"
"2020-03-09","71070","Heusden-Zolder","Heusden-Zolder","Arrondissement Hasselt","Arrondissement de Hasselt","Provincie Limburg","Province du Limbourg","Vlaams Gewest","Région flamande","<5"
"2020-03-09","72003","Bocholt","Bocholt","Arrondissement Maaseik","Arrondissement de Maaseik","Provincie Limburg","Province du Limbourg","Vlaams Gewest","Région flamande","<5"
"2020-03-09","72042","Oudsbergen","Oudsbergen","Arrondissement Maaseik","Arrondissement de Maaseik","Provincie Limburg","Province du Limbourg","Vlaams Gewest","Région flamande","<5"
"2020-03-09","91064","Havelange","Havelange","Arrondissement Dinant","Arrondissement de Dinant","Provincie Namen","Province de Namur","Waals Gewest","Région wallonne","<5"
"2020-03-09","92094","Namen","Namur","Arrondissement Namen","Arrondissement de Namur","Provincie Namen","Province de Namur","Waals Gewest","Région wallonne","<5"
"2020-03-09","93014","Couvin","Couvin","Arrondissement Philippeville","Arrondissement de Philippeville","Provincie Namen","Province de Namur","Waals Gewest","Région wallonne","<5"
"2020-03-09",NA,NA,NA,NA,NA,NA,NA,NA,NA,"<5"
"2020-03-10","11002","Antwerpen","Anvers","Arrondissement Antwerpen","Arrondissement d’Anvers","Provincie Antwerpen","Province d’Anvers","Vlaams Gewest","Région flamande","<5"
"2020-03-10","11023","Kapellen (Antwerpen)","Kapellen (Anvers)","Arrondissement Antwerpen","Arrondissement d’Anvers","Provincie Antwerpen","Province d’Anvers","Vlaams Gewest","Région flamande","<5"
"2020-03-10","11029","Mortsel","Mortsel","Arrondissement Antwerpen","Arrondissement d’Anvers","Provincie Antwerpen","Province d’Anvers","Vlaams Gewest","Région flamande","<5"
"2020-03-10","11037","Rumst","Rumst","Arrondissement Antwerpen","Arrondissement d’Anvers","Provincie Antwerpen","Province d’Anvers","Vlaams Gewest","Région flamande","<5"
"2020-03-10","11057","Malle","Malle","Arrondissement Antwerpen","Arrondissement d’Anvers","Provincie Antwerpen","Province d’Anvers","Vlaams Gewest","Région flamande","<5"
"2020-03-10","12005","Bonheiden","Bonheiden","Arrondissement Mechelen","Arrondissement de Malines","Provincie Antwerpen","Province d’Anvers","Vlaams Gewest","Région flamande","<5"
"2020-03-10","12014","Heist-op-den-Berg","Heist-op-den-Berg","Arrondissement Mechelen","Arrondissement de Malines","Provincie Antwerpen","Province d’Anvers","Vlaams Gewest","Région flamande","<5"
"2020-03-10","13002","Baarle-Hertog","Baerle-Duc","Arrondissement Turnhout","Arrondissement de Turnhout","Provincie Antwerpen","Province d’Anvers","Vlaams Gewest","Région flamande","<5"
"2020-03-10","13011","Herentals","Herentals","Arrondissement Turnhout","Arrondissement de Turnhout","Provincie Antwerpen","Province d’Anvers","Vlaams Gewest","Région flamande","<5"
"2020-03-10","21002","Oudergem","Auderghem","Arrondissement Brussel-Hoofdstad","Arrondissement de Bruxelles-Capitale",NA,NA,"Brussels Hoofdstedelijk Gewest","Région de Bruxelles-Capitale","<5"
"2020-03-10","21004","Brussel","Bruxelles","Arrondissement Brussel-Hoofdstad","Arrondissement de Bruxelles-Capitale",NA,NA,"Brussels Hoofdstedelijk Gewest","Région de Bruxelles-Capitale","<5"
"2020-03-10","21007","Vorst (Brussel-Hoofdstad)","Forest (Bruxelles-Capitale)","Arrondissement Brussel-Hoofdstad","Arrondissement de Bruxelles-Capitale",NA,NA,"Brussels Hoofdstedelijk Gewest","Région de Bruxelles-Capitale","<5"
"2020-03-10","21012","Sint-Jans-Molenbeek","Molenbeek-Saint-Jean","Arrondissement Brussel-Hoofdstad","Arrondissement de Bruxelles-Capitale",NA,NA,"Brussels Hoofdstedelijk Gewest","Région de Bruxelles-Capitale","<5"
"2020-03-10","21015","Schaarbeek","Schaerbeek","Arrondissement Brussel-Hoofdstad","Arrondissement de Bruxelles-Capitale",NA,NA,"Brussels Hoofdstedelijk Gewest","Région de Bruxelles-Capitale","<5"
"2020-03-10","21016","Ukkel","Uccle","Arrondissement Brussel-Hoofdstad","Arrondissement de Bruxelles-Capitale",NA,NA,"Brussels Hoofdstedelijk Gewest","Région de Bruxelles-Capitale","<5"
"2020-03-10","21017","Watermaal-Bosvoorde","Watermael-Boitsfort","Arrondissement Brussel-Hoofdstad","Arrondissement de Bruxelles-Capitale",NA,NA,"Brussels Hoofdstedelijk Gewest","Région de Bruxelles-Capitale","<5"
"2020-03-10","21018","Sint-Lambrechts-Woluwe","Woluwe-Saint-Lambert","Arrondissement Brussel-Hoofdstad","Arrondissement de Bruxelles-Capitale",NA,NA,"Brussels Hoofdstedelijk Gewest","Région de Bruxelles-Capitale","<5"
"2020-03-10","21019","Sint-Pieters-Woluwe","Woluwe-Saint-Pierre","Arrondissement Brussel-Hoofdstad","Arrondissement de Bruxelles-Capitale",NA,NA,"Brussels Hoofdstedelijk Gewest","Région de Bruxelles-Capitale","<5"
"2020-03-10","23003","Beersel","Beersel","Arrondissement Halle-Vilvoorde","Arrondissement de Hal-Vilvorde","Provincie Vlaams-Brabant","Province du Brabant flamand","Vlaams Gewest","Région flamande","<5"
"2020-03-10","23023","Galmaarden","Gammerages","Arrondissement Halle-Vilvoorde","Arrondissement de Hal-Vilvorde","Provincie Vlaams-Brabant","Province du Brabant flamand","Vlaams Gewest","Région flamande","<5"
"2020-03-10","23027","Halle (Halle-Vilvoorde)","Hal (Hal-Vilvorde)","Arrondissement Halle-Vilvoorde","Arrondissement de Hal-Vilvorde","Provincie Vlaams-Brabant","Province du Brabant flamand","Vlaams Gewest","Région flamande","<5"
"2020-03-10","23047","Machelen (Halle-Vilvoorde)","Machelen (Hal-Vilvorde)","Arrondissement Halle-Vilvoorde","Arrondissement de Hal-Vilvorde","Provincie Vlaams-Brabant","Province du Brabant flamand","Vlaams Gewest","Région flamande","<5"
"2020-03-10","23050","Meise","Meise","Arrondissement Halle-Vilvoorde","Arrondissement de Hal-Vilvorde","Provincie Vlaams-Brabant","Province du Brabant flamand","Vlaams Gewest","Région flamande","<5"
"2020-03-10","23077","Sint-Pieters-Leeuw","Sint-Pieters-Leeuw","Arrondissement Halle-Vilvoorde","Arrondissement de Hal-Vilvorde","Provincie Vlaams-Brabant","Province du Brabant flamand","Vlaams Gewest","Région flamande","<5"
"2020-03-10","23096","Zemst","Zemst","Arrondissement Halle-Vilvoorde","Arrondissement de Hal-Vilvorde","Provincie Vlaams-Brabant","Province du Brabant flamand","Vlaams Gewest","Région flamande","<5"
"2020-03-10","23099","Kraainem","Kraainem","Arrondissement Halle-Vilvoorde","Arrondissement de Hal-Vilvorde","Provincie Vlaams-Brabant","Province du Brabant flamand","Vlaams Gewest","Région flamande","<5"
"2020-03-10","24045","Huldenberg","Huldenberg","Arrondissement Leuven","Arrondissement de Louvain","Provincie Vlaams-Brabant","Province du Brabant flamand","Vlaams Gewest","Région flamande","<5"
"2020-03-10","24054","Kortenaken","Kortenaken","Arrondissement Leuven","Arrondissement de Louvain","Provincie Vlaams-Brabant","Province du Brabant flamand","Vlaams Gewest","Région flamande","<5"
"2020-03-10","24104","Tervuren","Tervuren","Arrondissement Leuven","Arrondissement de Louvain","Provincie Vlaams-Brabant","Province du Brabant flamand","Vlaams Gewest","Région flamande","<5"
"2020-03-10","24137","Glabbeek","Glabbeek","Arrondissement Leuven","Arrondissement de Louvain","Provincie Vlaams-Brabant","Province du Brabant flamand","Vlaams Gewest","Région flamande","<5"
"2020-03-10","25014","Eigenbrakel","Braine-l’Alleud","Arrondissement Nijvel","Arrondissement de Nivelles","Provincie Waals-Brabant","Province du Brabant wallon","Waals Gewest","Région wallonne","<5"
"2020-03-10","25037","Graven","Grez-Doiceau","Arrondissement Nijvel","Arrondissement de Nivelles","Provincie Waals-Brabant","Province du Brabant wallon","Waals Gewest","Région wallonne","<5"
"2020-03-10","25119","Lasne","Lasne","Arrondissement Nijvel","Arrondissement de Nivelles","Provincie Waals-Brabant","Province du Brabant wallon","Waals Gewest","Région wallonne","<5"
"2020-03-10","33011","Ieper","Ypres","Arrondissement Ieper","Arrondissement d’Ypres","Provincie West-Vlaanderen","Province de Flandre occidentale","Vlaams Gewest","Région flamande","<5"
"2020-03-10","34042","Zwevegem","Zwevegem","Arrondissement Kortrijk","Arrondissement de Courtrai","Provincie West-Vlaanderen","Province de Flandre occidentale","Vlaams Gewest","Région flamande","<5"
"2020-03-10","38014","Koksijde","Koksijde","Arrondissement Veurne","Arrondissement de Furnes","Provincie West-Vlaanderen","Province de Flandre occidentale","Vlaams Gewest","Région flamande","<5"
"2020-03-10","41002","Aalst (Aalst)","Alost (Alost)","Arrondissement Aalst","Arrondissement d’Alost","Provincie Oost-Vlaanderen","Province de Flandre orientale","Vlaams Gewest","Région flamande","<5"
"2020-03-10","41048","Ninove","Ninove","Arrondissement Aalst","Arrondissement d’Alost","Provincie Oost-Vlaanderen","Province de Flandre orientale","Vlaams Gewest","Région flamande","<5"
"2020-03-10","42006","Dendermonde","Termonde","Arrondissement Dendermonde","Arrondissement de Termonde","Provincie Oost-Vlaanderen","Province de Flandre orientale","Vlaams Gewest","Région flamande","<5"
"2020-03-10","42025","Wetteren","Wetteren","Arrondissement Dendermonde","Arrondissement de Termonde","Provincie Oost-Vlaanderen","Province de Flandre orientale","Vlaams Gewest","Région flamande","<5"
"2020-03-10","43005","Eeklo","Eeklo","Arrondissement Eeklo","Arrondissement d’Eeklo","Provincie Oost-Vlaanderen","Province de Flandre orientale","Vlaams Gewest","Région flamande","<5"
"2020-03-10","44019","Evergem","Evergem","Arrondissement Gent","Arrondissement de Gand","Provincie Oost-Vlaanderen","Province de Flandre orientale","Vlaams Gewest","Région flamande","<5"
"2020-03-10","44021","Gent","Gand","Arrondissement Gent","Arrondissement de Gand","Provincie Oost-Vlaanderen","Province de Flandre orientale","Vlaams Gewest","Région flamande","<5"
"2020-03-10","44034","Lochristi","Lochristi","Arrondissement Gent","Arrondissement de Gand","Provincie Oost-Vlaanderen","Province de Flandre orientale","Vlaams Gewest","Région flamande","<5"
"2020-03-10","44083","Deinze","Deinze","Arrondissement Gent","Arrondissement de Gand","Provincie Oost-Vlaanderen","Province de Flandre orientale","Vlaams Gewest","Région flamande","<5"
"2020-03-10","44084","Aalter","Aalter","Arrondissement Gent","Arrondissement de Gand","Provincie Oost-Vlaanderen","Province de Flandre orientale","Vlaams Gewest","Région flamande","<5"
"2020-03-10","44085","Lievegem","Lievegem","Arrondissement Gent","Arrondissement de Gand","Provincie Oost-Vlaanderen","Province de Flandre orientale","Vlaams Gewest","Région flamande","<5"
"2020-03-10","45064","Maarkedal","Maarkedal","Arrondissement Oudenaarde","Arrondissement d’Audenarde","Provincie Oost-Vlaanderen","Province de Flandre orientale","Vlaams Gewest","Région flamande","<5"
"2020-03-10","46014","Lokeren","Lokeren","Arrondissement Sint-Niklaas","Arrondissement de Saint-Nicolas","Provincie Oost-Vlaanderen","Province de Flandre orientale","Vlaams Gewest","Région flamande","<5"
"2020-03-10","52011","Charleroi","Charleroi","Arrondissement Charleroi","Arrondissement de Charleroi","Provincie Henegouwen","Province du Hainaut","Waals Gewest","Région wallonne","<5"
"2020-03-10","52012","Châtelet","Châtelet","Arrondissement Charleroi","Arrondissement de Charleroi","Provincie Henegouwen","Province du Hainaut","Waals Gewest","Région wallonne","<5"
"2020-03-10","53053","Bergen","Mons","Arrondissement Bergen","Arrondissement de Mons","Provincie Henegouwen","Province du Hainaut","Waals Gewest","Région wallonne","<5"
"2020-03-10","53070","Saint-Ghislain","Saint-Ghislain","Arrondissement Bergen","Arrondissement de Mons","Provincie Henegouwen","Province du Hainaut","Waals Gewest","Région wallonne","<5"
"2020-03-10","53082","Colfontaine","Colfontaine","Arrondissement Bergen","Arrondissement de Mons","Provincie Henegouwen","Province du Hainaut","Waals Gewest","Région wallonne","<5"
"2020-03-10","57097","Komen-Waasten","Comines-Warneton","Arrondissement Doornik-Moeskroen","Arrondissement de Tournai-Mouscron","Provincie Henegouwen","Province du Hainaut","Waals Gewest","Région wallonne","<5"
"2020-03-10","62006","Awans","Awans","Arrondissement Luik","Arrondissement de Liège","Provincie Luik","Province de Liège","Waals Gewest","Région wallonne","<5"
"2020-03-10","62022","Chaudfontaine","Chaudfontaine","Arrondissement Luik","Arrondissement de Liège","Provincie Luik","Province de Liège","Waals Gewest","Région wallonne","<5"
"2020-03-10","62063","Luik","Liège","Arrondissement Luik","Arrondissement de Liège","Provincie Luik","Province de Liège","Waals Gewest","Région wallonne","<5"
"2020-03-10","62096","Seraing","Seraing","Arrondissement Luik","Arrondissement de Liège","Provincie Luik","Province de Liège","Waals Gewest","Région wallonne","<5"
"2020-03-10","62118","Grâce-Hollogne","Grâce-Hollogne","Arrondissement Luik","Arrondissement de Liège","Provincie Luik","Province de Liège","Waals Gewest","Région wallonne","<5"
"2020-03-10","62119","Blegny","Blegny","Arrondissement Luik","Arrondissement de Liège","Provincie Luik","Province de Liège","Waals Gewest","Région wallonne","<5"
"2020-03-10","63040","Kelmis","La Calamine","Arrondissement Verviers","Arrondissement de Verviers","Provincie Luik","Province de Liège","Waals Gewest","Région wallonne","<5"
"2020-03-10","63080","Weismes","Waimes","Arrondissement Verviers","Arrondissement de Verviers","Provincie Luik","Province de Liège","Waals Gewest","Région wallonne","<5"
"2020-03-10","71004","Beringen","Beringen","Arrondissement Hasselt","Arrondissement de Hasselt","Provincie Limburg","Province du Limbourg","Vlaams Gewest","Région flamande","<5"
"2020-03-10","71022","Hasselt","Hasselt","Arrondissement Hasselt","Arrondissement de Hasselt","Provincie Limburg","Province du Limbourg","Vlaams Gewest","Région flamande","<5"
"2020-03-10","71037","Lummen","Lummen","Arrondissement Hasselt","Arrondissement de Hasselt","Provincie Limburg","Province du Limbourg","Vlaams Gewest","Région flamande","<5"
"2020-03-10","71053","Sint-Truiden","Saint-Trond","Arrondissement Hasselt","Arrondissement de Hasselt","Provincie Limburg","Province du Limbourg","Vlaams Gewest","Région flamande","<5"
"2020-03-10","73001","Alken","Alken","Arrondissement Tongeren","Arrondissement de Tongres","Provincie Limburg","Province du Limbourg","Vlaams Gewest","Région flamande","<5"
"2020-03-10","73009","Borgloon","Looz","Arrondissement Tongeren","Arrondissement de Tongres","Provincie Limburg","Province du Limbourg","Vlaams Gewest","Région flamande","<5"
"2020-03-10","73022","Heers","Heers","Arrondissement Tongeren","Arrondissement de Tongres","Provincie Limburg","Province du Limbourg","Vlaams Gewest","Région flamande","<5"
"2020-03-10","83031","La Roche-en-Ardenne","La Roche-en-Ardenne","Arrondissement Marche-en-Famenne","Arrondissement de Marche-en-Famenne","Provincie Luxemburg","Province du Luxembourg","Waals Gewest","Région wallonne","<5"
"2020-03-10","83034","Marche-en-Famenne","Marche-en-Famenne","Arrondissement Marche-en-Famenne","Arrondissement de Marche-en-Famenne","Provincie Luxemburg","Province du Luxembourg","Waals Gewest","Région wallonne","<5"
"2020-03-10",NA,NA,NA,NA,NA,NA,NA,NA,NA,"7"
"2020-03-11","11002","Antwerpen","Anvers","Arrondissement Antwerpen","Arrondissement d’Anvers","Provincie Antwerpen","Province d’Anvers","Vlaams Gewest","Région flamande","6"
"2020-03-11","11008","Brasschaat","Brasschaat","Arrondissement Antwerpen","Arrondissement d’Anvers","Provincie Antwerpen","Province d’Anvers","Vlaams Gewest","Région flamande","<5"
"2020-03-11","11013","Edegem","Edegem","Arrondissement Antwerpen","Arrondissement d’Anvers","Provincie Antwerpen","Province d’Anvers","Vlaams Gewest","Région flamande","<5"
"2020-03-11","11018","Hemiksem","Hemiksem","Arrondissement Antwerpen","Arrondissement d’Anvers","Provincie Antwerpen","Province d’Anvers","Vlaams Gewest","Région flamande","<5"
"2020-03-11","11039","Schilde","Schilde","Arrondissement Antwerpen","Arrondissement d’Anvers","Provincie Antwerpen","Province d’Anvers","Vlaams Gewest","Région flamande","<5"
"2020-03-11","11057","Malle","Malle","Arrondissement Antwerpen","Arrondissement d’Anvers","Provincie Antwerpen","Province d’Anvers","Vlaams Gewest","Région flamande","<5"
"2020-03-11","12021","Lier","Lierre","Arrondissement Mechelen","Arrondissement de Malines","Provincie Antwerpen","Province d’Anvers","Vlaams Gewest","Région flamande","<5"
"2020-03-11","12025","Mechelen","Malines","Arrondissement Mechelen","Arrondissement de Malines","Provincie Antwerpen","Province d’Anvers","Vlaams Gewest","Région flamande","<5"
"2020-03-11","13008","Geel","Geel","Arrondissement Turnhout","Arrondissement de Turnhout","Provincie Antwerpen","Province d’Anvers","Vlaams Gewest","Région flamande","<5"
"2020-03-11","13010","Grobbendonk","Grobbendonk","Arrondissement Turnhout","Arrondissement de Turnhout","Provincie Antwerpen","Province d’Anvers","Vlaams Gewest","Région flamande","<5"
"2020-03-11","13021","Meerhout","Meerhout","Arrondissement Turnhout","Arrondissement de Turnhout","Provincie Antwerpen","Province d’Anvers","Vlaams Gewest","Région flamande","<5"
"2020-03-11","13036","Retie","Retie","Arrondissement Turnhout","Arrondissement de Turnhout","Provincie Antwerpen","Province d’Anvers","Vlaams Gewest","Région flamande","<5"
"2020-03-11","13046","Vosselaar","Vosselaar","Arrondissement Turnhout","Arrondissement de Turnhout","Provincie Antwerpen","Province d’Anvers","Vlaams Gewest","Région flamande","<5"
"2020-03-11","13053","Laakdal","Laakdal","Arrondissement Turnhout","Arrondissement de Turnhout","Provincie Antwerpen","Province d’Anvers","Vlaams Gewest","Région flamande","<5"
"2020-03-11","21001","Anderlecht","Anderlecht","Arrondissement Brussel-Hoofdstad","Arrondissement de Bruxelles-Capitale",NA,NA,"Brussels Hoofdstedelijk Gewest","Région de Bruxelles-Capitale","<5"
"2020-03-11","21003","Sint-Agatha-Berchem","Berchem-Sainte-Agathe","Arrondissement Brussel-Hoofdstad","Arrondissement de Bruxelles-Capitale",NA,NA,"Brussels Hoofdstedelijk Gewest","Région de Bruxelles-Capitale","<5"
"2020-03-11","21004","Brussel","Bruxelles","Arrondissement Brussel-Hoofdstad","Arrondissement de Bruxelles-Capitale",NA,NA,"Brussels Hoofdstedelijk Gewest","Région de Bruxelles-Capitale","<5"
"2020-03-11","21005","Etterbeek","Etterbeek","Arrondissement Brussel-Hoofdstad","Arrondissement de Bruxelles-Capitale",NA,NA,"Brussels Hoofdstedelijk Gewest","Région de Bruxelles-Capitale","<5"
"2020-03-11","21008","Ganshoren","Ganshoren","Arrondissement Brussel-Hoofdstad","Arrondissement de Bruxelles-Capitale",NA,NA,"Brussels Hoofdstedelijk Gewest","Région de Bruxelles-Capitale","<5"
"2020-03-11","21009","Elsene","Ixelles","Arrondissement Brussel-Hoofdstad","Arrondissement de Bruxelles-Capitale",NA,NA,"Brussels Hoofdstedelijk Gewest","Région de Bruxelles-Capitale","<5"
"2020-03-11","21012","Sint-Jans-Molenbeek","Molenbeek-Saint-Jean","Arrondissement Brussel-Hoofdstad","Arrondissement de Bruxelles-Capitale",NA,NA,"Brussels Hoofdstedelijk Gewest","Région de Bruxelles-Capitale","<5"
"2020-03-11","21015","Schaarbeek","Schaerbeek","Arrondissement Brussel-Hoofdstad","Arrondissement de Bruxelles-Capitale",NA,NA,"Brussels Hoofdstedelijk Gewest","Région de Bruxelles-Capitale","<5"
"2020-03-11","21016","Ukkel","Uccle","Arrondissement Brussel-Hoofdstad","Arrondissement de Bruxelles-Capitale",NA,NA,"Brussels Hoofdstedelijk Gewest","Région de Bruxelles-Capitale","<5"
"2020-03-11","23023","Galmaarden","Gammerages","Arrondissement Halle-Vilvoorde","Arrondissement de Hal-Vilvorde","Provincie Vlaams-Brabant","Province du Brabant flamand","Vlaams Gewest","Région flamande","<5"
"2020-03-11","23025","Grimbergen","Grimbergen","Arrondissement Halle-Vilvoorde","Arrondissement de Hal-Vilvorde","Provincie Vlaams-Brabant","Province du Brabant flamand","Vlaams Gewest","Région flamande","<5"
"2020-03-11","23027","Halle (Halle-Vilvoorde)","Hal (Hal-Vilvorde)","Arrondissement Halle-Vilvoorde","Arrondissement de Hal-Vilvorde","Provincie Vlaams-Brabant","Province du Brabant flamand","Vlaams Gewest","Région flamande","6"
"2020-03-11","23038","Kampenhout","Kampenhout","Arrondissement Halle-Vilvoorde","Arrondissement de Hal-Vilvorde","Provincie Vlaams-Brabant","Province du Brabant flamand","Vlaams Gewest","Région flamande","<5"
"2020-03-11","23039","Kapelle-op-den-Bos","Kapelle-op-den-Bos","Arrondissement Halle-Vilvoorde","Arrondissement de Hal-Vilvorde","Provincie Vlaams-Brabant","Province du Brabant flamand","Vlaams Gewest","Région flamande","<5"
"2020-03-11","23096","Zemst","Zemst","Arrondissement Halle-Vilvoorde","Arrondissement de Hal-Vilvorde","Provincie Vlaams-Brabant","Province du Brabant flamand","Vlaams Gewest","Région flamande","<5"
"2020-03-11","23101","Sint-Genesius-Rode","Rhode-Saint-Genèse","Arrondissement Halle-Vilvoorde","Arrondissement de Hal-Vilvorde","Provincie Vlaams-Brabant","Province du Brabant flamand","Vlaams Gewest","Région flamande","6"
"2020-03-11","23105","Affligem","Affligem","Arrondissement Halle-Vilvoorde","Arrondissement de Hal-Vilvorde","Provincie Vlaams-Brabant","Province du Brabant flamand","Vlaams Gewest","Région flamande","<5"
"2020-03-11","24014","Boortmeerbeek","Boortmeerbeek","Arrondissement Leuven","Arrondissement de Louvain","Provincie Vlaams-Brabant","Province du Brabant flamand","Vlaams Gewest","Région flamande","<5"
"2020-03-11","24055","Kortenberg","Kortenberg","Arrondissement Leuven","Arrondissement de Louvain","Provincie Vlaams-Brabant","Province du Brabant flamand","Vlaams Gewest","Région flamande","<5"
"2020-03-11","24059","Landen","Landen","Arrondissement Leuven","Arrondissement de Louvain","Provincie Vlaams-Brabant","Province du Brabant flamand","Vlaams Gewest","Région flamande","<5"
"2020-03-11","24062","Leuven","Louvain","Arrondissement Leuven","Arrondissement de Louvain","Provincie Vlaams-Brabant","Province du Brabant flamand","Vlaams Gewest","Région flamande","<5"
"2020-03-11","24109","Tremelo","Tremelo","Arrondissement Leuven","Arrondissement de Louvain","Provincie Vlaams-Brabant","Province du Brabant flamand","Vlaams Gewest","Région flamande","<5"
"2020-03-11","25084","Perwijs (Nijvel)","Perwez (Nivelles)","Arrondissement Nijvel","Arrondissement de Nivelles","Provincie Waals-Brabant","Province du Brabant wallon","Waals Gewest","Région wallonne","<5"
"2020-03-11","25091","Rixensart","Rixensart","Arrondissement Nijvel","Arrondissement de Nivelles","Provincie Waals-Brabant","Province du Brabant wallon","Waals Gewest","Région wallonne","<5"
"2020-03-11","31005","Brugge","Bruges","Arrondissement Brugge","Arrondissement de Bruges","Provincie West-Vlaanderen","Province de Flandre occidentale","Vlaams Gewest","Région flamande","<5"
"2020-03-11","31033","Torhout","Torhout","Arrondissement Brugge","Arrondissement de Bruges","Provincie West-Vlaanderen","Province de Flandre occidentale","Vlaams Gewest","Région flamande","<5"
"2020-03-11","32003","Diksmuide","Dixmude","Arrondissement Diksmuide","Arrondissement de Dixmude","Provincie West-Vlaanderen","Province de Flandre occidentale","Vlaams Gewest","Région flamande","<5"
"2020-03-11","33021","Poperinge","Poperinge","Arrondissement Ieper","Arrondissement d’Ypres","Provincie West-Vlaanderen","Province de Flandre occidentale","Vlaams Gewest","Région flamande","<5"
"2020-03-11","35029","De Haan","De Haan","Arrondissement Oostende","Arrondissement d’Ostende","Provincie West-Vlaanderen","Province de Flandre occidentale","Vlaams Gewest","Région flamande","<5"
"2020-03-11","36008","Izegem","Izegem","Arrondissement Roeselare","Arrondissement de Roulers","Provincie West-Vlaanderen","Province de Flandre occidentale","Vlaams Gewest","Région flamande","<5"
"2020-03-11","36015","Roeselare","Roulers","Arrondissement Roeselare","Arrondissement de Roulers","Provincie West-Vlaanderen","Province de Flandre occidentale","Vlaams Gewest","Région flamande","<5"
"2020-03-11","37015","Tielt (Tielt)","Tielt (Tielt)","Arrondissement Tielt","Arrondissement de Tielt","Provincie West-Vlaanderen","Province de Flandre occidentale","Vlaams Gewest","Région flamande","<5"
"2020-03-11","41002","Aalst (Aalst)","Alost (Alost)","Arrondissement Aalst","Arrondissement d’Alost","Provincie Oost-Vlaanderen","Province de Flandre orientale","Vlaams Gewest","Région flamande","<5"
"2020-03-11","41011","Denderleeuw","Denderleeuw","Arrondissement Aalst","Arrondissement d’Alost","Provincie Oost-Vlaanderen","Province de Flandre orientale","Vlaams Gewest","Région flamande","<5"
"2020-03-11","42010","Laarne","Laarne","Arrondissement Dendermonde","Arrondissement de Termonde","Provincie Oost-Vlaanderen","Province de Flandre orientale","Vlaams Gewest","Région flamande","<5"
"2020-03-11","42023","Waasmunster","Waasmunster","Arrondissement Dendermonde","Arrondissement de Termonde","Provincie Oost-Vlaanderen","Province de Flandre orientale","Vlaams Gewest","Région flamande","<5"
"2020-03-11","42025","Wetteren","Wetteren","Arrondissement Dendermonde","Arrondissement de Termonde","Provincie Oost-Vlaanderen","Province de Flandre orientale","Vlaams Gewest","Région flamande","<5"
"2020-03-11","44012","De Pinte","De Pinte","Arrondissement Gent","Arrondissement de Gand","Provincie Oost-Vlaanderen","Province de Flandre orientale","Vlaams Gewest","Région flamande","<5"
"2020-03-11","44013","Destelbergen","Destelbergen","Arrondissement Gent","Arrondissement de Gand","Provincie Oost-Vlaanderen","Province de Flandre orientale","Vlaams Gewest","Région flamande","<5"
"2020-03-11","44021","Gent","Gand","Arrondissement Gent","Arrondissement de Gand","Provincie Oost-Vlaanderen","Province de Flandre orientale","Vlaams Gewest","Région flamande","<5"
"2020-03-11","44043","Merelbeke","Merelbeke","Arrondissement Gent","Arrondissement de Gand","Provincie Oost-Vlaanderen","Province de Flandre orientale","Vlaams Gewest","Région flamande","<5"
"2020-03-11","44052","Oosterzele","Oosterzele","Arrondissement Gent","Arrondissement de Gand","Provincie Oost-Vlaanderen","Province de Flandre orientale","Vlaams Gewest","Région flamande","<5"
"2020-03-11","44064","Sint-Martens-Latem","Sint-Martens-Latem","Arrondissement Gent","Arrondissement de Gand","Provincie Oost-Vlaanderen","Province de Flandre orientale","Vlaams Gewest","Région flamande","<5"
"2020-03-11","44085","Lievegem","Lievegem","Arrondissement Gent","Arrondissement de Gand","Provincie Oost-Vlaanderen","Province de Flandre orientale","Vlaams Gewest","Région flamande","<5"
"2020-03-11","45035","Oudenaarde","Audenarde","Arrondissement Oudenaarde","Arrondissement d’Audenarde","Provincie Oost-Vlaanderen","Province de Flandre orientale","Vlaams Gewest","Région flamande","<5"
"2020-03-11","45059","Brakel","Brakel","Arrondissement Oudenaarde","Arrondissement d’Audenarde","Provincie Oost-Vlaanderen","Province de Flandre orientale","Vlaams Gewest","Région flamande","<5"
"2020-03-11","46014","Lokeren","Lokeren","Arrondissement Sint-Niklaas","Arrondissement de Saint-Nicolas","Provincie Oost-Vlaanderen","Province de Flandre orientale","Vlaams Gewest","Région flamande","<5"
"2020-03-11","46021","Sint-Niklaas (Sint-Niklaas)","Saint-Nicolas (Saint-Nicolas)","Arrondissement Sint-Niklaas","Arrondissement de Saint-Nicolas","Provincie Oost-Vlaanderen","Province de Flandre orientale","Vlaams Gewest","Région flamande","<5"
"2020-03-11","46024","Stekene","Stekene","Arrondissement Sint-Niklaas","Arrondissement de Saint-Nicolas","Provincie Oost-Vlaanderen","Province de Flandre orientale","Vlaams Gewest","Région flamande","<5"
"2020-03-11","46025","Temse","Tamise","Arrondissement Sint-Niklaas","Arrondissement de Saint-Nicolas","Provincie Oost-Vlaanderen","Province de Flandre orientale","Vlaams Gewest","Région flamande","<5"
"2020-03-11","51008","Beloeil","Beloeil","Arrondissement Aat","Arrondissement d’Ath","Provincie Henegouwen","Province du Hainaut","Waals Gewest","Région wallonne","<5"
"2020-03-11","53053","Bergen","Mons","Arrondissement Bergen","Arrondissement de Mons","Provincie Henegouwen","Province du Hainaut","Waals Gewest","Région wallonne","6"
"2020-03-11","53065","Quaregnon","Quaregnon","Arrondissement Bergen","Arrondissement de Mons","Provincie Henegouwen","Province du Hainaut","Waals Gewest","Région wallonne","<5"
"2020-03-11","53070","Saint-Ghislain","Saint-Ghislain","Arrondissement Bergen","Arrondissement de Mons","Provincie Henegouwen","Province du Hainaut","Waals Gewest","Région wallonne","<5"
"2020-03-11","53084","Quévy","Quévy","Arrondissement Bergen","Arrondissement de Mons","Provincie Henegouwen","Province du Hainaut","Waals Gewest","Région wallonne","<5"
"2020-03-11","55040","Zinnik","Soignies","Arrondissement Zinnik","Arrondissement de Soignies","Provincie Henegouwen","Province du Hainaut","Waals Gewest","Région wallonne","<5"
"2020-03-11","56078","Thuin","Thuin","Arrondissement Thuin","Arrondissement de Thuin","Provincie Henegouwen","Province du Hainaut","Waals Gewest","Région wallonne","<5"
"2020-03-11","57096","Moeskroen","Mouscron","Arrondissement Doornik-Moeskroen","Arrondissement de Tournai-Mouscron","Provincie Henegouwen","Province du Hainaut","Waals Gewest","Région wallonne","<5"
"2020-03-11","62003","Ans","Ans","Arrondissement Luik","Arrondissement de Liège","Provincie Luik","Province de Liège","Waals Gewest","Région wallonne","<5"
"2020-03-11","62006","Awans","Awans","Arrondissement Luik","Arrondissement de Liège","Provincie Luik","Province de Liège","Waals Gewest","Région wallonne","<5"
"2020-03-11","62009","Aywaille","Aywaille","Arrondissement Luik","Arrondissement de Liège","Provincie Luik","Province de Liège","Waals Gewest","Région wallonne","<5"
"2020-03-11","62022","Chaudfontaine","Chaudfontaine","Arrondissement Luik","Arrondissement de Liège","Provincie Luik","Province de Liège","Waals Gewest","Région wallonne","<5"
"2020-03-11","62032","Esneux","Esneux","Arrondissement Luik","Arrondissement de Liège","Provincie Luik","Province de Liège","Waals Gewest","Région wallonne","<5"
"2020-03-11","62038","Fléron","Fléron","Arrondissement Luik","Arrondissement de Liège","Provincie Luik","Province de Liège","Waals Gewest","Région wallonne","<5"
"2020-03-11","62051","Herstal","Herstal","Arrondissement Luik","Arrondissement de Liège","Provincie Luik","Province de Liège","Waals Gewest","Région wallonne","<5"
"2020-03-11","62063","Luik","Liège","Arrondissement Luik","Arrondissement de Liège","Provincie Luik","Province de Liège","Waals Gewest","Région wallonne","<5"
"2020-03-11","62079","Oupeye","Oupeye","Arrondissement Luik","Arrondissement de Liège","Provincie Luik","Province de Liège","Waals Gewest","Région wallonne","<5"
"2020-03-11","62096","Seraing","Seraing","Arrondissement Luik","Arrondissement de Liège","Provincie Luik","Province de Liège","Waals Gewest","Région wallonne","<5"
"2020-03-11","62099","Soumagne","Soumagne","Arrondissement Luik","Arrondissement de Liège","Provincie Luik","Province de Liège","Waals Gewest","Région wallonne","<5"
"2020-03-11","62120","Flémalle","Flémalle","Arrondissement Luik","Arrondissement de Liège","Provincie Luik","Province de Liège","Waals Gewest","Région wallonne","<5"
"2020-03-11","63012","Büllingen","Bullange","Arrondissement Verviers","Arrondissement de Verviers","Provincie Luik","Province de Liège","Waals Gewest","Région wallonne","<5"
"2020-03-11","63035","Herve","Herve","Arrondissement Verviers","Arrondissement de Verviers","Provincie Luik","Province de Liège","Waals Gewest","Région wallonne","<5"
"2020-03-11","63040","Kelmis","La Calamine","Arrondissement Verviers","Arrondissement de Verviers","Provincie Luik","Province de Liège","Waals Gewest","Région wallonne","<5"
"2020-03-11","63079","Verviers","Verviers","Arrondissement Verviers","Arrondissement de Verviers","Provincie Luik","Province de Liège","Waals Gewest","Région wallonne","<5"
"2020-03-11","63089","Thimister-Clermont","Thimister-Clermont","Arrondissement Verviers","Arrondissement de Verviers","Provincie Luik","Province de Liège","Waals Gewest","Région wallonne","<5"
"2020-03-11","64075","Wasseiges","Wasseiges","Arrondissement Borgworm","Arrondissement de Waremme","Provincie Luik","Province de Liège","Waals Gewest","Région wallonne","<5"
"2020-03-11","71004","Beringen","Beringen","Arrondissement Hasselt","Arrondissement de Hasselt","Provincie Limburg","Province du Limbourg","Vlaams Gewest","Région flamande","<5"
"2020-03-11","71011","Diepenbeek","Diepenbeek","Arrondissement Hasselt","Arrondissement de Hasselt","Provincie Limburg","Province du Limbourg","Vlaams Gewest","Région flamande","<5"
"2020-03-11","71016","Genk","Genk","Arrondissement Hasselt","Arrondissement de Hasselt","Provincie Limburg","Province du Limbourg","Vlaams Gewest","Région flamande","5"
"2020-03-11","71017","Gingelom","Gingelom","Arrondissement Hasselt","Arrondissement de Hasselt","Provincie Limburg","Province du Limbourg","Vlaams Gewest","Région flamande","<5"
"2020-03-11","71022","Hasselt","Hasselt","Arrondissement Hasselt","Arrondissement de Hasselt","Provincie Limburg","Province du Limbourg","Vlaams Gewest","Région flamande","<5"
"2020-03-11","71037","Lummen","Lummen","Arrondissement Hasselt","Arrondissement de Hasselt","Provincie Limburg","Province du Limbourg","Vlaams Gewest","Région flamande","<5"
"2020-03-11","71053","Sint-Truiden","Saint-Trond","Arrondissement Hasselt","Arrondissement de Hasselt","Provincie Limburg","Province du Limbourg","Vlaams Gewest","Région flamande","<5"
"2020-03-11","72003","Bocholt","Bocholt","Arrondissement Maaseik","Arrondissement de Maaseik","Provincie Limburg","Province du Limbourg","Vlaams Gewest","Région flamande","<5"
"2020-03-11","73006","Bilzen","Bilzen","Arrondissement Tongeren","Arrondissement de Tongres","Provincie Limburg","Province du Limbourg","Vlaams Gewest","Région flamande","<5"
"2020-03-11","73042","Lanaken","Lanaken","Arrondissement Tongeren","Arrondissement de Tongres","Provincie Limburg","Province du Limbourg","Vlaams Gewest","Région flamande","<5"
"2020-03-11","81001","Aarlen","Arlon","Arrondissement Aarlen","Arrondissement d’Arlon","Provincie Luxemburg","Province du Luxembourg","Waals Gewest","Région wallonne","<5"
"2020-03-11","81004","Aubange","Aubange","Arrondissement Aarlen","Arrondissement d’Arlon","Provincie Luxemburg","Province du Luxembourg","Waals Gewest","Région wallonne","<5"
"2020-03-11","92003","Andenne","Andenne","Arrondissement Namen","Arrondissement de Namur","Provincie Namen","Province de Namur","Waals Gewest","Région wallonne","<5"
"2020-03-11","92101","Profondeville","Profondeville","Arrondissement Namen","Arrondissement de Namur","Provincie Namen","Province de Namur","Waals Gewest","Région wallonne","<5"
"2020-03-11","92137","Sambreville","Sambreville","Arrondissement Namen","Arrondissement de Namur","Provincie Namen","Province de Namur","Waals Gewest","Région wallonne","<5"
"2020-03-11","92140","Jemeppe-sur-Sambre","Jemeppe-sur-Sambre","Arrondissement Namen","Arrondissement de Namur","Provincie Namen","Province de Namur","Waals Gewest","Région wallonne","<5"
"2020-03-11","92141","La Bruyère","La Bruyère","Arrondissement Namen","Arrondissement de Namur","Provincie Namen","Province de Namur","Waals Gewest","Région wallonne","<5"
"2020-03-11",NA,NA,NA,NA,NA,NA,NA,NA,NA,"<5"
"2020-03-12","11002","Antwerpen","Anvers","Arrondissement Antwerpen","Arrondissement d’Anvers","Provincie Antwerpen","Province d’Anvers","Vlaams Gewest","Région flamande","<5"
"2020-03-12","11004","Boechout","Boechout","Arrondissement Antwerpen","Arrondissement d’Anvers","Provincie Antwerpen","Province d’Anvers","Vlaams Gewest","Région flamande","<5"
"2020-03-12","11005","Boom","Boom","Arrondissement Antwerpen","Arrondissement d’Anvers","Provincie Antwerpen","Province d’Anvers","Vlaams Gewest","Région flamande","<5"
"2020-03-12","11013","Edegem","Edegem","Arrondissement Antwerpen","Arrondissement d’Anvers","Provincie Antwerpen","Province d’Anvers","Vlaams Gewest","Région flamande","<5"
"2020-03-12","11021","Hove (Antwerpen)","Hove (Anvers)","Arrondissement Antwerpen","Arrondissement d’Anvers","Provincie Antwerpen","Province d’Anvers","Vlaams Gewest","Région flamande","<5"
"2020-03-12","11023","Kapellen (Antwerpen)","Kapellen (Anvers)","Arrondissement Antwerpen","Arrondissement d’Anvers","Provincie Antwerpen","Province d’Anvers","Vlaams Gewest","Région flamande","<5"
"2020-03-12","11038","Schelle","Schelle","Arrondissement Antwerpen","Arrondissement d’Anvers","Provincie Antwerpen","Province d’Anvers","Vlaams Gewest","Région flamande","<5"
"2020-03-12","11052","Wommelgem","Wommelgem","Arrondissement Antwerpen","Arrondissement d’Anvers","Provincie Antwerpen","Province d’Anvers","Vlaams Gewest","Région flamande","<5"
"2020-03-12","11053","Wuustwezel","Wuustwezel","Arrondissement Antwerpen","Arrondissement d’Anvers","Provincie Antwerpen","Province d’Anvers","Vlaams Gewest","Région flamande","<5"
"2020-03-12","12005","Bonheiden","Bonheiden","Arrondissement Mechelen","Arrondissement de Malines","Provincie Antwerpen","Province d’Anvers","Vlaams Gewest","Région flamande","<5"
"2020-03-12","12007","Bornem","Bornem","Arrondissement Mechelen","Arrondissement de Malines","Provincie Antwerpen","Province d’Anvers","Vlaams Gewest","Région flamande","<5"
"2020-03-12","12009","Duffel","Duffel","Arrondissement Mechelen","Arrondissement de Malines","Provincie Antwerpen","Province d’Anvers","Vlaams Gewest","Région flamande","<5"
"2020-03-12","12014","Heist-op-den-Berg","Heist-op-den-Berg","Arrondissement Mechelen","Arrondissement de Malines","Provincie Antwerpen","Province d’Anvers","Vlaams Gewest","Région flamande","<5"
"2020-03-12","12021","Lier","Lierre","Arrondissement Mechelen","Arrondissement de Malines","Provincie Antwerpen","Province d’Anvers","Vlaams Gewest","Région flamande","<5"
"2020-03-12","12025","Mechelen","Malines","Arrondissement Mechelen","Arrondissement de Malines","Provincie Antwerpen","Province d’Anvers","Vlaams Gewest","Région flamande","<5"
"2020-03-12","12035","Sint-Katelijne-Waver","Sint-Katelijne-Waver","Arrondissement Mechelen","Arrondissement de Malines","Provincie Antwerpen","Province d’Anvers","Vlaams Gewest","Région flamande","<5"
"2020-03-12","13001","Arendonk","Arendonk","Arrondissement Turnhout","Arrondissement de Turnhout","Provincie Antwerpen","Province d’Anvers","Vlaams Gewest","Région flamande","<5"
"2020-03-12","13003","Balen","Balen","Arrondissement Turnhout","Arrondissement de Turnhout","Provincie Antwerpen","Province d’Anvers","Vlaams Gewest","Région flamande","<5"
"2020-03-12","13008","Geel","Geel","Arrondissement Turnhout","Arrondissement de Turnhout","Provincie Antwerpen","Province d’Anvers","Vlaams Gewest","Région flamande","<5"
"2020-03-12","13010","Grobbendonk","Grobbendonk","Arrondissement Turnhout","Arrondissement de Turnhout","Provincie Antwerpen","Province d’Anvers","Vlaams Gewest","Région flamande","<5"
"2020-03-12","13011","Herentals","Herentals","Arrondissement Turnhout","Arrondissement de Turnhout","Provincie Antwerpen","Province d’Anvers","Vlaams Gewest","Région flamande","<5"
"2020-03-12","13013","Herselt","Herselt","Arrondissement Turnhout","Arrondissement de Turnhout","Provincie Antwerpen","Province d’Anvers","Vlaams Gewest","Région flamande","<5"
"2020-03-12","13019","Lille","Lille","Arrondissement Turnhout","Arrondissement de Turnhout","Provincie Antwerpen","Province d’Anvers","Vlaams Gewest","Région flamande","<5"
"2020-03-12","21001","Anderlecht","Anderlecht","Arrondissement Brussel-Hoofdstad","Arrondissement de Bruxelles-Capitale",NA,NA,"Brussels Hoofdstedelijk Gewest","Région de Bruxelles-Capitale","<5"
"2020-03-12","21002","Oudergem","Auderghem","Arrondissement Brussel-Hoofdstad","Arrondissement de Bruxelles-Capitale",NA,NA,"Brussels Hoofdstedelijk Gewest","Région de Bruxelles-Capitale","<5"
"2020-03-12","21004","Brussel","Bruxelles","Arrondissement Brussel-Hoofdstad","Arrondissement de Bruxelles-Capitale",NA,NA,"Brussels Hoofdstedelijk Gewest","Région de Bruxelles-Capitale","6"
"2020-03-12","21005","Etterbeek","Etterbeek","Arrondissement Brussel-Hoofdstad","Arrondissement de Bruxelles-Capitale",NA,NA,"Brussels Hoofdstedelijk Gewest","Région de Bruxelles-Capitale","<5"
"2020-03-12","21006","Evere","Evere","Arrondissement Brussel-Hoofdstad","Arrondissement de Bruxelles-Capitale",NA,NA,"Brussels Hoofdstedelijk Gewest","Région de Bruxelles-Capitale","<5"
"2020-03-12","21007","Vorst (Brussel-Hoofdstad)","Forest (Bruxelles-Capitale)","Arrondissement Brussel-Hoofdstad","Arrondissement de Bruxelles-Capitale",NA,NA,"Brussels Hoofdstedelijk Gewest","Région de Bruxelles-Capitale","<5"
"2020-03-12","21009","Elsene","Ixelles","Arrondissement Brussel-Hoofdstad","Arrondissement de Bruxelles-Capitale",NA,NA,"Brussels Hoofdstedelijk Gewest","Région de Bruxelles-Capitale","<5"
"2020-03-12","21012","Sint-Jans-Molenbeek","Molenbeek-Saint-Jean","Arrondissement Brussel-Hoofdstad","Arrondissement de Bruxelles-Capitale",NA,NA,"Brussels Hoofdstedelijk Gewest","Région de Bruxelles-Capitale","<5"
"2020-03-12","21013","Sint-Gillis","Saint-Gilles","Arrondissement Brussel-Hoofdstad","Arrondissement de Bruxelles-Capitale",NA,NA,"Brussels Hoofdstedelijk Gewest","Région de Bruxelles-Capitale","<5"
"2020-03-12","21014","Sint-Joost-ten-Node","Saint-Josse-ten-Noode","Arrondissement Brussel-Hoofdstad","Arrondissement de Bruxelles-Capitale",NA,NA,"Brussels Hoofdstedelijk Gewest","Région de Bruxelles-Capitale","<5"
"2020-03-12","21015","Schaarbeek","Schaerbeek","Arrondissement Brussel-Hoofdstad","Arrondissement de Bruxelles-Capitale",NA,NA,"Brussels Hoofdstedelijk Gewest","Région de Bruxelles-Capitale","<5"
"2020-03-12","21016","Ukkel","Uccle","Arrondissement Brussel-Hoofdstad","Arrondissement de Bruxelles-Capitale",NA,NA,"Brussels Hoofdstedelijk Gewest","Région de Bruxelles-Capitale","<5"
"2020-03-12","21017","Watermaal-Bosvoorde","Watermael-Boitsfort","Arrondissement Brussel-Hoofdstad","Arrondissement de Bruxelles-Capitale",NA,NA,"Brussels Hoofdstedelijk Gewest","Région de Bruxelles-Capitale","7"
"2020-03-12","21019","Sint-Pieters-Woluwe","Woluwe-Saint-Pierre","Arrondissement Brussel-Hoofdstad","Arrondissement de Bruxelles-Capitale",NA,NA,"Brussels Hoofdstedelijk Gewest","Région de Bruxelles-Capitale","<5"
"2020-03-12","23002","Asse","Asse","Arrondissement Halle-Vilvoorde","Arrondissement de Hal-Vilvorde","Provincie Vlaams-Brabant","Province du Brabant flamand","Vlaams Gewest","Région flamande","<5"
"2020-03-12","23003","Beersel","Beersel","Arrondissement Halle-Vilvoorde","Arrondissement de Hal-Vilvorde","Provincie Vlaams-Brabant","Province du Brabant flamand","Vlaams Gewest","Région flamande","5"
"2020-03-12","23016","Dilbeek","Dilbeek","Arrondissement Halle-Vilvoorde","Arrondissement de Hal-Vilvorde","Provincie Vlaams-Brabant","Province du Brabant flamand","Vlaams Gewest","Région flamande","<5"
"2020-03-12","23023","Galmaarden","Gammerages","Arrondissement Halle-Vilvoorde","Arrondissement de Hal-Vilvorde","Provincie Vlaams-Brabant","Province du Brabant flamand","Vlaams Gewest","Région flamande","<5"
"2020-03-12","23025","Grimbergen","Grimbergen","Arrondissement Halle-Vilvoorde","Arrondissement de Hal-Vilvorde","Provincie Vlaams-Brabant","Province du Brabant flamand","Vlaams Gewest","Région flamande","<5"
"2020-03-12","23027","Halle (Halle-Vilvoorde)","Hal (Hal-Vilvorde)","Arrondissement Halle-Vilvoorde","Arrondissement de Hal-Vilvorde","Provincie Vlaams-Brabant","Province du Brabant flamand","Vlaams Gewest","Région flamande","<5"
"2020-03-12","23045","Londerzeel","Londerzeel","Arrondissement Halle-Vilvoorde","Arrondissement de Hal-Vilvorde","Provincie Vlaams-Brabant","Province du Brabant flamand","Vlaams Gewest","Région flamande","<5"
"2020-03-12","23064","Pepingen","Pepingen","Arrondissement Halle-Vilvoorde","Arrondissement de Hal-Vilvorde","Provincie Vlaams-Brabant","Province du Brabant flamand","Vlaams Gewest","Région flamande","<5"
"2020-03-12","23077","Sint-Pieters-Leeuw","Sint-Pieters-Leeuw","Arrondissement Halle-Vilvoorde","Arrondissement de Hal-Vilvorde","Provincie Vlaams-Brabant","Province du Brabant flamand","Vlaams Gewest","Région flamande","<5"
"2020-03-12","23088","Vilvoorde","Vilvorde","Arrondissement Halle-Vilvoorde","Arrondissement de Hal-Vilvorde","Provincie Vlaams-Brabant","Province du Brabant flamand","Vlaams Gewest","Région flamande","<5"
"2020-03-12","23094","Zaventem","Zaventem","Arrondissement Halle-Vilvoorde","Arrondissement de Hal-Vilvorde","Provincie Vlaams-Brabant","Province du Brabant flamand","Vlaams Gewest","Région flamande","<5"
"2020-03-12","23096","Zemst","Zemst","Arrondissement Halle-Vilvoorde","Arrondissement de Hal-Vilvorde","Provincie Vlaams-Brabant","Province du Brabant flamand","Vlaams Gewest","Région flamande","<5"
"2020-03-12","23097","Roosdaal","Roosdaal","Arrondissement Halle-Vilvoorde","Arrondissement de Hal-Vilvorde","Provincie Vlaams-Brabant","Province du Brabant flamand","Vlaams Gewest","Région flamande","<5"
"2020-03-12","23101","Sint-Genesius-Rode","Rhode-Saint-Genèse","Arrondissement Halle-Vilvoorde","Arrondissement de Hal-Vilvorde","Provincie Vlaams-Brabant","Province du Brabant flamand","Vlaams Gewest","Région flamande","<5"
"2020-03-12","24011","Bierbeek","Bierbeek","Arrondissement Leuven","Arrondissement de Louvain","Provincie Vlaams-Brabant","Province du Brabant flamand","Vlaams Gewest","Région flamande","<5"
"2020-03-12","24041","Hoegaarden","Hoegaarden","Arrondissement Leuven","Arrondissement de Louvain","Provincie Vlaams-Brabant","Province du Brabant flamand","Vlaams Gewest","Région flamande","<5"
"2020-03-12","24048","Keerbergen","Keerbergen","Arrondissement Leuven","Arrondissement de Louvain","Provincie Vlaams-Brabant","Province du Brabant flamand","Vlaams Gewest","Région flamande","<5"
"2020-03-12","24059","Landen","Landen","Arrondissement Leuven","Arrondissement de Louvain","Provincie Vlaams-Brabant","Province du Brabant flamand","Vlaams Gewest","Région flamande","<5"
"2020-03-12","24062","Leuven","Louvain","Arrondissement Leuven","Arrondissement de Louvain","Provincie Vlaams-Brabant","Province du Brabant flamand","Vlaams Gewest","Région flamande","<5"
"2020-03-12","24134","Scherpenheuvel-Zichem","Montaigu-Zichem","Arrondissement Leuven","Arrondissement de Louvain","Provincie Vlaams-Brabant","Province du Brabant flamand","Vlaams Gewest","Région flamande","<5"
"2020-03-12","25015","Kasteelbrakel","Braine-le-Château","Arrondissement Nijvel","Arrondissement de Nivelles","Provincie Waals-Brabant","Province du Brabant wallon","Waals Gewest","Région wallonne","<5"
"2020-03-12","25044","Itter","Ittre","Arrondissement Nijvel","Arrondissement de Nivelles","Provincie Waals-Brabant","Province du Brabant wallon","Waals Gewest","Région wallonne","<5"
"2020-03-12","25072","Nijvel","Nivelles","Arrondissement Nijvel","Arrondissement de Nivelles","Provincie Waals-Brabant","Province du Brabant wallon","Waals Gewest","Région wallonne","<5"
"2020-03-12","25105","Tubeke","Tubize","Arrondissement Nijvel","Arrondissement de Nivelles","Provincie Waals-Brabant","Province du Brabant wallon","Waals Gewest","Région wallonne","<5"
"2020-03-12","25123","Rebecq","Rebecq","Arrondissement Nijvel","Arrondissement de Nivelles","Provincie Waals-Brabant","Province du Brabant wallon","Waals Gewest","Région wallonne","<5"
"2020-03-12","31033","Torhout","Torhout","Arrondissement Brugge","Arrondissement de Bruges","Provincie West-Vlaanderen","Province de Flandre occidentale","Vlaams Gewest","Région flamande","<5"
"2020-03-12","31040","Zedelgem","Zedelgem","Arrondissement Brugge","Arrondissement de Bruges","Provincie West-Vlaanderen","Province de Flandre occidentale","Vlaams Gewest","Région flamande","<5"
"2020-03-12","31043","Knokke-Heist","Knokke-Heist","Arrondissement Brugge","Arrondissement de Bruges","Provincie West-Vlaanderen","Province de Flandre occidentale","Vlaams Gewest","Région flamande","<5"
"2020-03-12","33011","Ieper","Ypres","Arrondissement Ieper","Arrondissement d’Ypres","Provincie West-Vlaanderen","Province de Flandre occidentale","Vlaams Gewest","Région flamande","<5"
"2020-03-12","34022","Kortrijk","Courtrai","Arrondissement Kortrijk","Arrondissement de Courtrai","Provincie West-Vlaanderen","Province de Flandre occidentale","Vlaams Gewest","Région flamande","<5"
"2020-03-12","34025","Lendelede","Lendelede","Arrondissement Kortrijk","Arrondissement de Courtrai","Provincie West-Vlaanderen","Province de Flandre occidentale","Vlaams Gewest","Région flamande","<5"
"2020-03-12","35002","Bredene","Bredene","Arrondissement Oostende","Arrondissement d’Ostende","Provincie West-Vlaanderen","Province de Flandre occidentale","Vlaams Gewest","Région flamande","<5"
"2020-03-12","35013","Oostende","Ostende","Arrondissement Oostende","Arrondissement d’Ostende","Provincie West-Vlaanderen","Province de Flandre occidentale","Vlaams Gewest","Région flamande","<5"
"2020-03-12","36010","Ledegem","Ledegem","Arrondissement Roeselare","Arrondissement de Roulers","Provincie West-Vlaanderen","Province de Flandre occidentale","Vlaams Gewest","Région flamande","<5"
"2020-03-12","36015","Roeselare","Roulers","Arrondissement Roeselare","Arrondissement de Roulers","Provincie West-Vlaanderen","Province de Flandre occidentale","Vlaams Gewest","Région flamande","<5"
"2020-03-12","37011","Pittem","Pittem","Arrondissement Tielt","Arrondissement de Tielt","Provincie West-Vlaanderen","Province de Flandre occidentale","Vlaams Gewest","Région flamande","<5"
"2020-03-12","37017","Wielsbeke","Wielsbeke","Arrondissement Tielt","Arrondissement de Tielt","Provincie West-Vlaanderen","Province de Flandre occidentale","Vlaams Gewest","Région flamande","<5"
"2020-03-12","37020","Ardooie","Ardooie","Arrondissement Tielt","Arrondissement de Tielt","Provincie West-Vlaanderen","Province de Flandre occidentale","Vlaams Gewest","Région flamande","<5"
"2020-03-12","41002","Aalst (Aalst)","Alost (Alost)","Arrondissement Aalst","Arrondissement d’Alost","Provincie Oost-Vlaanderen","Province de Flandre orientale","Vlaams Gewest","Région flamande","<5"
"2020-03-12","41011","Denderleeuw","Denderleeuw","Arrondissement Aalst","Arrondissement d’Alost","Provincie Oost-Vlaanderen","Province de Flandre orientale","Vlaams Gewest","Région flamande","<5"
"2020-03-12","41024","Haaltert","Haaltert","Arrondissement Aalst","Arrondissement d’Alost","Provincie Oost-Vlaanderen","Province de Flandre orientale","Vlaams Gewest","Région flamande","<5"
"2020-03-12","41048","Ninove","Ninove","Arrondissement Aalst","Arrondissement d’Alost","Provincie Oost-Vlaanderen","Province de Flandre orientale","Vlaams Gewest","Région flamande","<5"
"2020-03-12","41081","Zottegem","Zottegem","Arrondissement Aalst","Arrondissement d’Alost","Provincie Oost-Vlaanderen","Province de Flandre orientale","Vlaams Gewest","Région flamande","<5"
"2020-03-12","42004","Buggenhout","Buggenhout","Arrondissement Dendermonde","Arrondissement de Termonde","Provincie Oost-Vlaanderen","Province de Flandre orientale","Vlaams Gewest","Région flamande","<5"
"2020-03-12","42023","Waasmunster","Waasmunster","Arrondissement Dendermonde","Arrondissement de Termonde","Provincie Oost-Vlaanderen","Province de Flandre orientale","Vlaams Gewest","Région flamande","<5"
"2020-03-12","42025","Wetteren","Wetteren","Arrondissement Dendermonde","Arrondissement de Termonde","Provincie Oost-Vlaanderen","Province de Flandre orientale","Vlaams Gewest","Région flamande","<5"
"2020-03-12","42026","Wichelen","Wichelen","Arrondissement Dendermonde","Arrondissement de Termonde","Provincie Oost-Vlaanderen","Province de Flandre orientale","Vlaams Gewest","Région flamande","<5"
"2020-03-12","43010","Maldegem","Maldegem","Arrondissement Eeklo","Arrondissement d’Eeklo","Provincie Oost-Vlaanderen","Province de Flandre orientale","Vlaams Gewest","Région flamande","<5"
"2020-03-12","44012","De Pinte","De Pinte","Arrondissement Gent","Arrondissement de Gand","Provincie Oost-Vlaanderen","Province de Flandre orientale","Vlaams Gewest","Région flamande","<5"
"2020-03-12","44013","Destelbergen","Destelbergen","Arrondissement Gent","Arrondissement de Gand","Provincie Oost-Vlaanderen","Province de Flandre orientale","Vlaams Gewest","Région flamande","<5"
"2020-03-12","44019","Evergem","Evergem","Arrondissement Gent","Arrondissement de Gand","Provincie Oost-Vlaanderen","Province de Flandre orientale","Vlaams Gewest","Région flamande","<5"
"2020-03-12","44021","Gent","Gand","Arrondissement Gent","Arrondissement de Gand","Provincie Oost-Vlaanderen","Province de Flandre orientale","Vlaams Gewest","Région flamande","<5"
"2020-03-12","44043","Merelbeke","Merelbeke","Arrondissement Gent","Arrondissement de Gand","Provincie Oost-Vlaanderen","Province de Flandre orientale","Vlaams Gewest","Région flamande","<5"
"2020-03-12","44083","Deinze","Deinze","Arrondissement Gent","Arrondissement de Gand","Provincie Oost-Vlaanderen","Province de Flandre orientale","Vlaams Gewest","Région flamande","<5"
"2020-03-12","44085","Lievegem","Lievegem","Arrondissement Gent","Arrondissement de Gand","Provincie Oost-Vlaanderen","Province de Flandre orientale","Vlaams Gewest","Région flamande","<5"
"2020-03-12","45035","Oudenaarde","Audenarde","Arrondissement Oudenaarde","Arrondissement d’Audenarde","Provincie Oost-Vlaanderen","Province de Flandre orientale","Vlaams Gewest","Région flamande","<5"
"2020-03-12","45064","Maarkedal","Maarkedal","Arrondissement Oudenaarde","Arrondissement d’Audenarde","Provincie Oost-Vlaanderen","Province de Flandre orientale","Vlaams Gewest","Région flamande","<5"
"2020-03-12","45068","Kruisem","Kruisem","Arrondissement Oudenaarde","Arrondissement d’Audenarde","Provincie Oost-Vlaanderen","Province de Flandre orientale","Vlaams Gewest","Région flamande","<5"
"2020-03-12","46003","Beveren (Sint-Niklaas)","Beveren (Saint-Nicolas)","Arrondissement Sint-Niklaas","Arrondissement de Saint-Nicolas","Provincie Oost-Vlaanderen","Province de Flandre orientale","Vlaams Gewest","Région flamande","<5"
"2020-03-12","46020","Sint-Gillis-Waas","Sint-Gillis-Waas","Arrondissement Sint-Niklaas","Arrondissement de Saint-Nicolas","Provincie Oost-Vlaanderen","Province de Flandre orientale","Vlaams Gewest","Région flamande","<5"
"2020-03-12","51067","Edingen","Enghien","Arrondissement Aat","Arrondissement d’Ath","Provincie Henegouwen","Province du Hainaut","Waals Gewest","Région wallonne","<5"
"2020-03-12","52011","Charleroi","Charleroi","Arrondissement Charleroi","Arrondissement de Charleroi","Provincie Henegouwen","Province du Hainaut","Waals Gewest","Région wallonne","<5"
"2020-03-12","53014","Boussu","Boussu","Arrondissement Bergen","Arrondissement de Mons","Provincie Henegouwen","Province du Hainaut","Waals Gewest","Région wallonne","<5"
"2020-03-12","53020","Dour","Dour","Arrondissement Bergen","Arrondissement de Mons","Provincie Henegouwen","Province du Hainaut","Waals Gewest","Région wallonne","<5"
"2020-03-12","53028","Frameries","Frameries","Arrondissement Bergen","Arrondissement de Mons","Provincie Henegouwen","Province du Hainaut","Waals Gewest","Région wallonne","<5"
"2020-03-12","53053","Bergen","Mons","Arrondissement Bergen","Arrondissement de Mons","Provincie Henegouwen","Province du Hainaut","Waals Gewest","Région wallonne","15"
"2020-03-12","53068","Quiévrain","Quiévrain","Arrondissement Bergen","Arrondissement de Mons","Provincie Henegouwen","Province du Hainaut","Waals Gewest","Région wallonne","<5"
"2020-03-12","53082","Colfontaine","Colfontaine","Arrondissement Bergen","Arrondissement de Mons","Provincie Henegouwen","Province du Hainaut","Waals Gewest","Région wallonne","<5"
"2020-03-12","56044","Lobbes","Lobbes","Arrondissement Thuin","Arrondissement de Thuin","Provincie Henegouwen","Province du Hainaut","Waals Gewest","Région wallonne","<5"
"2020-03-12","57081","Doornik","Tournai","Arrondissement Doornik-Moeskroen","Arrondissement de Tournai-Mouscron","Provincie Henegouwen","Province du Hainaut","Waals Gewest","Région wallonne","<5"
"2020-03-12","57096","Moeskroen","Mouscron","Arrondissement Doornik-Moeskroen","Arrondissement de Tournai-Mouscron","Provincie Henegouwen","Province du Hainaut","Waals Gewest","Région wallonne","<5"
"2020-03-12","57097","Komen-Waasten","Comines-Warneton","Arrondissement Doornik-Moeskroen","Arrondissement de Tournai-Mouscron","Provincie Henegouwen","Province du Hainaut","Waals Gewest","Région wallonne","<5"
"2020-03-12","61031","Hoei","Huy","Arrondissement Hoei","Arrondissement de Huy","Provincie Luik","Province de Liège","Waals Gewest","Région wallonne","<5"
"2020-03-12","62009","Aywaille","Aywaille","Arrondissement Luik","Arrondissement de Liège","Provincie Luik","Province de Liège","Waals Gewest","Région wallonne","<5"
"2020-03-12","62022","Chaudfontaine","Chaudfontaine","Arrondissement Luik","Arrondissement de Liège","Provincie Luik","Province de Liège","Waals Gewest","Région wallonne","<5"
"2020-03-12","62051","Herstal","Herstal","Arrondissement Luik","Arrondissement de Liège","Provincie Luik","Province de Liège","Waals Gewest","Région wallonne","<5"
"2020-03-12","62060","Juprelle","Juprelle","Arrondissement Luik","Arrondissement de Liège","Provincie Luik","Province de Liège","Waals Gewest","Région wallonne","<5"
"2020-03-12","62063","Luik","Liège","Arrondissement Luik","Arrondissement de Liège","Provincie Luik","Province de Liège","Waals Gewest","Région wallonne","8"
"2020-03-12","62079","Oupeye","Oupeye","Arrondissement Luik","Arrondissement de Liège","Provincie Luik","Province de Liège","Waals Gewest","Région wallonne","<5"
"2020-03-12","62093","Saint-Nicolas (Luik)","Saint-Nicolas (Liège)","Arrondissement Luik","Arrondissement de Liège","Provincie Luik","Province de Liège","Waals Gewest","Région wallonne","<5"
"2020-03-12","62119","Blegny","Blegny","Arrondissement Luik","Arrondissement de Liège","Provincie Luik","Province de Liège","Waals Gewest","Région wallonne","<5"
"2020-03-12","62121","Neupré","Neupré","Arrondissement Luik","Arrondissement de Liège","Provincie Luik","Province de Liège","Waals Gewest","Région wallonne","<5"
"2020-03-12","62122","Trooz","Trooz","Arrondissement Luik","Arrondissement de Liège","Provincie Luik","Province de Liège","Waals Gewest","Région wallonne","<5"
"2020-03-12","63001","Amel","Amblève","Arrondissement Verviers","Arrondissement de Verviers","Provincie Luik","Province de Liège","Waals Gewest","Région wallonne","<5"
"2020-03-12","63013","Bütgenbach","Butgenbach","Arrondissement Verviers","Arrondissement de Verviers","Provincie Luik","Province de Liège","Waals Gewest","Région wallonne","<5"
"2020-03-12","63040","Kelmis","La Calamine","Arrondissement Verviers","Arrondissement de Verviers","Provincie Luik","Province de Liège","Waals Gewest","Région wallonne","<5"
"2020-03-12","63049","Malmedy","Malmedy","Arrondissement Verviers","Arrondissement de Verviers","Provincie Luik","Province de Liège","Waals Gewest","Région wallonne","<5"
"2020-03-12","63061","Raeren","Raeren","Arrondissement Verviers","Arrondissement de Verviers","Provincie Luik","Province de Liège","Waals Gewest","Région wallonne","<5"
"2020-03-12","63079","Verviers","Verviers","Arrondissement Verviers","Arrondissement de Verviers","Provincie Luik","Province de Liège","Waals Gewest","Région wallonne","<5"
"2020-03-12","63088","Plombières","Plombières","Arrondissement Verviers","Arrondissement de Verviers","Provincie Luik","Province de Liège","Waals Gewest","Région wallonne","<5"
"2020-03-12","63089","Thimister-Clermont","Thimister-Clermont","Arrondissement Verviers","Arrondissement de Verviers","Provincie Luik","Province de Liège","Waals Gewest","Région wallonne","<5"
"2020-03-12","71004","Beringen","Beringen","Arrondissement Hasselt","Arrondissement de Hasselt","Provincie Limburg","Province du Limbourg","Vlaams Gewest","Région flamande","<5"
"2020-03-12","71016","Genk","Genk","Arrondissement Hasselt","Arrondissement de Hasselt","Provincie Limburg","Province du Limbourg","Vlaams Gewest","Région flamande","<5"
"2020-03-12","71017","Gingelom","Gingelom","Arrondissement Hasselt","Arrondissement de Hasselt","Provincie Limburg","Province du Limbourg","Vlaams Gewest","Région flamande","<5"
"2020-03-12","71022","Hasselt","Hasselt","Arrondissement Hasselt","Arrondissement de Hasselt","Provincie Limburg","Province du Limbourg","Vlaams Gewest","Région flamande","<5"
"2020-03-12","71053","Sint-Truiden","Saint-Trond","Arrondissement Hasselt","Arrondissement de Hasselt","Provincie Limburg","Province du Limbourg","Vlaams Gewest","Région flamande","<5"
"2020-03-12","72003","Bocholt","Bocholt","Arrondissement Maaseik","Arrondissement de Maaseik","Provincie Limburg","Province du Limbourg","Vlaams Gewest","Région flamande","<5"
"2020-03-12","72004","Bree","Bree","Arrondissement Maaseik","Arrondissement de Maaseik","Provincie Limburg","Province du Limbourg","Vlaams Gewest","Région flamande","<5"
"2020-03-12","72018","Kinrooi","Kinrooi","Arrondissement Maaseik","Arrondissement de Maaseik","Provincie Limburg","Province du Limbourg","Vlaams Gewest","Région flamande","<5"
"2020-03-12","72021","Maaseik","Maaseik","Arrondissement Maaseik","Arrondissement de Maaseik","Provincie Limburg","Province du Limbourg","Vlaams Gewest","Région flamande","<5"
"2020-03-12","72039","Houthalen-Helchteren","Houthalen-Helchteren","Arrondissement Maaseik","Arrondissement de Maaseik","Provincie Limburg","Province du Limbourg","Vlaams Gewest","Région flamande","<5"
"2020-03-12","72042","Oudsbergen","Oudsbergen","Arrondissement Maaseik","Arrondissement de Maaseik","Provincie Limburg","Province du Limbourg","Vlaams Gewest","Région flamande","<5"
"2020-03-12","73001","Alken","Alken","Arrondissement Tongeren","Arrondissement de Tongres","Provincie Limburg","Province du Limbourg","Vlaams Gewest","Région flamande","<5"
"2020-03-12","73022","Heers","Heers","Arrondissement Tongeren","Arrondissement de Tongres","Provincie Limburg","Province du Limbourg","Vlaams Gewest","Région flamande","<5"
"2020-03-12","73107","Maasmechelen","Maasmechelen","Arrondissement Tongeren","Arrondissement de Tongres","Provincie Limburg","Province du Limbourg","Vlaams Gewest","Région flamande","<5"
"2020-03-12","81001","Aarlen","Arlon","Arrondissement Aarlen","Arrondissement d’Arlon","Provincie Luxemburg","Province du Luxembourg","Waals Gewest","Région wallonne","<5"
"2020-03-12","82009","Fauvillers","Fauvillers","Arrondissement Bastenaken","Arrondissement de Bastogne","Provincie Luxemburg","Province du Luxembourg","Waals Gewest","Région wallonne","<5"
"2020-03-12","83055","Manhay","Manhay","Arrondissement Marche-en-Famenne","Arrondissement de Marche-en-Famenne","Provincie Luxemburg","Province du Luxembourg","Waals Gewest","Région wallonne","<5"
"2020-03-12","92035","Eghezée","Eghezée","Arrondissement Namen","Arrondissement de Namur","Provincie Namen","Province de Namur","Waals Gewest","Région wallonne","<5"
"2020-03-12","92140","Jemeppe-sur-Sambre","Jemeppe-sur-Sambre","Arrondissement Namen","Arrondissement de Namur","Provincie Namen","Province de Namur","Waals Gewest","Région wallonne","<5"
"2020-03-12",NA,NA,NA,NA,NA,NA,NA,NA,NA,"5"
"2020-03-13","11002","Antwerpen","Anvers","Arrondissement Antwerpen","Arrondissement d’Anvers","Provincie Antwerpen","Province d’Anvers","Vlaams Gewest","Région flamande","14"
"2020-03-13","11004","Boechout","Boechout","Arrondissement Antwerpen","Arrondissement d’Anvers","Provincie Antwerpen","Province d’Anvers","Vlaams Gewest","Région flamande","<5"
"2020-03-13","11008","Brasschaat","Brasschaat","Arrondissement Antwerpen","Arrondissement d’Anvers","Provincie Antwerpen","Province d’Anvers","Vlaams Gewest","Région flamande","<5"
"2020-03-13","11009","Brecht","Brecht","Arrondissement Antwerpen","Arrondissement d’Anvers","Provincie Antwerpen","Province d’Anvers","Vlaams Gewest","Région flamande","<5"
"2020-03-13","11021","Hove (Antwerpen)","Hove (Anvers)","Arrondissement Antwerpen","Arrondissement d’Anvers","Provincie Antwerpen","Province d’Anvers","Vlaams Gewest","Région flamande","<5"
"2020-03-13","11024","Kontich","Kontich","Arrondissement Antwerpen","Arrondissement d’Anvers","Provincie Antwerpen","Province d’Anvers","Vlaams Gewest","Région flamande","<5"
"2020-03-13","11025","Lint","Lint","Arrondissement Antwerpen","Arrondissement d’Anvers","Provincie Antwerpen","Province d’Anvers","Vlaams Gewest","Région flamande","<5"
"2020-03-13","11029","Mortsel","Mortsel","Arrondissement Antwerpen","Arrondissement d’Anvers","Provincie Antwerpen","Province d’Anvers","Vlaams Gewest","Région flamande","<5"
"2020-03-13","11035","Ranst","Ranst","Arrondissement Antwerpen","Arrondissement d’Anvers","Provincie Antwerpen","Province d’Anvers","Vlaams Gewest","Région flamande","<5"
"2020-03-13","11044","Stabroek","Stabroek","Arrondissement Antwerpen","Arrondissement d’Anvers","Provincie Antwerpen","Province d’Anvers","Vlaams Gewest","Région flamande","<5"
"2020-03-13","11055","Zoersel","Zoersel","Arrondissement Antwerpen","Arrondissement d’Anvers","Provincie Antwerpen","Province d’Anvers","Vlaams Gewest","Région flamande","<5"
"2020-03-13","12005","Bonheiden","Bonheiden","Arrondissement Mechelen","Arrondissement de Malines","Provincie Antwerpen","Province d’Anvers","Vlaams Gewest","Région flamande","<5"
"2020-03-13","12009","Duffel","Duffel","Arrondissement Mechelen","Arrondissement de Malines","Provincie Antwerpen","Province d’Anvers","Vlaams Gewest","Région flamande","<5"
"2020-03-13","12014","Heist-op-den-Berg","Heist-op-den-Berg","Arrondissement Mechelen","Arrondissement de Malines","Provincie Antwerpen","Province d’Anvers","Vlaams Gewest","Région flamande","<5"
"2020-03-13","12021","Lier","Lierre","Arrondissement Mechelen","Arrondissement de Malines","Provincie Antwerpen","Province d’Anvers","Vlaams Gewest","Région flamande","<5"
"2020-03-13","12025","Mechelen","Malines","Arrondissement Mechelen","Arrondissement de Malines","Provincie Antwerpen","Province d’Anvers","Vlaams Gewest","Région flamande","<5"
"2020-03-13","12035","Sint-Katelijne-Waver","Sint-Katelijne-Waver","Arrondissement Mechelen","Arrondissement de Malines","Provincie Antwerpen","Province d’Anvers","Vlaams Gewest","Région flamande","<5"
"2020-03-13","12041","Puurs-Sint-Amands","Puurs-Sint-Amands","Arrondissement Mechelen","Arrondissement de Malines","Provincie Antwerpen","Province d’Anvers","Vlaams Gewest","Région flamande","<5"
"2020-03-13","13008","Geel","Geel","Arrondissement Turnhout","Arrondissement de Turnhout","Provincie Antwerpen","Province d’Anvers","Vlaams Gewest","Région flamande","<5"
"2020-03-13","13016","Hulshout","Hulshout","Arrondissement Turnhout","Arrondissement de Turnhout","Provincie Antwerpen","Province d’Anvers","Vlaams Gewest","Région flamande","<5"
"2020-03-13","13021","Meerhout","Meerhout","Arrondissement Turnhout","Arrondissement de Turnhout","Provincie Antwerpen","Province d’Anvers","Vlaams Gewest","Région flamande","<5"
"2020-03-13","13029","Olen","Olen","Arrondissement Turnhout","Arrondissement de Turnhout","Provincie Antwerpen","Province d’Anvers","Vlaams Gewest","Région flamande","<5"
"2020-03-13","13035","Ravels","Ravels","Arrondissement Turnhout","Arrondissement de Turnhout","Provincie Antwerpen","Province d’Anvers","Vlaams Gewest","Région flamande","<5"
"2020-03-13","13044","Vorselaar","Vorselaar","Arrondissement Turnhout","Arrondissement de Turnhout","Provincie Antwerpen","Province d’Anvers","Vlaams Gewest","Région flamande","<5"
"2020-03-13","13053","Laakdal","Laakdal","Arrondissement Turnhout","Arrondissement de Turnhout","Provincie Antwerpen","Province d’Anvers","Vlaams Gewest","Région flamande","<5"
"2020-03-13","21001","Anderlecht","Anderlecht","Arrondissement Brussel-Hoofdstad","Arrondissement de Bruxelles-Capitale",NA,NA,"Brussels Hoofdstedelijk Gewest","Région de Bruxelles-Capitale","6"
"2020-03-13","21003","Sint-Agatha-Berchem","Berchem-Sainte-Agathe","Arrondissement Brussel-Hoofdstad","Arrondissement de Bruxelles-Capitale",NA,NA,"Brussels Hoofdstedelijk Gewest","Région de Bruxelles-Capitale","<5"
"2020-03-13","21004","Brussel","Bruxelles","Arrondissement Brussel-Hoofdstad","Arrondissement de Bruxelles-Capitale",NA,NA,"Brussels Hoofdstedelijk Gewest","Région de Bruxelles-Capitale","<5"
"2020-03-13","21005","Etterbeek","Etterbeek","Arrondissement Brussel-Hoofdstad","Arrondissement de Bruxelles-Capitale",NA,NA,"Brussels Hoofdstedelijk Gewest","Région de Bruxelles-Capitale","<5"
"2020-03-13","21006","Evere","Evere","Arrondissement Brussel-Hoofdstad","Arrondissement de Bruxelles-Capitale",NA,NA,"Brussels Hoofdstedelijk Gewest","Région de Bruxelles-Capitale","<5"
"2020-03-13","21007","Vorst (Brussel-Hoofdstad)","Forest (Bruxelles-Capitale)","Arrondissement Brussel-Hoofdstad","Arrondissement de Bruxelles-Capitale",NA,NA,"Brussels Hoofdstedelijk Gewest","Région de Bruxelles-Capitale","<5"
"2020-03-13","21009","Elsene","Ixelles","Arrondissement Brussel-Hoofdstad","Arrondissement de Bruxelles-Capitale",NA,NA,"Brussels Hoofdstedelijk Gewest","Région de Bruxelles-Capitale","<5"
"2020-03-13","21010","Jette","Jette","Arrondissement Brussel-Hoofdstad","Arrondissement de Bruxelles-Capitale",NA,NA,"Brussels Hoofdstedelijk Gewest","Région de Bruxelles-Capitale","<5"
"2020-03-13","21012","Sint-Jans-Molenbeek","Molenbeek-Saint-Jean","Arrondissement Brussel-Hoofdstad","Arrondissement de Bruxelles-Capitale",NA,NA,"Brussels Hoofdstedelijk Gewest","Région de Bruxelles-Capitale","6"
"2020-03-13","21013","Sint-Gillis","Saint-Gilles","Arrondissement Brussel-Hoofdstad","Arrondissement de Bruxelles-Capitale",NA,NA,"Brussels Hoofdstedelijk Gewest","Région de Bruxelles-Capitale","<5"
"2020-03-13","21014","Sint-Joost-ten-Node","Saint-Josse-ten-Noode","Arrondissement Brussel-Hoofdstad","Arrondissement de Bruxelles-Capitale",NA,NA,"Brussels Hoofdstedelijk Gewest","Région de Bruxelles-Capitale","<5"
"2020-03-13","21015","Schaarbeek","Schaerbeek","Arrondissement Brussel-Hoofdstad","Arrondissement de Bruxelles-Capitale",NA,NA,"Brussels Hoofdstedelijk Gewest","Région de Bruxelles-Capitale","<5"
"2020-03-13","21016","Ukkel","Uccle","Arrondissement Brussel-Hoofdstad","Arrondissement de Bruxelles-Capitale",NA,NA,"Brussels Hoofdstedelijk Gewest","Région de Bruxelles-Capitale","<5"
"2020-03-13","21017","Watermaal-Bosvoorde","Watermael-Boitsfort","Arrondissement Brussel-Hoofdstad","Arrondissement de Bruxelles-Capitale",NA,NA,"Brussels Hoofdstedelijk Gewest","Région de Bruxelles-Capitale","<5"
"2020-03-13","21018","Sint-Lambrechts-Woluwe","Woluwe-Saint-Lambert","Arrondissement Brussel-Hoofdstad","Arrondissement de Bruxelles-Capitale",NA,NA,"Brussels Hoofdstedelijk Gewest","Région de Bruxelles-Capitale","<5"
"2020-03-13","21019","Sint-Pieters-Woluwe","Woluwe-Saint-Pierre","Arrondissement Brussel-Hoofdstad","Arrondissement de Bruxelles-Capitale",NA,NA,"Brussels Hoofdstedelijk Gewest","Région de Bruxelles-Capitale","<5"
"2020-03-13","23002","Asse","Asse","Arrondissement Halle-Vilvoorde","Arrondissement de Hal-Vilvorde","Provincie Vlaams-Brabant","Province du Brabant flamand","Vlaams Gewest","Région flamande","<5"
"2020-03-13","23003","Beersel","Beersel","Arrondissement Halle-Vilvoorde","Arrondissement de Hal-Vilvorde","Provincie Vlaams-Brabant","Province du Brabant flamand","Vlaams Gewest","Région flamande","<5"
"2020-03-13","23016","Dilbeek","Dilbeek","Arrondissement Halle-Vilvoorde","Arrondissement de Hal-Vilvorde","Provincie Vlaams-Brabant","Province du Brabant flamand","Vlaams Gewest","Région flamande","<5"
"2020-03-13","23027","Halle (Halle-Vilvoorde)","Hal (Hal-Vilvorde)","Arrondissement Halle-Vilvoorde","Arrondissement de Hal-Vilvorde","Provincie Vlaams-Brabant","Province du Brabant flamand","Vlaams Gewest","Région flamande","<5"
"2020-03-13","23039","Kapelle-op-den-Bos","Kapelle-op-den-Bos","Arrondissement Halle-Vilvoorde","Arrondissement de Hal-Vilvorde","Provincie Vlaams-Brabant","Province du Brabant flamand","Vlaams Gewest","Région flamande","<5"
"2020-03-13","23045","Londerzeel","Londerzeel","Arrondissement Halle-Vilvoorde","Arrondissement de Hal-Vilvorde","Provincie Vlaams-Brabant","Province du Brabant flamand","Vlaams Gewest","Région flamande","<5"
"2020-03-13","23052","Merchtem","Merchtem","Arrondissement Halle-Vilvoorde","Arrondissement de Hal-Vilvorde","Provincie Vlaams-Brabant","Province du Brabant flamand","Vlaams Gewest","Région flamande","<5"
"2020-03-13","23077","Sint-Pieters-Leeuw","Sint-Pieters-Leeuw","Arrondissement Halle-Vilvoorde","Arrondissement de Hal-Vilvorde","Provincie Vlaams-Brabant","Province du Brabant flamand","Vlaams Gewest","Région flamande","<5"
"2020-03-13","23097","Roosdaal","Roosdaal","Arrondissement Halle-Vilvoorde","Arrondissement de Hal-Vilvorde","Provincie Vlaams-Brabant","Province du Brabant flamand","Vlaams Gewest","Région flamande","<5"
"2020-03-13","23099","Kraainem","Kraainem","Arrondissement Halle-Vilvoorde","Arrondissement de Hal-Vilvorde","Provincie Vlaams-Brabant","Province du Brabant flamand","Vlaams Gewest","Région flamande","<5"
"2020-03-13","23100","Linkebeek","Linkebeek","Arrondissement Halle-Vilvoorde","Arrondissement de Hal-Vilvorde","Provincie Vlaams-Brabant","Province du Brabant flamand","Vlaams Gewest","Région flamande","<5"
"2020-03-13","23101","Sint-Genesius-Rode","Rhode-Saint-Genèse","Arrondissement Halle-Vilvoorde","Arrondissement de Hal-Vilvorde","Provincie Vlaams-Brabant","Province du Brabant flamand","Vlaams Gewest","Région flamande","<5"
"2020-03-13","23103","Wezembeek-Oppem","Wezembeek-Oppem","Arrondissement Halle-Vilvoorde","Arrondissement de Hal-Vilvorde","Provincie Vlaams-Brabant","Province du Brabant flamand","Vlaams Gewest","Région flamande","<5"
"2020-03-13","24001","Aarschot","Aarschot","Arrondissement Leuven","Arrondissement de Louvain","Provincie Vlaams-Brabant","Province du Brabant flamand","Vlaams Gewest","Région flamande","<5"
"2020-03-13","24007","Begijnendijk","Begijnendijk","Arrondissement Leuven","Arrondissement de Louvain","Provincie Vlaams-Brabant","Province du Brabant flamand","Vlaams Gewest","Région flamande","<5"
"2020-03-13","24011","Bierbeek","Bierbeek","Arrondissement Leuven","Arrondissement de Louvain","Provincie Vlaams-Brabant","Province du Brabant flamand","Vlaams Gewest","Région flamande","<5"
"2020-03-13","24014","Boortmeerbeek","Boortmeerbeek","Arrondissement Leuven","Arrondissement de Louvain","Provincie Vlaams-Brabant","Province du Brabant flamand","Vlaams Gewest","Région flamande","<5"
"2020-03-13","24038","Herent","Herent","Arrondissement Leuven","Arrondissement de Louvain","Provincie Vlaams-Brabant","Province du Brabant flamand","Vlaams Gewest","Région flamande","<5"
"2020-03-13","24041","Hoegaarden","Hoegaarden","Arrondissement Leuven","Arrondissement de Louvain","Provincie Vlaams-Brabant","Province du Brabant flamand","Vlaams Gewest","Région flamande","<5"
"2020-03-13","24043","Holsbeek","Holsbeek","Arrondissement Leuven","Arrondissement de Louvain","Provincie Vlaams-Brabant","Province du Brabant flamand","Vlaams Gewest","Région flamande","<5"
"2020-03-13","24054","Kortenaken","Kortenaken","Arrondissement Leuven","Arrondissement de Louvain","Provincie Vlaams-Brabant","Province du Brabant flamand","Vlaams Gewest","Région flamande","<5"
"2020-03-13","24059","Landen","Landen","Arrondissement Leuven","Arrondissement de Louvain","Provincie Vlaams-Brabant","Province du Brabant flamand","Vlaams Gewest","Région flamande","<5"
"2020-03-13","24062","Leuven","Louvain","Arrondissement Leuven","Arrondissement de Louvain","Provincie Vlaams-Brabant","Province du Brabant flamand","Vlaams Gewest","Région flamande","<5"
"2020-03-13","24094","Rotselaar","Rotselaar","Arrondissement Leuven","Arrondissement de Louvain","Provincie Vlaams-Brabant","Province du Brabant flamand","Vlaams Gewest","Région flamande","<5"
"2020-03-13","24134","Scherpenheuvel-Zichem","Montaigu-Zichem","Arrondissement Leuven","Arrondissement de Louvain","Provincie Vlaams-Brabant","Province du Brabant flamand","Vlaams Gewest","Région flamande","<5"
"2020-03-13","25014","Eigenbrakel","Braine-l’Alleud","Arrondissement Nijvel","Arrondissement de Nivelles","Provincie Waals-Brabant","Province du Brabant wallon","Waals Gewest","Région wallonne","<5"
"2020-03-13","25031","Genepiën","Genappe","Arrondissement Nijvel","Arrondissement de Nivelles","Provincie Waals-Brabant","Province du Brabant wallon","Waals Gewest","Région wallonne","<5"
"2020-03-13","25050","Terhulpen","La Hulpe","Arrondissement Nijvel","Arrondissement de Nivelles","Provincie Waals-Brabant","Province du Brabant wallon","Waals Gewest","Région wallonne","<5"
"2020-03-13","25072","Nijvel","Nivelles","Arrondissement Nijvel","Arrondissement de Nivelles","Provincie Waals-Brabant","Province du Brabant wallon","Waals Gewest","Région wallonne","<5"
"2020-03-13","25091","Rixensart","Rixensart","Arrondissement Nijvel","Arrondissement de Nivelles","Provincie Waals-Brabant","Province du Brabant wallon","Waals Gewest","Région wallonne","<5"
"2020-03-13","25105","Tubeke","Tubize","Arrondissement Nijvel","Arrondissement de Nivelles","Provincie Waals-Brabant","Province du Brabant wallon","Waals Gewest","Région wallonne","<5"
"2020-03-13","25110","Waterloo","Waterloo","Arrondissement Nijvel","Arrondissement de Nivelles","Provincie Waals-Brabant","Province du Brabant wallon","Waals Gewest","Région wallonne","<5"
"2020-03-13","25123","Rebecq","Rebecq","Arrondissement Nijvel","Arrondissement de Nivelles","Provincie Waals-Brabant","Province du Brabant wallon","Waals Gewest","Région wallonne","<5"
"2020-03-13","31003","Beernem","Beernem","Arrondissement Brugge","Arrondissement de Bruges","Provincie West-Vlaanderen","Province de Flandre occidentale","Vlaams Gewest","Région flamande","<5"
"2020-03-13","31005","Brugge","Bruges","Arrondissement Brugge","Arrondissement de Bruges","Provincie West-Vlaanderen","Province de Flandre occidentale","Vlaams Gewest","Région flamande","5"
"2020-03-13","31040","Zedelgem","Zedelgem","Arrondissement Brugge","Arrondissement de Bruges","Provincie West-Vlaanderen","Province de Flandre occidentale","Vlaams Gewest","Région flamande","<5"
"2020-03-13","31043","Knokke-Heist","Knokke-Heist","Arrondissement Brugge","Arrondissement de Bruges","Provincie West-Vlaanderen","Province de Flandre occidentale","Vlaams Gewest","Région flamande","<5"
"2020-03-13","33029","Wervik","Wervik","Arrondissement Ieper","Arrondissement d’Ypres","Provincie West-Vlaanderen","Province de Flandre occidentale","Vlaams Gewest","Région flamande","<5"
"2020-03-13","33037","Zonnebeke","Zonnebeke","Arrondissement Ieper","Arrondissement d’Ypres","Provincie West-Vlaanderen","Province de Flandre occidentale","Vlaams Gewest","Région flamande","<5"
"2020-03-13","34022","Kortrijk","Courtrai","Arrondissement Kortrijk","Arrondissement de Courtrai","Provincie West-Vlaanderen","Province de Flandre occidentale","Vlaams Gewest","Région flamande","<5"
"2020-03-13","35002","Bredene","Bredene","Arrondissement Oostende","Arrondissement d’Ostende","Provincie West-Vlaanderen","Province de Flandre occidentale","Vlaams Gewest","Région flamande","<5"
"2020-03-13","35005","Gistel","Gistel","Arrondissement Oostende","Arrondissement d’Ostende","Provincie West-Vlaanderen","Province de Flandre occidentale","Vlaams Gewest","Région flamande","<5"
"2020-03-13","35006","Ichtegem","Ichtegem","Arrondissement Oostende","Arrondissement d’Ostende","Provincie West-Vlaanderen","Province de Flandre occidentale","Vlaams Gewest","Région flamande","<5"
"2020-03-13","35013","Oostende","Ostende","Arrondissement Oostende","Arrondissement d’Ostende","Provincie West-Vlaanderen","Province de Flandre occidentale","Vlaams Gewest","Région flamande","<5"
"2020-03-13","36007","Ingelmunster","Ingelmunster","Arrondissement Roeselare","Arrondissement de Roulers","Provincie West-Vlaanderen","Province de Flandre occidentale","Vlaams Gewest","Région flamande","<5"
"2020-03-13","36011","Lichtervelde","Lichtervelde","Arrondissement Roeselare","Arrondissement de Roulers","Provincie West-Vlaanderen","Province de Flandre occidentale","Vlaams Gewest","Région flamande","<5"
"2020-03-13","36015","Roeselare","Roulers","Arrondissement Roeselare","Arrondissement de Roulers","Provincie West-Vlaanderen","Province de Flandre occidentale","Vlaams Gewest","Région flamande","<5"
"2020-03-13","37020","Ardooie","Ardooie","Arrondissement Tielt","Arrondissement de Tielt","Provincie West-Vlaanderen","Province de Flandre occidentale","Vlaams Gewest","Région flamande","<5"
"2020-03-13","38014","Koksijde","Koksijde","Arrondissement Veurne","Arrondissement de Furnes","Provincie West-Vlaanderen","Province de Flandre occidentale","Vlaams Gewest","Région flamande","<5"
"2020-03-13","41002","Aalst (Aalst)","Alost (Alost)","Arrondissement Aalst","Arrondissement d’Alost","Provincie Oost-Vlaanderen","Province de Flandre orientale","Vlaams Gewest","Région flamande","<5"
"2020-03-13","41024","Haaltert","Haaltert","Arrondissement Aalst","Arrondissement d’Alost","Provincie Oost-Vlaanderen","Province de Flandre orientale","Vlaams Gewest","Région flamande","<5"
"2020-03-13","41034","Lede","Lede","Arrondissement Aalst","Arrondissement d’Alost","Provincie Oost-Vlaanderen","Province de Flandre orientale","Vlaams Gewest","Région flamande","<5"
"2020-03-13","42006","Dendermonde","Termonde","Arrondissement Dendermonde","Arrondissement de Termonde","Provincie Oost-Vlaanderen","Province de Flandre orientale","Vlaams Gewest","Région flamande","<5"
"2020-03-13","42008","Hamme (Dendermonde)","Hamme (Termonde)","Arrondissement Dendermonde","Arrondissement de Termonde","Provincie Oost-Vlaanderen","Province de Flandre orientale","Vlaams Gewest","Région flamande","<5"
"2020-03-13","42025","Wetteren","Wetteren","Arrondissement Dendermonde","Arrondissement de Termonde","Provincie Oost-Vlaanderen","Province de Flandre orientale","Vlaams Gewest","Région flamande","<5"
"2020-03-13","42026","Wichelen","Wichelen","Arrondissement Dendermonde","Arrondissement de Termonde","Provincie Oost-Vlaanderen","Province de Flandre orientale","Vlaams Gewest","Région flamande","<5"
"2020-03-13","43005","Eeklo","Eeklo","Arrondissement Eeklo","Arrondissement d’Eeklo","Provincie Oost-Vlaanderen","Province de Flandre orientale","Vlaams Gewest","Région flamande","<5"
"2020-03-13","44012","De Pinte","De Pinte","Arrondissement Gent","Arrondissement de Gand","Provincie Oost-Vlaanderen","Province de Flandre orientale","Vlaams Gewest","Région flamande","<5"
"2020-03-13","44020","Gavere","Gavere","Arrondissement Gent","Arrondissement de Gand","Provincie Oost-Vlaanderen","Province de Flandre orientale","Vlaams Gewest","Région flamande","<5"
"2020-03-13","44021","Gent","Gand","Arrondissement Gent","Arrondissement de Gand","Provincie Oost-Vlaanderen","Province de Flandre orientale","Vlaams Gewest","Région flamande","<5"
"2020-03-13","44043","Merelbeke","Merelbeke","Arrondissement Gent","Arrondissement de Gand","Provincie Oost-Vlaanderen","Province de Flandre orientale","Vlaams Gewest","Région flamande","<5"
"2020-03-13","44048","Nazareth","Nazareth","Arrondissement Gent","Arrondissement de Gand","Provincie Oost-Vlaanderen","Province de Flandre orientale","Vlaams Gewest","Région flamande","<5"
"2020-03-13","44064","Sint-Martens-Latem","Sint-Martens-Latem","Arrondissement Gent","Arrondissement de Gand","Provincie Oost-Vlaanderen","Province de Flandre orientale","Vlaams Gewest","Région flamande","<5"
"2020-03-13","44083","Deinze","Deinze","Arrondissement Gent","Arrondissement de Gand","Provincie Oost-Vlaanderen","Province de Flandre orientale","Vlaams Gewest","Région flamande","<5"
"2020-03-13","44084","Aalter","Aalter","Arrondissement Gent","Arrondissement de Gand","Provincie Oost-Vlaanderen","Province de Flandre orientale","Vlaams Gewest","Région flamande","<5"
"2020-03-13","45035","Oudenaarde","Audenarde","Arrondissement Oudenaarde","Arrondissement d’Audenarde","Provincie Oost-Vlaanderen","Province de Flandre orientale","Vlaams Gewest","Région flamande","<5"
"2020-03-13","45068","Kruisem","Kruisem","Arrondissement Oudenaarde","Arrondissement d’Audenarde","Provincie Oost-Vlaanderen","Province de Flandre orientale","Vlaams Gewest","Région flamande","<5"
"2020-03-13","46014","Lokeren","Lokeren","Arrondissement Sint-Niklaas","Arrondissement de Saint-Nicolas","Provincie Oost-Vlaanderen","Province de Flandre orientale","Vlaams Gewest","Région flamande","<5"
"2020-03-13","46020","Sint-Gillis-Waas","Sint-Gillis-Waas","Arrondissement Sint-Niklaas","Arrondissement de Saint-Nicolas","Provincie Oost-Vlaanderen","Province de Flandre orientale","Vlaams Gewest","Région flamande","<5"
"2020-03-13","46025","Temse","Tamise","Arrondissement Sint-Niklaas","Arrondissement de Saint-Nicolas","Provincie Oost-Vlaanderen","Province de Flandre orientale","Vlaams Gewest","Région flamande","<5"
"2020-03-13","51009","Bernissart","Bernissart","Arrondissement Aat","Arrondissement d’Ath","Provincie Henegouwen","Province du Hainaut","Waals Gewest","Région wallonne","<5"
"2020-03-13","52011","Charleroi","Charleroi","Arrondissement Charleroi","Arrondissement de Charleroi","Provincie Henegouwen","Province du Hainaut","Waals Gewest","Région wallonne","7"
"2020-03-13","52012","Châtelet","Châtelet","Arrondissement Charleroi","Arrondissement de Charleroi","Provincie Henegouwen","Province du Hainaut","Waals Gewest","Région wallonne","<5"
"2020-03-13","52015","Courcelles","Courcelles","Arrondissement Charleroi","Arrondissement de Charleroi","Provincie Henegouwen","Province du Hainaut","Waals Gewest","Région wallonne","<5"
"2020-03-13","52021","Fleurus","Fleurus","Arrondissement Charleroi","Arrondissement de Charleroi","Provincie Henegouwen","Province du Hainaut","Waals Gewest","Région wallonne","<5"
"2020-03-13","52074","Aiseau-Presles","Aiseau-Presles","Arrondissement Charleroi","Arrondissement de Charleroi","Provincie Henegouwen","Province du Hainaut","Waals Gewest","Région wallonne","<5"
"2020-03-13","53014","Boussu","Boussu","Arrondissement Bergen","Arrondissement de Mons","Provincie Henegouwen","Province du Hainaut","Waals Gewest","Région wallonne","<5"
"2020-03-13","53020","Dour","Dour","Arrondissement Bergen","Arrondissement de Mons","Provincie Henegouwen","Province du Hainaut","Waals Gewest","Région wallonne","<5"
"2020-03-13","53028","Frameries","Frameries","Arrondissement Bergen","Arrondissement de Mons","Provincie Henegouwen","Province du Hainaut","Waals Gewest","Région wallonne","<5"
"2020-03-13","53039","Hensies","Hensies","Arrondissement Bergen","Arrondissement de Mons","Provincie Henegouwen","Province du Hainaut","Waals Gewest","Région wallonne","<5"
"2020-03-13","53044","Jurbeke","Jurbise","Arrondissement Bergen","Arrondissement de Mons","Provincie Henegouwen","Province du Hainaut","Waals Gewest","Région wallonne","<5"
"2020-03-13","53053","Bergen","Mons","Arrondissement Bergen","Arrondissement de Mons","Provincie Henegouwen","Province du Hainaut","Waals Gewest","Région wallonne","16"
"2020-03-13","53068","Quiévrain","Quiévrain","Arrondissement Bergen","Arrondissement de Mons","Provincie Henegouwen","Province du Hainaut","Waals Gewest","Région wallonne","<5"
"2020-03-13","53084","Quévy","Quévy","Arrondissement Bergen","Arrondissement de Mons","Provincie Henegouwen","Province du Hainaut","Waals Gewest","Région wallonne","<5"
"2020-03-13","56078","Thuin","Thuin","Arrondissement Thuin","Arrondissement de Thuin","Provincie Henegouwen","Province du Hainaut","Waals Gewest","Région wallonne","<5"
"2020-03-13","57064","Péruwelz","Péruwelz","Arrondissement Doornik-Moeskroen","Arrondissement de Tournai-Mouscron","Provincie Henegouwen","Province du Hainaut","Waals Gewest","Région wallonne","<5"
"2020-03-13","57081","Doornik","Tournai","Arrondissement Doornik-Moeskroen","Arrondissement de Tournai-Mouscron","Provincie Henegouwen","Province du Hainaut","Waals Gewest","Région wallonne","<5"
"2020-03-13","57096","Moeskroen","Mouscron","Arrondissement Doornik-Moeskroen","Arrondissement de Tournai-Mouscron","Provincie Henegouwen","Province du Hainaut","Waals Gewest","Région wallonne","<5"
"2020-03-13","57097","Komen-Waasten","Comines-Warneton","Arrondissement Doornik-Moeskroen","Arrondissement de Tournai-Mouscron","Provincie Henegouwen","Province du Hainaut","Waals Gewest","Région wallonne","<5"
"2020-03-13","58001","La Louvière","La Louvière","Arrondissement La Louvière","Arrondissement de La Louvière","Provincie Henegouwen","Province du Hainaut","Waals Gewest","Région wallonne","<5"
"2020-03-13","58003","Estinnes","Estinnes","Arrondissement La Louvière","Arrondissement de La Louvière","Provincie Henegouwen","Province du Hainaut","Waals Gewest","Région wallonne","<5"
"2020-03-13","61028","Héron","Héron","Arrondissement Hoei","Arrondissement de Huy","Provincie Luik","Province de Liège","Waals Gewest","Région wallonne","<5"
"2020-03-13","61031","Hoei","Huy","Arrondissement Hoei","Arrondissement de Huy","Provincie Luik","Province de Liège","Waals Gewest","Région wallonne","<5"
"2020-03-13","62015","Beyne-Heusay","Beyne-Heusay","Arrondissement Luik","Arrondissement de Liège","Provincie Luik","Province de Liège","Waals Gewest","Région wallonne","<5"
"2020-03-13","62032","Esneux","Esneux","Arrondissement Luik","Arrondissement de Liège","Provincie Luik","Province de Liège","Waals Gewest","Région wallonne","<5"
"2020-03-13","62038","Fléron","Fléron","Arrondissement Luik","Arrondissement de Liège","Provincie Luik","Province de Liège","Waals Gewest","Région wallonne","<5"
"2020-03-13","62051","Herstal","Herstal","Arrondissement Luik","Arrondissement de Liège","Provincie Luik","Province de Liège","Waals Gewest","Région wallonne","<5"
"2020-03-13","62063","Luik","Liège","Arrondissement Luik","Arrondissement de Liège","Provincie Luik","Province de Liège","Waals Gewest","Région wallonne","<5"
"2020-03-13","62093","Saint-Nicolas (Luik)","Saint-Nicolas (Liège)","Arrondissement Luik","Arrondissement de Liège","Provincie Luik","Province de Liège","Waals Gewest","Région wallonne","<5"
"2020-03-13","62096","Seraing","Seraing","Arrondissement Luik","Arrondissement de Liège","Provincie Luik","Province de Liège","Waals Gewest","Région wallonne","<5"
"2020-03-13","62099","Soumagne","Soumagne","Arrondissement Luik","Arrondissement de Liège","Provincie Luik","Province de Liège","Waals Gewest","Région wallonne","<5"
"2020-03-13","62100","Sprimont","Sprimont","Arrondissement Luik","Arrondissement de Liège","Provincie Luik","Province de Liège","Waals Gewest","Région wallonne","<5"
"2020-03-13","62108","Wezet","Visé","Arrondissement Luik","Arrondissement de Liège","Provincie Luik","Province de Liège","Waals Gewest","Région wallonne","<5"
"2020-03-13","62119","Blegny","Blegny","Arrondissement Luik","Arrondissement de Liège","Provincie Luik","Province de Liège","Waals Gewest","Région wallonne","<5"
"2020-03-13","62120","Flémalle","Flémalle","Arrondissement Luik","Arrondissement de Liège","Provincie Luik","Province de Liège","Waals Gewest","Région wallonne","<5"
"2020-03-13","62121","Neupré","Neupré","Arrondissement Luik","Arrondissement de Liège","Provincie Luik","Province de Liège","Waals Gewest","Région wallonne","<5"
"2020-03-13","63004","Baelen","Baelen","Arrondissement Verviers","Arrondissement de Verviers","Provincie Luik","Province de Liège","Waals Gewest","Région wallonne","<5"
"2020-03-13","63035","Herve","Herve","Arrondissement Verviers","Arrondissement de Verviers","Provincie Luik","Province de Liège","Waals Gewest","Région wallonne","<5"
"2020-03-13","63049","Malmedy","Malmedy","Arrondissement Verviers","Arrondissement de Verviers","Provincie Luik","Province de Liège","Waals Gewest","Région wallonne","<5"
"2020-03-13","63067","Sankt Vith","Saint-Vith","Arrondissement Verviers","Arrondissement de Verviers","Provincie Luik","Province de Liège","Waals Gewest","Région wallonne","<5"
"2020-03-13","63072","Spa","Spa","Arrondissement Verviers","Arrondissement de Verviers","Provincie Luik","Province de Liège","Waals Gewest","Région wallonne","<5"
"2020-03-13","63079","Verviers","Verviers","Arrondissement Verviers","Arrondissement de Verviers","Provincie Luik","Province de Liège","Waals Gewest","Région wallonne","<5"
"2020-03-13","63088","Plombières","Plombières","Arrondissement Verviers","Arrondissement de Verviers","Provincie Luik","Province de Liège","Waals Gewest","Région wallonne","<5"
"2020-03-13","64034","Hannuit","Hannut","Arrondissement Borgworm","Arrondissement de Waremme","Provincie Luik","Province de Liège","Waals Gewest","Région wallonne","<5"
"2020-03-13","71002","As","As","Arrondissement Hasselt","Arrondissement de Hasselt","Provincie Limburg","Province du Limbourg","Vlaams Gewest","Région flamande","<5"
"2020-03-13","71004","Beringen","Beringen","Arrondissement Hasselt","Arrondissement de Hasselt","Provincie Limburg","Province du Limbourg","Vlaams Gewest","Région flamande","<5"
"2020-03-13","71016","Genk","Genk","Arrondissement Hasselt","Arrondissement de Hasselt","Provincie Limburg","Province du Limbourg","Vlaams Gewest","Région flamande","<5"
"2020-03-13","71020","Halen","Halen","Arrondissement Hasselt","Arrondissement de Hasselt","Provincie Limburg","Province du Limbourg","Vlaams Gewest","Région flamande","<5"
"2020-03-13","71022","Hasselt","Hasselt","Arrondissement Hasselt","Arrondissement de Hasselt","Provincie Limburg","Province du Limbourg","Vlaams Gewest","Région flamande","5"
"2020-03-13","71034","Leopoldsburg","Bourg-Léopold","Arrondissement Hasselt","Arrondissement de Hasselt","Provincie Limburg","Province du Limbourg","Vlaams Gewest","Région flamande","<5"
"2020-03-13","71053","Sint-Truiden","Saint-Trond","Arrondissement Hasselt","Arrondissement de Hasselt","Provincie Limburg","Province du Limbourg","Vlaams Gewest","Région flamande","<5"
"2020-03-13","71066","Zonhoven","Zonhoven","Arrondissement Hasselt","Arrondissement de Hasselt","Provincie Limburg","Province du Limbourg","Vlaams Gewest","Région flamande","<5"
"2020-03-13","71070","Heusden-Zolder","Heusden-Zolder","Arrondissement Hasselt","Arrondissement de Hasselt","Provincie Limburg","Province du Limbourg","Vlaams Gewest","Région flamande","5"
"2020-03-13","72004","Bree","Bree","Arrondissement Maaseik","Arrondissement de Maaseik","Provincie Limburg","Province du Limbourg","Vlaams Gewest","Région flamande","<5"
"2020-03-13","72020","Lommel","Lommel","Arrondissement Maaseik","Arrondissement de Maaseik","Provincie Limburg","Province du Limbourg","Vlaams Gewest","Région flamande","<5"
"2020-03-13","72042","Oudsbergen","Oudsbergen","Arrondissement Maaseik","Arrondissement de Maaseik","Provincie Limburg","Province du Limbourg","Vlaams Gewest","Région flamande","<5"
"2020-03-13","73040","Kortessem","Kortessem","Arrondissement Tongeren","Arrondissement de Tongres","Provincie Limburg","Province du Limbourg","Vlaams Gewest","Région flamande","<5"
"2020-03-13","73042","Lanaken","Lanaken","Arrondissement Tongeren","Arrondissement de Tongres","Provincie Limburg","Province du Limbourg","Vlaams Gewest","Région flamande","<5"
"2020-03-13","73083","Tongeren","Tongres","Arrondissement Tongeren","Arrondissement de Tongres","Provincie Limburg","Province du Limbourg","Vlaams Gewest","Région flamande","<5"
"2020-03-13","73107","Maasmechelen","Maasmechelen","Arrondissement Tongeren","Arrondissement de Tongres","Provincie Limburg","Province du Limbourg","Vlaams Gewest","Région flamande","<5"
"2020-03-13","81001","Aarlen","Arlon","Arrondissement Aarlen","Arrondissement d’Arlon","Provincie Luxemburg","Province du Luxembourg","Waals Gewest","Région wallonne","<5"
"2020-03-13","81003","Attert","Attert","Arrondissement Aarlen","Arrondissement d’Arlon","Provincie Luxemburg","Province du Luxembourg","Waals Gewest","Région wallonne","<5"
"2020-03-13","83034","Marche-en-Famenne","Marche-en-Famenne","Arrondissement Marche-en-Famenne","Arrondissement de Marche-en-Famenne","Provincie Luxemburg","Province du Luxembourg","Waals Gewest","Région wallonne","<5"
"2020-03-13","84009","Bertrix","Bertrix","Arrondissement Neufchâteau","Arrondissement de Neufchâteau","Provincie Luxemburg","Province du Luxembourg","Waals Gewest","Région wallonne","<5"
"2020-03-13","85046","Habay","Habay","Arrondissement Virton","Arrondissement de Virton","Provincie Luxemburg","Province du Luxembourg","Waals Gewest","Région wallonne","<5"
"2020-03-13","91013","Beauraing","Beauraing","Arrondissement Dinant","Arrondissement de Dinant","Provincie Namen","Province de Namur","Waals Gewest","Région wallonne","<5"
"2020-03-13","91030","Ciney","Ciney","Arrondissement Dinant","Arrondissement de Dinant","Provincie Namen","Province de Namur","Waals Gewest","Région wallonne","<5"
"2020-03-13","91064","Havelange","Havelange","Arrondissement Dinant","Arrondissement de Dinant","Provincie Namen","Province de Namur","Waals Gewest","Région wallonne","<5"
"2020-03-13","91141","Yvoir","Yvoir","Arrondissement Dinant","Arrondissement de Dinant","Provincie Namen","Province de Namur","Waals Gewest","Région wallonne","<5"
"2020-03-13","92094","Namen","Namur","Arrondissement Namen","Arrondissement de Namur","Provincie Namen","Province de Namur","Waals Gewest","Région wallonne","<5"
"2020-03-13",NA,NA,NA,NA,NA,NA,NA,NA,NA,"19"
"2020-03-14","11002","Antwerpen","Anvers","Arrondissement Antwerpen","Arrondissement d’Anvers","Provincie Antwerpen","Province d’Anvers","Vlaams Gewest","Région flamande","<5"
"2020-03-14","11005","Boom","Boom","Arrondissement Antwerpen","Arrondissement d’Anvers","Provincie Antwerpen","Province d’Anvers","Vlaams Gewest","Région flamande","<5"
"2020-03-14","11007","Borsbeek","Borsbeek","Arrondissement Antwerpen","Arrondissement d’Anvers","Provincie Antwerpen","Province d’Anvers","Vlaams Gewest","Région flamande","<5"
"2020-03-14","11009","Brecht","Brecht","Arrondissement Antwerpen","Arrondissement d’Anvers","Provincie Antwerpen","Province d’Anvers","Vlaams Gewest","Région flamande","<5"
"2020-03-14","11013","Edegem","Edegem","Arrondissement Antwerpen","Arrondissement d’Anvers","Provincie Antwerpen","Province d’Anvers","Vlaams Gewest","Région flamande","<5"
"2020-03-14","11022","Kalmthout","Kalmthout","Arrondissement Antwerpen","Arrondissement d’Anvers","Provincie Antwerpen","Province d’Anvers","Vlaams Gewest","Région flamande","<5"
"2020-03-14","11024","Kontich","Kontich","Arrondissement Antwerpen","Arrondissement d’Anvers","Provincie Antwerpen","Province d’Anvers","Vlaams Gewest","Région flamande","<5"
"2020-03-14","11037","Rumst","Rumst","Arrondissement Antwerpen","Arrondissement d’Anvers","Provincie Antwerpen","Province d’Anvers","Vlaams Gewest","Région flamande","<5"
"2020-03-14","11055","Zoersel","Zoersel","Arrondissement Antwerpen","Arrondissement d’Anvers","Provincie Antwerpen","Province d’Anvers","Vlaams Gewest","Région flamande","<5"
"2020-03-14","11057","Malle","Malle","Arrondissement Antwerpen","Arrondissement d’Anvers","Provincie Antwerpen","Province d’Anvers","Vlaams Gewest","Région flamande","<5"
"2020-03-14","12007","Bornem","Bornem","Arrondissement Mechelen","Arrondissement de Malines","Provincie Antwerpen","Province d’Anvers","Vlaams Gewest","Région flamande","<5"
"2020-03-14","12014","Heist-op-den-Berg","Heist-op-den-Berg","Arrondissement Mechelen","Arrondissement de Malines","Provincie Antwerpen","Province d’Anvers","Vlaams Gewest","Région flamande","<5"
"2020-03-14","12025","Mechelen","Malines","Arrondissement Mechelen","Arrondissement de Malines","Provincie Antwerpen","Province d’Anvers","Vlaams Gewest","Région flamande","<5"
"2020-03-14","12029","Putte","Putte","Arrondissement Mechelen","Arrondissement de Malines","Provincie Antwerpen","Province d’Anvers","Vlaams Gewest","Région flamande","<5"
"2020-03-14","13017","Kasterlee","Kasterlee","Arrondissement Turnhout","Arrondissement de Turnhout","Provincie Antwerpen","Province d’Anvers","Vlaams Gewest","Région flamande","<5"
"2020-03-14","13037","Rijkevorsel","Rijkevorsel","Arrondissement Turnhout","Arrondissement de Turnhout","Provincie Antwerpen","Province d’Anvers","Vlaams Gewest","Région flamande","<5"
"2020-03-14","13046","Vosselaar","Vosselaar","Arrondissement Turnhout","Arrondissement de Turnhout","Provincie Antwerpen","Province d’Anvers","Vlaams Gewest","Région flamande","<5"
"2020-03-14","21001","Anderlecht","Anderlecht","Arrondissement Brussel-Hoofdstad","Arrondissement de Bruxelles-Capitale",NA,NA,"Brussels Hoofdstedelijk Gewest","Région de Bruxelles-Capitale","<5"
"2020-03-14","21003","Sint-Agatha-Berchem","Berchem-Sainte-Agathe","Arrondissement Brussel-Hoofdstad","Arrondissement de Bruxelles-Capitale",NA,NA,"Brussels Hoofdstedelijk Gewest","Région de Bruxelles-Capitale","<5"
"2020-03-14","21004","Brussel","Bruxelles","Arrondissement Brussel-Hoofdstad","Arrondissement de Bruxelles-Capitale",NA,NA,"Brussels Hoofdstedelijk Gewest","Région de Bruxelles-Capitale","<5"
"2020-03-14","21005","Etterbeek","Etterbeek","Arrondissement Brussel-Hoofdstad","Arrondissement de Bruxelles-Capitale",NA,NA,"Brussels Hoofdstedelijk Gewest","Région de Bruxelles-Capitale","<5"
"2020-03-14","21006","Evere","Evere","Arrondissement Brussel-Hoofdstad","Arrondissement de Bruxelles-Capitale",NA,NA,"Brussels Hoofdstedelijk Gewest","Région de Bruxelles-Capitale","<5"
"2020-03-14","21009","Elsene","Ixelles","Arrondissement Brussel-Hoofdstad","Arrondissement de Bruxelles-Capitale",NA,NA,"Brussels Hoofdstedelijk Gewest","Région de Bruxelles-Capitale","5"
"2020-03-14","21010","Jette","Jette","Arrondissement Brussel-Hoofdstad","Arrondissement de Bruxelles-Capitale",NA,NA,"Brussels Hoofdstedelijk Gewest","Région de Bruxelles-Capitale","<5"
"2020-03-14","21011","Koekelberg","Koekelberg","Arrondissement Brussel-Hoofdstad","Arrondissement de Bruxelles-Capitale",NA,NA,"Brussels Hoofdstedelijk Gewest","Région de Bruxelles-Capitale","<5"
"2020-03-14","21012","Sint-Jans-Molenbeek","Molenbeek-Saint-Jean","Arrondissement Brussel-Hoofdstad","Arrondissement de Bruxelles-Capitale",NA,NA,"Brussels Hoofdstedelijk Gewest","Région de Bruxelles-Capitale","<5"
"2020-03-14","21013","Sint-Gillis","Saint-Gilles","Arrondissement Brussel-Hoofdstad","Arrondissement de Bruxelles-Capitale",NA,NA,"Brussels Hoofdstedelijk Gewest","Région de Bruxelles-Capitale","<5"
"2020-03-14","21016","Ukkel","Uccle","Arrondissement Brussel-Hoofdstad","Arrondissement de Bruxelles-Capitale",NA,NA,"Brussels Hoofdstedelijk Gewest","Région de Bruxelles-Capitale","<5"
"2020-03-14","21018","Sint-Lambrechts-Woluwe","Woluwe-Saint-Lambert","Arrondissement Brussel-Hoofdstad","Arrondissement de Bruxelles-Capitale",NA,NA,"Brussels Hoofdstedelijk Gewest","Région de Bruxelles-Capitale","<5"
"2020-03-14","21019","Sint-Pieters-Woluwe","Woluwe-Saint-Pierre","Arrondissement Brussel-Hoofdstad","Arrondissement de Bruxelles-Capitale",NA,NA,"Brussels Hoofdstedelijk Gewest","Région de Bruxelles-Capitale","<5"
"2020-03-14","23062","Overijse","Overijse","Arrondissement Halle-Vilvoorde","Arrondissement de Hal-Vilvorde","Provincie Vlaams-Brabant","Province du Brabant flamand","Vlaams Gewest","Région flamande","<5"
"2020-03-14","23094","Zaventem","Zaventem","Arrondissement Halle-Vilvoorde","Arrondissement de Hal-Vilvorde","Provincie Vlaams-Brabant","Province du Brabant flamand","Vlaams Gewest","Région flamande","<5"
"2020-03-14","23102","Wemmel","Wemmel","Arrondissement Halle-Vilvoorde","Arrondissement de Hal-Vilvorde","Provincie Vlaams-Brabant","Province du Brabant flamand","Vlaams Gewest","Région flamande","<5"
"2020-03-14","24009","Bertem","Bertem","Arrondissement Leuven","Arrondissement de Louvain","Provincie Vlaams-Brabant","Province du Brabant flamand","Vlaams Gewest","Région flamande","<5"
"2020-03-14","24020","Diest","Diest","Arrondissement Leuven","Arrondissement de Louvain","Provincie Vlaams-Brabant","Province du Brabant flamand","Vlaams Gewest","Région flamande","<5"
"2020-03-14","24059","Landen","Landen","Arrondissement Leuven","Arrondissement de Louvain","Provincie Vlaams-Brabant","Province du Brabant flamand","Vlaams Gewest","Région flamande","<5"
"2020-03-14","24062","Leuven","Louvain","Arrondissement Leuven","Arrondissement de Louvain","Provincie Vlaams-Brabant","Province du Brabant flamand","Vlaams Gewest","Région flamande","<5"
"2020-03-14","24066","Lubbeek","Lubbeek","Arrondissement Leuven","Arrondissement de Louvain","Provincie Vlaams-Brabant","Province du Brabant flamand","Vlaams Gewest","Région flamande","<5"
"2020-03-14","24133","Linter","Linter","Arrondissement Leuven","Arrondissement de Louvain","Provincie Vlaams-Brabant","Province du Brabant flamand","Vlaams Gewest","Région flamande","<5"
"2020-03-14","25031","Genepiën","Genappe","Arrondissement Nijvel","Arrondissement de Nivelles","Provincie Waals-Brabant","Province du Brabant wallon","Waals Gewest","Région wallonne","<5"
"2020-03-14","25044","Itter","Ittre","Arrondissement Nijvel","Arrondissement de Nivelles","Provincie Waals-Brabant","Province du Brabant wallon","Waals Gewest","Région wallonne","<5"
"2020-03-14","25091","Rixensart","Rixensart","Arrondissement Nijvel","Arrondissement de Nivelles","Provincie Waals-Brabant","Province du Brabant wallon","Waals Gewest","Région wallonne","<5"
"2020-03-14","25119","Lasne","Lasne","Arrondissement Nijvel","Arrondissement de Nivelles","Provincie Waals-Brabant","Province du Brabant wallon","Waals Gewest","Région wallonne","<5"
"2020-03-14","31003","Beernem","Beernem","Arrondissement Brugge","Arrondissement de Bruges","Provincie West-Vlaanderen","Province de Flandre occidentale","Vlaams Gewest","Région flamande","<5"
"2020-03-14","31004","Blankenberge","Blankenberge","Arrondissement Brugge","Arrondissement de Bruges","Provincie West-Vlaanderen","Province de Flandre occidentale","Vlaams Gewest","Région flamande","<5"
"2020-03-14","31006","Damme","Damme","Arrondissement Brugge","Arrondissement de Bruges","Provincie West-Vlaanderen","Province de Flandre occidentale","Vlaams Gewest","Région flamande","<5"
"2020-03-14","31022","Oostkamp","Oostkamp","Arrondissement Brugge","Arrondissement de Bruges","Provincie West-Vlaanderen","Province de Flandre occidentale","Vlaams Gewest","Région flamande","<5"
"2020-03-14","32003","Diksmuide","Dixmude","Arrondissement Diksmuide","Arrondissement de Dixmude","Provincie West-Vlaanderen","Province de Flandre occidentale","Vlaams Gewest","Région flamande","<5"
"2020-03-14","32006","Houthulst","Houthulst","Arrondissement Diksmuide","Arrondissement de Dixmude","Provincie West-Vlaanderen","Province de Flandre occidentale","Vlaams Gewest","Région flamande","<5"
"2020-03-14","33011","Ieper","Ypres","Arrondissement Ieper","Arrondissement d’Ypres","Provincie West-Vlaanderen","Province de Flandre occidentale","Vlaams Gewest","Région flamande","<5"
"2020-03-14","34022","Kortrijk","Courtrai","Arrondissement Kortrijk","Arrondissement de Courtrai","Provincie West-Vlaanderen","Province de Flandre occidentale","Vlaams Gewest","Région flamande","<5"
"2020-03-14","34027","Menen","Menin","Arrondissement Kortrijk","Arrondissement de Courtrai","Provincie West-Vlaanderen","Province de Flandre occidentale","Vlaams Gewest","Région flamande","<5"
"2020-03-14","34040","Waregem","Waregem","Arrondissement Kortrijk","Arrondissement de Courtrai","Provincie West-Vlaanderen","Province de Flandre occidentale","Vlaams Gewest","Région flamande","<5"
"2020-03-14","35011","Middelkerke","Middelkerke","Arrondissement Oostende","Arrondissement d’Ostende","Provincie West-Vlaanderen","Province de Flandre occidentale","Vlaams Gewest","Région flamande","<5"
"2020-03-14","35013","Oostende","Ostende","Arrondissement Oostende","Arrondissement d’Ostende","Provincie West-Vlaanderen","Province de Flandre occidentale","Vlaams Gewest","Région flamande","<5"
"2020-03-14","36010","Ledegem","Ledegem","Arrondissement Roeselare","Arrondissement de Roulers","Provincie West-Vlaanderen","Province de Flandre occidentale","Vlaams Gewest","Région flamande","<5"
"2020-03-14","37002","Dentergem","Dentergem","Arrondissement Tielt","Arrondissement de Tielt","Provincie West-Vlaanderen","Province de Flandre occidentale","Vlaams Gewest","Région flamande","<5"
"2020-03-14","37012","Ruiselede","Ruiselede","Arrondissement Tielt","Arrondissement de Tielt","Provincie West-Vlaanderen","Province de Flandre occidentale","Vlaams Gewest","Région flamande","<5"
"2020-03-14","41002","Aalst (Aalst)","Alost (Alost)","Arrondissement Aalst","Arrondissement d’Alost","Provincie Oost-Vlaanderen","Province de Flandre orientale","Vlaams Gewest","Région flamande","<5"
"2020-03-14","41027","Herzele","Herzele","Arrondissement Aalst","Arrondissement d’Alost","Provincie Oost-Vlaanderen","Province de Flandre orientale","Vlaams Gewest","Région flamande","<5"
"2020-03-14","41048","Ninove","Ninove","Arrondissement Aalst","Arrondissement d’Alost","Provincie Oost-Vlaanderen","Province de Flandre orientale","Vlaams Gewest","Région flamande","<5"
"2020-03-14","41081","Zottegem","Zottegem","Arrondissement Aalst","Arrondissement d’Alost","Provincie Oost-Vlaanderen","Province de Flandre orientale","Vlaams Gewest","Région flamande","<5"
"2020-03-14","42025","Wetteren","Wetteren","Arrondissement Dendermonde","Arrondissement de Termonde","Provincie Oost-Vlaanderen","Province de Flandre orientale","Vlaams Gewest","Région flamande","<5"
"2020-03-14","42026","Wichelen","Wichelen","Arrondissement Dendermonde","Arrondissement de Termonde","Provincie Oost-Vlaanderen","Province de Flandre orientale","Vlaams Gewest","Région flamande","<5"
"2020-03-14","44021","Gent","Gand","Arrondissement Gent","Arrondissement de Gand","Provincie Oost-Vlaanderen","Province de Flandre orientale","Vlaams Gewest","Région flamande","<5"
"2020-03-14","44064","Sint-Martens-Latem","Sint-Martens-Latem","Arrondissement Gent","Arrondissement de Gand","Provincie Oost-Vlaanderen","Province de Flandre orientale","Vlaams Gewest","Région flamande","<5"
"2020-03-14","44073","Wachtebeke","Wachtebeke","Arrondissement Gent","Arrondissement de Gand","Provincie Oost-Vlaanderen","Province de Flandre orientale","Vlaams Gewest","Région flamande","<5"
"2020-03-14","46014","Lokeren","Lokeren","Arrondissement Sint-Niklaas","Arrondissement de Saint-Nicolas","Provincie Oost-Vlaanderen","Province de Flandre orientale","Vlaams Gewest","Région flamande","<5"
"2020-03-14","46021","Sint-Niklaas (Sint-Niklaas)","Saint-Nicolas (Saint-Nicolas)","Arrondissement Sint-Niklaas","Arrondissement de Saint-Nicolas","Provincie Oost-Vlaanderen","Province de Flandre orientale","Vlaams Gewest","Région flamande","<5"
"2020-03-14","51008","Beloeil","Beloeil","Arrondissement Aat","Arrondissement d’Ath","Provincie Henegouwen","Province du Hainaut","Waals Gewest","Région wallonne","<5"
"2020-03-14","51069","Lessen","Lessines","Arrondissement Aat","Arrondissement d’Ath","Provincie Henegouwen","Province du Hainaut","Waals Gewest","Région wallonne","<5"
"2020-03-14","52011","Charleroi","Charleroi","Arrondissement Charleroi","Arrondissement de Charleroi","Provincie Henegouwen","Province du Hainaut","Waals Gewest","Région wallonne","<5"
"2020-03-14","52015","Courcelles","Courcelles","Arrondissement Charleroi","Arrondissement de Charleroi","Provincie Henegouwen","Province du Hainaut","Waals Gewest","Région wallonne","<5"
"2020-03-14","52022","Fontaine-l’Evêque","Fontaine-l’Evêque","Arrondissement Charleroi","Arrondissement de Charleroi","Provincie Henegouwen","Province du Hainaut","Waals Gewest","Région wallonne","<5"
"2020-03-14","52055","Pont-à-Celles","Pont-à-Celles","Arrondissement Charleroi","Arrondissement de Charleroi","Provincie Henegouwen","Province du Hainaut","Waals Gewest","Région wallonne","<5"
"2020-03-14","53014","Boussu","Boussu","Arrondissement Bergen","Arrondissement de Mons","Provincie Henegouwen","Province du Hainaut","Waals Gewest","Région wallonne","<5"
"2020-03-14","53028","Frameries","Frameries","Arrondissement Bergen","Arrondissement de Mons","Provincie Henegouwen","Province du Hainaut","Waals Gewest","Région wallonne","<5"
"2020-03-14","53044","Jurbeke","Jurbise","Arrondissement Bergen","Arrondissement de Mons","Provincie Henegouwen","Province du Hainaut","Waals Gewest","Région wallonne","<5"
"2020-03-14","53053","Bergen","Mons","Arrondissement Bergen","Arrondissement de Mons","Provincie Henegouwen","Province du Hainaut","Waals Gewest","Région wallonne","9"
"2020-03-14","53065","Quaregnon","Quaregnon","Arrondissement Bergen","Arrondissement de Mons","Provincie Henegouwen","Province du Hainaut","Waals Gewest","Région wallonne","<5"
"2020-03-14","53070","Saint-Ghislain","Saint-Ghislain","Arrondissement Bergen","Arrondissement de Mons","Provincie Henegouwen","Province du Hainaut","Waals Gewest","Région wallonne","<5"
"2020-03-14","53082","Colfontaine","Colfontaine","Arrondissement Bergen","Arrondissement de Mons","Provincie Henegouwen","Province du Hainaut","Waals Gewest","Région wallonne","<5"
"2020-03-14","53084","Quévy","Quévy","Arrondissement Bergen","Arrondissement de Mons","Provincie Henegouwen","Province du Hainaut","Waals Gewest","Région wallonne","<5"
"2020-03-14","55040","Zinnik","Soignies","Arrondissement Zinnik","Arrondissement de Soignies","Provincie Henegouwen","Province du Hainaut","Waals Gewest","Région wallonne","<5"
"2020-03-14","57072","Rumes","Rumes","Arrondissement Doornik-Moeskroen","Arrondissement de Tournai-Mouscron","Provincie Henegouwen","Province du Hainaut","Waals Gewest","Région wallonne","<5"
"2020-03-14","57081","Doornik","Tournai","Arrondissement Doornik-Moeskroen","Arrondissement de Tournai-Mouscron","Provincie Henegouwen","Province du Hainaut","Waals Gewest","Région wallonne","<5"
"2020-03-14","58001","La Louvière","La Louvière","Arrondissement La Louvière","Arrondissement de La Louvière","Provincie Henegouwen","Province du Hainaut","Waals Gewest","Région wallonne","<5"
"2020-03-14","62022","Chaudfontaine","Chaudfontaine","Arrondissement Luik","Arrondissement de Liège","Provincie Luik","Province de Liège","Waals Gewest","Région wallonne","<5"
"2020-03-14","62051","Herstal","Herstal","Arrondissement Luik","Arrondissement de Liège","Provincie Luik","Province de Liège","Waals Gewest","Région wallonne","<5"
"2020-03-14","62063","Luik","Liège","Arrondissement Luik","Arrondissement de Liège","Provincie Luik","Province de Liège","Waals Gewest","Région wallonne","8"
"2020-03-14","62099","Soumagne","Soumagne","Arrondissement Luik","Arrondissement de Liège","Provincie Luik","Province de Liège","Waals Gewest","Région wallonne","<5"
"2020-03-14","62120","Flémalle","Flémalle","Arrondissement Luik","Arrondissement de Liège","Provincie Luik","Province de Liège","Waals Gewest","Région wallonne","<5"
"2020-03-14","63013","Bütgenbach","Butgenbach","Arrondissement Verviers","Arrondissement de Verviers","Provincie Luik","Province de Liège","Waals Gewest","Région wallonne","<5"
"2020-03-14","63023","Eupen","Eupen","Arrondissement Verviers","Arrondissement de Verviers","Provincie Luik","Province de Liège","Waals Gewest","Région wallonne","<5"
"2020-03-14","63038","Jalhay","Jalhay","Arrondissement Verviers","Arrondissement de Verviers","Provincie Luik","Province de Liège","Waals Gewest","Région wallonne","<5"
"2020-03-14","63049","Malmedy","Malmedy","Arrondissement Verviers","Arrondissement de Verviers","Provincie Luik","Province de Liège","Waals Gewest","Région wallonne","<5"
"2020-03-14","63057","Olne","Olne","Arrondissement Verviers","Arrondissement de Verviers","Provincie Luik","Province de Liège","Waals Gewest","Région wallonne","<5"
"2020-03-14","63073","Stavelot","Stavelot","Arrondissement Verviers","Arrondissement de Verviers","Provincie Luik","Province de Liège","Waals Gewest","Région wallonne","<5"
"2020-03-14","63088","Plombières","Plombières","Arrondissement Verviers","Arrondissement de Verviers","Provincie Luik","Province de Liège","Waals Gewest","Région wallonne","<5"
"2020-03-14","71020","Halen","Halen","Arrondissement Hasselt","Arrondissement de Hasselt","Provincie Limburg","Province du Limbourg","Vlaams Gewest","Région flamande","<5"
"2020-03-14","71053","Sint-Truiden","Saint-Trond","Arrondissement Hasselt","Arrondissement de Hasselt","Provincie Limburg","Province du Limbourg","Vlaams Gewest","Région flamande","<5"
"2020-03-14","71066","Zonhoven","Zonhoven","Arrondissement Hasselt","Arrondissement de Hasselt","Provincie Limburg","Province du Limbourg","Vlaams Gewest","Région flamande","<5"
"2020-03-14","72004","Bree","Bree","Arrondissement Maaseik","Arrondissement de Maaseik","Provincie Limburg","Province du Limbourg","Vlaams Gewest","Région flamande","<5"
"2020-03-14","72021","Maaseik","Maaseik","Arrondissement Maaseik","Arrondissement de Maaseik","Provincie Limburg","Province du Limbourg","Vlaams Gewest","Région flamande","<5"
"2020-03-14","72038","Hechtel-Eksel","Hechtel-Eksel","Arrondissement Maaseik","Arrondissement de Maaseik","Provincie Limburg","Province du Limbourg","Vlaams Gewest","Région flamande","<5"
"2020-03-14","73042","Lanaken","Lanaken","Arrondissement Tongeren","Arrondissement de Tongres","Provincie Limburg","Province du Limbourg","Vlaams Gewest","Région flamande","<5"
"2020-03-14","73107","Maasmechelen","Maasmechelen","Arrondissement Tongeren","Arrondissement de Tongres","Provincie Limburg","Province du Limbourg","Vlaams Gewest","Région flamande","<5"
"2020-03-14","73109","Voeren","Fourons","Arrondissement Tongeren","Arrondissement de Tongres","Provincie Limburg","Province du Limbourg","Vlaams Gewest","Région flamande","<5"
"2020-03-14","81004","Aubange","Aubange","Arrondissement Aarlen","Arrondissement d’Arlon","Provincie Luxemburg","Province du Luxembourg","Waals Gewest","Région wallonne","<5"
"2020-03-14","92003","Andenne","Andenne","Arrondissement Namen","Arrondissement de Namur","Provincie Namen","Province de Namur","Waals Gewest","Région wallonne","<5"
"2020-03-14","92137","Sambreville","Sambreville","Arrondissement Namen","Arrondissement de Namur","Provincie Namen","Province de Namur","Waals Gewest","Région wallonne","<5"
"2020-03-14","93088","Walcourt","Walcourt","Arrondissement Philippeville","Arrondissement de Philippeville","Provincie Namen","Province de Namur","Waals Gewest","Région wallonne","<5"
"2020-03-14",NA,NA,NA,NA,NA,NA,NA,NA,NA,"7"
"2020-03-15","11002","Antwerpen","Anvers","Arrondissement Antwerpen","Arrondissement d’Anvers","Provincie Antwerpen","Province d’Anvers","Vlaams Gewest","Région flamande","9"
"2020-03-15","11024","Kontich","Kontich","Arrondissement Antwerpen","Arrondissement d’Anvers","Provincie Antwerpen","Province d’Anvers","Vlaams Gewest","Région flamande","<5"
"2020-03-15","11029","Mortsel","Mortsel","Arrondissement Antwerpen","Arrondissement d’Anvers","Provincie Antwerpen","Province d’Anvers","Vlaams Gewest","Région flamande","<5"
"2020-03-15","11052","Wommelgem","Wommelgem","Arrondissement Antwerpen","Arrondissement d’Anvers","Provincie Antwerpen","Province d’Anvers","Vlaams Gewest","Région flamande","<5"
"2020-03-15","11055","Zoersel","Zoersel","Arrondissement Antwerpen","Arrondissement d’Anvers","Provincie Antwerpen","Province d’Anvers","Vlaams Gewest","Région flamande","<5"
"2020-03-15","12002","Berlaar","Berlaar","Arrondissement Mechelen","Arrondissement de Malines","Provincie Antwerpen","Province d’Anvers","Vlaams Gewest","Région flamande","<5"
"2020-03-15","12025","Mechelen","Malines","Arrondissement Mechelen","Arrondissement de Malines","Provincie Antwerpen","Province d’Anvers","Vlaams Gewest","Région flamande","<5"
"2020-03-15","12035","Sint-Katelijne-Waver","Sint-Katelijne-Waver","Arrondissement Mechelen","Arrondissement de Malines","Provincie Antwerpen","Province d’Anvers","Vlaams Gewest","Région flamande","<5"
"2020-03-15","12040","Willebroek","Willebroek","Arrondissement Mechelen","Arrondissement de Malines","Provincie Antwerpen","Province d’Anvers","Vlaams Gewest","Région flamande","<5"
"2020-03-15","12041","Puurs-Sint-Amands","Puurs-Sint-Amands","Arrondissement Mechelen","Arrondissement de Malines","Provincie Antwerpen","Province d’Anvers","Vlaams Gewest","Région flamande","<5"
"2020-03-15","13016","Hulshout","Hulshout","Arrondissement Turnhout","Arrondissement de Turnhout","Provincie Antwerpen","Province d’Anvers","Vlaams Gewest","Région flamande","<5"
"2020-03-15","13037","Rijkevorsel","Rijkevorsel","Arrondissement Turnhout","Arrondissement de Turnhout","Provincie Antwerpen","Province d’Anvers","Vlaams Gewest","Région flamande","<5"
"2020-03-15","13049","Westerlo","Westerlo","Arrondissement Turnhout","Arrondissement de Turnhout","Provincie Antwerpen","Province d’Anvers","Vlaams Gewest","Région flamande","<5"
"2020-03-15","21001","Anderlecht","Anderlecht","Arrondissement Brussel-Hoofdstad","Arrondissement de Bruxelles-Capitale",NA,NA,"Brussels Hoofdstedelijk Gewest","Région de Bruxelles-Capitale","<5"
"2020-03-15","21002","Oudergem","Auderghem","Arrondissement Brussel-Hoofdstad","Arrondissement de Bruxelles-Capitale",NA,NA,"Brussels Hoofdstedelijk Gewest","Région de Bruxelles-Capitale","<5"
"2020-03-15","21004","Brussel","Bruxelles","Arrondissement Brussel-Hoofdstad","Arrondissement de Bruxelles-Capitale",NA,NA,"Brussels Hoofdstedelijk Gewest","Région de Bruxelles-Capitale","<5"
"2020-03-15","21005","Etterbeek","Etterbeek","Arrondissement Brussel-Hoofdstad","Arrondissement de Bruxelles-Capitale",NA,NA,"Brussels Hoofdstedelijk Gewest","Région de Bruxelles-Capitale","<5"
"2020-03-15","21007","Vorst (Brussel-Hoofdstad)","Forest (Bruxelles-Capitale)","Arrondissement Brussel-Hoofdstad","Arrondissement de Bruxelles-Capitale",NA,NA,"Brussels Hoofdstedelijk Gewest","Région de Bruxelles-Capitale","<5"
"2020-03-15","21008","Ganshoren","Ganshoren","Arrondissement Brussel-Hoofdstad","Arrondissement de Bruxelles-Capitale",NA,NA,"Brussels Hoofdstedelijk Gewest","Région de Bruxelles-Capitale","<5"
"2020-03-15","21009","Elsene","Ixelles","Arrondissement Brussel-Hoofdstad","Arrondissement de Bruxelles-Capitale",NA,NA,"Brussels Hoofdstedelijk Gewest","Région de Bruxelles-Capitale","<5"
"2020-03-15","21010","Jette","Jette","Arrondissement Brussel-Hoofdstad","Arrondissement de Bruxelles-Capitale",NA,NA,"Brussels Hoofdstedelijk Gewest","Région de Bruxelles-Capitale","<5"
"2020-03-15","21012","Sint-Jans-Molenbeek","Molenbeek-Saint-Jean","Arrondissement Brussel-Hoofdstad","Arrondissement de Bruxelles-Capitale",NA,NA,"Brussels Hoofdstedelijk Gewest","Région de Bruxelles-Capitale","<5"
"2020-03-15","21013","Sint-Gillis","Saint-Gilles","Arrondissement Brussel-Hoofdstad","Arrondissement de Bruxelles-Capitale",NA,NA,"Brussels Hoofdstedelijk Gewest","Région de Bruxelles-Capitale","<5"
"2020-03-15","21015","Schaarbeek","Schaerbeek","Arrondissement Brussel-Hoofdstad","Arrondissement de Bruxelles-Capitale",NA,NA,"Brussels Hoofdstedelijk Gewest","Région de Bruxelles-Capitale","<5"
"2020-03-15","21016","Ukkel","Uccle","Arrondissement Brussel-Hoofdstad","Arrondissement de Bruxelles-Capitale",NA,NA,"Brussels Hoofdstedelijk Gewest","Région de Bruxelles-Capitale","<5"
"2020-03-15","21017","Watermaal-Bosvoorde","Watermael-Boitsfort","Arrondissement Brussel-Hoofdstad","Arrondissement de Bruxelles-Capitale",NA,NA,"Brussels Hoofdstedelijk Gewest","Région de Bruxelles-Capitale","<5"
"2020-03-15","21018","Sint-Lambrechts-Woluwe","Woluwe-Saint-Lambert","Arrondissement Brussel-Hoofdstad","Arrondissement de Bruxelles-Capitale",NA,NA,"Brussels Hoofdstedelijk Gewest","Région de Bruxelles-Capitale","<5"
"2020-03-15","21019","Sint-Pieters-Woluwe","Woluwe-Saint-Pierre","Arrondissement Brussel-Hoofdstad","Arrondissement de Bruxelles-Capitale",NA,NA,"Brussels Hoofdstedelijk Gewest","Région de Bruxelles-Capitale","<5"
"2020-03-15","23002","Asse","Asse","Arrondissement Halle-Vilvoorde","Arrondissement de Hal-Vilvorde","Provincie Vlaams-Brabant","Province du Brabant flamand","Vlaams Gewest","Région flamande","<5"
"2020-03-15","23016","Dilbeek","Dilbeek","Arrondissement Halle-Vilvoorde","Arrondissement de Hal-Vilvorde","Provincie Vlaams-Brabant","Province du Brabant flamand","Vlaams Gewest","Région flamande","<5"
"2020-03-15","23024","Gooik","Gooik","Arrondissement Halle-Vilvoorde","Arrondissement de Hal-Vilvorde","Provincie Vlaams-Brabant","Province du Brabant flamand","Vlaams Gewest","Région flamande","<5"
"2020-03-15","23044","Liedekerke","Liedekerke","Arrondissement Halle-Vilvoorde","Arrondissement de Hal-Vilvorde","Provincie Vlaams-Brabant","Province du Brabant flamand","Vlaams Gewest","Région flamande","<5"
"2020-03-15","23062","Overijse","Overijse","Arrondissement Halle-Vilvoorde","Arrondissement de Hal-Vilvorde","Provincie Vlaams-Brabant","Province du Brabant flamand","Vlaams Gewest","Région flamande","<5"
"2020-03-15","23064","Pepingen","Pepingen","Arrondissement Halle-Vilvoorde","Arrondissement de Hal-Vilvorde","Provincie Vlaams-Brabant","Province du Brabant flamand","Vlaams Gewest","Région flamande","<5"
"2020-03-15","23088","Vilvoorde","Vilvorde","Arrondissement Halle-Vilvoorde","Arrondissement de Hal-Vilvorde","Provincie Vlaams-Brabant","Province du Brabant flamand","Vlaams Gewest","Région flamande","<5"
"2020-03-15","23094","Zaventem","Zaventem","Arrondissement Halle-Vilvoorde","Arrondissement de Hal-Vilvorde","Provincie Vlaams-Brabant","Province du Brabant flamand","Vlaams Gewest","Région flamande","<5"
"2020-03-15","23096","Zemst","Zemst","Arrondissement Halle-Vilvoorde","Arrondissement de Hal-Vilvorde","Provincie Vlaams-Brabant","Province du Brabant flamand","Vlaams Gewest","Région flamande","<5"
"2020-03-15","23097","Roosdaal","Roosdaal","Arrondissement Halle-Vilvoorde","Arrondissement de Hal-Vilvorde","Provincie Vlaams-Brabant","Province du Brabant flamand","Vlaams Gewest","Région flamande","<5"
"2020-03-15","23099","Kraainem","Kraainem","Arrondissement Halle-Vilvoorde","Arrondissement de Hal-Vilvorde","Provincie Vlaams-Brabant","Province du Brabant flamand","Vlaams Gewest","Région flamande","<5"
"2020-03-15","23101","Sint-Genesius-Rode","Rhode-Saint-Genèse","Arrondissement Halle-Vilvoorde","Arrondissement de Hal-Vilvorde","Provincie Vlaams-Brabant","Province du Brabant flamand","Vlaams Gewest","Région flamande","<5"
"2020-03-15","24001","Aarschot","Aarschot","Arrondissement Leuven","Arrondissement de Louvain","Provincie Vlaams-Brabant","Province du Brabant flamand","Vlaams Gewest","Région flamande","<5"
"2020-03-15","24028","Geetbets","Geetbets","Arrondissement Leuven","Arrondissement de Louvain","Provincie Vlaams-Brabant","Province du Brabant flamand","Vlaams Gewest","Région flamande","<5"
"2020-03-15","24038","Herent","Herent","Arrondissement Leuven","Arrondissement de Louvain","Provincie Vlaams-Brabant","Province du Brabant flamand","Vlaams Gewest","Région flamande","<5"
"2020-03-15","24043","Holsbeek","Holsbeek","Arrondissement Leuven","Arrondissement de Louvain","Provincie Vlaams-Brabant","Province du Brabant flamand","Vlaams Gewest","Région flamande","<5"
"2020-03-15","24054","Kortenaken","Kortenaken","Arrondissement Leuven","Arrondissement de Louvain","Provincie Vlaams-Brabant","Province du Brabant flamand","Vlaams Gewest","Région flamande","<5"
"2020-03-15","24062","Leuven","Louvain","Arrondissement Leuven","Arrondissement de Louvain","Provincie Vlaams-Brabant","Province du Brabant flamand","Vlaams Gewest","Région flamande","<5"
"2020-03-15","24094","Rotselaar","Rotselaar","Arrondissement Leuven","Arrondissement de Louvain","Provincie Vlaams-Brabant","Province du Brabant flamand","Vlaams Gewest","Région flamande","<5"
"2020-03-15","24130","Zoutleeuw","Léau","Arrondissement Leuven","Arrondissement de Louvain","Provincie Vlaams-Brabant","Province du Brabant flamand","Vlaams Gewest","Région flamande","<5"
"2020-03-15","24134","Scherpenheuvel-Zichem","Montaigu-Zichem","Arrondissement Leuven","Arrondissement de Louvain","Provincie Vlaams-Brabant","Province du Brabant flamand","Vlaams Gewest","Région flamande","<5"
"2020-03-15","25015","Kasteelbrakel","Braine-le-Château","Arrondissement Nijvel","Arrondissement de Nivelles","Provincie Waals-Brabant","Province du Brabant wallon","Waals Gewest","Région wallonne","<5"
"2020-03-15","25050","Terhulpen","La Hulpe","Arrondissement Nijvel","Arrondissement de Nivelles","Provincie Waals-Brabant","Province du Brabant wallon","Waals Gewest","Région wallonne","<5"
"2020-03-15","25112","Waver","Wavre","Arrondissement Nijvel","Arrondissement de Nivelles","Provincie Waals-Brabant","Province du Brabant wallon","Waals Gewest","Région wallonne","<5"
"2020-03-15","25119","Lasne","Lasne","Arrondissement Nijvel","Arrondissement de Nivelles","Provincie Waals-Brabant","Province du Brabant wallon","Waals Gewest","Région wallonne","<5"
"2020-03-15","25120","Orp-Jauche","Orp-Jauche","Arrondissement Nijvel","Arrondissement de Nivelles","Provincie Waals-Brabant","Province du Brabant wallon","Waals Gewest","Région wallonne","<5"
"2020-03-15","25121","Ottignies-Louvain-la-Neuve","Ottignies-Louvain-la-Neuve","Arrondissement Nijvel","Arrondissement de Nivelles","Provincie Waals-Brabant","Province du Brabant wallon","Waals Gewest","Région wallonne","<5"
"2020-03-15","31043","Knokke-Heist","Knokke-Heist","Arrondissement Brugge","Arrondissement de Bruges","Provincie West-Vlaanderen","Province de Flandre occidentale","Vlaams Gewest","Région flamande","<5"
"2020-03-15","32003","Diksmuide","Dixmude","Arrondissement Diksmuide","Arrondissement de Dixmude","Provincie West-Vlaanderen","Province de Flandre occidentale","Vlaams Gewest","Région flamande","<5"
"2020-03-15","33011","Ieper","Ypres","Arrondissement Ieper","Arrondissement d’Ypres","Provincie West-Vlaanderen","Province de Flandre occidentale","Vlaams Gewest","Région flamande","<5"
"2020-03-15","33037","Zonnebeke","Zonnebeke","Arrondissement Ieper","Arrondissement d’Ypres","Provincie West-Vlaanderen","Province de Flandre occidentale","Vlaams Gewest","Région flamande","<5"
"2020-03-15","34022","Kortrijk","Courtrai","Arrondissement Kortrijk","Arrondissement de Courtrai","Provincie West-Vlaanderen","Province de Flandre occidentale","Vlaams Gewest","Région flamande","<5"
"2020-03-15","34027","Menen","Menin","Arrondissement Kortrijk","Arrondissement de Courtrai","Provincie West-Vlaanderen","Province de Flandre occidentale","Vlaams Gewest","Région flamande","<5"
"2020-03-15","34041","Wevelgem","Wevelgem","Arrondissement Kortrijk","Arrondissement de Courtrai","Provincie West-Vlaanderen","Province de Flandre occidentale","Vlaams Gewest","Région flamande","<5"
"2020-03-15","34042","Zwevegem","Zwevegem","Arrondissement Kortrijk","Arrondissement de Courtrai","Provincie West-Vlaanderen","Province de Flandre occidentale","Vlaams Gewest","Région flamande","<5"
"2020-03-15","35005","Gistel","Gistel","Arrondissement Oostende","Arrondissement d’Ostende","Provincie West-Vlaanderen","Province de Flandre occidentale","Vlaams Gewest","Région flamande","<5"
"2020-03-15","35006","Ichtegem","Ichtegem","Arrondissement Oostende","Arrondissement d’Ostende","Provincie West-Vlaanderen","Province de Flandre occidentale","Vlaams Gewest","Région flamande","<5"
"2020-03-15","35011","Middelkerke","Middelkerke","Arrondissement Oostende","Arrondissement d’Ostende","Provincie West-Vlaanderen","Province de Flandre occidentale","Vlaams Gewest","Région flamande","<5"
"2020-03-15","35014","Oudenburg","Oudenburg","Arrondissement Oostende","Arrondissement d’Ostende","Provincie West-Vlaanderen","Province de Flandre occidentale","Vlaams Gewest","Région flamande","<5"
"2020-03-15","37011","Pittem","Pittem","Arrondissement Tielt","Arrondissement de Tielt","Provincie West-Vlaanderen","Province de Flandre occidentale","Vlaams Gewest","Région flamande","<5"
"2020-03-15","38025","Veurne","Furnes","Arrondissement Veurne","Arrondissement de Furnes","Provincie West-Vlaanderen","Province de Flandre occidentale","Vlaams Gewest","Région flamande","<5"
"2020-03-15","41027","Herzele","Herzele","Arrondissement Aalst","Arrondissement d’Alost","Provincie Oost-Vlaanderen","Province de Flandre orientale","Vlaams Gewest","Région flamande","<5"
"2020-03-15","41081","Zottegem","Zottegem","Arrondissement Aalst","Arrondissement d’Alost","Provincie Oost-Vlaanderen","Province de Flandre orientale","Vlaams Gewest","Région flamande","<5"
"2020-03-15","42025","Wetteren","Wetteren","Arrondissement Dendermonde","Arrondissement de Termonde","Provincie Oost-Vlaanderen","Province de Flandre orientale","Vlaams Gewest","Région flamande","<5"
"2020-03-15","42026","Wichelen","Wichelen","Arrondissement Dendermonde","Arrondissement de Termonde","Provincie Oost-Vlaanderen","Province de Flandre orientale","Vlaams Gewest","Région flamande","<5"
"2020-03-15","43010","Maldegem","Maldegem","Arrondissement Eeklo","Arrondissement d’Eeklo","Provincie Oost-Vlaanderen","Province de Flandre orientale","Vlaams Gewest","Région flamande","<5"
"2020-03-15","44021","Gent","Gand","Arrondissement Gent","Arrondissement de Gand","Provincie Oost-Vlaanderen","Province de Flandre orientale","Vlaams Gewest","Région flamande","5"
"2020-03-15","44040","Melle","Melle","Arrondissement Gent","Arrondissement de Gand","Provincie Oost-Vlaanderen","Province de Flandre orientale","Vlaams Gewest","Région flamande","<5"
"2020-03-15","44043","Merelbeke","Merelbeke","Arrondissement Gent","Arrondissement de Gand","Provincie Oost-Vlaanderen","Province de Flandre orientale","Vlaams Gewest","Région flamande","<5"
"2020-03-15","44052","Oosterzele","Oosterzele","Arrondissement Gent","Arrondissement de Gand","Provincie Oost-Vlaanderen","Province de Flandre orientale","Vlaams Gewest","Région flamande","<5"
"2020-03-15","44064","Sint-Martens-Latem","Sint-Martens-Latem","Arrondissement Gent","Arrondissement de Gand","Provincie Oost-Vlaanderen","Province de Flandre orientale","Vlaams Gewest","Région flamande","<5"
"2020-03-15","44084","Aalter","Aalter","Arrondissement Gent","Arrondissement de Gand","Provincie Oost-Vlaanderen","Province de Flandre orientale","Vlaams Gewest","Région flamande","<5"
"2020-03-15","46013","Kruibeke","Kruibeke","Arrondissement Sint-Niklaas","Arrondissement de Saint-Nicolas","Provincie Oost-Vlaanderen","Province de Flandre orientale","Vlaams Gewest","Région flamande","<5"
"2020-03-15","46014","Lokeren","Lokeren","Arrondissement Sint-Niklaas","Arrondissement de Saint-Nicolas","Provincie Oost-Vlaanderen","Province de Flandre orientale","Vlaams Gewest","Région flamande","<5"
"2020-03-15","46025","Temse","Tamise","Arrondissement Sint-Niklaas","Arrondissement de Saint-Nicolas","Provincie Oost-Vlaanderen","Province de Flandre orientale","Vlaams Gewest","Région flamande","<5"
"2020-03-15","51067","Edingen","Enghien","Arrondissement Aat","Arrondissement d’Ath","Provincie Henegouwen","Province du Hainaut","Waals Gewest","Région wallonne","<5"
"2020-03-15","52011","Charleroi","Charleroi","Arrondissement Charleroi","Arrondissement de Charleroi","Provincie Henegouwen","Province du Hainaut","Waals Gewest","Région wallonne","5"
"2020-03-15","53020","Dour","Dour","Arrondissement Bergen","Arrondissement de Mons","Provincie Henegouwen","Province du Hainaut","Waals Gewest","Région wallonne","<5"
"2020-03-15","53028","Frameries","Frameries","Arrondissement Bergen","Arrondissement de Mons","Provincie Henegouwen","Province du Hainaut","Waals Gewest","Région wallonne","<5"
"2020-03-15","53046","Lens","Lens","Arrondissement Bergen","Arrondissement de Mons","Provincie Henegouwen","Province du Hainaut","Waals Gewest","Région wallonne","<5"
"2020-03-15","53053","Bergen","Mons","Arrondissement Bergen","Arrondissement de Mons","Provincie Henegouwen","Province du Hainaut","Waals Gewest","Région wallonne","6"
"2020-03-15","53065","Quaregnon","Quaregnon","Arrondissement Bergen","Arrondissement de Mons","Provincie Henegouwen","Province du Hainaut","Waals Gewest","Région wallonne","<5"
"2020-03-15","53068","Quiévrain","Quiévrain","Arrondissement Bergen","Arrondissement de Mons","Provincie Henegouwen","Province du Hainaut","Waals Gewest","Région wallonne","<5"
"2020-03-15","53070","Saint-Ghislain","Saint-Ghislain","Arrondissement Bergen","Arrondissement de Mons","Provincie Henegouwen","Province du Hainaut","Waals Gewest","Région wallonne","<5"
"2020-03-15","53082","Colfontaine","Colfontaine","Arrondissement Bergen","Arrondissement de Mons","Provincie Henegouwen","Province du Hainaut","Waals Gewest","Région wallonne","<5"
"2020-03-15","53083","Honnelles","Honnelles","Arrondissement Bergen","Arrondissement de Mons","Provincie Henegouwen","Province du Hainaut","Waals Gewest","Région wallonne","<5"
"2020-03-15","53084","Quévy","Quévy","Arrondissement Bergen","Arrondissement de Mons","Provincie Henegouwen","Province du Hainaut","Waals Gewest","Région wallonne","<5"
"2020-03-15","58001","La Louvière","La Louvière","Arrondissement La Louvière","Arrondissement de La Louvière","Provincie Henegouwen","Province du Hainaut","Waals Gewest","Région wallonne","<5"
"2020-03-15","62015","Beyne-Heusay","Beyne-Heusay","Arrondissement Luik","Arrondissement de Liège","Provincie Luik","Province de Liège","Waals Gewest","Région wallonne","<5"
"2020-03-15","62022","Chaudfontaine","Chaudfontaine","Arrondissement Luik","Arrondissement de Liège","Provincie Luik","Province de Liège","Waals Gewest","Région wallonne","<5"
"2020-03-15","62038","Fléron","Fléron","Arrondissement Luik","Arrondissement de Liège","Provincie Luik","Province de Liège","Waals Gewest","Région wallonne","<5"
"2020-03-15","62051","Herstal","Herstal","Arrondissement Luik","Arrondissement de Liège","Provincie Luik","Province de Liège","Waals Gewest","Région wallonne","<5"
"2020-03-15","62063","Luik","Liège","Arrondissement Luik","Arrondissement de Liège","Provincie Luik","Province de Liège","Waals Gewest","Région wallonne","<5"
"2020-03-15","62079","Oupeye","Oupeye","Arrondissement Luik","Arrondissement de Liège","Provincie Luik","Province de Liège","Waals Gewest","Région wallonne","<5"
"2020-03-15","62096","Seraing","Seraing","Arrondissement Luik","Arrondissement de Liège","Provincie Luik","Province de Liège","Waals Gewest","Région wallonne","<5"
"2020-03-15","62100","Sprimont","Sprimont","Arrondissement Luik","Arrondissement de Liège","Provincie Luik","Province de Liège","Waals Gewest","Région wallonne","<5"
"2020-03-15","63049","Malmedy","Malmedy","Arrondissement Verviers","Arrondissement de Verviers","Provincie Luik","Province de Liège","Waals Gewest","Région wallonne","<5"
"2020-03-15","63079","Verviers","Verviers","Arrondissement Verviers","Arrondissement de Verviers","Provincie Luik","Province de Liège","Waals Gewest","Région wallonne","<5"
"2020-03-15","71004","Beringen","Beringen","Arrondissement Hasselt","Arrondissement de Hasselt","Provincie Limburg","Province du Limbourg","Vlaams Gewest","Région flamande","<5"
"2020-03-15","71011","Diepenbeek","Diepenbeek","Arrondissement Hasselt","Arrondissement de Hasselt","Provincie Limburg","Province du Limbourg","Vlaams Gewest","Région flamande","<5"
"2020-03-15","71016","Genk","Genk","Arrondissement Hasselt","Arrondissement de Hasselt","Provincie Limburg","Province du Limbourg","Vlaams Gewest","Région flamande","<5"
"2020-03-15","71017","Gingelom","Gingelom","Arrondissement Hasselt","Arrondissement de Hasselt","Provincie Limburg","Province du Limbourg","Vlaams Gewest","Région flamande","<5"
"2020-03-15","71020","Halen","Halen","Arrondissement Hasselt","Arrondissement de Hasselt","Provincie Limburg","Province du Limbourg","Vlaams Gewest","Région flamande","<5"
"2020-03-15","71022","Hasselt","Hasselt","Arrondissement Hasselt","Arrondissement de Hasselt","Provincie Limburg","Province du Limbourg","Vlaams Gewest","Région flamande","7"
"2020-03-15","71037","Lummen","Lummen","Arrondissement Hasselt","Arrondissement de Hasselt","Provincie Limburg","Province du Limbourg","Vlaams Gewest","Région flamande","<5"
"2020-03-15","71053","Sint-Truiden","Saint-Trond","Arrondissement Hasselt","Arrondissement de Hasselt","Provincie Limburg","Province du Limbourg","Vlaams Gewest","Région flamande","8"
"2020-03-15","71066","Zonhoven","Zonhoven","Arrondissement Hasselt","Arrondissement de Hasselt","Provincie Limburg","Province du Limbourg","Vlaams Gewest","Région flamande","<5"
"2020-03-15","71069","Ham","Ham","Arrondissement Hasselt","Arrondissement de Hasselt","Provincie Limburg","Province du Limbourg","Vlaams Gewest","Région flamande","<5"
"2020-03-15","72020","Lommel","Lommel","Arrondissement Maaseik","Arrondissement de Maaseik","Provincie Limburg","Province du Limbourg","Vlaams Gewest","Région flamande","<5"
"2020-03-15","72039","Houthalen-Helchteren","Houthalen-Helchteren","Arrondissement Maaseik","Arrondissement de Maaseik","Provincie Limburg","Province du Limbourg","Vlaams Gewest","Région flamande","<5"
"2020-03-15","73001","Alken","Alken","Arrondissement Tongeren","Arrondissement de Tongres","Provincie Limburg","Province du Limbourg","Vlaams Gewest","Région flamande","<5"
"2020-03-15","73006","Bilzen","Bilzen","Arrondissement Tongeren","Arrondissement de Tongres","Provincie Limburg","Province du Limbourg","Vlaams Gewest","Région flamande","<5"
"2020-03-15","73009","Borgloon","Looz","Arrondissement Tongeren","Arrondissement de Tongres","Provincie Limburg","Province du Limbourg","Vlaams Gewest","Région flamande","<5"
"2020-03-15","73083","Tongeren","Tongres","Arrondissement Tongeren","Arrondissement de Tongres","Provincie Limburg","Province du Limbourg","Vlaams Gewest","Région flamande","<5"
"2020-03-15","73098","Wellen","Wellen","Arrondissement Tongeren","Arrondissement de Tongres","Provincie Limburg","Province du Limbourg","Vlaams Gewest","Région flamande","<5"
"2020-03-15","73107","Maasmechelen","Maasmechelen","Arrondissement Tongeren","Arrondissement de Tongres","Provincie Limburg","Province du Limbourg","Vlaams Gewest","Région flamande","<5"
"2020-03-15","82032","Vielsalm","Vielsalm","Arrondissement Bastenaken","Arrondissement de Bastogne","Provincie Luxemburg","Province du Luxembourg","Waals Gewest","Région wallonne","<5"
"2020-03-15","92003","Andenne","Andenne","Arrondissement Namen","Arrondissement de Namur","Provincie Namen","Province de Namur","Waals Gewest","Région wallonne","<5"
"2020-03-15",NA,NA,NA,NA,NA,NA,NA,NA,NA,"10"
"2020-03-16","11002","Antwerpen","Anvers","Arrondissement Antwerpen","Arrondissement d’Anvers","Provincie Antwerpen","Province d’Anvers","Vlaams Gewest","Région flamande","18"
"2020-03-16","11016","Essen","Essen","Arrondissement Antwerpen","Arrondissement d’Anvers","Provincie Antwerpen","Province d’Anvers","Vlaams Gewest","Région flamande","<5"
"2020-03-16","11021","Hove (Antwerpen)","Hove (Anvers)","Arrondissement Antwerpen","Arrondissement d’Anvers","Provincie Antwerpen","Province d’Anvers","Vlaams Gewest","Région flamande","<5"
"2020-03-16","11023","Kapellen (Antwerpen)","Kapellen (Anvers)","Arrondissement Antwerpen","Arrondissement d’Anvers","Provincie Antwerpen","Province d’Anvers","Vlaams Gewest","Région flamande","<5"
"2020-03-16","11030","Niel","Niel","Arrondissement Antwerpen","Arrondissement d’Anvers","Provincie Antwerpen","Province d’Anvers","Vlaams Gewest","Région flamande","<5"
"2020-03-16","11037","Rumst","Rumst","Arrondissement Antwerpen","Arrondissement d’Anvers","Provincie Antwerpen","Province d’Anvers","Vlaams Gewest","Région flamande","<5"
"2020-03-16","11038","Schelle","Schelle","Arrondissement Antwerpen","Arrondissement d’Anvers","Provincie Antwerpen","Province d’Anvers","Vlaams Gewest","Région flamande","<5"
"2020-03-16","11039","Schilde","Schilde","Arrondissement Antwerpen","Arrondissement d’Anvers","Provincie Antwerpen","Province d’Anvers","Vlaams Gewest","Région flamande","<5"
"2020-03-16","11040","Schoten","Schoten","Arrondissement Antwerpen","Arrondissement d’Anvers","Provincie Antwerpen","Province d’Anvers","Vlaams Gewest","Région flamande","<5"
"2020-03-16","11053","Wuustwezel","Wuustwezel","Arrondissement Antwerpen","Arrondissement d’Anvers","Provincie Antwerpen","Province d’Anvers","Vlaams Gewest","Région flamande","<5"
"2020-03-16","11055","Zoersel","Zoersel","Arrondissement Antwerpen","Arrondissement d’Anvers","Provincie Antwerpen","Province d’Anvers","Vlaams Gewest","Région flamande","<5"
"2020-03-16","12007","Bornem","Bornem","Arrondissement Mechelen","Arrondissement de Malines","Provincie Antwerpen","Province d’Anvers","Vlaams Gewest","Région flamande","<5"
"2020-03-16","12009","Duffel","Duffel","Arrondissement Mechelen","Arrondissement de Malines","Provincie Antwerpen","Province d’Anvers","Vlaams Gewest","Région flamande","<5"
"2020-03-16","12026","Nijlen","Nijlen","Arrondissement Mechelen","Arrondissement de Malines","Provincie Antwerpen","Province d’Anvers","Vlaams Gewest","Région flamande","<5"
"2020-03-16","12029","Putte","Putte","Arrondissement Mechelen","Arrondissement de Malines","Provincie Antwerpen","Province d’Anvers","Vlaams Gewest","Région flamande","<5"
"2020-03-16","12035","Sint-Katelijne-Waver","Sint-Katelijne-Waver","Arrondissement Mechelen","Arrondissement de Malines","Provincie Antwerpen","Province d’Anvers","Vlaams Gewest","Région flamande","<5"
"2020-03-16","12040","Willebroek","Willebroek","Arrondissement Mechelen","Arrondissement de Malines","Provincie Antwerpen","Province d’Anvers","Vlaams Gewest","Région flamande","<5"
"2020-03-16","12041","Puurs-Sint-Amands","Puurs-Sint-Amands","Arrondissement Mechelen","Arrondissement de Malines","Provincie Antwerpen","Province d’Anvers","Vlaams Gewest","Région flamande","<5"
"2020-03-16","13004","Beerse","Beerse","Arrondissement Turnhout","Arrondissement de Turnhout","Provincie Antwerpen","Province d’Anvers","Vlaams Gewest","Région flamande","<5"
"2020-03-16","13008","Geel","Geel","Arrondissement Turnhout","Arrondissement de Turnhout","Provincie Antwerpen","Province d’Anvers","Vlaams Gewest","Région flamande","<5"
"2020-03-16","13010","Grobbendonk","Grobbendonk","Arrondissement Turnhout","Arrondissement de Turnhout","Provincie Antwerpen","Province d’Anvers","Vlaams Gewest","Région flamande","<5"
"2020-03-16","13012","Herenthout","Herenthout","Arrondissement Turnhout","Arrondissement de Turnhout","Provincie Antwerpen","Province d’Anvers","Vlaams Gewest","Région flamande","<5"
"2020-03-16","13013","Herselt","Herselt","Arrondissement Turnhout","Arrondissement de Turnhout","Provincie Antwerpen","Province d’Anvers","Vlaams Gewest","Région flamande","<5"
"2020-03-16","13014","Hoogstraten","Hoogstraten","Arrondissement Turnhout","Arrondissement de Turnhout","Provincie Antwerpen","Province d’Anvers","Vlaams Gewest","Région flamande","<5"
"2020-03-16","13049","Westerlo","Westerlo","Arrondissement Turnhout","Arrondissement de Turnhout","Provincie Antwerpen","Province d’Anvers","Vlaams Gewest","Région flamande","<5"
"2020-03-16","13053","Laakdal","Laakdal","Arrondissement Turnhout","Arrondissement de Turnhout","Provincie Antwerpen","Province d’Anvers","Vlaams Gewest","Région flamande","<5"
"2020-03-16","21001","Anderlecht","Anderlecht","Arrondissement Brussel-Hoofdstad","Arrondissement de Bruxelles-Capitale",NA,NA,"Brussels Hoofdstedelijk Gewest","Région de Bruxelles-Capitale","7"
"2020-03-16","21002","Oudergem","Auderghem","Arrondissement Brussel-Hoofdstad","Arrondissement de Bruxelles-Capitale",NA,NA,"Brussels Hoofdstedelijk Gewest","Région de Bruxelles-Capitale","<5"
"2020-03-16","21003","Sint-Agatha-Berchem","Berchem-Sainte-Agathe","Arrondissement Brussel-Hoofdstad","Arrondissement de Bruxelles-Capitale",NA,NA,"Brussels Hoofdstedelijk Gewest","Région de Bruxelles-Capitale","<5"
"2020-03-16","21004","Brussel","Bruxelles","Arrondissement Brussel-Hoofdstad","Arrondissement de Bruxelles-Capitale",NA,NA,"Brussels Hoofdstedelijk Gewest","Région de Bruxelles-Capitale","6"
"2020-03-16","21005","Etterbeek","Etterbeek","Arrondissement Brussel-Hoofdstad","Arrondissement de Bruxelles-Capitale",NA,NA,"Brussels Hoofdstedelijk Gewest","Région de Bruxelles-Capitale","<5"
"2020-03-16","21006","Evere","Evere","Arrondissement Brussel-Hoofdstad","Arrondissement de Bruxelles-Capitale",NA,NA,"Brussels Hoofdstedelijk Gewest","Région de Bruxelles-Capitale","<5"
"2020-03-16","21007","Vorst (Brussel-Hoofdstad)","Forest (Bruxelles-Capitale)","Arrondissement Brussel-Hoofdstad","Arrondissement de Bruxelles-Capitale",NA,NA,"Brussels Hoofdstedelijk Gewest","Région de Bruxelles-Capitale","<5"
"2020-03-16","21009","Elsene","Ixelles","Arrondissement Brussel-Hoofdstad","Arrondissement de Bruxelles-Capitale",NA,NA,"Brussels Hoofdstedelijk Gewest","Région de Bruxelles-Capitale","<5"
"2020-03-16","21010","Jette","Jette","Arrondissement Brussel-Hoofdstad","Arrondissement de Bruxelles-Capitale",NA,NA,"Brussels Hoofdstedelijk Gewest","Région de Bruxelles-Capitale","<5"
"2020-03-16","21012","Sint-Jans-Molenbeek","Molenbeek-Saint-Jean","Arrondissement Brussel-Hoofdstad","Arrondissement de Bruxelles-Capitale",NA,NA,"Brussels Hoofdstedelijk Gewest","Région de Bruxelles-Capitale","5"
"2020-03-16","21013","Sint-Gillis","Saint-Gilles","Arrondissement Brussel-Hoofdstad","Arrondissement de Bruxelles-Capitale",NA,NA,"Brussels Hoofdstedelijk Gewest","Région de Bruxelles-Capitale","<5"
"2020-03-16","21015","Schaarbeek","Schaerbeek","Arrondissement Brussel-Hoofdstad","Arrondissement de Bruxelles-Capitale",NA,NA,"Brussels Hoofdstedelijk Gewest","Région de Bruxelles-Capitale","6"
"2020-03-16","21016","Ukkel","Uccle","Arrondissement Brussel-Hoofdstad","Arrondissement de Bruxelles-Capitale",NA,NA,"Brussels Hoofdstedelijk Gewest","Région de Bruxelles-Capitale","<5"
"2020-03-16","21017","Watermaal-Bosvoorde","Watermael-Boitsfort","Arrondissement Brussel-Hoofdstad","Arrondissement de Bruxelles-Capitale",NA,NA,"Brussels Hoofdstedelijk Gewest","Région de Bruxelles-Capitale","<5"
"2020-03-16","21018","Sint-Lambrechts-Woluwe","Woluwe-Saint-Lambert","Arrondissement Brussel-Hoofdstad","Arrondissement de Bruxelles-Capitale",NA,NA,"Brussels Hoofdstedelijk Gewest","Région de Bruxelles-Capitale","6"
"2020-03-16","21019","Sint-Pieters-Woluwe","Woluwe-Saint-Pierre","Arrondissement Brussel-Hoofdstad","Arrondissement de Bruxelles-Capitale",NA,NA,"Brussels Hoofdstedelijk Gewest","Région de Bruxelles-Capitale","5"
"2020-03-16","23002","Asse","Asse","Arrondissement Halle-Vilvoorde","Arrondissement de Hal-Vilvorde","Provincie Vlaams-Brabant","Province du Brabant flamand","Vlaams Gewest","Région flamande","<5"
"2020-03-16","23003","Beersel","Beersel","Arrondissement Halle-Vilvoorde","Arrondissement de Hal-Vilvorde","Provincie Vlaams-Brabant","Province du Brabant flamand","Vlaams Gewest","Région flamande","<5"
"2020-03-16","23016","Dilbeek","Dilbeek","Arrondissement Halle-Vilvoorde","Arrondissement de Hal-Vilvorde","Provincie Vlaams-Brabant","Province du Brabant flamand","Vlaams Gewest","Région flamande","<5"
"2020-03-16","23025","Grimbergen","Grimbergen","Arrondissement Halle-Vilvoorde","Arrondissement de Hal-Vilvorde","Provincie Vlaams-Brabant","Province du Brabant flamand","Vlaams Gewest","Région flamande","<5"
"2020-03-16","23038","Kampenhout","Kampenhout","Arrondissement Halle-Vilvoorde","Arrondissement de Hal-Vilvorde","Provincie Vlaams-Brabant","Province du Brabant flamand","Vlaams Gewest","Région flamande","<5"
"2020-03-16","23039","Kapelle-op-den-Bos","Kapelle-op-den-Bos","Arrondissement Halle-Vilvoorde","Arrondissement de Hal-Vilvorde","Provincie Vlaams-Brabant","Province du Brabant flamand","Vlaams Gewest","Région flamande","<5"
"2020-03-16","23044","Liedekerke","Liedekerke","Arrondissement Halle-Vilvoorde","Arrondissement de Hal-Vilvorde","Provincie Vlaams-Brabant","Province du Brabant flamand","Vlaams Gewest","Région flamande","<5"
"2020-03-16","23062","Overijse","Overijse","Arrondissement Halle-Vilvoorde","Arrondissement de Hal-Vilvorde","Provincie Vlaams-Brabant","Province du Brabant flamand","Vlaams Gewest","Région flamande","<5"
"2020-03-16","23064","Pepingen","Pepingen","Arrondissement Halle-Vilvoorde","Arrondissement de Hal-Vilvorde","Provincie Vlaams-Brabant","Province du Brabant flamand","Vlaams Gewest","Région flamande","<5"
"2020-03-16","23077","Sint-Pieters-Leeuw","Sint-Pieters-Leeuw","Arrondissement Halle-Vilvoorde","Arrondissement de Hal-Vilvorde","Provincie Vlaams-Brabant","Province du Brabant flamand","Vlaams Gewest","Région flamande","<5"
"2020-03-16","23088","Vilvoorde","Vilvorde","Arrondissement Halle-Vilvoorde","Arrondissement de Hal-Vilvorde","Provincie Vlaams-Brabant","Province du Brabant flamand","Vlaams Gewest","Région flamande","<5"
"2020-03-16","23094","Zaventem","Zaventem","Arrondissement Halle-Vilvoorde","Arrondissement de Hal-Vilvorde","Provincie Vlaams-Brabant","Province du Brabant flamand","Vlaams Gewest","Région flamande","<5"
"2020-03-16","23098","Drogenbos","Drogenbos","Arrondissement Halle-Vilvoorde","Arrondissement de Hal-Vilvorde","Provincie Vlaams-Brabant","Province du Brabant flamand","Vlaams Gewest","Région flamande","<5"
"2020-03-16","23099","Kraainem","Kraainem","Arrondissement Halle-Vilvoorde","Arrondissement de Hal-Vilvorde","Provincie Vlaams-Brabant","Province du Brabant flamand","Vlaams Gewest","Région flamande","<5"
"2020-03-16","23101","Sint-Genesius-Rode","Rhode-Saint-Genèse","Arrondissement Halle-Vilvoorde","Arrondissement de Hal-Vilvorde","Provincie Vlaams-Brabant","Province du Brabant flamand","Vlaams Gewest","Région flamande","<5"
"2020-03-16","23104","Lennik","Lennik","Arrondissement Halle-Vilvoorde","Arrondissement de Hal-Vilvorde","Provincie Vlaams-Brabant","Province du Brabant flamand","Vlaams Gewest","Région flamande","<5"
"2020-03-16","23105","Affligem","Affligem","Arrondissement Halle-Vilvoorde","Arrondissement de Hal-Vilvorde","Provincie Vlaams-Brabant","Province du Brabant flamand","Vlaams Gewest","Région flamande","<5"
"2020-03-16","24001","Aarschot","Aarschot","Arrondissement Leuven","Arrondissement de Louvain","Provincie Vlaams-Brabant","Province du Brabant flamand","Vlaams Gewest","Région flamande","<5"
"2020-03-16","24008","Bekkevoort","Bekkevoort","Arrondissement Leuven","Arrondissement de Louvain","Provincie Vlaams-Brabant","Province du Brabant flamand","Vlaams Gewest","Région flamande","<5"
"2020-03-16","24020","Diest","Diest","Arrondissement Leuven","Arrondissement de Louvain","Provincie Vlaams-Brabant","Province du Brabant flamand","Vlaams Gewest","Région flamande","<5"
"2020-03-16","24033","Haacht","Haacht","Arrondissement Leuven","Arrondissement de Louvain","Provincie Vlaams-Brabant","Province du Brabant flamand","Vlaams Gewest","Région flamande","<5"
"2020-03-16","24043","Holsbeek","Holsbeek","Arrondissement Leuven","Arrondissement de Louvain","Provincie Vlaams-Brabant","Province du Brabant flamand","Vlaams Gewest","Région flamande","<5"
"2020-03-16","24054","Kortenaken","Kortenaken","Arrondissement Leuven","Arrondissement de Louvain","Provincie Vlaams-Brabant","Province du Brabant flamand","Vlaams Gewest","Région flamande","<5"
"2020-03-16","24062","Leuven","Louvain","Arrondissement Leuven","Arrondissement de Louvain","Provincie Vlaams-Brabant","Province du Brabant flamand","Vlaams Gewest","Région flamande","<5"
"2020-03-16","24086","Oud-Heverlee","Oud-Heverlee","Arrondissement Leuven","Arrondissement de Louvain","Provincie Vlaams-Brabant","Province du Brabant flamand","Vlaams Gewest","Région flamande","<5"
"2020-03-16","24094","Rotselaar","Rotselaar","Arrondissement Leuven","Arrondissement de Louvain","Provincie Vlaams-Brabant","Province du Brabant flamand","Vlaams Gewest","Région flamande","<5"
"2020-03-16","24107","Tienen","Tirlemont","Arrondissement Leuven","Arrondissement de Louvain","Provincie Vlaams-Brabant","Province du Brabant flamand","Vlaams Gewest","Région flamande","<5"
"2020-03-16","25014","Eigenbrakel","Braine-l’Alleud","Arrondissement Nijvel","Arrondissement de Nivelles","Provincie Waals-Brabant","Province du Brabant wallon","Waals Gewest","Région wallonne","<5"
"2020-03-16","25037","Graven","Grez-Doiceau","Arrondissement Nijvel","Arrondissement de Nivelles","Provincie Waals-Brabant","Province du Brabant wallon","Waals Gewest","Région wallonne","<5"
"2020-03-16","25048","Geldenaken","Jodoigne","Arrondissement Nijvel","Arrondissement de Nivelles","Provincie Waals-Brabant","Province du Brabant wallon","Waals Gewest","Région wallonne","<5"
"2020-03-16","25050","Terhulpen","La Hulpe","Arrondissement Nijvel","Arrondissement de Nivelles","Provincie Waals-Brabant","Province du Brabant wallon","Waals Gewest","Région wallonne","<5"
"2020-03-16","25072","Nijvel","Nivelles","Arrondissement Nijvel","Arrondissement de Nivelles","Provincie Waals-Brabant","Province du Brabant wallon","Waals Gewest","Région wallonne","<5"
"2020-03-16","25105","Tubeke","Tubize","Arrondissement Nijvel","Arrondissement de Nivelles","Provincie Waals-Brabant","Province du Brabant wallon","Waals Gewest","Région wallonne","<5"
"2020-03-16","25110","Waterloo","Waterloo","Arrondissement Nijvel","Arrondissement de Nivelles","Provincie Waals-Brabant","Province du Brabant wallon","Waals Gewest","Région wallonne","<5"
"2020-03-16","25112","Waver","Wavre","Arrondissement Nijvel","Arrondissement de Nivelles","Provincie Waals-Brabant","Province du Brabant wallon","Waals Gewest","Région wallonne","<5"
"2020-03-16","25117","Chastre","Chastre","Arrondissement Nijvel","Arrondissement de Nivelles","Provincie Waals-Brabant","Province du Brabant wallon","Waals Gewest","Région wallonne","<5"
"2020-03-16","25119","Lasne","Lasne","Arrondissement Nijvel","Arrondissement de Nivelles","Provincie Waals-Brabant","Province du Brabant wallon","Waals Gewest","Région wallonne","<5"
"2020-03-16","25121","Ottignies-Louvain-la-Neuve","Ottignies-Louvain-la-Neuve","Arrondissement Nijvel","Arrondissement de Nivelles","Provincie Waals-Brabant","Province du Brabant wallon","Waals Gewest","Région wallonne","<5"
"2020-03-16","31012","Jabbeke","Jabbeke","Arrondissement Brugge","Arrondissement de Bruges","Provincie West-Vlaanderen","Province de Flandre occidentale","Vlaams Gewest","Région flamande","<5"
"2020-03-16","31022","Oostkamp","Oostkamp","Arrondissement Brugge","Arrondissement de Bruges","Provincie West-Vlaanderen","Province de Flandre occidentale","Vlaams Gewest","Région flamande","<5"
"2020-03-16","31033","Torhout","Torhout","Arrondissement Brugge","Arrondissement de Bruges","Provincie West-Vlaanderen","Province de Flandre occidentale","Vlaams Gewest","Région flamande","<5"
"2020-03-16","31043","Knokke-Heist","Knokke-Heist","Arrondissement Brugge","Arrondissement de Bruges","Provincie West-Vlaanderen","Province de Flandre occidentale","Vlaams Gewest","Région flamande","<5"
"2020-03-16","32011","Kortemark","Kortemark","Arrondissement Diksmuide","Arrondissement de Dixmude","Provincie West-Vlaanderen","Province de Flandre occidentale","Vlaams Gewest","Région flamande","<5"
"2020-03-16","33011","Ieper","Ypres","Arrondissement Ieper","Arrondissement d’Ypres","Provincie West-Vlaanderen","Province de Flandre occidentale","Vlaams Gewest","Région flamande","<5"
"2020-03-16","33039","Heuvelland","Heuvelland","Arrondissement Ieper","Arrondissement d’Ypres","Provincie West-Vlaanderen","Province de Flandre occidentale","Vlaams Gewest","Région flamande","<5"
"2020-03-16","34013","Harelbeke","Harelbeke","Arrondissement Kortrijk","Arrondissement de Courtrai","Provincie West-Vlaanderen","Province de Flandre occidentale","Vlaams Gewest","Région flamande","<5"
"2020-03-16","34022","Kortrijk","Courtrai","Arrondissement Kortrijk","Arrondissement de Courtrai","Provincie West-Vlaanderen","Province de Flandre occidentale","Vlaams Gewest","Région flamande","<5"
"2020-03-16","34027","Menen","Menin","Arrondissement Kortrijk","Arrondissement de Courtrai","Provincie West-Vlaanderen","Province de Flandre occidentale","Vlaams Gewest","Région flamande","<5"
"2020-03-16","34040","Waregem","Waregem","Arrondissement Kortrijk","Arrondissement de Courtrai","Provincie West-Vlaanderen","Province de Flandre occidentale","Vlaams Gewest","Région flamande","<5"
"2020-03-16","34041","Wevelgem","Wevelgem","Arrondissement Kortrijk","Arrondissement de Courtrai","Provincie West-Vlaanderen","Province de Flandre occidentale","Vlaams Gewest","Région flamande","<5"
"2020-03-16","35002","Bredene","Bredene","Arrondissement Oostende","Arrondissement d’Ostende","Provincie West-Vlaanderen","Province de Flandre occidentale","Vlaams Gewest","Région flamande","<5"
"2020-03-16","35006","Ichtegem","Ichtegem","Arrondissement Oostende","Arrondissement d’Ostende","Provincie West-Vlaanderen","Province de Flandre occidentale","Vlaams Gewest","Région flamande","<5"
"2020-03-16","35011","Middelkerke","Middelkerke","Arrondissement Oostende","Arrondissement d’Ostende","Provincie West-Vlaanderen","Province de Flandre occidentale","Vlaams Gewest","Région flamande","<5"
"2020-03-16","35013","Oostende","Ostende","Arrondissement Oostende","Arrondissement d’Ostende","Provincie West-Vlaanderen","Province de Flandre occidentale","Vlaams Gewest","Région flamande","9"
"2020-03-16","36008","Izegem","Izegem","Arrondissement Roeselare","Arrondissement de Roulers","Provincie West-Vlaanderen","Province de Flandre occidentale","Vlaams Gewest","Région flamande","<5"
"2020-03-16","36012","Moorslede","Moorslede","Arrondissement Roeselare","Arrondissement de Roulers","Provincie West-Vlaanderen","Province de Flandre occidentale","Vlaams Gewest","Région flamande","<5"
"2020-03-16","36015","Roeselare","Roulers","Arrondissement Roeselare","Arrondissement de Roulers","Provincie West-Vlaanderen","Province de Flandre occidentale","Vlaams Gewest","Région flamande","5"
"2020-03-16","37002","Dentergem","Dentergem","Arrondissement Tielt","Arrondissement de Tielt","Provincie West-Vlaanderen","Province de Flandre occidentale","Vlaams Gewest","Région flamande","<5"
"2020-03-16","38016","Nieuwpoort","Nieuport","Arrondissement Veurne","Arrondissement de Furnes","Provincie West-Vlaanderen","Province de Flandre occidentale","Vlaams Gewest","Région flamande","<5"
"2020-03-16","41002","Aalst (Aalst)","Alost (Alost)","Arrondissement Aalst","Arrondissement d’Alost","Provincie Oost-Vlaanderen","Province de Flandre orientale","Vlaams Gewest","Région flamande","<5"
"2020-03-16","41034","Lede","Lede","Arrondissement Aalst","Arrondissement d’Alost","Provincie Oost-Vlaanderen","Province de Flandre orientale","Vlaams Gewest","Région flamande","<5"
"2020-03-16","41082","Erpe-Mere","Erpe-Mere","Arrondissement Aalst","Arrondissement d’Alost","Provincie Oost-Vlaanderen","Province de Flandre orientale","Vlaams Gewest","Région flamande","<5"
"2020-03-16","42008","Hamme (Dendermonde)","Hamme (Termonde)","Arrondissement Dendermonde","Arrondissement de Termonde","Provincie Oost-Vlaanderen","Province de Flandre orientale","Vlaams Gewest","Région flamande","<5"
"2020-03-16","42010","Laarne","Laarne","Arrondissement Dendermonde","Arrondissement de Termonde","Provincie Oost-Vlaanderen","Province de Flandre orientale","Vlaams Gewest","Région flamande","<5"
"2020-03-16","42011","Lebbeke","Lebbeke","Arrondissement Dendermonde","Arrondissement de Termonde","Provincie Oost-Vlaanderen","Province de Flandre orientale","Vlaams Gewest","Région flamande","<5"
"2020-03-16","42026","Wichelen","Wichelen","Arrondissement Dendermonde","Arrondissement de Termonde","Provincie Oost-Vlaanderen","Province de Flandre orientale","Vlaams Gewest","Région flamande","<5"
"2020-03-16","44021","Gent","Gand","Arrondissement Gent","Arrondissement de Gand","Provincie Oost-Vlaanderen","Province de Flandre orientale","Vlaams Gewest","Région flamande","9"
"2020-03-16","44052","Oosterzele","Oosterzele","Arrondissement Gent","Arrondissement de Gand","Provincie Oost-Vlaanderen","Province de Flandre orientale","Vlaams Gewest","Région flamande","<5"
"2020-03-16","44081","Zulte","Zulte","Arrondissement Gent","Arrondissement de Gand","Provincie Oost-Vlaanderen","Province de Flandre orientale","Vlaams Gewest","Région flamande","<5"
"2020-03-16","44084","Aalter","Aalter","Arrondissement Gent","Arrondissement de Gand","Provincie Oost-Vlaanderen","Province de Flandre orientale","Vlaams Gewest","Région flamande","<5"
"2020-03-16","44085","Lievegem","Lievegem","Arrondissement Gent","Arrondissement de Gand","Provincie Oost-Vlaanderen","Province de Flandre orientale","Vlaams Gewest","Région flamande","<5"
"2020-03-16","45059","Brakel","Brakel","Arrondissement Oudenaarde","Arrondissement d’Audenarde","Provincie Oost-Vlaanderen","Province de Flandre orientale","Vlaams Gewest","Région flamande","<5"
"2020-03-16","46003","Beveren (Sint-Niklaas)","Beveren (Saint-Nicolas)","Arrondissement Sint-Niklaas","Arrondissement de Saint-Nicolas","Provincie Oost-Vlaanderen","Province de Flandre orientale","Vlaams Gewest","Région flamande","<5"
"2020-03-16","46013","Kruibeke","Kruibeke","Arrondissement Sint-Niklaas","Arrondissement de Saint-Nicolas","Provincie Oost-Vlaanderen","Province de Flandre orientale","Vlaams Gewest","Région flamande","<5"
"2020-03-16","46014","Lokeren","Lokeren","Arrondissement Sint-Niklaas","Arrondissement de Saint-Nicolas","Provincie Oost-Vlaanderen","Province de Flandre orientale","Vlaams Gewest","Région flamande","<5"
"2020-03-16","46021","Sint-Niklaas (Sint-Niklaas)","Saint-Nicolas (Saint-Nicolas)","Arrondissement Sint-Niklaas","Arrondissement de Saint-Nicolas","Provincie Oost-Vlaanderen","Province de Flandre orientale","Vlaams Gewest","Région flamande","<5"
"2020-03-16","52011","Charleroi","Charleroi","Arrondissement Charleroi","Arrondissement de Charleroi","Provincie Henegouwen","Province du Hainaut","Waals Gewest","Région wallonne","<5"
"2020-03-16","52012","Châtelet","Châtelet","Arrondissement Charleroi","Arrondissement de Charleroi","Provincie Henegouwen","Province du Hainaut","Waals Gewest","Région wallonne","<5"
"2020-03-16","52022","Fontaine-l’Evêque","Fontaine-l’Evêque","Arrondissement Charleroi","Arrondissement de Charleroi","Provincie Henegouwen","Province du Hainaut","Waals Gewest","Région wallonne","<5"
"2020-03-16","52025","Gerpinnes","Gerpinnes","Arrondissement Charleroi","Arrondissement de Charleroi","Provincie Henegouwen","Province du Hainaut","Waals Gewest","Région wallonne","<5"
"2020-03-16","52048","Montigny-le-Tilleul","Montigny-le-Tilleul","Arrondissement Charleroi","Arrondissement de Charleroi","Provincie Henegouwen","Province du Hainaut","Waals Gewest","Région wallonne","<5"
"2020-03-16","52074","Aiseau-Presles","Aiseau-Presles","Arrondissement Charleroi","Arrondissement de Charleroi","Provincie Henegouwen","Province du Hainaut","Waals Gewest","Région wallonne","<5"
"2020-03-16","52075","Les Bons Villers","Les Bons Villers","Arrondissement Charleroi","Arrondissement de Charleroi","Provincie Henegouwen","Province du Hainaut","Waals Gewest","Région wallonne","<5"
"2020-03-16","53014","Boussu","Boussu","Arrondissement Bergen","Arrondissement de Mons","Provincie Henegouwen","Province du Hainaut","Waals Gewest","Région wallonne","<5"
"2020-03-16","53020","Dour","Dour","Arrondissement Bergen","Arrondissement de Mons","Provincie Henegouwen","Province du Hainaut","Waals Gewest","Région wallonne","<5"
"2020-03-16","53028","Frameries","Frameries","Arrondissement Bergen","Arrondissement de Mons","Provincie Henegouwen","Province du Hainaut","Waals Gewest","Région wallonne","<5"
"2020-03-16","53053","Bergen","Mons","Arrondissement Bergen","Arrondissement de Mons","Provincie Henegouwen","Province du Hainaut","Waals Gewest","Région wallonne","14"
"2020-03-16","53065","Quaregnon","Quaregnon","Arrondissement Bergen","Arrondissement de Mons","Provincie Henegouwen","Province du Hainaut","Waals Gewest","Région wallonne","<5"
"2020-03-16","53070","Saint-Ghislain","Saint-Ghislain","Arrondissement Bergen","Arrondissement de Mons","Provincie Henegouwen","Province du Hainaut","Waals Gewest","Région wallonne","<5"
"2020-03-16","53082","Colfontaine","Colfontaine","Arrondissement Bergen","Arrondissement de Mons","Provincie Henegouwen","Province du Hainaut","Waals Gewest","Région wallonne","5"
"2020-03-16","53083","Honnelles","Honnelles","Arrondissement Bergen","Arrondissement de Mons","Provincie Henegouwen","Province du Hainaut","Waals Gewest","Région wallonne","<5"
"2020-03-16","53084","Quévy","Quévy","Arrondissement Bergen","Arrondissement de Mons","Provincie Henegouwen","Province du Hainaut","Waals Gewest","Région wallonne","<5"
"2020-03-16","55004","’s Gravenbrakel","Braine-le-Comte","Arrondissement Zinnik","Arrondissement de Soignies","Provincie Henegouwen","Province du Hainaut","Waals Gewest","Région wallonne","<5"
"2020-03-16","55035","Le Roeulx","Le Roeulx","Arrondissement Zinnik","Arrondissement de Soignies","Provincie Henegouwen","Province du Hainaut","Waals Gewest","Région wallonne","<5"
"2020-03-16","55040","Zinnik","Soignies","Arrondissement Zinnik","Arrondissement de Soignies","Provincie Henegouwen","Province du Hainaut","Waals Gewest","Région wallonne","<5"
"2020-03-16","55050","Ecaussinnes","Ecaussinnes","Arrondissement Zinnik","Arrondissement de Soignies","Provincie Henegouwen","Province du Hainaut","Waals Gewest","Région wallonne","<5"
"2020-03-16","57081","Doornik","Tournai","Arrondissement Doornik-Moeskroen","Arrondissement de Tournai-Mouscron","Provincie Henegouwen","Province du Hainaut","Waals Gewest","Région wallonne","<5"
"2020-03-16","57096","Moeskroen","Mouscron","Arrondissement Doornik-Moeskroen","Arrondissement de Tournai-Mouscron","Provincie Henegouwen","Province du Hainaut","Waals Gewest","Région wallonne","<5"
"2020-03-16","58001","La Louvière","La Louvière","Arrondissement La Louvière","Arrondissement de La Louvière","Provincie Henegouwen","Province du Hainaut","Waals Gewest","Région wallonne","<5"
"2020-03-16","58004","Morlanwelz","Morlanwelz","Arrondissement La Louvière","Arrondissement de La Louvière","Provincie Henegouwen","Province du Hainaut","Waals Gewest","Région wallonne","<5"
"2020-03-16","61048","Ouffet","Ouffet","Arrondissement Hoei","Arrondissement de Huy","Provincie Luik","Province de Liège","Waals Gewest","Région wallonne","<5"
"2020-03-16","61063","Verlaine","Verlaine","Arrondissement Hoei","Arrondissement de Huy","Provincie Luik","Province de Liège","Waals Gewest","Région wallonne","<5"
"2020-03-16","61072","Wanze","Wanze","Arrondissement Hoei","Arrondissement de Huy","Provincie Luik","Province de Liège","Waals Gewest","Région wallonne","<5"
"2020-03-16","61079","Anthisnes","Anthisnes","Arrondissement Hoei","Arrondissement de Huy","Provincie Luik","Province de Liège","Waals Gewest","Région wallonne","<5"
"2020-03-16","62009","Aywaille","Aywaille","Arrondissement Luik","Arrondissement de Liège","Provincie Luik","Province de Liège","Waals Gewest","Région wallonne","<5"
"2020-03-16","62022","Chaudfontaine","Chaudfontaine","Arrondissement Luik","Arrondissement de Liège","Provincie Luik","Province de Liège","Waals Gewest","Région wallonne","<5"
"2020-03-16","62027","Dalhem","Dalhem","Arrondissement Luik","Arrondissement de Liège","Provincie Luik","Province de Liège","Waals Gewest","Région wallonne","<5"
"2020-03-16","62032","Esneux","Esneux","Arrondissement Luik","Arrondissement de Liège","Provincie Luik","Province de Liège","Waals Gewest","Région wallonne","<5"
"2020-03-16","62038","Fléron","Fléron","Arrondissement Luik","Arrondissement de Liège","Provincie Luik","Province de Liège","Waals Gewest","Région wallonne","<5"
"2020-03-16","62051","Herstal","Herstal","Arrondissement Luik","Arrondissement de Liège","Provincie Luik","Province de Liège","Waals Gewest","Région wallonne","<5"
"2020-03-16","62060","Juprelle","Juprelle","Arrondissement Luik","Arrondissement de Liège","Provincie Luik","Province de Liège","Waals Gewest","Région wallonne","<5"
"2020-03-16","62063","Luik","Liège","Arrondissement Luik","Arrondissement de Liège","Provincie Luik","Province de Liège","Waals Gewest","Région wallonne","10"
"2020-03-16","62079","Oupeye","Oupeye","Arrondissement Luik","Arrondissement de Liège","Provincie Luik","Province de Liège","Waals Gewest","Région wallonne","<5"
"2020-03-16","62093","Saint-Nicolas (Luik)","Saint-Nicolas (Liège)","Arrondissement Luik","Arrondissement de Liège","Provincie Luik","Province de Liège","Waals Gewest","Région wallonne","<5"
"2020-03-16","62096","Seraing","Seraing","Arrondissement Luik","Arrondissement de Liège","Provincie Luik","Province de Liège","Waals Gewest","Région wallonne","<5"
"2020-03-16","62100","Sprimont","Sprimont","Arrondissement Luik","Arrondissement de Liège","Provincie Luik","Province de Liège","Waals Gewest","Région wallonne","<5"
"2020-03-16","62108","Wezet","Visé","Arrondissement Luik","Arrondissement de Liège","Provincie Luik","Province de Liège","Waals Gewest","Région wallonne","<5"
"2020-03-16","62118","Grâce-Hollogne","Grâce-Hollogne","Arrondissement Luik","Arrondissement de Liège","Provincie Luik","Province de Liège","Waals Gewest","Région wallonne","<5"
"2020-03-16","62119","Blegny","Blegny","Arrondissement Luik","Arrondissement de Liège","Provincie Luik","Province de Liège","Waals Gewest","Région wallonne","<5"
"2020-03-16","62120","Flémalle","Flémalle","Arrondissement Luik","Arrondissement de Liège","Provincie Luik","Province de Liège","Waals Gewest","Région wallonne","<5"
"2020-03-16","63001","Amel","Amblève","Arrondissement Verviers","Arrondissement de Verviers","Provincie Luik","Province de Liège","Waals Gewest","Région wallonne","<5"
"2020-03-16","63038","Jalhay","Jalhay","Arrondissement Verviers","Arrondissement de Verviers","Provincie Luik","Province de Liège","Waals Gewest","Région wallonne","<5"
"2020-03-16","63040","Kelmis","La Calamine","Arrondissement Verviers","Arrondissement de Verviers","Provincie Luik","Province de Liège","Waals Gewest","Région wallonne","<5"
"2020-03-16","63067","Sankt Vith","Saint-Vith","Arrondissement Verviers","Arrondissement de Verviers","Provincie Luik","Province de Liège","Waals Gewest","Région wallonne","<5"
"2020-03-16","63076","Theux","Theux","Arrondissement Verviers","Arrondissement de Verviers","Provincie Luik","Province de Liège","Waals Gewest","Région wallonne","<5"
"2020-03-16","63079","Verviers","Verviers","Arrondissement Verviers","Arrondissement de Verviers","Provincie Luik","Province de Liège","Waals Gewest","Région wallonne","<5"
"2020-03-16","64074","Borgworm","Waremme","Arrondissement Borgworm","Arrondissement de Waremme","Provincie Luik","Province de Liège","Waals Gewest","Région wallonne","<5"
"2020-03-16","64076","Faimes","Faimes","Arrondissement Borgworm","Arrondissement de Waremme","Provincie Luik","Province de Liège","Waals Gewest","Région wallonne","<5"
"2020-03-16","71002","As","As","Arrondissement Hasselt","Arrondissement de Hasselt","Provincie Limburg","Province du Limbourg","Vlaams Gewest","Région flamande","<5"
"2020-03-16","71004","Beringen","Beringen","Arrondissement Hasselt","Arrondissement de Hasselt","Provincie Limburg","Province du Limbourg","Vlaams Gewest","Région flamande","<5"
"2020-03-16","71011","Diepenbeek","Diepenbeek","Arrondissement Hasselt","Arrondissement de Hasselt","Provincie Limburg","Province du Limbourg","Vlaams Gewest","Région flamande","<5"
"2020-03-16","71016","Genk","Genk","Arrondissement Hasselt","Arrondissement de Hasselt","Provincie Limburg","Province du Limbourg","Vlaams Gewest","Région flamande","<5"
"2020-03-16","71020","Halen","Halen","Arrondissement Hasselt","Arrondissement de Hasselt","Provincie Limburg","Province du Limbourg","Vlaams Gewest","Région flamande","<5"
"2020-03-16","71022","Hasselt","Hasselt","Arrondissement Hasselt","Arrondissement de Hasselt","Provincie Limburg","Province du Limbourg","Vlaams Gewest","Région flamande","<5"
"2020-03-16","71053","Sint-Truiden","Saint-Trond","Arrondissement Hasselt","Arrondissement de Hasselt","Provincie Limburg","Province du Limbourg","Vlaams Gewest","Région flamande","<5"
"2020-03-16","71057","Tessenderlo","Tessenderlo","Arrondissement Hasselt","Arrondissement de Hasselt","Provincie Limburg","Province du Limbourg","Vlaams Gewest","Région flamande","<5"
"2020-03-16","71067","Zutendaal","Zutendaal","Arrondissement Hasselt","Arrondissement de Hasselt","Provincie Limburg","Province du Limbourg","Vlaams Gewest","Région flamande","<5"
"2020-03-16","71070","Heusden-Zolder","Heusden-Zolder","Arrondissement Hasselt","Arrondissement de Hasselt","Provincie Limburg","Province du Limbourg","Vlaams Gewest","Région flamande","<5"
"2020-03-16","72004","Bree","Bree","Arrondissement Maaseik","Arrondissement de Maaseik","Provincie Limburg","Province du Limbourg","Vlaams Gewest","Région flamande","5"
"2020-03-16","72020","Lommel","Lommel","Arrondissement Maaseik","Arrondissement de Maaseik","Provincie Limburg","Province du Limbourg","Vlaams Gewest","Région flamande","<5"
"2020-03-16","72037","Hamont-Achel","Hamont-Achel","Arrondissement Maaseik","Arrondissement de Maaseik","Provincie Limburg","Province du Limbourg","Vlaams Gewest","Région flamande","<5"
"2020-03-16","72039","Houthalen-Helchteren","Houthalen-Helchteren","Arrondissement Maaseik","Arrondissement de Maaseik","Provincie Limburg","Province du Limbourg","Vlaams Gewest","Région flamande","<5"
"2020-03-16","72041","Dilsen-Stokkem","Dilsen-Stokkem","Arrondissement Maaseik","Arrondissement de Maaseik","Provincie Limburg","Province du Limbourg","Vlaams Gewest","Région flamande","<5"
"2020-03-16","73001","Alken","Alken","Arrondissement Tongeren","Arrondissement de Tongres","Provincie Limburg","Province du Limbourg","Vlaams Gewest","Région flamande","<5"
"2020-03-16","73006","Bilzen","Bilzen","Arrondissement Tongeren","Arrondissement de Tongres","Provincie Limburg","Province du Limbourg","Vlaams Gewest","Région flamande","<5"
"2020-03-16","73009","Borgloon","Looz","Arrondissement Tongeren","Arrondissement de Tongres","Provincie Limburg","Province du Limbourg","Vlaams Gewest","Région flamande","<5"
"2020-03-16","73042","Lanaken","Lanaken","Arrondissement Tongeren","Arrondissement de Tongres","Provincie Limburg","Province du Limbourg","Vlaams Gewest","Région flamande","<5"
"2020-03-16","73066","Riemst","Riemst","Arrondissement Tongeren","Arrondissement de Tongres","Provincie Limburg","Province du Limbourg","Vlaams Gewest","Région flamande","<5"
"2020-03-16","73083","Tongeren","Tongres","Arrondissement Tongeren","Arrondissement de Tongres","Provincie Limburg","Province du Limbourg","Vlaams Gewest","Région flamande","<5"
"2020-03-16","73107","Maasmechelen","Maasmechelen","Arrondissement Tongeren","Arrondissement de Tongres","Provincie Limburg","Province du Limbourg","Vlaams Gewest","Région flamande","<5"
"2020-03-16","81001","Aarlen","Arlon","Arrondissement Aarlen","Arrondissement d’Arlon","Provincie Luxemburg","Province du Luxembourg","Waals Gewest","Région wallonne","<5"
"2020-03-16","83044","Rendeux","Rendeux","Arrondissement Marche-en-Famenne","Arrondissement de Marche-en-Famenne","Provincie Luxemburg","Province du Luxembourg","Waals Gewest","Région wallonne","<5"
"2020-03-16","83055","Manhay","Manhay","Arrondissement Marche-en-Famenne","Arrondissement de Marche-en-Famenne","Provincie Luxemburg","Province du Luxembourg","Waals Gewest","Région wallonne","<5"
"2020-03-16","84009","Bertrix","Bertrix","Arrondissement Neufchâteau","Arrondissement de Neufchâteau","Provincie Luxemburg","Province du Luxembourg","Waals Gewest","Région wallonne","<5"
"2020-03-16","84043","Neufchâteau (Neufchâteau)","Neufchâteau (Neufchâteau)","Arrondissement Neufchâteau","Arrondissement de Neufchâteau","Provincie Luxemburg","Province du Luxembourg","Waals Gewest","Région wallonne","<5"
"2020-03-16",NA,NA,NA,NA,NA,NA,NA,NA,NA,"9"
"2020-03-17","11002","Antwerpen","Anvers","Arrondissement Antwerpen","Arrondissement d’Anvers","Provincie Antwerpen","Province d’Anvers","Vlaams Gewest","Région flamande","14"
"2020-03-17","11004","Boechout","Boechout","Arrondissement Antwerpen","Arrondissement d’Anvers","Provincie Antwerpen","Province d’Anvers","Vlaams Gewest","Région flamande","<5"
"2020-03-17","11008","Brasschaat","Brasschaat","Arrondissement Antwerpen","Arrondissement d’Anvers","Provincie Antwerpen","Province d’Anvers","Vlaams Gewest","Région flamande","<5"
"2020-03-17","11016","Essen","Essen","Arrondissement Antwerpen","Arrondissement d’Anvers","Provincie Antwerpen","Province d’Anvers","Vlaams Gewest","Région flamande","<5"
"2020-03-17","11018","Hemiksem","Hemiksem","Arrondissement Antwerpen","Arrondissement d’Anvers","Provincie Antwerpen","Province d’Anvers","Vlaams Gewest","Région flamande","<5"
"2020-03-17","11023","Kapellen (Antwerpen)","Kapellen (Anvers)","Arrondissement Antwerpen","Arrondissement d’Anvers","Provincie Antwerpen","Province d’Anvers","Vlaams Gewest","Région flamande","<5"
"2020-03-17","11025","Lint","Lint","Arrondissement Antwerpen","Arrondissement d’Anvers","Provincie Antwerpen","Province d’Anvers","Vlaams Gewest","Région flamande","<5"
"2020-03-17","11037","Rumst","Rumst","Arrondissement Antwerpen","Arrondissement d’Anvers","Provincie Antwerpen","Province d’Anvers","Vlaams Gewest","Région flamande","<5"
"2020-03-17","11039","Schilde","Schilde","Arrondissement Antwerpen","Arrondissement d’Anvers","Provincie Antwerpen","Province d’Anvers","Vlaams Gewest","Région flamande","<5"
"2020-03-17","11040","Schoten","Schoten","Arrondissement Antwerpen","Arrondissement d’Anvers","Provincie Antwerpen","Province d’Anvers","Vlaams Gewest","Région flamande","<5"
"2020-03-17","11050","Wijnegem","Wijnegem","Arrondissement Antwerpen","Arrondissement d’Anvers","Provincie Antwerpen","Province d’Anvers","Vlaams Gewest","Région flamande","<5"
"2020-03-17","11053","Wuustwezel","Wuustwezel","Arrondissement Antwerpen","Arrondissement d’Anvers","Provincie Antwerpen","Province d’Anvers","Vlaams Gewest","Région flamande","<5"
"2020-03-17","11056","Zwijndrecht","Zwijndrecht","Arrondissement Antwerpen","Arrondissement d’Anvers","Provincie Antwerpen","Province d’Anvers","Vlaams Gewest","Région flamande","<5"
"2020-03-17","12002","Berlaar","Berlaar","Arrondissement Mechelen","Arrondissement de Malines","Provincie Antwerpen","Province d’Anvers","Vlaams Gewest","Région flamande","<5"
"2020-03-17","12007","Bornem","Bornem","Arrondissement Mechelen","Arrondissement de Malines","Provincie Antwerpen","Province d’Anvers","Vlaams Gewest","Région flamande","<5"
"2020-03-17","12025","Mechelen","Malines","Arrondissement Mechelen","Arrondissement de Malines","Provincie Antwerpen","Province d’Anvers","Vlaams Gewest","Région flamande","6"
"2020-03-17","12040","Willebroek","Willebroek","Arrondissement Mechelen","Arrondissement de Malines","Provincie Antwerpen","Province d’Anvers","Vlaams Gewest","Région flamande","<5"
"2020-03-17","12041","Puurs-Sint-Amands","Puurs-Sint-Amands","Arrondissement Mechelen","Arrondissement de Malines","Provincie Antwerpen","Province d’Anvers","Vlaams Gewest","Région flamande","<5"
"2020-03-17","13003","Balen","Balen","Arrondissement Turnhout","Arrondissement de Turnhout","Provincie Antwerpen","Province d’Anvers","Vlaams Gewest","Région flamande","<5"
"2020-03-17","13008","Geel","Geel","Arrondissement Turnhout","Arrondissement de Turnhout","Provincie Antwerpen","Province d’Anvers","Vlaams Gewest","Région flamande","<5"
"2020-03-17","13013","Herselt","Herselt","Arrondissement Turnhout","Arrondissement de Turnhout","Provincie Antwerpen","Province d’Anvers","Vlaams Gewest","Région flamande","<5"
"2020-03-17","13016","Hulshout","Hulshout","Arrondissement Turnhout","Arrondissement de Turnhout","Provincie Antwerpen","Province d’Anvers","Vlaams Gewest","Région flamande","<5"
"2020-03-17","13019","Lille","Lille","Arrondissement Turnhout","Arrondissement de Turnhout","Provincie Antwerpen","Province d’Anvers","Vlaams Gewest","Région flamande","<5"
"2020-03-17","13040","Turnhout","Turnhout","Arrondissement Turnhout","Arrondissement de Turnhout","Provincie Antwerpen","Province d’Anvers","Vlaams Gewest","Région flamande","<5"
"2020-03-17","13046","Vosselaar","Vosselaar","Arrondissement Turnhout","Arrondissement de Turnhout","Provincie Antwerpen","Province d’Anvers","Vlaams Gewest","Région flamande","<5"
"2020-03-17","13049","Westerlo","Westerlo","Arrondissement Turnhout","Arrondissement de Turnhout","Provincie Antwerpen","Province d’Anvers","Vlaams Gewest","Région flamande","<5"
"2020-03-17","13053","Laakdal","Laakdal","Arrondissement Turnhout","Arrondissement de Turnhout","Provincie Antwerpen","Province d’Anvers","Vlaams Gewest","Région flamande","<5"
"2020-03-17","21001","Anderlecht","Anderlecht","Arrondissement Brussel-Hoofdstad","Arrondissement de Bruxelles-Capitale",NA,NA,"Brussels Hoofdstedelijk Gewest","Région de Bruxelles-Capitale","<5"
"2020-03-17","21002","Oudergem","Auderghem","Arrondissement Brussel-Hoofdstad","Arrondissement de Bruxelles-Capitale",NA,NA,"Brussels Hoofdstedelijk Gewest","Région de Bruxelles-Capitale","<5"
"2020-03-17","21004","Brussel","Bruxelles","Arrondissement Brussel-Hoofdstad","Arrondissement de Bruxelles-Capitale",NA,NA,"Brussels Hoofdstedelijk Gewest","Région de Bruxelles-Capitale","5"
"2020-03-17","21005","Etterbeek","Etterbeek","Arrondissement Brussel-Hoofdstad","Arrondissement de Bruxelles-Capitale",NA,NA,"Brussels Hoofdstedelijk Gewest","Région de Bruxelles-Capitale","<5"
"2020-03-17","21006","Evere","Evere","Arrondissement Brussel-Hoofdstad","Arrondissement de Bruxelles-Capitale",NA,NA,"Brussels Hoofdstedelijk Gewest","Région de Bruxelles-Capitale","<5"
"2020-03-17","21009","Elsene","Ixelles","Arrondissement Brussel-Hoofdstad","Arrondissement de Bruxelles-Capitale",NA,NA,"Brussels Hoofdstedelijk Gewest","Région de Bruxelles-Capitale","<5"
"2020-03-17","21012","Sint-Jans-Molenbeek","Molenbeek-Saint-Jean","Arrondissement Brussel-Hoofdstad","Arrondissement de Bruxelles-Capitale",NA,NA,"Brussels Hoofdstedelijk Gewest","Région de Bruxelles-Capitale","<5"
"2020-03-17","21013","Sint-Gillis","Saint-Gilles","Arrondissement Brussel-Hoofdstad","Arrondissement de Bruxelles-Capitale",NA,NA,"Brussels Hoofdstedelijk Gewest","Région de Bruxelles-Capitale","<5"
"2020-03-17","21014","Sint-Joost-ten-Node","Saint-Josse-ten-Noode","Arrondissement Brussel-Hoofdstad","Arrondissement de Bruxelles-Capitale",NA,NA,"Brussels Hoofdstedelijk Gewest","Région de Bruxelles-Capitale","<5"
"2020-03-17","21015","Schaarbeek","Schaerbeek","Arrondissement Brussel-Hoofdstad","Arrondissement de Bruxelles-Capitale",NA,NA,"Brussels Hoofdstedelijk Gewest","Région de Bruxelles-Capitale","<5"
"2020-03-17","21016","Ukkel","Uccle","Arrondissement Brussel-Hoofdstad","Arrondissement de Bruxelles-Capitale",NA,NA,"Brussels Hoofdstedelijk Gewest","Région de Bruxelles-Capitale","<5"
"2020-03-17","21017","Watermaal-Bosvoorde","Watermael-Boitsfort","Arrondissement Brussel-Hoofdstad","Arrondissement de Bruxelles-Capitale",NA,NA,"Brussels Hoofdstedelijk Gewest","Région de Bruxelles-Capitale","<5"
"2020-03-17","21018","Sint-Lambrechts-Woluwe","Woluwe-Saint-Lambert","Arrondissement Brussel-Hoofdstad","Arrondissement de Bruxelles-Capitale",NA,NA,"Brussels Hoofdstedelijk Gewest","Région de Bruxelles-Capitale","<5"
"2020-03-17","21019","Sint-Pieters-Woluwe","Woluwe-Saint-Pierre","Arrondissement Brussel-Hoofdstad","Arrondissement de Bruxelles-Capitale",NA,NA,"Brussels Hoofdstedelijk Gewest","Région de Bruxelles-Capitale","<5"
"2020-03-17","23002","Asse","Asse","Arrondissement Halle-Vilvoorde","Arrondissement de Hal-Vilvorde","Provincie Vlaams-Brabant","Province du Brabant flamand","Vlaams Gewest","Région flamande","<5"
"2020-03-17","23027","Halle (Halle-Vilvoorde)","Hal (Hal-Vilvorde)","Arrondissement Halle-Vilvoorde","Arrondissement de Hal-Vilvorde","Provincie Vlaams-Brabant","Province du Brabant flamand","Vlaams Gewest","Région flamande","<5"
"2020-03-17","23044","Liedekerke","Liedekerke","Arrondissement Halle-Vilvoorde","Arrondissement de Hal-Vilvorde","Provincie Vlaams-Brabant","Province du Brabant flamand","Vlaams Gewest","Région flamande","<5"
"2020-03-17","23062","Overijse","Overijse","Arrondissement Halle-Vilvoorde","Arrondissement de Hal-Vilvorde","Provincie Vlaams-Brabant","Province du Brabant flamand","Vlaams Gewest","Région flamande","<5"
"2020-03-17","23064","Pepingen","Pepingen","Arrondissement Halle-Vilvoorde","Arrondissement de Hal-Vilvorde","Provincie Vlaams-Brabant","Province du Brabant flamand","Vlaams Gewest","Région flamande","<5"
"2020-03-17","23077","Sint-Pieters-Leeuw","Sint-Pieters-Leeuw","Arrondissement Halle-Vilvoorde","Arrondissement de Hal-Vilvorde","Provincie Vlaams-Brabant","Province du Brabant flamand","Vlaams Gewest","Région flamande","<5"
"2020-03-17","23086","Ternat","Ternat","Arrondissement Halle-Vilvoorde","Arrondissement de Hal-Vilvorde","Provincie Vlaams-Brabant","Province du Brabant flamand","Vlaams Gewest","Région flamande","<5"
"2020-03-17","23088","Vilvoorde","Vilvorde","Arrondissement Halle-Vilvoorde","Arrondissement de Hal-Vilvorde","Provincie Vlaams-Brabant","Province du Brabant flamand","Vlaams Gewest","Région flamande","<5"
"2020-03-17","23094","Zaventem","Zaventem","Arrondissement Halle-Vilvoorde","Arrondissement de Hal-Vilvorde","Provincie Vlaams-Brabant","Province du Brabant flamand","Vlaams Gewest","Région flamande","<5"
"2020-03-17","23096","Zemst","Zemst","Arrondissement Halle-Vilvoorde","Arrondissement de Hal-Vilvorde","Provincie Vlaams-Brabant","Province du Brabant flamand","Vlaams Gewest","Région flamande","<5"
"2020-03-17","23097","Roosdaal","Roosdaal","Arrondissement Halle-Vilvoorde","Arrondissement de Hal-Vilvorde","Provincie Vlaams-Brabant","Province du Brabant flamand","Vlaams Gewest","Région flamande","<5"
"2020-03-17","23100","Linkebeek","Linkebeek","Arrondissement Halle-Vilvoorde","Arrondissement de Hal-Vilvorde","Provincie Vlaams-Brabant","Province du Brabant flamand","Vlaams Gewest","Région flamande","<5"
"2020-03-17","23101","Sint-Genesius-Rode","Rhode-Saint-Genèse","Arrondissement Halle-Vilvoorde","Arrondissement de Hal-Vilvorde","Provincie Vlaams-Brabant","Province du Brabant flamand","Vlaams Gewest","Région flamande","<5"
"2020-03-17","23103","Wezembeek-Oppem","Wezembeek-Oppem","Arrondissement Halle-Vilvoorde","Arrondissement de Hal-Vilvorde","Provincie Vlaams-Brabant","Province du Brabant flamand","Vlaams Gewest","Région flamande","<5"
"2020-03-17","24001","Aarschot","Aarschot","Arrondissement Leuven","Arrondissement de Louvain","Provincie Vlaams-Brabant","Province du Brabant flamand","Vlaams Gewest","Région flamande","<5"
"2020-03-17","24007","Begijnendijk","Begijnendijk","Arrondissement Leuven","Arrondissement de Louvain","Provincie Vlaams-Brabant","Province du Brabant flamand","Vlaams Gewest","Région flamande","<5"
"2020-03-17","24008","Bekkevoort","Bekkevoort","Arrondissement Leuven","Arrondissement de Louvain","Provincie Vlaams-Brabant","Province du Brabant flamand","Vlaams Gewest","Région flamande","<5"
"2020-03-17","24014","Boortmeerbeek","Boortmeerbeek","Arrondissement Leuven","Arrondissement de Louvain","Provincie Vlaams-Brabant","Province du Brabant flamand","Vlaams Gewest","Région flamande","<5"
"2020-03-17","24020","Diest","Diest","Arrondissement Leuven","Arrondissement de Louvain","Provincie Vlaams-Brabant","Province du Brabant flamand","Vlaams Gewest","Région flamande","<5"
"2020-03-17","24028","Geetbets","Geetbets","Arrondissement Leuven","Arrondissement de Louvain","Provincie Vlaams-Brabant","Province du Brabant flamand","Vlaams Gewest","Région flamande","<5"
"2020-03-17","24043","Holsbeek","Holsbeek","Arrondissement Leuven","Arrondissement de Louvain","Provincie Vlaams-Brabant","Province du Brabant flamand","Vlaams Gewest","Région flamande","<5"
"2020-03-17","24062","Leuven","Louvain","Arrondissement Leuven","Arrondissement de Louvain","Provincie Vlaams-Brabant","Province du Brabant flamand","Vlaams Gewest","Région flamande","<5"
"2020-03-17","24066","Lubbeek","Lubbeek","Arrondissement Leuven","Arrondissement de Louvain","Provincie Vlaams-Brabant","Province du Brabant flamand","Vlaams Gewest","Région flamande","<5"
"2020-03-17","24086","Oud-Heverlee","Oud-Heverlee","Arrondissement Leuven","Arrondissement de Louvain","Provincie Vlaams-Brabant","Province du Brabant flamand","Vlaams Gewest","Région flamande","<5"
"2020-03-17","24094","Rotselaar","Rotselaar","Arrondissement Leuven","Arrondissement de Louvain","Provincie Vlaams-Brabant","Province du Brabant flamand","Vlaams Gewest","Région flamande","<5"
"2020-03-17","24133","Linter","Linter","Arrondissement Leuven","Arrondissement de Louvain","Provincie Vlaams-Brabant","Province du Brabant flamand","Vlaams Gewest","Région flamande","<5"
"2020-03-17","25014","Eigenbrakel","Braine-l’Alleud","Arrondissement Nijvel","Arrondissement de Nivelles","Provincie Waals-Brabant","Province du Brabant wallon","Waals Gewest","Région wallonne","<5"
"2020-03-17","25048","Geldenaken","Jodoigne","Arrondissement Nijvel","Arrondissement de Nivelles","Provincie Waals-Brabant","Province du Brabant wallon","Waals Gewest","Région wallonne","<5"
"2020-03-17","25068","Mont-Saint-Guibert","Mont-Saint-Guibert","Arrondissement Nijvel","Arrondissement de Nivelles","Provincie Waals-Brabant","Province du Brabant wallon","Waals Gewest","Région wallonne","<5"
"2020-03-17","25072","Nijvel","Nivelles","Arrondissement Nijvel","Arrondissement de Nivelles","Provincie Waals-Brabant","Province du Brabant wallon","Waals Gewest","Région wallonne","<5"
"2020-03-17","25091","Rixensart","Rixensart","Arrondissement Nijvel","Arrondissement de Nivelles","Provincie Waals-Brabant","Province du Brabant wallon","Waals Gewest","Région wallonne","<5"
"2020-03-17","25110","Waterloo","Waterloo","Arrondissement Nijvel","Arrondissement de Nivelles","Provincie Waals-Brabant","Province du Brabant wallon","Waals Gewest","Région wallonne","<5"
"2020-03-17","25112","Waver","Wavre","Arrondissement Nijvel","Arrondissement de Nivelles","Provincie Waals-Brabant","Province du Brabant wallon","Waals Gewest","Région wallonne","<5"
"2020-03-17","25119","Lasne","Lasne","Arrondissement Nijvel","Arrondissement de Nivelles","Provincie Waals-Brabant","Province du Brabant wallon","Waals Gewest","Région wallonne","<5"
"2020-03-17","25121","Ottignies-Louvain-la-Neuve","Ottignies-Louvain-la-Neuve","Arrondissement Nijvel","Arrondissement de Nivelles","Provincie Waals-Brabant","Province du Brabant wallon","Waals Gewest","Région wallonne","<5"
"2020-03-17","25123","Rebecq","Rebecq","Arrondissement Nijvel","Arrondissement de Nivelles","Provincie Waals-Brabant","Province du Brabant wallon","Waals Gewest","Région wallonne","<5"
"2020-03-17","31003","Beernem","Beernem","Arrondissement Brugge","Arrondissement de Bruges","Provincie West-Vlaanderen","Province de Flandre occidentale","Vlaams Gewest","Région flamande","<5"
"2020-03-17","31005","Brugge","Bruges","Arrondissement Brugge","Arrondissement de Bruges","Provincie West-Vlaanderen","Province de Flandre occidentale","Vlaams Gewest","Région flamande","<5"
"2020-03-17","31006","Damme","Damme","Arrondissement Brugge","Arrondissement de Bruges","Provincie West-Vlaanderen","Province de Flandre occidentale","Vlaams Gewest","Région flamande","<5"
"2020-03-17","31012","Jabbeke","Jabbeke","Arrondissement Brugge","Arrondissement de Bruges","Provincie West-Vlaanderen","Province de Flandre occidentale","Vlaams Gewest","Région flamande","<5"
"2020-03-17","31022","Oostkamp","Oostkamp","Arrondissement Brugge","Arrondissement de Bruges","Provincie West-Vlaanderen","Province de Flandre occidentale","Vlaams Gewest","Région flamande","<5"
"2020-03-17","31040","Zedelgem","Zedelgem","Arrondissement Brugge","Arrondissement de Bruges","Provincie West-Vlaanderen","Province de Flandre occidentale","Vlaams Gewest","Région flamande","<5"
"2020-03-17","31043","Knokke-Heist","Knokke-Heist","Arrondissement Brugge","Arrondissement de Bruges","Provincie West-Vlaanderen","Province de Flandre occidentale","Vlaams Gewest","Région flamande","<5"
"2020-03-17","32003","Diksmuide","Dixmude","Arrondissement Diksmuide","Arrondissement de Dixmude","Provincie West-Vlaanderen","Province de Flandre occidentale","Vlaams Gewest","Région flamande","<5"
"2020-03-17","33011","Ieper","Ypres","Arrondissement Ieper","Arrondissement d’Ypres","Provincie West-Vlaanderen","Province de Flandre occidentale","Vlaams Gewest","Région flamande","5"
"2020-03-17","33021","Poperinge","Poperinge","Arrondissement Ieper","Arrondissement d’Ypres","Provincie West-Vlaanderen","Province de Flandre occidentale","Vlaams Gewest","Région flamande","<5"
"2020-03-17","33037","Zonnebeke","Zonnebeke","Arrondissement Ieper","Arrondissement d’Ypres","Provincie West-Vlaanderen","Province de Flandre occidentale","Vlaams Gewest","Région flamande","<5"
"2020-03-17","34022","Kortrijk","Courtrai","Arrondissement Kortrijk","Arrondissement de Courtrai","Provincie West-Vlaanderen","Province de Flandre occidentale","Vlaams Gewest","Région flamande","5"
"2020-03-17","34023","Kuurne","Kuurne","Arrondissement Kortrijk","Arrondissement de Courtrai","Provincie West-Vlaanderen","Province de Flandre occidentale","Vlaams Gewest","Région flamande","<5"
"2020-03-17","34027","Menen","Menin","Arrondissement Kortrijk","Arrondissement de Courtrai","Provincie West-Vlaanderen","Province de Flandre occidentale","Vlaams Gewest","Région flamande","<5"
"2020-03-17","34041","Wevelgem","Wevelgem","Arrondissement Kortrijk","Arrondissement de Courtrai","Provincie West-Vlaanderen","Province de Flandre occidentale","Vlaams Gewest","Région flamande","<5"
"2020-03-17","34042","Zwevegem","Zwevegem","Arrondissement Kortrijk","Arrondissement de Courtrai","Provincie West-Vlaanderen","Province de Flandre occidentale","Vlaams Gewest","Région flamande","<5"
"2020-03-17","35005","Gistel","Gistel","Arrondissement Oostende","Arrondissement d’Ostende","Provincie West-Vlaanderen","Province de Flandre occidentale","Vlaams Gewest","Région flamande","<5"
"2020-03-17","35013","Oostende","Ostende","Arrondissement Oostende","Arrondissement d’Ostende","Provincie West-Vlaanderen","Province de Flandre occidentale","Vlaams Gewest","Région flamande","<5"
"2020-03-17","35014","Oudenburg","Oudenburg","Arrondissement Oostende","Arrondissement d’Ostende","Provincie West-Vlaanderen","Province de Flandre occidentale","Vlaams Gewest","Région flamande","<5"
"2020-03-17","35029","De Haan","De Haan","Arrondissement Oostende","Arrondissement d’Ostende","Provincie West-Vlaanderen","Province de Flandre occidentale","Vlaams Gewest","Région flamande","<5"
"2020-03-17","36010","Ledegem","Ledegem","Arrondissement Roeselare","Arrondissement de Roulers","Provincie West-Vlaanderen","Province de Flandre occidentale","Vlaams Gewest","Région flamande","<5"
"2020-03-17","36012","Moorslede","Moorslede","Arrondissement Roeselare","Arrondissement de Roulers","Provincie West-Vlaanderen","Province de Flandre occidentale","Vlaams Gewest","Région flamande","<5"
"2020-03-17","36015","Roeselare","Roulers","Arrondissement Roeselare","Arrondissement de Roulers","Provincie West-Vlaanderen","Province de Flandre occidentale","Vlaams Gewest","Région flamande","6"
"2020-03-17","37002","Dentergem","Dentergem","Arrondissement Tielt","Arrondissement de Tielt","Provincie West-Vlaanderen","Province de Flandre occidentale","Vlaams Gewest","Région flamande","<5"
"2020-03-17","37007","Meulebeke","Meulebeke","Arrondissement Tielt","Arrondissement de Tielt","Provincie West-Vlaanderen","Province de Flandre occidentale","Vlaams Gewest","Région flamande","<5"
"2020-03-17","37017","Wielsbeke","Wielsbeke","Arrondissement Tielt","Arrondissement de Tielt","Provincie West-Vlaanderen","Province de Flandre occidentale","Vlaams Gewest","Région flamande","<5"
"2020-03-17","37018","Wingene","Wingene","Arrondissement Tielt","Arrondissement de Tielt","Provincie West-Vlaanderen","Province de Flandre occidentale","Vlaams Gewest","Région flamande","<5"
"2020-03-17","37020","Ardooie","Ardooie","Arrondissement Tielt","Arrondissement de Tielt","Provincie West-Vlaanderen","Province de Flandre occidentale","Vlaams Gewest","Région flamande","<5"
"2020-03-17","38025","Veurne","Furnes","Arrondissement Veurne","Arrondissement de Furnes","Provincie West-Vlaanderen","Province de Flandre occidentale","Vlaams Gewest","Région flamande","<5"
"2020-03-17","41002","Aalst (Aalst)","Alost (Alost)","Arrondissement Aalst","Arrondissement d’Alost","Provincie Oost-Vlaanderen","Province de Flandre orientale","Vlaams Gewest","Région flamande","<5"
"2020-03-17","42003","Berlare","Berlare","Arrondissement Dendermonde","Arrondissement de Termonde","Provincie Oost-Vlaanderen","Province de Flandre orientale","Vlaams Gewest","Région flamande","<5"
"2020-03-17","42006","Dendermonde","Termonde","Arrondissement Dendermonde","Arrondissement de Termonde","Provincie Oost-Vlaanderen","Province de Flandre orientale","Vlaams Gewest","Région flamande","<5"
"2020-03-17","42008","Hamme (Dendermonde)","Hamme (Termonde)","Arrondissement Dendermonde","Arrondissement de Termonde","Provincie Oost-Vlaanderen","Province de Flandre orientale","Vlaams Gewest","Région flamande","<5"
"2020-03-17","42010","Laarne","Laarne","Arrondissement Dendermonde","Arrondissement de Termonde","Provincie Oost-Vlaanderen","Province de Flandre orientale","Vlaams Gewest","Région flamande","<5"
"2020-03-17","42011","Lebbeke","Lebbeke","Arrondissement Dendermonde","Arrondissement de Termonde","Provincie Oost-Vlaanderen","Province de Flandre orientale","Vlaams Gewest","Région flamande","<5"
"2020-03-17","42025","Wetteren","Wetteren","Arrondissement Dendermonde","Arrondissement de Termonde","Provincie Oost-Vlaanderen","Province de Flandre orientale","Vlaams Gewest","Région flamande","<5"
"2020-03-17","42026","Wichelen","Wichelen","Arrondissement Dendermonde","Arrondissement de Termonde","Provincie Oost-Vlaanderen","Province de Flandre orientale","Vlaams Gewest","Région flamande","<5"
"2020-03-17","43005","Eeklo","Eeklo","Arrondissement Eeklo","Arrondissement d’Eeklo","Provincie Oost-Vlaanderen","Province de Flandre orientale","Vlaams Gewest","Région flamande","<5"
"2020-03-17","44021","Gent","Gand","Arrondissement Gent","Arrondissement de Gand","Provincie Oost-Vlaanderen","Province de Flandre orientale","Vlaams Gewest","Région flamande","8"
"2020-03-17","44034","Lochristi","Lochristi","Arrondissement Gent","Arrondissement de Gand","Provincie Oost-Vlaanderen","Province de Flandre orientale","Vlaams Gewest","Région flamande","<5"
"2020-03-17","44064","Sint-Martens-Latem","Sint-Martens-Latem","Arrondissement Gent","Arrondissement de Gand","Provincie Oost-Vlaanderen","Province de Flandre orientale","Vlaams Gewest","Région flamande","<5"
"2020-03-17","44081","Zulte","Zulte","Arrondissement Gent","Arrondissement de Gand","Provincie Oost-Vlaanderen","Province de Flandre orientale","Vlaams Gewest","Région flamande","<5"
"2020-03-17","44083","Deinze","Deinze","Arrondissement Gent","Arrondissement de Gand","Provincie Oost-Vlaanderen","Province de Flandre orientale","Vlaams Gewest","Région flamande","<5"
"2020-03-17","44085","Lievegem","Lievegem","Arrondissement Gent","Arrondissement de Gand","Provincie Oost-Vlaanderen","Province de Flandre orientale","Vlaams Gewest","Région flamande","<5"
"2020-03-17","45035","Oudenaarde","Audenarde","Arrondissement Oudenaarde","Arrondissement d’Audenarde","Provincie Oost-Vlaanderen","Province de Flandre orientale","Vlaams Gewest","Région flamande","<5"
"2020-03-17","45064","Maarkedal","Maarkedal","Arrondissement Oudenaarde","Arrondissement d’Audenarde","Provincie Oost-Vlaanderen","Province de Flandre orientale","Vlaams Gewest","Région flamande","<5"
"2020-03-17","46003","Beveren (Sint-Niklaas)","Beveren (Saint-Nicolas)","Arrondissement Sint-Niklaas","Arrondissement de Saint-Nicolas","Provincie Oost-Vlaanderen","Province de Flandre orientale","Vlaams Gewest","Région flamande","5"
"2020-03-17","46013","Kruibeke","Kruibeke","Arrondissement Sint-Niklaas","Arrondissement de Saint-Nicolas","Provincie Oost-Vlaanderen","Province de Flandre orientale","Vlaams Gewest","Région flamande","<5"
"2020-03-17","46014","Lokeren","Lokeren","Arrondissement Sint-Niklaas","Arrondissement de Saint-Nicolas","Provincie Oost-Vlaanderen","Province de Flandre orientale","Vlaams Gewest","Région flamande","<5"
"2020-03-17","46020","Sint-Gillis-Waas","Sint-Gillis-Waas","Arrondissement Sint-Niklaas","Arrondissement de Saint-Nicolas","Provincie Oost-Vlaanderen","Province de Flandre orientale","Vlaams Gewest","Région flamande","<5"
"2020-03-17","46021","Sint-Niklaas (Sint-Niklaas)","Saint-Nicolas (Saint-Nicolas)","Arrondissement Sint-Niklaas","Arrondissement de Saint-Nicolas","Provincie Oost-Vlaanderen","Province de Flandre orientale","Vlaams Gewest","Région flamande","<5"
"2020-03-17","51014","Chièvres","Chièvres","Arrondissement Aat","Arrondissement d’Ath","Provincie Henegouwen","Province du Hainaut","Waals Gewest","Région wallonne","<5"
"2020-03-17","51067","Edingen","Enghien","Arrondissement Aat","Arrondissement d’Ath","Provincie Henegouwen","Province du Hainaut","Waals Gewest","Région wallonne","<5"
"2020-03-17","52011","Charleroi","Charleroi","Arrondissement Charleroi","Arrondissement de Charleroi","Provincie Henegouwen","Province du Hainaut","Waals Gewest","Région wallonne","<5"
"2020-03-17","52012","Châtelet","Châtelet","Arrondissement Charleroi","Arrondissement de Charleroi","Provincie Henegouwen","Province du Hainaut","Waals Gewest","Région wallonne","<5"
"2020-03-17","52015","Courcelles","Courcelles","Arrondissement Charleroi","Arrondissement de Charleroi","Provincie Henegouwen","Province du Hainaut","Waals Gewest","Région wallonne","<5"
"2020-03-17","52025","Gerpinnes","Gerpinnes","Arrondissement Charleroi","Arrondissement de Charleroi","Provincie Henegouwen","Province du Hainaut","Waals Gewest","Région wallonne","<5"
"2020-03-17","52055","Pont-à-Celles","Pont-à-Celles","Arrondissement Charleroi","Arrondissement de Charleroi","Provincie Henegouwen","Province du Hainaut","Waals Gewest","Région wallonne","<5"
"2020-03-17","53014","Boussu","Boussu","Arrondissement Bergen","Arrondissement de Mons","Provincie Henegouwen","Province du Hainaut","Waals Gewest","Région wallonne","<5"
"2020-03-17","53020","Dour","Dour","Arrondissement Bergen","Arrondissement de Mons","Provincie Henegouwen","Province du Hainaut","Waals Gewest","Région wallonne","<5"
"2020-03-17","53028","Frameries","Frameries","Arrondissement Bergen","Arrondissement de Mons","Provincie Henegouwen","Province du Hainaut","Waals Gewest","Région wallonne","<5"
"2020-03-17","53039","Hensies","Hensies","Arrondissement Bergen","Arrondissement de Mons","Provincie Henegouwen","Province du Hainaut","Waals Gewest","Région wallonne","<5"
"2020-03-17","53046","Lens","Lens","Arrondissement Bergen","Arrondissement de Mons","Provincie Henegouwen","Province du Hainaut","Waals Gewest","Région wallonne","<5"
"2020-03-17","53053","Bergen","Mons","Arrondissement Bergen","Arrondissement de Mons","Provincie Henegouwen","Province du Hainaut","Waals Gewest","Région wallonne","14"
"2020-03-17","53065","Quaregnon","Quaregnon","Arrondissement Bergen","Arrondissement de Mons","Provincie Henegouwen","Province du Hainaut","Waals Gewest","Région wallonne","5"
"2020-03-17","53082","Colfontaine","Colfontaine","Arrondissement Bergen","Arrondissement de Mons","Provincie Henegouwen","Province du Hainaut","Waals Gewest","Région wallonne","<5"
"2020-03-17","55004","’s Gravenbrakel","Braine-le-Comte","Arrondissement Zinnik","Arrondissement de Soignies","Provincie Henegouwen","Province du Hainaut","Waals Gewest","Région wallonne","<5"
"2020-03-17","55086","Manage","Manage","Arrondissement Zinnik","Arrondissement de Soignies","Provincie Henegouwen","Province du Hainaut","Waals Gewest","Région wallonne","<5"
"2020-03-17","56086","Ham-sur-Heure-Nalinnes","Ham-sur-Heure-Nalinnes","Arrondissement Thuin","Arrondissement de Thuin","Provincie Henegouwen","Province du Hainaut","Waals Gewest","Région wallonne","<5"
"2020-03-17","57064","Péruwelz","Péruwelz","Arrondissement Doornik-Moeskroen","Arrondissement de Tournai-Mouscron","Provincie Henegouwen","Province du Hainaut","Waals Gewest","Région wallonne","<5"
"2020-03-17","57081","Doornik","Tournai","Arrondissement Doornik-Moeskroen","Arrondissement de Tournai-Mouscron","Provincie Henegouwen","Province du Hainaut","Waals Gewest","Région wallonne","<5"
"2020-03-17","57096","Moeskroen","Mouscron","Arrondissement Doornik-Moeskroen","Arrondissement de Tournai-Mouscron","Provincie Henegouwen","Province du Hainaut","Waals Gewest","Région wallonne","<5"
"2020-03-17","57097","Komen-Waasten","Comines-Warneton","Arrondissement Doornik-Moeskroen","Arrondissement de Tournai-Mouscron","Provincie Henegouwen","Province du Hainaut","Waals Gewest","Région wallonne","<5"
"2020-03-17","58001","La Louvière","La Louvière","Arrondissement La Louvière","Arrondissement de La Louvière","Provincie Henegouwen","Province du Hainaut","Waals Gewest","Région wallonne","<5"
"2020-03-17","61019","Ferrières","Ferrières","Arrondissement Hoei","Arrondissement de Huy","Provincie Luik","Province de Liège","Waals Gewest","Région wallonne","<5"
"2020-03-17","61031","Hoei","Huy","Arrondissement Hoei","Arrondissement de Huy","Provincie Luik","Province de Liège","Waals Gewest","Région wallonne","<5"
"2020-03-17","62009","Aywaille","Aywaille","Arrondissement Luik","Arrondissement de Liège","Provincie Luik","Province de Liège","Waals Gewest","Région wallonne","<5"
"2020-03-17","62011","Bitsingen","Bassenge","Arrondissement Luik","Arrondissement de Liège","Provincie Luik","Province de Liège","Waals Gewest","Région wallonne","<5"
"2020-03-17","62015","Beyne-Heusay","Beyne-Heusay","Arrondissement Luik","Arrondissement de Liège","Provincie Luik","Province de Liège","Waals Gewest","Région wallonne","<5"
"2020-03-17","62051","Herstal","Herstal","Arrondissement Luik","Arrondissement de Liège","Provincie Luik","Province de Liège","Waals Gewest","Région wallonne","<5"
"2020-03-17","62060","Juprelle","Juprelle","Arrondissement Luik","Arrondissement de Liège","Provincie Luik","Province de Liège","Waals Gewest","Région wallonne","<5"
"2020-03-17","62063","Luik","Liège","Arrondissement Luik","Arrondissement de Liège","Provincie Luik","Province de Liège","Waals Gewest","Région wallonne","10"
"2020-03-17","62093","Saint-Nicolas (Luik)","Saint-Nicolas (Liège)","Arrondissement Luik","Arrondissement de Liège","Provincie Luik","Province de Liège","Waals Gewest","Région wallonne","<5"
"2020-03-17","62096","Seraing","Seraing","Arrondissement Luik","Arrondissement de Liège","Provincie Luik","Province de Liège","Waals Gewest","Région wallonne","<5"
"2020-03-17","62099","Soumagne","Soumagne","Arrondissement Luik","Arrondissement de Liège","Provincie Luik","Province de Liège","Waals Gewest","Région wallonne","<5"
"2020-03-17","62100","Sprimont","Sprimont","Arrondissement Luik","Arrondissement de Liège","Provincie Luik","Province de Liège","Waals Gewest","Région wallonne","<5"
"2020-03-17","62118","Grâce-Hollogne","Grâce-Hollogne","Arrondissement Luik","Arrondissement de Liège","Provincie Luik","Province de Liège","Waals Gewest","Région wallonne","<5"
"2020-03-17","62120","Flémalle","Flémalle","Arrondissement Luik","Arrondissement de Liège","Provincie Luik","Province de Liège","Waals Gewest","Région wallonne","<5"
"2020-03-17","62121","Neupré","Neupré","Arrondissement Luik","Arrondissement de Liège","Provincie Luik","Province de Liège","Waals Gewest","Région wallonne","<5"
"2020-03-17","62122","Trooz","Trooz","Arrondissement Luik","Arrondissement de Liège","Provincie Luik","Province de Liège","Waals Gewest","Région wallonne","<5"
"2020-03-17","63004","Baelen","Baelen","Arrondissement Verviers","Arrondissement de Verviers","Provincie Luik","Province de Liège","Waals Gewest","Région wallonne","<5"
"2020-03-17","63020","Dison","Dison","Arrondissement Verviers","Arrondissement de Verviers","Provincie Luik","Province de Liège","Waals Gewest","Région wallonne","<5"
"2020-03-17","63040","Kelmis","La Calamine","Arrondissement Verviers","Arrondissement de Verviers","Provincie Luik","Province de Liège","Waals Gewest","Région wallonne","<5"
"2020-03-17","63049","Malmedy","Malmedy","Arrondissement Verviers","Arrondissement de Verviers","Provincie Luik","Province de Liège","Waals Gewest","Région wallonne","<5"
"2020-03-17","63061","Raeren","Raeren","Arrondissement Verviers","Arrondissement de Verviers","Provincie Luik","Province de Liège","Waals Gewest","Région wallonne","<5"
"2020-03-17","63067","Sankt Vith","Saint-Vith","Arrondissement Verviers","Arrondissement de Verviers","Provincie Luik","Province de Liège","Waals Gewest","Région wallonne","<5"
"2020-03-17","63079","Verviers","Verviers","Arrondissement Verviers","Arrondissement de Verviers","Provincie Luik","Province de Liège","Waals Gewest","Région wallonne","<5"
"2020-03-17","64047","Lijsem","Lincent","Arrondissement Borgworm","Arrondissement de Waremme","Provincie Luik","Province de Liège","Waals Gewest","Région wallonne","<5"
"2020-03-17","71004","Beringen","Beringen","Arrondissement Hasselt","Arrondissement de Hasselt","Provincie Limburg","Province du Limbourg","Vlaams Gewest","Région flamande","<5"
"2020-03-17","71011","Diepenbeek","Diepenbeek","Arrondissement Hasselt","Arrondissement de Hasselt","Provincie Limburg","Province du Limbourg","Vlaams Gewest","Région flamande","<5"
"2020-03-17","71016","Genk","Genk","Arrondissement Hasselt","Arrondissement de Hasselt","Provincie Limburg","Province du Limbourg","Vlaams Gewest","Région flamande","31"
"2020-03-17","71017","Gingelom","Gingelom","Arrondissement Hasselt","Arrondissement de Hasselt","Provincie Limburg","Province du Limbourg","Vlaams Gewest","Région flamande","<5"
"2020-03-17","71022","Hasselt","Hasselt","Arrondissement Hasselt","Arrondissement de Hasselt","Provincie Limburg","Province du Limbourg","Vlaams Gewest","Région flamande","<5"
"2020-03-17","71024","Herk-de-Stad","Herck-la-Ville","Arrondissement Hasselt","Arrondissement de Hasselt","Provincie Limburg","Province du Limbourg","Vlaams Gewest","Région flamande","<5"
"2020-03-17","71053","Sint-Truiden","Saint-Trond","Arrondissement Hasselt","Arrondissement de Hasselt","Provincie Limburg","Province du Limbourg","Vlaams Gewest","Région flamande","<5"
"2020-03-17","71069","Ham","Ham","Arrondissement Hasselt","Arrondissement de Hasselt","Provincie Limburg","Province du Limbourg","Vlaams Gewest","Région flamande","<5"
"2020-03-17","71070","Heusden-Zolder","Heusden-Zolder","Arrondissement Hasselt","Arrondissement de Hasselt","Provincie Limburg","Province du Limbourg","Vlaams Gewest","Région flamande","<5"
"2020-03-17","72004","Bree","Bree","Arrondissement Maaseik","Arrondissement de Maaseik","Provincie Limburg","Province du Limbourg","Vlaams Gewest","Région flamande","<5"
"2020-03-17","72020","Lommel","Lommel","Arrondissement Maaseik","Arrondissement de Maaseik","Provincie Limburg","Province du Limbourg","Vlaams Gewest","Région flamande","<5"
"2020-03-17","72021","Maaseik","Maaseik","Arrondissement Maaseik","Arrondissement de Maaseik","Provincie Limburg","Province du Limbourg","Vlaams Gewest","Région flamande","<5"
"2020-03-17","72030","Peer","Peer","Arrondissement Maaseik","Arrondissement de Maaseik","Provincie Limburg","Province du Limbourg","Vlaams Gewest","Région flamande","<5"
"2020-03-17","72038","Hechtel-Eksel","Hechtel-Eksel","Arrondissement Maaseik","Arrondissement de Maaseik","Provincie Limburg","Province du Limbourg","Vlaams Gewest","Région flamande","<5"
"2020-03-17","72039","Houthalen-Helchteren","Houthalen-Helchteren","Arrondissement Maaseik","Arrondissement de Maaseik","Provincie Limburg","Province du Limbourg","Vlaams Gewest","Région flamande","<5"
"2020-03-17","72041","Dilsen-Stokkem","Dilsen-Stokkem","Arrondissement Maaseik","Arrondissement de Maaseik","Provincie Limburg","Province du Limbourg","Vlaams Gewest","Région flamande","<5"
"2020-03-17","72043","Pelt","Pelt","Arrondissement Maaseik","Arrondissement de Maaseik","Provincie Limburg","Province du Limbourg","Vlaams Gewest","Région flamande","<5"
"2020-03-17","73001","Alken","Alken","Arrondissement Tongeren","Arrondissement de Tongres","Provincie Limburg","Province du Limbourg","Vlaams Gewest","Région flamande","<5"
"2020-03-17","73006","Bilzen","Bilzen","Arrondissement Tongeren","Arrondissement de Tongres","Provincie Limburg","Province du Limbourg","Vlaams Gewest","Région flamande","<5"
"2020-03-17","73009","Borgloon","Looz","Arrondissement Tongeren","Arrondissement de Tongres","Provincie Limburg","Province du Limbourg","Vlaams Gewest","Région flamande","<5"
"2020-03-17","73042","Lanaken","Lanaken","Arrondissement Tongeren","Arrondissement de Tongres","Provincie Limburg","Province du Limbourg","Vlaams Gewest","Région flamande","<5"
"2020-03-17","81004","Aubange","Aubange","Arrondissement Aarlen","Arrondissement d’Arlon","Provincie Luxemburg","Province du Luxembourg","Waals Gewest","Région wallonne","<5"
"2020-03-17","82038","Sainte-Ode","Sainte-Ode","Arrondissement Bastenaken","Arrondissement de Bastogne","Provincie Luxemburg","Province du Luxembourg","Waals Gewest","Région wallonne","<5"
"2020-03-17","83055","Manhay","Manhay","Arrondissement Marche-en-Famenne","Arrondissement de Marche-en-Famenne","Provincie Luxemburg","Province du Luxembourg","Waals Gewest","Région wallonne","<5"
"2020-03-17","91005","Anhée","Anhée","Arrondissement Dinant","Arrondissement de Dinant","Provincie Namen","Province de Namur","Waals Gewest","Région wallonne","<5"
"2020-03-17","91054","Gedinne","Gedinne","Arrondissement Dinant","Arrondissement de Dinant","Provincie Namen","Province de Namur","Waals Gewest","Région wallonne","<5"
"2020-03-17","92003","Andenne","Andenne","Arrondissement Namen","Arrondissement de Namur","Provincie Namen","Province de Namur","Waals Gewest","Région wallonne","<5"
"2020-03-17","92006","Assesse","Assesse","Arrondissement Namen","Arrondissement de Namur","Provincie Namen","Province de Namur","Waals Gewest","Région wallonne","<5"
"2020-03-17","92035","Eghezée","Eghezée","Arrondissement Namen","Arrondissement de Namur","Provincie Namen","Province de Namur","Waals Gewest","Région wallonne","<5"
"2020-03-17","92094","Namen","Namur","Arrondissement Namen","Arrondissement de Namur","Provincie Namen","Province de Namur","Waals Gewest","Région wallonne","<5"
"2020-03-17","92138","Fernelmont","Fernelmont","Arrondissement Namen","Arrondissement de Namur","Provincie Namen","Province de Namur","Waals Gewest","Région wallonne","<5"
"2020-03-17","92142","Gembloux","Gembloux","Arrondissement Namen","Arrondissement de Namur","Provincie Namen","Province de Namur","Waals Gewest","Région wallonne","<5"
"2020-03-17",NA,NA,NA,NA,NA,NA,NA,NA,NA,"10"
"2020-03-18","11002","Antwerpen","Anvers","Arrondissement Antwerpen","Arrondissement d’Anvers","Provincie Antwerpen","Province d’Anvers","Vlaams Gewest","Région flamande","8"
"2020-03-18","11005","Boom","Boom","Arrondissement Antwerpen","Arrondissement d’Anvers","Provincie Antwerpen","Province d’Anvers","Vlaams Gewest","Région flamande","<5"
"2020-03-18","11007","Borsbeek","Borsbeek","Arrondissement Antwerpen","Arrondissement d’Anvers","Provincie Antwerpen","Province d’Anvers","Vlaams Gewest","Région flamande","<5"
"2020-03-18","11009","Brecht","Brecht","Arrondissement Antwerpen","Arrondissement d’Anvers","Provincie Antwerpen","Province d’Anvers","Vlaams Gewest","Région flamande","<5"
"2020-03-18","11013","Edegem","Edegem","Arrondissement Antwerpen","Arrondissement d’Anvers","Provincie Antwerpen","Province d’Anvers","Vlaams Gewest","Région flamande","<5"
"2020-03-18","11016","Essen","Essen","Arrondissement Antwerpen","Arrondissement d’Anvers","Provincie Antwerpen","Province d’Anvers","Vlaams Gewest","Région flamande","<5"
"2020-03-18","11018","Hemiksem","Hemiksem","Arrondissement Antwerpen","Arrondissement d’Anvers","Provincie Antwerpen","Province d’Anvers","Vlaams Gewest","Région flamande","<5"
"2020-03-18","11022","Kalmthout","Kalmthout","Arrondissement Antwerpen","Arrondissement d’Anvers","Provincie Antwerpen","Province d’Anvers","Vlaams Gewest","Région flamande","<5"
"2020-03-18","11023","Kapellen (Antwerpen)","Kapellen (Anvers)","Arrondissement Antwerpen","Arrondissement d’Anvers","Provincie Antwerpen","Province d’Anvers","Vlaams Gewest","Région flamande","<5"
"2020-03-18","11024","Kontich","Kontich","Arrondissement Antwerpen","Arrondissement d’Anvers","Provincie Antwerpen","Province d’Anvers","Vlaams Gewest","Région flamande","<5"
"2020-03-18","11029","Mortsel","Mortsel","Arrondissement Antwerpen","Arrondissement d’Anvers","Provincie Antwerpen","Province d’Anvers","Vlaams Gewest","Région flamande","<5"
"2020-03-18","11039","Schilde","Schilde","Arrondissement Antwerpen","Arrondissement d’Anvers","Provincie Antwerpen","Province d’Anvers","Vlaams Gewest","Région flamande","<5"
"2020-03-18","11040","Schoten","Schoten","Arrondissement Antwerpen","Arrondissement d’Anvers","Provincie Antwerpen","Province d’Anvers","Vlaams Gewest","Région flamande","<5"
"2020-03-18","11053","Wuustwezel","Wuustwezel","Arrondissement Antwerpen","Arrondissement d’Anvers","Provincie Antwerpen","Province d’Anvers","Vlaams Gewest","Région flamande","<5"
"2020-03-18","11054","Zandhoven","Zandhoven","Arrondissement Antwerpen","Arrondissement d’Anvers","Provincie Antwerpen","Province d’Anvers","Vlaams Gewest","Région flamande","<5"
"2020-03-18","11055","Zoersel","Zoersel","Arrondissement Antwerpen","Arrondissement d’Anvers","Provincie Antwerpen","Province d’Anvers","Vlaams Gewest","Région flamande","<5"
"2020-03-18","12002","Berlaar","Berlaar","Arrondissement Mechelen","Arrondissement de Malines","Provincie Antwerpen","Province d’Anvers","Vlaams Gewest","Région flamande","<5"
"2020-03-18","12005","Bonheiden","Bonheiden","Arrondissement Mechelen","Arrondissement de Malines","Provincie Antwerpen","Province d’Anvers","Vlaams Gewest","Région flamande","<5"
"2020-03-18","12007","Bornem","Bornem","Arrondissement Mechelen","Arrondissement de Malines","Provincie Antwerpen","Province d’Anvers","Vlaams Gewest","Région flamande","<5"
"2020-03-18","12009","Duffel","Duffel","Arrondissement Mechelen","Arrondissement de Malines","Provincie Antwerpen","Province d’Anvers","Vlaams Gewest","Région flamande","<5"
"2020-03-18","12014","Heist-op-den-Berg","Heist-op-den-Berg","Arrondissement Mechelen","Arrondissement de Malines","Provincie Antwerpen","Province d’Anvers","Vlaams Gewest","Région flamande","<5"
"2020-03-18","12025","Mechelen","Malines","Arrondissement Mechelen","Arrondissement de Malines","Provincie Antwerpen","Province d’Anvers","Vlaams Gewest","Région flamande","<5"
"2020-03-18","12029","Putte","Putte","Arrondissement Mechelen","Arrondissement de Malines","Provincie Antwerpen","Province d’Anvers","Vlaams Gewest","Région flamande","<5"
"2020-03-18","12040","Willebroek","Willebroek","Arrondissement Mechelen","Arrondissement de Malines","Provincie Antwerpen","Province d’Anvers","Vlaams Gewest","Région flamande","<5"
"2020-03-18","12041","Puurs-Sint-Amands","Puurs-Sint-Amands","Arrondissement Mechelen","Arrondissement de Malines","Provincie Antwerpen","Province d’Anvers","Vlaams Gewest","Région flamande","<5"
"2020-03-18","13003","Balen","Balen","Arrondissement Turnhout","Arrondissement de Turnhout","Provincie Antwerpen","Province d’Anvers","Vlaams Gewest","Région flamande","<5"
"2020-03-18","13008","Geel","Geel","Arrondissement Turnhout","Arrondissement de Turnhout","Provincie Antwerpen","Province d’Anvers","Vlaams Gewest","Région flamande","<5"
"2020-03-18","13010","Grobbendonk","Grobbendonk","Arrondissement Turnhout","Arrondissement de Turnhout","Provincie Antwerpen","Province d’Anvers","Vlaams Gewest","Région flamande","<5"
"2020-03-18","13016","Hulshout","Hulshout","Arrondissement Turnhout","Arrondissement de Turnhout","Provincie Antwerpen","Province d’Anvers","Vlaams Gewest","Région flamande","<5"
"2020-03-18","13021","Meerhout","Meerhout","Arrondissement Turnhout","Arrondissement de Turnhout","Provincie Antwerpen","Province d’Anvers","Vlaams Gewest","Région flamande","<5"
"2020-03-18","13025","Mol","Mol","Arrondissement Turnhout","Arrondissement de Turnhout","Provincie Antwerpen","Province d’Anvers","Vlaams Gewest","Région flamande","<5"
"2020-03-18","13049","Westerlo","Westerlo","Arrondissement Turnhout","Arrondissement de Turnhout","Provincie Antwerpen","Province d’Anvers","Vlaams Gewest","Région flamande","<5"
"2020-03-18","13053","Laakdal","Laakdal","Arrondissement Turnhout","Arrondissement de Turnhout","Provincie Antwerpen","Province d’Anvers","Vlaams Gewest","Région flamande","<5"
"2020-03-18","21001","Anderlecht","Anderlecht","Arrondissement Brussel-Hoofdstad","Arrondissement de Bruxelles-Capitale",NA,NA,"Brussels Hoofdstedelijk Gewest","Région de Bruxelles-Capitale","13"
"2020-03-18","21002","Oudergem","Auderghem","Arrondissement Brussel-Hoofdstad","Arrondissement de Bruxelles-Capitale",NA,NA,"Brussels Hoofdstedelijk Gewest","Région de Bruxelles-Capitale","<5"
"2020-03-18","21003","Sint-Agatha-Berchem","Berchem-Sainte-Agathe","Arrondissement Brussel-Hoofdstad","Arrondissement de Bruxelles-Capitale",NA,NA,"Brussels Hoofdstedelijk Gewest","Région de Bruxelles-Capitale","<5"
"2020-03-18","21004","Brussel","Bruxelles","Arrondissement Brussel-Hoofdstad","Arrondissement de Bruxelles-Capitale",NA,NA,"Brussels Hoofdstedelijk Gewest","Région de Bruxelles-Capitale","9"
"2020-03-18","21006","Evere","Evere","Arrondissement Brussel-Hoofdstad","Arrondissement de Bruxelles-Capitale",NA,NA,"Brussels Hoofdstedelijk Gewest","Région de Bruxelles-Capitale","<5"
"2020-03-18","21007","Vorst (Brussel-Hoofdstad)","Forest (Bruxelles-Capitale)","Arrondissement Brussel-Hoofdstad","Arrondissement de Bruxelles-Capitale",NA,NA,"Brussels Hoofdstedelijk Gewest","Région de Bruxelles-Capitale","<5"
"2020-03-18","21008","Ganshoren","Ganshoren","Arrondissement Brussel-Hoofdstad","Arrondissement de Bruxelles-Capitale",NA,NA,"Brussels Hoofdstedelijk Gewest","Région de Bruxelles-Capitale","<5"
"2020-03-18","21009","Elsene","Ixelles","Arrondissement Brussel-Hoofdstad","Arrondissement de Bruxelles-Capitale",NA,NA,"Brussels Hoofdstedelijk Gewest","Région de Bruxelles-Capitale","<5"
"2020-03-18","21010","Jette","Jette","Arrondissement Brussel-Hoofdstad","Arrondissement de Bruxelles-Capitale",NA,NA,"Brussels Hoofdstedelijk Gewest","Région de Bruxelles-Capitale","<5"
"2020-03-18","21011","Koekelberg","Koekelberg","Arrondissement Brussel-Hoofdstad","Arrondissement de Bruxelles-Capitale",NA,NA,"Brussels Hoofdstedelijk Gewest","Région de Bruxelles-Capitale","<5"
"2020-03-18","21012","Sint-Jans-Molenbeek","Molenbeek-Saint-Jean","Arrondissement Brussel-Hoofdstad","Arrondissement de Bruxelles-Capitale",NA,NA,"Brussels Hoofdstedelijk Gewest","Région de Bruxelles-Capitale","7"
"2020-03-18","21013","Sint-Gillis","Saint-Gilles","Arrondissement Brussel-Hoofdstad","Arrondissement de Bruxelles-Capitale",NA,NA,"Brussels Hoofdstedelijk Gewest","Région de Bruxelles-Capitale","<5"
"2020-03-18","21014","Sint-Joost-ten-Node","Saint-Josse-ten-Noode","Arrondissement Brussel-Hoofdstad","Arrondissement de Bruxelles-Capitale",NA,NA,"Brussels Hoofdstedelijk Gewest","Région de Bruxelles-Capitale","<5"
"2020-03-18","21015","Schaarbeek","Schaerbeek","Arrondissement Brussel-Hoofdstad","Arrondissement de Bruxelles-Capitale",NA,NA,"Brussels Hoofdstedelijk Gewest","Région de Bruxelles-Capitale","5"
"2020-03-18","21016","Ukkel","Uccle","Arrondissement Brussel-Hoofdstad","Arrondissement de Bruxelles-Capitale",NA,NA,"Brussels Hoofdstedelijk Gewest","Région de Bruxelles-Capitale","7"
"2020-03-18","21017","Watermaal-Bosvoorde","Watermael-Boitsfort","Arrondissement Brussel-Hoofdstad","Arrondissement de Bruxelles-Capitale",NA,NA,"Brussels Hoofdstedelijk Gewest","Région de Bruxelles-Capitale","<5"
"2020-03-18","23002","Asse","Asse","Arrondissement Halle-Vilvoorde","Arrondissement de Hal-Vilvorde","Provincie Vlaams-Brabant","Province du Brabant flamand","Vlaams Gewest","Région flamande","<5"
"2020-03-18","23016","Dilbeek","Dilbeek","Arrondissement Halle-Vilvoorde","Arrondissement de Hal-Vilvorde","Provincie Vlaams-Brabant","Province du Brabant flamand","Vlaams Gewest","Région flamande","<5"
"2020-03-18","23025","Grimbergen","Grimbergen","Arrondissement Halle-Vilvoorde","Arrondissement de Hal-Vilvorde","Provincie Vlaams-Brabant","Province du Brabant flamand","Vlaams Gewest","Région flamande","<5"
"2020-03-18","23032","Herne","Herne","Arrondissement Halle-Vilvoorde","Arrondissement de Hal-Vilvorde","Provincie Vlaams-Brabant","Province du Brabant flamand","Vlaams Gewest","Région flamande","<5"
"2020-03-18","23033","Hoeilaart","Hoeilaart","Arrondissement Halle-Vilvoorde","Arrondissement de Hal-Vilvorde","Provincie Vlaams-Brabant","Province du Brabant flamand","Vlaams Gewest","Région flamande","<5"
"2020-03-18","23038","Kampenhout","Kampenhout","Arrondissement Halle-Vilvoorde","Arrondissement de Hal-Vilvorde","Provincie Vlaams-Brabant","Province du Brabant flamand","Vlaams Gewest","Région flamande","<5"
"2020-03-18","23047","Machelen (Halle-Vilvoorde)","Machelen (Hal-Vilvorde)","Arrondissement Halle-Vilvoorde","Arrondissement de Hal-Vilvorde","Provincie Vlaams-Brabant","Province du Brabant flamand","Vlaams Gewest","Région flamande","<5"
"2020-03-18","23052","Merchtem","Merchtem","Arrondissement Halle-Vilvoorde","Arrondissement de Hal-Vilvorde","Provincie Vlaams-Brabant","Province du Brabant flamand","Vlaams Gewest","Région flamande","<5"
"2020-03-18","23077","Sint-Pieters-Leeuw","Sint-Pieters-Leeuw","Arrondissement Halle-Vilvoorde","Arrondissement de Hal-Vilvorde","Provincie Vlaams-Brabant","Province du Brabant flamand","Vlaams Gewest","Région flamande","<5"
"2020-03-18","23088","Vilvoorde","Vilvorde","Arrondissement Halle-Vilvoorde","Arrondissement de Hal-Vilvorde","Provincie Vlaams-Brabant","Province du Brabant flamand","Vlaams Gewest","Région flamande","<5"
"2020-03-18","23094","Zaventem","Zaventem","Arrondissement Halle-Vilvoorde","Arrondissement de Hal-Vilvorde","Provincie Vlaams-Brabant","Province du Brabant flamand","Vlaams Gewest","Région flamande","<5"
"2020-03-18","23096","Zemst","Zemst","Arrondissement Halle-Vilvoorde","Arrondissement de Hal-Vilvorde","Provincie Vlaams-Brabant","Province du Brabant flamand","Vlaams Gewest","Région flamande","<5"
"2020-03-18","23099","Kraainem","Kraainem","Arrondissement Halle-Vilvoorde","Arrondissement de Hal-Vilvorde","Provincie Vlaams-Brabant","Province du Brabant flamand","Vlaams Gewest","Région flamande","<5"
"2020-03-18","23102","Wemmel","Wemmel","Arrondissement Halle-Vilvoorde","Arrondissement de Hal-Vilvorde","Provincie Vlaams-Brabant","Province du Brabant flamand","Vlaams Gewest","Région flamande","<5"
"2020-03-18","23103","Wezembeek-Oppem","Wezembeek-Oppem","Arrondissement Halle-Vilvoorde","Arrondissement de Hal-Vilvorde","Provincie Vlaams-Brabant","Province du Brabant flamand","Vlaams Gewest","Région flamande","<5"
"2020-03-18","23104","Lennik","Lennik","Arrondissement Halle-Vilvoorde","Arrondissement de Hal-Vilvorde","Provincie Vlaams-Brabant","Province du Brabant flamand","Vlaams Gewest","Région flamande","<5"
"2020-03-18","23105","Affligem","Affligem","Arrondissement Halle-Vilvoorde","Arrondissement de Hal-Vilvorde","Provincie Vlaams-Brabant","Province du Brabant flamand","Vlaams Gewest","Région flamande","<5"
"2020-03-18","24001","Aarschot","Aarschot","Arrondissement Leuven","Arrondissement de Louvain","Provincie Vlaams-Brabant","Province du Brabant flamand","Vlaams Gewest","Région flamande","<5"
"2020-03-18","24008","Bekkevoort","Bekkevoort","Arrondissement Leuven","Arrondissement de Louvain","Provincie Vlaams-Brabant","Province du Brabant flamand","Vlaams Gewest","Région flamande","<5"
"2020-03-18","24014","Boortmeerbeek","Boortmeerbeek","Arrondissement Leuven","Arrondissement de Louvain","Provincie Vlaams-Brabant","Province du Brabant flamand","Vlaams Gewest","Région flamande","<5"
"2020-03-18","24020","Diest","Diest","Arrondissement Leuven","Arrondissement de Louvain","Provincie Vlaams-Brabant","Province du Brabant flamand","Vlaams Gewest","Région flamande","<5"
"2020-03-18","24033","Haacht","Haacht","Arrondissement Leuven","Arrondissement de Louvain","Provincie Vlaams-Brabant","Province du Brabant flamand","Vlaams Gewest","Région flamande","<5"
"2020-03-18","24038","Herent","Herent","Arrondissement Leuven","Arrondissement de Louvain","Provincie Vlaams-Brabant","Province du Brabant flamand","Vlaams Gewest","Région flamande","<5"
"2020-03-18","24055","Kortenberg","Kortenberg","Arrondissement Leuven","Arrondissement de Louvain","Provincie Vlaams-Brabant","Province du Brabant flamand","Vlaams Gewest","Région flamande","<5"
"2020-03-18","24059","Landen","Landen","Arrondissement Leuven","Arrondissement de Louvain","Provincie Vlaams-Brabant","Province du Brabant flamand","Vlaams Gewest","Région flamande","<5"
"2020-03-18","24062","Leuven","Louvain","Arrondissement Leuven","Arrondissement de Louvain","Provincie Vlaams-Brabant","Province du Brabant flamand","Vlaams Gewest","Région flamande","8"
"2020-03-18","24066","Lubbeek","Lubbeek","Arrondissement Leuven","Arrondissement de Louvain","Provincie Vlaams-Brabant","Province du Brabant flamand","Vlaams Gewest","Région flamande","<5"
"2020-03-18","24107","Tienen","Tirlemont","Arrondissement Leuven","Arrondissement de Louvain","Provincie Vlaams-Brabant","Province du Brabant flamand","Vlaams Gewest","Région flamande","5"
"2020-03-18","24109","Tremelo","Tremelo","Arrondissement Leuven","Arrondissement de Louvain","Provincie Vlaams-Brabant","Province du Brabant flamand","Vlaams Gewest","Région flamande","<5"
"2020-03-18","24130","Zoutleeuw","Léau","Arrondissement Leuven","Arrondissement de Louvain","Provincie Vlaams-Brabant","Province du Brabant flamand","Vlaams Gewest","Région flamande","<5"
"2020-03-18","25014","Eigenbrakel","Braine-l’Alleud","Arrondissement Nijvel","Arrondissement de Nivelles","Provincie Waals-Brabant","Province du Brabant wallon","Waals Gewest","Région wallonne","<5"
"2020-03-18","25018","Chaumont-Gistoux","Chaumont-Gistoux","Arrondissement Nijvel","Arrondissement de Nivelles","Provincie Waals-Brabant","Province du Brabant wallon","Waals Gewest","Région wallonne","<5"
"2020-03-18","25037","Graven","Grez-Doiceau","Arrondissement Nijvel","Arrondissement de Nivelles","Provincie Waals-Brabant","Province du Brabant wallon","Waals Gewest","Région wallonne","<5"
"2020-03-18","25043","Incourt","Incourt","Arrondissement Nijvel","Arrondissement de Nivelles","Provincie Waals-Brabant","Province du Brabant wallon","Waals Gewest","Région wallonne","<5"
"2020-03-18","25048","Geldenaken","Jodoigne","Arrondissement Nijvel","Arrondissement de Nivelles","Provincie Waals-Brabant","Province du Brabant wallon","Waals Gewest","Région wallonne","<5"
"2020-03-18","25050","Terhulpen","La Hulpe","Arrondissement Nijvel","Arrondissement de Nivelles","Provincie Waals-Brabant","Province du Brabant wallon","Waals Gewest","Région wallonne","<5"
"2020-03-18","25072","Nijvel","Nivelles","Arrondissement Nijvel","Arrondissement de Nivelles","Provincie Waals-Brabant","Province du Brabant wallon","Waals Gewest","Région wallonne","<5"
"2020-03-18","25084","Perwijs (Nijvel)","Perwez (Nivelles)","Arrondissement Nijvel","Arrondissement de Nivelles","Provincie Waals-Brabant","Province du Brabant wallon","Waals Gewest","Région wallonne","<5"
"2020-03-18","25091","Rixensart","Rixensart","Arrondissement Nijvel","Arrondissement de Nivelles","Provincie Waals-Brabant","Province du Brabant wallon","Waals Gewest","Région wallonne","<5"
"2020-03-18","25105","Tubeke","Tubize","Arrondissement Nijvel","Arrondissement de Nivelles","Provincie Waals-Brabant","Province du Brabant wallon","Waals Gewest","Région wallonne","<5"
"2020-03-18","25107","Villers-la-Ville","Villers-la-Ville","Arrondissement Nijvel","Arrondissement de Nivelles","Provincie Waals-Brabant","Province du Brabant wallon","Waals Gewest","Région wallonne","<5"
"2020-03-18","25112","Waver","Wavre","Arrondissement Nijvel","Arrondissement de Nivelles","Provincie Waals-Brabant","Province du Brabant wallon","Waals Gewest","Région wallonne","<5"
"2020-03-18","25117","Chastre","Chastre","Arrondissement Nijvel","Arrondissement de Nivelles","Provincie Waals-Brabant","Province du Brabant wallon","Waals Gewest","Région wallonne","<5"
"2020-03-18","25119","Lasne","Lasne","Arrondissement Nijvel","Arrondissement de Nivelles","Provincie Waals-Brabant","Province du Brabant wallon","Waals Gewest","Région wallonne","<5"
"2020-03-18","25121","Ottignies-Louvain-la-Neuve","Ottignies-Louvain-la-Neuve","Arrondissement Nijvel","Arrondissement de Nivelles","Provincie Waals-Brabant","Province du Brabant wallon","Waals Gewest","Région wallonne","<5"
"2020-03-18","25123","Rebecq","Rebecq","Arrondissement Nijvel","Arrondissement de Nivelles","Provincie Waals-Brabant","Province du Brabant wallon","Waals Gewest","Région wallonne","<5"
"2020-03-18","31003","Beernem","Beernem","Arrondissement Brugge","Arrondissement de Bruges","Provincie West-Vlaanderen","Province de Flandre occidentale","Vlaams Gewest","Région flamande","<5"
"2020-03-18","31005","Brugge","Bruges","Arrondissement Brugge","Arrondissement de Bruges","Provincie West-Vlaanderen","Province de Flandre occidentale","Vlaams Gewest","Région flamande","<5"
"2020-03-18","31022","Oostkamp","Oostkamp","Arrondissement Brugge","Arrondissement de Bruges","Provincie West-Vlaanderen","Province de Flandre occidentale","Vlaams Gewest","Région flamande","<5"
"2020-03-18","31033","Torhout","Torhout","Arrondissement Brugge","Arrondissement de Bruges","Provincie West-Vlaanderen","Province de Flandre occidentale","Vlaams Gewest","Région flamande","<5"
"2020-03-18","31043","Knokke-Heist","Knokke-Heist","Arrondissement Brugge","Arrondissement de Bruges","Provincie West-Vlaanderen","Province de Flandre occidentale","Vlaams Gewest","Région flamande","<5"
"2020-03-18","33011","Ieper","Ypres","Arrondissement Ieper","Arrondissement d’Ypres","Provincie West-Vlaanderen","Province de Flandre occidentale","Vlaams Gewest","Région flamande","<5"
"2020-03-18","33021","Poperinge","Poperinge","Arrondissement Ieper","Arrondissement d’Ypres","Provincie West-Vlaanderen","Province de Flandre occidentale","Vlaams Gewest","Région flamande","<5"
"2020-03-18","33029","Wervik","Wervik","Arrondissement Ieper","Arrondissement d’Ypres","Provincie West-Vlaanderen","Province de Flandre occidentale","Vlaams Gewest","Région flamande","<5"
"2020-03-18","33037","Zonnebeke","Zonnebeke","Arrondissement Ieper","Arrondissement d’Ypres","Provincie West-Vlaanderen","Province de Flandre occidentale","Vlaams Gewest","Région flamande","<5"
"2020-03-18","33039","Heuvelland","Heuvelland","Arrondissement Ieper","Arrondissement d’Ypres","Provincie West-Vlaanderen","Province de Flandre occidentale","Vlaams Gewest","Région flamande","<5"
"2020-03-18","34002","Anzegem","Anzegem","Arrondissement Kortrijk","Arrondissement de Courtrai","Provincie West-Vlaanderen","Province de Flandre occidentale","Vlaams Gewest","Région flamande","<5"
"2020-03-18","34009","Deerlijk","Deerlijk","Arrondissement Kortrijk","Arrondissement de Courtrai","Provincie West-Vlaanderen","Province de Flandre occidentale","Vlaams Gewest","Région flamande","<5"
"2020-03-18","34013","Harelbeke","Harelbeke","Arrondissement Kortrijk","Arrondissement de Courtrai","Provincie West-Vlaanderen","Province de Flandre occidentale","Vlaams Gewest","Région flamande","<5"
"2020-03-18","34022","Kortrijk","Courtrai","Arrondissement Kortrijk","Arrondissement de Courtrai","Provincie West-Vlaanderen","Province de Flandre occidentale","Vlaams Gewest","Région flamande","5"
"2020-03-18","34023","Kuurne","Kuurne","Arrondissement Kortrijk","Arrondissement de Courtrai","Provincie West-Vlaanderen","Province de Flandre occidentale","Vlaams Gewest","Région flamande","<5"
"2020-03-18","34027","Menen","Menin","Arrondissement Kortrijk","Arrondissement de Courtrai","Provincie West-Vlaanderen","Province de Flandre occidentale","Vlaams Gewest","Région flamande","<5"
"2020-03-18","34040","Waregem","Waregem","Arrondissement Kortrijk","Arrondissement de Courtrai","Provincie West-Vlaanderen","Province de Flandre occidentale","Vlaams Gewest","Région flamande","5"
"2020-03-18","34042","Zwevegem","Zwevegem","Arrondissement Kortrijk","Arrondissement de Courtrai","Provincie West-Vlaanderen","Province de Flandre occidentale","Vlaams Gewest","Région flamande","<5"
"2020-03-18","35013","Oostende","Ostende","Arrondissement Oostende","Arrondissement d’Ostende","Provincie West-Vlaanderen","Province de Flandre occidentale","Vlaams Gewest","Région flamande","<5"
"2020-03-18","35029","De Haan","De Haan","Arrondissement Oostende","Arrondissement d’Ostende","Provincie West-Vlaanderen","Province de Flandre occidentale","Vlaams Gewest","Région flamande","<5"
"2020-03-18","36008","Izegem","Izegem","Arrondissement Roeselare","Arrondissement de Roulers","Provincie West-Vlaanderen","Province de Flandre occidentale","Vlaams Gewest","Région flamande","<5"
"2020-03-18","36010","Ledegem","Ledegem","Arrondissement Roeselare","Arrondissement de Roulers","Provincie West-Vlaanderen","Province de Flandre occidentale","Vlaams Gewest","Région flamande","<5"
"2020-03-18","36015","Roeselare","Roulers","Arrondissement Roeselare","Arrondissement de Roulers","Provincie West-Vlaanderen","Province de Flandre occidentale","Vlaams Gewest","Région flamande","<5"
"2020-03-18","37010","Oostrozebeke","Oostrozebeke","Arrondissement Tielt","Arrondissement de Tielt","Provincie West-Vlaanderen","Province de Flandre occidentale","Vlaams Gewest","Région flamande","<5"
"2020-03-18","37015","Tielt (Tielt)","Tielt (Tielt)","Arrondissement Tielt","Arrondissement de Tielt","Provincie West-Vlaanderen","Province de Flandre occidentale","Vlaams Gewest","Région flamande","<5"
"2020-03-18","37018","Wingene","Wingene","Arrondissement Tielt","Arrondissement de Tielt","Provincie West-Vlaanderen","Province de Flandre occidentale","Vlaams Gewest","Région flamande","<5"
"2020-03-18","37020","Ardooie","Ardooie","Arrondissement Tielt","Arrondissement de Tielt","Provincie West-Vlaanderen","Province de Flandre occidentale","Vlaams Gewest","Région flamande","<5"
"2020-03-18","38014","Koksijde","Koksijde","Arrondissement Veurne","Arrondissement de Furnes","Provincie West-Vlaanderen","Province de Flandre occidentale","Vlaams Gewest","Région flamande","<5"
"2020-03-18","41002","Aalst (Aalst)","Alost (Alost)","Arrondissement Aalst","Arrondissement d’Alost","Provincie Oost-Vlaanderen","Province de Flandre orientale","Vlaams Gewest","Région flamande","<5"
"2020-03-18","41018","Geraardsbergen","Grammont","Arrondissement Aalst","Arrondissement d’Alost","Provincie Oost-Vlaanderen","Province de Flandre orientale","Vlaams Gewest","Région flamande","<5"
"2020-03-18","41024","Haaltert","Haaltert","Arrondissement Aalst","Arrondissement d’Alost","Provincie Oost-Vlaanderen","Province de Flandre orientale","Vlaams Gewest","Région flamande","<5"
"2020-03-18","41048","Ninove","Ninove","Arrondissement Aalst","Arrondissement d’Alost","Provincie Oost-Vlaanderen","Province de Flandre orientale","Vlaams Gewest","Région flamande","<5"
"2020-03-18","41081","Zottegem","Zottegem","Arrondissement Aalst","Arrondissement d’Alost","Provincie Oost-Vlaanderen","Province de Flandre orientale","Vlaams Gewest","Région flamande","<5"
"2020-03-18","42006","Dendermonde","Termonde","Arrondissement Dendermonde","Arrondissement de Termonde","Provincie Oost-Vlaanderen","Province de Flandre orientale","Vlaams Gewest","Région flamande","<5"
"2020-03-18","42008","Hamme (Dendermonde)","Hamme (Termonde)","Arrondissement Dendermonde","Arrondissement de Termonde","Provincie Oost-Vlaanderen","Province de Flandre orientale","Vlaams Gewest","Région flamande","<5"
"2020-03-18","42010","Laarne","Laarne","Arrondissement Dendermonde","Arrondissement de Termonde","Provincie Oost-Vlaanderen","Province de Flandre orientale","Vlaams Gewest","Région flamande","<5"
"2020-03-18","42025","Wetteren","Wetteren","Arrondissement Dendermonde","Arrondissement de Termonde","Provincie Oost-Vlaanderen","Province de Flandre orientale","Vlaams Gewest","Région flamande","<5"
"2020-03-18","42026","Wichelen","Wichelen","Arrondissement Dendermonde","Arrondissement de Termonde","Provincie Oost-Vlaanderen","Province de Flandre orientale","Vlaams Gewest","Région flamande","<5"
"2020-03-18","42028","Zele","Zele","Arrondissement Dendermonde","Arrondissement de Termonde","Provincie Oost-Vlaanderen","Province de Flandre orientale","Vlaams Gewest","Région flamande","<5"
"2020-03-18","43002","Assenede","Assenede","Arrondissement Eeklo","Arrondissement d’Eeklo","Provincie Oost-Vlaanderen","Province de Flandre orientale","Vlaams Gewest","Région flamande","<5"
"2020-03-18","43005","Eeklo","Eeklo","Arrondissement Eeklo","Arrondissement d’Eeklo","Provincie Oost-Vlaanderen","Province de Flandre orientale","Vlaams Gewest","Région flamande","<5"
"2020-03-18","44012","De Pinte","De Pinte","Arrondissement Gent","Arrondissement de Gand","Provincie Oost-Vlaanderen","Province de Flandre orientale","Vlaams Gewest","Région flamande","<5"
"2020-03-18","44013","Destelbergen","Destelbergen","Arrondissement Gent","Arrondissement de Gand","Provincie Oost-Vlaanderen","Province de Flandre orientale","Vlaams Gewest","Région flamande","<5"
"2020-03-18","44019","Evergem","Evergem","Arrondissement Gent","Arrondissement de Gand","Provincie Oost-Vlaanderen","Province de Flandre orientale","Vlaams Gewest","Région flamande","<5"
"2020-03-18","44021","Gent","Gand","Arrondissement Gent","Arrondissement de Gand","Provincie Oost-Vlaanderen","Province de Flandre orientale","Vlaams Gewest","Région flamande","9"
"2020-03-18","44040","Melle","Melle","Arrondissement Gent","Arrondissement de Gand","Provincie Oost-Vlaanderen","Province de Flandre orientale","Vlaams Gewest","Région flamande","<5"
"2020-03-18","44048","Nazareth","Nazareth","Arrondissement Gent","Arrondissement de Gand","Provincie Oost-Vlaanderen","Province de Flandre orientale","Vlaams Gewest","Région flamande","<5"
"2020-03-18","44084","Aalter","Aalter","Arrondissement Gent","Arrondissement de Gand","Provincie Oost-Vlaanderen","Province de Flandre orientale","Vlaams Gewest","Région flamande","<5"
"2020-03-18","44085","Lievegem","Lievegem","Arrondissement Gent","Arrondissement de Gand","Provincie Oost-Vlaanderen","Province de Flandre orientale","Vlaams Gewest","Région flamande","<5"
"2020-03-18","45035","Oudenaarde","Audenarde","Arrondissement Oudenaarde","Arrondissement d’Audenarde","Provincie Oost-Vlaanderen","Province de Flandre orientale","Vlaams Gewest","Région flamande","<5"
"2020-03-18","45062","Horebeke","Horebeke","Arrondissement Oudenaarde","Arrondissement d’Audenarde","Provincie Oost-Vlaanderen","Province de Flandre orientale","Vlaams Gewest","Région flamande","<5"
"2020-03-18","45065","Zwalm","Zwalin","Arrondissement Oudenaarde","Arrondissement d’Audenarde","Provincie Oost-Vlaanderen","Province de Flandre orientale","Vlaams Gewest","Région flamande","<5"
"2020-03-18","46003","Beveren (Sint-Niklaas)","Beveren (Saint-Nicolas)","Arrondissement Sint-Niklaas","Arrondissement de Saint-Nicolas","Provincie Oost-Vlaanderen","Province de Flandre orientale","Vlaams Gewest","Région flamande","<5"
"2020-03-18","46020","Sint-Gillis-Waas","Sint-Gillis-Waas","Arrondissement Sint-Niklaas","Arrondissement de Saint-Nicolas","Provincie Oost-Vlaanderen","Province de Flandre orientale","Vlaams Gewest","Région flamande","<5"
"2020-03-18","46021","Sint-Niklaas (Sint-Niklaas)","Saint-Nicolas (Saint-Nicolas)","Arrondissement Sint-Niklaas","Arrondissement de Saint-Nicolas","Provincie Oost-Vlaanderen","Province de Flandre orientale","Vlaams Gewest","Région flamande","<5"
"2020-03-18","46024","Stekene","Stekene","Arrondissement Sint-Niklaas","Arrondissement de Saint-Nicolas","Provincie Oost-Vlaanderen","Province de Flandre orientale","Vlaams Gewest","Région flamande","<5"
"2020-03-18","46025","Temse","Tamise","Arrondissement Sint-Niklaas","Arrondissement de Saint-Nicolas","Provincie Oost-Vlaanderen","Province de Flandre orientale","Vlaams Gewest","Région flamande","<5"
"2020-03-18","51004","Aat","Ath","Arrondissement Aat","Arrondissement d’Ath","Provincie Henegouwen","Province du Hainaut","Waals Gewest","Région wallonne","<5"
"2020-03-18","51008","Beloeil","Beloeil","Arrondissement Aat","Arrondissement d’Ath","Provincie Henegouwen","Province du Hainaut","Waals Gewest","Région wallonne","<5"
"2020-03-18","51009","Bernissart","Bernissart","Arrondissement Aat","Arrondissement d’Ath","Provincie Henegouwen","Province du Hainaut","Waals Gewest","Région wallonne","<5"
"2020-03-18","51069","Lessen","Lessines","Arrondissement Aat","Arrondissement d’Ath","Provincie Henegouwen","Province du Hainaut","Waals Gewest","Région wallonne","<5"
"2020-03-18","52010","Chapelle-lez-Herlaimont","Chapelle-lez-Herlaimont","Arrondissement Charleroi","Arrondissement de Charleroi","Provincie Henegouwen","Province du Hainaut","Waals Gewest","Région wallonne","<5"
"2020-03-18","52011","Charleroi","Charleroi","Arrondissement Charleroi","Arrondissement de Charleroi","Provincie Henegouwen","Province du Hainaut","Waals Gewest","Région wallonne","<5"
"2020-03-18","52055","Pont-à-Celles","Pont-à-Celles","Arrondissement Charleroi","Arrondissement de Charleroi","Provincie Henegouwen","Province du Hainaut","Waals Gewest","Région wallonne","<5"
"2020-03-18","53014","Boussu","Boussu","Arrondissement Bergen","Arrondissement de Mons","Provincie Henegouwen","Province du Hainaut","Waals Gewest","Région wallonne","<5"
"2020-03-18","53020","Dour","Dour","Arrondissement Bergen","Arrondissement de Mons","Provincie Henegouwen","Province du Hainaut","Waals Gewest","Région wallonne","<5"
"2020-03-18","53028","Frameries","Frameries","Arrondissement Bergen","Arrondissement de Mons","Provincie Henegouwen","Province du Hainaut","Waals Gewest","Région wallonne","<5"
"2020-03-18","53044","Jurbeke","Jurbise","Arrondissement Bergen","Arrondissement de Mons","Provincie Henegouwen","Province du Hainaut","Waals Gewest","Région wallonne","<5"
"2020-03-18","53053","Bergen","Mons","Arrondissement Bergen","Arrondissement de Mons","Provincie Henegouwen","Province du Hainaut","Waals Gewest","Région wallonne","17"
"2020-03-18","53065","Quaregnon","Quaregnon","Arrondissement Bergen","Arrondissement de Mons","Provincie Henegouwen","Province du Hainaut","Waals Gewest","Région wallonne","<5"
"2020-03-18","53070","Saint-Ghislain","Saint-Ghislain","Arrondissement Bergen","Arrondissement de Mons","Provincie Henegouwen","Province du Hainaut","Waals Gewest","Région wallonne","<5"
"2020-03-18","53082","Colfontaine","Colfontaine","Arrondissement Bergen","Arrondissement de Mons","Provincie Henegouwen","Province du Hainaut","Waals Gewest","Région wallonne","5"
"2020-03-18","53083","Honnelles","Honnelles","Arrondissement Bergen","Arrondissement de Mons","Provincie Henegouwen","Province du Hainaut","Waals Gewest","Région wallonne","<5"
"2020-03-18","53084","Quévy","Quévy","Arrondissement Bergen","Arrondissement de Mons","Provincie Henegouwen","Province du Hainaut","Waals Gewest","Région wallonne","<5"
"2020-03-18","55004","’s Gravenbrakel","Braine-le-Comte","Arrondissement Zinnik","Arrondissement de Soignies","Provincie Henegouwen","Province du Hainaut","Waals Gewest","Région wallonne","<5"
"2020-03-18","55040","Zinnik","Soignies","Arrondissement Zinnik","Arrondissement de Soignies","Provincie Henegouwen","Province du Hainaut","Waals Gewest","Région wallonne","<5"
"2020-03-18","55086","Manage","Manage","Arrondissement Zinnik","Arrondissement de Soignies","Provincie Henegouwen","Province du Hainaut","Waals Gewest","Région wallonne","<5"
"2020-03-18","56078","Thuin","Thuin","Arrondissement Thuin","Arrondissement de Thuin","Provincie Henegouwen","Province du Hainaut","Waals Gewest","Région wallonne","<5"
"2020-03-18","57081","Doornik","Tournai","Arrondissement Doornik-Moeskroen","Arrondissement de Tournai-Mouscron","Provincie Henegouwen","Province du Hainaut","Waals Gewest","Région wallonne","<5"
"2020-03-18","57094","Leuze-en-Hainaut","Leuze-en-Hainaut","Arrondissement Doornik-Moeskroen","Arrondissement de Tournai-Mouscron","Provincie Henegouwen","Province du Hainaut","Waals Gewest","Région wallonne","<5"
"2020-03-18","57096","Moeskroen","Mouscron","Arrondissement Doornik-Moeskroen","Arrondissement de Tournai-Mouscron","Provincie Henegouwen","Province du Hainaut","Waals Gewest","Région wallonne","<5"
"2020-03-18","57097","Komen-Waasten","Comines-Warneton","Arrondissement Doornik-Moeskroen","Arrondissement de Tournai-Mouscron","Provincie Henegouwen","Province du Hainaut","Waals Gewest","Région wallonne","<5"
"2020-03-18","58001","La Louvière","La Louvière","Arrondissement La Louvière","Arrondissement de La Louvière","Provincie Henegouwen","Province du Hainaut","Waals Gewest","Région wallonne","<5"
"2020-03-18","58004","Morlanwelz","Morlanwelz","Arrondissement La Louvière","Arrondissement de La Louvière","Provincie Henegouwen","Province du Hainaut","Waals Gewest","Région wallonne","<5"
"2020-03-18","61003","Amay","Amay","Arrondissement Hoei","Arrondissement de Huy","Provincie Luik","Province de Liège","Waals Gewest","Région wallonne","<5"
"2020-03-18","61031","Hoei","Huy","Arrondissement Hoei","Arrondissement de Huy","Provincie Luik","Province de Liège","Waals Gewest","Région wallonne","<5"
"2020-03-18","61043","Nandrin","Nandrin","Arrondissement Hoei","Arrondissement de Huy","Provincie Luik","Province de Liège","Waals Gewest","Région wallonne","<5"
"2020-03-18","61068","Villers-Le-Bouillet","Villers-Le-Bouillet","Arrondissement Hoei","Arrondissement de Huy","Provincie Luik","Province de Liège","Waals Gewest","Région wallonne","<5"
"2020-03-18","61072","Wanze","Wanze","Arrondissement Hoei","Arrondissement de Huy","Provincie Luik","Province de Liège","Waals Gewest","Région wallonne","<5"
"2020-03-18","61079","Anthisnes","Anthisnes","Arrondissement Hoei","Arrondissement de Huy","Provincie Luik","Province de Liège","Waals Gewest","Région wallonne","<5"
"2020-03-18","62006","Awans","Awans","Arrondissement Luik","Arrondissement de Liège","Provincie Luik","Province de Liège","Waals Gewest","Région wallonne","<5"
"2020-03-18","62011","Bitsingen","Bassenge","Arrondissement Luik","Arrondissement de Liège","Provincie Luik","Province de Liège","Waals Gewest","Région wallonne","<5"
"2020-03-18","62015","Beyne-Heusay","Beyne-Heusay","Arrondissement Luik","Arrondissement de Liège","Provincie Luik","Province de Liège","Waals Gewest","Région wallonne","<5"
"2020-03-18","62022","Chaudfontaine","Chaudfontaine","Arrondissement Luik","Arrondissement de Liège","Provincie Luik","Province de Liège","Waals Gewest","Région wallonne","<5"
"2020-03-18","62026","Comblain-au-Pont","Comblain-au-Pont","Arrondissement Luik","Arrondissement de Liège","Provincie Luik","Province de Liège","Waals Gewest","Région wallonne","<5"
"2020-03-18","62032","Esneux","Esneux","Arrondissement Luik","Arrondissement de Liège","Provincie Luik","Province de Liège","Waals Gewest","Région wallonne","<5"
"2020-03-18","62051","Herstal","Herstal","Arrondissement Luik","Arrondissement de Liège","Provincie Luik","Province de Liège","Waals Gewest","Région wallonne","<5"
"2020-03-18","62063","Luik","Liège","Arrondissement Luik","Arrondissement de Liège","Provincie Luik","Province de Liège","Waals Gewest","Région wallonne","9"
"2020-03-18","62079","Oupeye","Oupeye","Arrondissement Luik","Arrondissement de Liège","Provincie Luik","Province de Liège","Waals Gewest","Région wallonne","<5"
"2020-03-18","62096","Seraing","Seraing","Arrondissement Luik","Arrondissement de Liège","Provincie Luik","Province de Liège","Waals Gewest","Région wallonne","<5"
"2020-03-18","62120","Flémalle","Flémalle","Arrondissement Luik","Arrondissement de Liège","Provincie Luik","Province de Liège","Waals Gewest","Région wallonne","<5"
"2020-03-18","62121","Neupré","Neupré","Arrondissement Luik","Arrondissement de Liège","Provincie Luik","Province de Liège","Waals Gewest","Région wallonne","<5"
"2020-03-18","63013","Bütgenbach","Butgenbach","Arrondissement Verviers","Arrondissement de Verviers","Provincie Luik","Province de Liège","Waals Gewest","Région wallonne","<5"
"2020-03-18","63020","Dison","Dison","Arrondissement Verviers","Arrondissement de Verviers","Provincie Luik","Province de Liège","Waals Gewest","Région wallonne","<5"
"2020-03-18","63038","Jalhay","Jalhay","Arrondissement Verviers","Arrondissement de Verviers","Provincie Luik","Province de Liège","Waals Gewest","Région wallonne","<5"
"2020-03-18","63049","Malmedy","Malmedy","Arrondissement Verviers","Arrondissement de Verviers","Provincie Luik","Province de Liège","Waals Gewest","Région wallonne","<5"
"2020-03-18","63067","Sankt Vith","Saint-Vith","Arrondissement Verviers","Arrondissement de Verviers","Provincie Luik","Province de Liège","Waals Gewest","Région wallonne","<5"
"2020-03-18","63076","Theux","Theux","Arrondissement Verviers","Arrondissement de Verviers","Provincie Luik","Province de Liège","Waals Gewest","Région wallonne","<5"
"2020-03-18","63079","Verviers","Verviers","Arrondissement Verviers","Arrondissement de Verviers","Provincie Luik","Province de Liège","Waals Gewest","Région wallonne","<5"
"2020-03-18","64029","Geer","Geer","Arrondissement Borgworm","Arrondissement de Waremme","Provincie Luik","Province de Liège","Waals Gewest","Région wallonne","<5"
"2020-03-18","64034","Hannuit","Hannut","Arrondissement Borgworm","Arrondissement de Waremme","Provincie Luik","Province de Liège","Waals Gewest","Région wallonne","<5"
"2020-03-18","71002","As","As","Arrondissement Hasselt","Arrondissement de Hasselt","Provincie Limburg","Province du Limbourg","Vlaams Gewest","Région flamande","<5"
"2020-03-18","71004","Beringen","Beringen","Arrondissement Hasselt","Arrondissement de Hasselt","Provincie Limburg","Province du Limbourg","Vlaams Gewest","Région flamande","<5"
"2020-03-18","71011","Diepenbeek","Diepenbeek","Arrondissement Hasselt","Arrondissement de Hasselt","Provincie Limburg","Province du Limbourg","Vlaams Gewest","Région flamande","<5"
"2020-03-18","71016","Genk","Genk","Arrondissement Hasselt","Arrondissement de Hasselt","Provincie Limburg","Province du Limbourg","Vlaams Gewest","Région flamande","<5"
"2020-03-18","71020","Halen","Halen","Arrondissement Hasselt","Arrondissement de Hasselt","Provincie Limburg","Province du Limbourg","Vlaams Gewest","Région flamande","<5"
"2020-03-18","71022","Hasselt","Hasselt","Arrondissement Hasselt","Arrondissement de Hasselt","Provincie Limburg","Province du Limbourg","Vlaams Gewest","Région flamande","8"
"2020-03-18","71024","Herk-de-Stad","Herck-la-Ville","Arrondissement Hasselt","Arrondissement de Hasselt","Provincie Limburg","Province du Limbourg","Vlaams Gewest","Région flamande","<5"
"2020-03-18","71037","Lummen","Lummen","Arrondissement Hasselt","Arrondissement de Hasselt","Provincie Limburg","Province du Limbourg","Vlaams Gewest","Région flamande","<5"
"2020-03-18","71053","Sint-Truiden","Saint-Trond","Arrondissement Hasselt","Arrondissement de Hasselt","Provincie Limburg","Province du Limbourg","Vlaams Gewest","Région flamande","8"
"2020-03-18","71066","Zonhoven","Zonhoven","Arrondissement Hasselt","Arrondissement de Hasselt","Provincie Limburg","Province du Limbourg","Vlaams Gewest","Région flamande","<5"
"2020-03-18","71067","Zutendaal","Zutendaal","Arrondissement Hasselt","Arrondissement de Hasselt","Provincie Limburg","Province du Limbourg","Vlaams Gewest","Région flamande","<5"
"2020-03-18","71069","Ham","Ham","Arrondissement Hasselt","Arrondissement de Hasselt","Provincie Limburg","Province du Limbourg","Vlaams Gewest","Région flamande","<5"
"2020-03-18","71070","Heusden-Zolder","Heusden-Zolder","Arrondissement Hasselt","Arrondissement de Hasselt","Provincie Limburg","Province du Limbourg","Vlaams Gewest","Région flamande","<5"
"2020-03-18","72018","Kinrooi","Kinrooi","Arrondissement Maaseik","Arrondissement de Maaseik","Provincie Limburg","Province du Limbourg","Vlaams Gewest","Région flamande","<5"
"2020-03-18","72020","Lommel","Lommel","Arrondissement Maaseik","Arrondissement de Maaseik","Provincie Limburg","Province du Limbourg","Vlaams Gewest","Région flamande","<5"
"2020-03-18","72021","Maaseik","Maaseik","Arrondissement Maaseik","Arrondissement de Maaseik","Provincie Limburg","Province du Limbourg","Vlaams Gewest","Région flamande","<5"
"2020-03-18","72038","Hechtel-Eksel","Hechtel-Eksel","Arrondissement Maaseik","Arrondissement de Maaseik","Provincie Limburg","Province du Limbourg","Vlaams Gewest","Région flamande","<5"
"2020-03-18","72039","Houthalen-Helchteren","Houthalen-Helchteren","Arrondissement Maaseik","Arrondissement de Maaseik","Provincie Limburg","Province du Limbourg","Vlaams Gewest","Région flamande","<5"
"2020-03-18","72041","Dilsen-Stokkem","Dilsen-Stokkem","Arrondissement Maaseik","Arrondissement de Maaseik","Provincie Limburg","Province du Limbourg","Vlaams Gewest","Région flamande","<5"
"2020-03-18","73001","Alken","Alken","Arrondissement Tongeren","Arrondissement de Tongres","Provincie Limburg","Province du Limbourg","Vlaams Gewest","Région flamande","<5"
"2020-03-18","73006","Bilzen","Bilzen","Arrondissement Tongeren","Arrondissement de Tongres","Provincie Limburg","Province du Limbourg","Vlaams Gewest","Région flamande","<5"
"2020-03-18","73009","Borgloon","Looz","Arrondissement Tongeren","Arrondissement de Tongres","Provincie Limburg","Province du Limbourg","Vlaams Gewest","Région flamande","<5"
"2020-03-18","73042","Lanaken","Lanaken","Arrondissement Tongeren","Arrondissement de Tongres","Provincie Limburg","Province du Limbourg","Vlaams Gewest","Région flamande","<5"
"2020-03-18","73098","Wellen","Wellen","Arrondissement Tongeren","Arrondissement de Tongres","Provincie Limburg","Province du Limbourg","Vlaams Gewest","Région flamande","<5"
"2020-03-18","81003","Attert","Attert","Arrondissement Aarlen","Arrondissement d’Arlon","Provincie Luxemburg","Province du Luxembourg","Waals Gewest","Région wallonne","<5"
"2020-03-18","82003","Bastenaken","Bastogne","Arrondissement Bastenaken","Arrondissement de Bastogne","Provincie Luxemburg","Province du Luxembourg","Waals Gewest","Région wallonne","<5"
"2020-03-18","82032","Vielsalm","Vielsalm","Arrondissement Bastenaken","Arrondissement de Bastogne","Provincie Luxemburg","Province du Luxembourg","Waals Gewest","Région wallonne","<5"
"2020-03-18","83028","Hotton","Hotton","Arrondissement Marche-en-Famenne","Arrondissement de Marche-en-Famenne","Provincie Luxemburg","Province du Luxembourg","Waals Gewest","Région wallonne","<5"
"2020-03-18","84009","Bertrix","Bertrix","Arrondissement Neufchâteau","Arrondissement de Neufchâteau","Provincie Luxemburg","Province du Luxembourg","Waals Gewest","Région wallonne","5"
"2020-03-18","84043","Neufchâteau (Neufchâteau)","Neufchâteau (Neufchâteau)","Arrondissement Neufchâteau","Arrondissement de Neufchâteau","Provincie Luxemburg","Province du Luxembourg","Waals Gewest","Région wallonne","<5"
"2020-03-18","84059","Saint-Hubert","Saint-Hubert","Arrondissement Neufchâteau","Arrondissement de Neufchâteau","Provincie Luxemburg","Province du Luxembourg","Waals Gewest","Région wallonne","<5"
"2020-03-18","85045","Virton","Virton","Arrondissement Virton","Arrondissement de Virton","Provincie Luxemburg","Province du Luxembourg","Waals Gewest","Région wallonne","<5"
"2020-03-18","85047","Rouvroy","Rouvroy","Arrondissement Virton","Arrondissement de Virton","Provincie Luxemburg","Province du Luxembourg","Waals Gewest","Région wallonne","<5"
"2020-03-18","91013","Beauraing","Beauraing","Arrondissement Dinant","Arrondissement de Dinant","Provincie Namen","Province de Namur","Waals Gewest","Région wallonne","<5"
"2020-03-18","91030","Ciney","Ciney","Arrondissement Dinant","Arrondissement de Dinant","Provincie Namen","Province de Namur","Waals Gewest","Région wallonne","<5"
"2020-03-18","91059","Hamois","Hamois","Arrondissement Dinant","Arrondissement de Dinant","Provincie Namen","Province de Namur","Waals Gewest","Région wallonne","<5"
"2020-03-18","91072","Houyet","Houyet","Arrondissement Dinant","Arrondissement de Dinant","Provincie Namen","Province de Namur","Waals Gewest","Région wallonne","<5"
"2020-03-18","91103","Onhaye","Onhaye","Arrondissement Dinant","Arrondissement de Dinant","Provincie Namen","Province de Namur","Waals Gewest","Région wallonne","<5"
"2020-03-18","92003","Andenne","Andenne","Arrondissement Namen","Arrondissement de Namur","Provincie Namen","Province de Namur","Waals Gewest","Région wallonne","<5"
"2020-03-18","92035","Eghezée","Eghezée","Arrondissement Namen","Arrondissement de Namur","Provincie Namen","Province de Namur","Waals Gewest","Région wallonne","<5"
"2020-03-18","92054","Gesves","Gesves","Arrondissement Namen","Arrondissement de Namur","Provincie Namen","Province de Namur","Waals Gewest","Région wallonne","<5"
"2020-03-18","92087","Mettet","Mettet","Arrondissement Namen","Arrondissement de Namur","Provincie Namen","Province de Namur","Waals Gewest","Région wallonne","<5"
"2020-03-18","92094","Namen","Namur","Arrondissement Namen","Arrondissement de Namur","Provincie Namen","Province de Namur","Waals Gewest","Région wallonne","5"
"2020-03-18","92140","Jemeppe-sur-Sambre","Jemeppe-sur-Sambre","Arrondissement Namen","Arrondissement de Namur","Provincie Namen","Province de Namur","Waals Gewest","Région wallonne","<5"
"2020-03-18","92141","La Bruyère","La Bruyère","Arrondissement Namen","Arrondissement de Namur","Provincie Namen","Province de Namur","Waals Gewest","Région wallonne","<5"
"2020-03-18","92142","Gembloux","Gembloux","Arrondissement Namen","Arrondissement de Namur","Provincie Namen","Province de Namur","Waals Gewest","Région wallonne","<5"
"2020-03-18","93010","Cerfontaine","Cerfontaine","Arrondissement Philippeville","Arrondissement de Philippeville","Provincie Namen","Province de Namur","Waals Gewest","Région wallonne","<5"
"2020-03-18","93056","Philippeville","Philippeville","Arrondissement Philippeville","Arrondissement de Philippeville","Provincie Namen","Province de Namur","Waals Gewest","Région wallonne","<5"
"2020-03-18",NA,NA,NA,NA,NA,NA,NA,NA,NA,"6"
"2020-03-19","11002","Antwerpen","Anvers","Arrondissement Antwerpen","Arrondissement d’Anvers","Provincie Antwerpen","Province d’Anvers","Vlaams Gewest","Région flamande","22"
"2020-03-19","11005","Boom","Boom","Arrondissement Antwerpen","Arrondissement d’Anvers","Provincie Antwerpen","Province d’Anvers","Vlaams Gewest","Région flamande","<5"
"2020-03-19","11009","Brecht","Brecht","Arrondissement Antwerpen","Arrondissement d’Anvers","Provincie Antwerpen","Province d’Anvers","Vlaams Gewest","Région flamande","<5"
"2020-03-19","11013","Edegem","Edegem","Arrondissement Antwerpen","Arrondissement d’Anvers","Provincie Antwerpen","Province d’Anvers","Vlaams Gewest","Région flamande","<5"
"2020-03-19","11016","Essen","Essen","Arrondissement Antwerpen","Arrondissement d’Anvers","Provincie Antwerpen","Province d’Anvers","Vlaams Gewest","Région flamande","<5"
"2020-03-19","11018","Hemiksem","Hemiksem","Arrondissement Antwerpen","Arrondissement d’Anvers","Provincie Antwerpen","Province d’Anvers","Vlaams Gewest","Région flamande","<5"
"2020-03-19","11022","Kalmthout","Kalmthout","Arrondissement Antwerpen","Arrondissement d’Anvers","Provincie Antwerpen","Province d’Anvers","Vlaams Gewest","Région flamande","<5"
"2020-03-19","11023","Kapellen (Antwerpen)","Kapellen (Anvers)","Arrondissement Antwerpen","Arrondissement d’Anvers","Provincie Antwerpen","Province d’Anvers","Vlaams Gewest","Région flamande","<5"
"2020-03-19","11024","Kontich","Kontich","Arrondissement Antwerpen","Arrondissement d’Anvers","Provincie Antwerpen","Province d’Anvers","Vlaams Gewest","Région flamande","<5"
"2020-03-19","11029","Mortsel","Mortsel","Arrondissement Antwerpen","Arrondissement d’Anvers","Provincie Antwerpen","Province d’Anvers","Vlaams Gewest","Région flamande","<5"
"2020-03-19","11035","Ranst","Ranst","Arrondissement Antwerpen","Arrondissement d’Anvers","Provincie Antwerpen","Province d’Anvers","Vlaams Gewest","Région flamande","<5"
"2020-03-19","11037","Rumst","Rumst","Arrondissement Antwerpen","Arrondissement d’Anvers","Provincie Antwerpen","Province d’Anvers","Vlaams Gewest","Région flamande","<5"
"2020-03-19","11039","Schilde","Schilde","Arrondissement Antwerpen","Arrondissement d’Anvers","Provincie Antwerpen","Province d’Anvers","Vlaams Gewest","Région flamande","<5"
"2020-03-19","11044","Stabroek","Stabroek","Arrondissement Antwerpen","Arrondissement d’Anvers","Provincie Antwerpen","Province d’Anvers","Vlaams Gewest","Région flamande","<5"
"2020-03-19","11052","Wommelgem","Wommelgem","Arrondissement Antwerpen","Arrondissement d’Anvers","Provincie Antwerpen","Province d’Anvers","Vlaams Gewest","Région flamande","<5"
"2020-03-19","11057","Malle","Malle","Arrondissement Antwerpen","Arrondissement d’Anvers","Provincie Antwerpen","Province d’Anvers","Vlaams Gewest","Région flamande","<5"
"2020-03-19","12007","Bornem","Bornem","Arrondissement Mechelen","Arrondissement de Malines","Provincie Antwerpen","Province d’Anvers","Vlaams Gewest","Région flamande","<5"
"2020-03-19","12014","Heist-op-den-Berg","Heist-op-den-Berg","Arrondissement Mechelen","Arrondissement de Malines","Provincie Antwerpen","Province d’Anvers","Vlaams Gewest","Région flamande","<5"
"2020-03-19","12025","Mechelen","Malines","Arrondissement Mechelen","Arrondissement de Malines","Provincie Antwerpen","Province d’Anvers","Vlaams Gewest","Région flamande","<5"
"2020-03-19","12029","Putte","Putte","Arrondissement Mechelen","Arrondissement de Malines","Provincie Antwerpen","Province d’Anvers","Vlaams Gewest","Région flamande","<5"
"2020-03-19","12035","Sint-Katelijne-Waver","Sint-Katelijne-Waver","Arrondissement Mechelen","Arrondissement de Malines","Provincie Antwerpen","Province d’Anvers","Vlaams Gewest","Région flamande","<5"
"2020-03-19","12041","Puurs-Sint-Amands","Puurs-Sint-Amands","Arrondissement Mechelen","Arrondissement de Malines","Provincie Antwerpen","Province d’Anvers","Vlaams Gewest","Région flamande","<5"
"2020-03-19","13003","Balen","Balen","Arrondissement Turnhout","Arrondissement de Turnhout","Provincie Antwerpen","Province d’Anvers","Vlaams Gewest","Région flamande","<5"
"2020-03-19","13004","Beerse","Beerse","Arrondissement Turnhout","Arrondissement de Turnhout","Provincie Antwerpen","Province d’Anvers","Vlaams Gewest","Région flamande","<5"
"2020-03-19","13008","Geel","Geel","Arrondissement Turnhout","Arrondissement de Turnhout","Provincie Antwerpen","Province d’Anvers","Vlaams Gewest","Région flamande","<5"
"2020-03-19","13010","Grobbendonk","Grobbendonk","Arrondissement Turnhout","Arrondissement de Turnhout","Provincie Antwerpen","Province d’Anvers","Vlaams Gewest","Région flamande","<5"
"2020-03-19","13011","Herentals","Herentals","Arrondissement Turnhout","Arrondissement de Turnhout","Provincie Antwerpen","Province d’Anvers","Vlaams Gewest","Région flamande","<5"
"2020-03-19","13012","Herenthout","Herenthout","Arrondissement Turnhout","Arrondissement de Turnhout","Provincie Antwerpen","Province d’Anvers","Vlaams Gewest","Région flamande","<5"
"2020-03-19","13013","Herselt","Herselt","Arrondissement Turnhout","Arrondissement de Turnhout","Provincie Antwerpen","Province d’Anvers","Vlaams Gewest","Région flamande","<5"
"2020-03-19","13014","Hoogstraten","Hoogstraten","Arrondissement Turnhout","Arrondissement de Turnhout","Provincie Antwerpen","Province d’Anvers","Vlaams Gewest","Région flamande","<5"
"2020-03-19","13017","Kasterlee","Kasterlee","Arrondissement Turnhout","Arrondissement de Turnhout","Provincie Antwerpen","Province d’Anvers","Vlaams Gewest","Région flamande","<5"
"2020-03-19","13021","Meerhout","Meerhout","Arrondissement Turnhout","Arrondissement de Turnhout","Provincie Antwerpen","Province d’Anvers","Vlaams Gewest","Région flamande","<5"
"2020-03-19","13023","Merksplas","Merksplas","Arrondissement Turnhout","Arrondissement de Turnhout","Provincie Antwerpen","Province d’Anvers","Vlaams Gewest","Région flamande","<5"
"2020-03-19","13025","Mol","Mol","Arrondissement Turnhout","Arrondissement de Turnhout","Provincie Antwerpen","Province d’Anvers","Vlaams Gewest","Région flamande","<5"
"2020-03-19","13029","Olen","Olen","Arrondissement Turnhout","Arrondissement de Turnhout","Provincie Antwerpen","Province d’Anvers","Vlaams Gewest","Région flamande","<5"
"2020-03-19","13031","Oud-Turnhout","Oud-Turnhout","Arrondissement Turnhout","Arrondissement de Turnhout","Provincie Antwerpen","Province d’Anvers","Vlaams Gewest","Région flamande","<5"
"2020-03-19","13036","Retie","Retie","Arrondissement Turnhout","Arrondissement de Turnhout","Provincie Antwerpen","Province d’Anvers","Vlaams Gewest","Région flamande","<5"
"2020-03-19","13037","Rijkevorsel","Rijkevorsel","Arrondissement Turnhout","Arrondissement de Turnhout","Provincie Antwerpen","Province d’Anvers","Vlaams Gewest","Région flamande","<5"
"2020-03-19","13040","Turnhout","Turnhout","Arrondissement Turnhout","Arrondissement de Turnhout","Provincie Antwerpen","Province d’Anvers","Vlaams Gewest","Région flamande","<5"
"2020-03-19","13044","Vorselaar","Vorselaar","Arrondissement Turnhout","Arrondissement de Turnhout","Provincie Antwerpen","Province d’Anvers","Vlaams Gewest","Région flamande","<5"
"2020-03-19","13053","Laakdal","Laakdal","Arrondissement Turnhout","Arrondissement de Turnhout","Provincie Antwerpen","Province d’Anvers","Vlaams Gewest","Région flamande","<5"
"2020-03-19","21001","Anderlecht","Anderlecht","Arrondissement Brussel-Hoofdstad","Arrondissement de Bruxelles-Capitale",NA,NA,"Brussels Hoofdstedelijk Gewest","Région de Bruxelles-Capitale","<5"
"2020-03-19","21002","Oudergem","Auderghem","Arrondissement Brussel-Hoofdstad","Arrondissement de Bruxelles-Capitale",NA,NA,"Brussels Hoofdstedelijk Gewest","Région de Bruxelles-Capitale","<5"
"2020-03-19","21003","Sint-Agatha-Berchem","Berchem-Sainte-Agathe","Arrondissement Brussel-Hoofdstad","Arrondissement de Bruxelles-Capitale",NA,NA,"Brussels Hoofdstedelijk Gewest","Région de Bruxelles-Capitale","<5"
"2020-03-19","21004","Brussel","Bruxelles","Arrondissement Brussel-Hoofdstad","Arrondissement de Bruxelles-Capitale",NA,NA,"Brussels Hoofdstedelijk Gewest","Région de Bruxelles-Capitale","7"
"2020-03-19","21006","Evere","Evere","Arrondissement Brussel-Hoofdstad","Arrondissement de Bruxelles-Capitale",NA,NA,"Brussels Hoofdstedelijk Gewest","Région de Bruxelles-Capitale","5"
"2020-03-19","21007","Vorst (Brussel-Hoofdstad)","Forest (Bruxelles-Capitale)","Arrondissement Brussel-Hoofdstad","Arrondissement de Bruxelles-Capitale",NA,NA,"Brussels Hoofdstedelijk Gewest","Région de Bruxelles-Capitale","<5"
"2020-03-19","21008","Ganshoren","Ganshoren","Arrondissement Brussel-Hoofdstad","Arrondissement de Bruxelles-Capitale",NA,NA,"Brussels Hoofdstedelijk Gewest","Région de Bruxelles-Capitale","<5"
"2020-03-19","21009","Elsene","Ixelles","Arrondissement Brussel-Hoofdstad","Arrondissement de Bruxelles-Capitale",NA,NA,"Brussels Hoofdstedelijk Gewest","Région de Bruxelles-Capitale","5"
"2020-03-19","21010","Jette","Jette","Arrondissement Brussel-Hoofdstad","Arrondissement de Bruxelles-Capitale",NA,NA,"Brussels Hoofdstedelijk Gewest","Région de Bruxelles-Capitale","<5"
"2020-03-19","21011","Koekelberg","Koekelberg","Arrondissement Brussel-Hoofdstad","Arrondissement de Bruxelles-Capitale",NA,NA,"Brussels Hoofdstedelijk Gewest","Région de Bruxelles-Capitale","<5"
"2020-03-19","21012","Sint-Jans-Molenbeek","Molenbeek-Saint-Jean","Arrondissement Brussel-Hoofdstad","Arrondissement de Bruxelles-Capitale",NA,NA,"Brussels Hoofdstedelijk Gewest","Région de Bruxelles-Capitale","9"
"2020-03-19","21013","Sint-Gillis","Saint-Gilles","Arrondissement Brussel-Hoofdstad","Arrondissement de Bruxelles-Capitale",NA,NA,"Brussels Hoofdstedelijk Gewest","Région de Bruxelles-Capitale","<5"
"2020-03-19","21014","Sint-Joost-ten-Node","Saint-Josse-ten-Noode","Arrondissement Brussel-Hoofdstad","Arrondissement de Bruxelles-Capitale",NA,NA,"Brussels Hoofdstedelijk Gewest","Région de Bruxelles-Capitale","<5"
"2020-03-19","21015","Schaarbeek","Schaerbeek","Arrondissement Brussel-Hoofdstad","Arrondissement de Bruxelles-Capitale",NA,NA,"Brussels Hoofdstedelijk Gewest","Région de Bruxelles-Capitale","5"
"2020-03-19","21016","Ukkel","Uccle","Arrondissement Brussel-Hoofdstad","Arrondissement de Bruxelles-Capitale",NA,NA,"Brussels Hoofdstedelijk Gewest","Région de Bruxelles-Capitale","<5"
"2020-03-19","21018","Sint-Lambrechts-Woluwe","Woluwe-Saint-Lambert","Arrondissement Brussel-Hoofdstad","Arrondissement de Bruxelles-Capitale",NA,NA,"Brussels Hoofdstedelijk Gewest","Région de Bruxelles-Capitale","5"
"2020-03-19","23002","Asse","Asse","Arrondissement Halle-Vilvoorde","Arrondissement de Hal-Vilvorde","Provincie Vlaams-Brabant","Province du Brabant flamand","Vlaams Gewest","Région flamande","<5"
"2020-03-19","23003","Beersel","Beersel","Arrondissement Halle-Vilvoorde","Arrondissement de Hal-Vilvorde","Provincie Vlaams-Brabant","Province du Brabant flamand","Vlaams Gewest","Région flamande","5"
"2020-03-19","23016","Dilbeek","Dilbeek","Arrondissement Halle-Vilvoorde","Arrondissement de Hal-Vilvorde","Provincie Vlaams-Brabant","Province du Brabant flamand","Vlaams Gewest","Région flamande","<5"
"2020-03-19","23027","Halle (Halle-Vilvoorde)","Hal (Hal-Vilvorde)","Arrondissement Halle-Vilvoorde","Arrondissement de Hal-Vilvorde","Provincie Vlaams-Brabant","Province du Brabant flamand","Vlaams Gewest","Région flamande","<5"
"2020-03-19","23033","Hoeilaart","Hoeilaart","Arrondissement Halle-Vilvoorde","Arrondissement de Hal-Vilvorde","Provincie Vlaams-Brabant","Province du Brabant flamand","Vlaams Gewest","Région flamande","<5"
"2020-03-19","23039","Kapelle-op-den-Bos","Kapelle-op-den-Bos","Arrondissement Halle-Vilvoorde","Arrondissement de Hal-Vilvorde","Provincie Vlaams-Brabant","Province du Brabant flamand","Vlaams Gewest","Région flamande","<5"
"2020-03-19","23045","Londerzeel","Londerzeel","Arrondissement Halle-Vilvoorde","Arrondissement de Hal-Vilvorde","Provincie Vlaams-Brabant","Province du Brabant flamand","Vlaams Gewest","Région flamande","<5"
"2020-03-19","23047","Machelen (Halle-Vilvoorde)","Machelen (Hal-Vilvorde)","Arrondissement Halle-Vilvoorde","Arrondissement de Hal-Vilvorde","Provincie Vlaams-Brabant","Province du Brabant flamand","Vlaams Gewest","Région flamande","<5"
"2020-03-19","23052","Merchtem","Merchtem","Arrondissement Halle-Vilvoorde","Arrondissement de Hal-Vilvorde","Provincie Vlaams-Brabant","Province du Brabant flamand","Vlaams Gewest","Région flamande","<5"
"2020-03-19","23060","Opwijk","Opwijk","Arrondissement Halle-Vilvoorde","Arrondissement de Hal-Vilvorde","Provincie Vlaams-Brabant","Province du Brabant flamand","Vlaams Gewest","Région flamande","<5"
"2020-03-19","23062","Overijse","Overijse","Arrondissement Halle-Vilvoorde","Arrondissement de Hal-Vilvorde","Provincie Vlaams-Brabant","Province du Brabant flamand","Vlaams Gewest","Région flamande","<5"
"2020-03-19","23077","Sint-Pieters-Leeuw","Sint-Pieters-Leeuw","Arrondissement Halle-Vilvoorde","Arrondissement de Hal-Vilvorde","Provincie Vlaams-Brabant","Province du Brabant flamand","Vlaams Gewest","Région flamande","<5"
"2020-03-19","23086","Ternat","Ternat","Arrondissement Halle-Vilvoorde","Arrondissement de Hal-Vilvorde","Provincie Vlaams-Brabant","Province du Brabant flamand","Vlaams Gewest","Région flamande","<5"
"2020-03-19","23088","Vilvoorde","Vilvorde","Arrondissement Halle-Vilvoorde","Arrondissement de Hal-Vilvorde","Provincie Vlaams-Brabant","Province du Brabant flamand","Vlaams Gewest","Région flamande","<5"
"2020-03-19","23094","Zaventem","Zaventem","Arrondissement Halle-Vilvoorde","Arrondissement de Hal-Vilvorde","Provincie Vlaams-Brabant","Province du Brabant flamand","Vlaams Gewest","Région flamande","<5"
"2020-03-19","23096","Zemst","Zemst","Arrondissement Halle-Vilvoorde","Arrondissement de Hal-Vilvorde","Provincie Vlaams-Brabant","Province du Brabant flamand","Vlaams Gewest","Région flamande","<5"
"2020-03-19","23099","Kraainem","Kraainem","Arrondissement Halle-Vilvoorde","Arrondissement de Hal-Vilvorde","Provincie Vlaams-Brabant","Province du Brabant flamand","Vlaams Gewest","Région flamande","<5"
"2020-03-19","23101","Sint-Genesius-Rode","Rhode-Saint-Genèse","Arrondissement Halle-Vilvoorde","Arrondissement de Hal-Vilvorde","Provincie Vlaams-Brabant","Province du Brabant flamand","Vlaams Gewest","Région flamande","<5"
"2020-03-19","23103","Wezembeek-Oppem","Wezembeek-Oppem","Arrondissement Halle-Vilvoorde","Arrondissement de Hal-Vilvorde","Provincie Vlaams-Brabant","Province du Brabant flamand","Vlaams Gewest","Région flamande","<5"
"2020-03-19","23105","Affligem","Affligem","Arrondissement Halle-Vilvoorde","Arrondissement de Hal-Vilvorde","Provincie Vlaams-Brabant","Province du Brabant flamand","Vlaams Gewest","Région flamande","<5"
"2020-03-19","24001","Aarschot","Aarschot","Arrondissement Leuven","Arrondissement de Louvain","Provincie Vlaams-Brabant","Province du Brabant flamand","Vlaams Gewest","Région flamande","<5"
"2020-03-19","24014","Boortmeerbeek","Boortmeerbeek","Arrondissement Leuven","Arrondissement de Louvain","Provincie Vlaams-Brabant","Province du Brabant flamand","Vlaams Gewest","Région flamande","<5"
"2020-03-19","24016","Boutersem","Boutersem","Arrondissement Leuven","Arrondissement de Louvain","Provincie Vlaams-Brabant","Province du Brabant flamand","Vlaams Gewest","Région flamande","<5"
"2020-03-19","24020","Diest","Diest","Arrondissement Leuven","Arrondissement de Louvain","Provincie Vlaams-Brabant","Province du Brabant flamand","Vlaams Gewest","Région flamande","<5"
"2020-03-19","24028","Geetbets","Geetbets","Arrondissement Leuven","Arrondissement de Louvain","Provincie Vlaams-Brabant","Province du Brabant flamand","Vlaams Gewest","Région flamande","<5"
"2020-03-19","24038","Herent","Herent","Arrondissement Leuven","Arrondissement de Louvain","Provincie Vlaams-Brabant","Province du Brabant flamand","Vlaams Gewest","Région flamande","<5"
"2020-03-19","24054","Kortenaken","Kortenaken","Arrondissement Leuven","Arrondissement de Louvain","Provincie Vlaams-Brabant","Province du Brabant flamand","Vlaams Gewest","Région flamande","<5"
"2020-03-19","24055","Kortenberg","Kortenberg","Arrondissement Leuven","Arrondissement de Louvain","Provincie Vlaams-Brabant","Province du Brabant flamand","Vlaams Gewest","Région flamande","<5"
"2020-03-19","24059","Landen","Landen","Arrondissement Leuven","Arrondissement de Louvain","Provincie Vlaams-Brabant","Province du Brabant flamand","Vlaams Gewest","Région flamande","<5"
"2020-03-19","24062","Leuven","Louvain","Arrondissement Leuven","Arrondissement de Louvain","Provincie Vlaams-Brabant","Province du Brabant flamand","Vlaams Gewest","Région flamande","8"
"2020-03-19","24066","Lubbeek","Lubbeek","Arrondissement Leuven","Arrondissement de Louvain","Provincie Vlaams-Brabant","Province du Brabant flamand","Vlaams Gewest","Région flamande","<5"
"2020-03-19","24094","Rotselaar","Rotselaar","Arrondissement Leuven","Arrondissement de Louvain","Provincie Vlaams-Brabant","Province du Brabant flamand","Vlaams Gewest","Région flamande","<5"
"2020-03-19","24104","Tervuren","Tervuren","Arrondissement Leuven","Arrondissement de Louvain","Provincie Vlaams-Brabant","Province du Brabant flamand","Vlaams Gewest","Région flamande","<5"
"2020-03-19","24107","Tienen","Tirlemont","Arrondissement Leuven","Arrondissement de Louvain","Provincie Vlaams-Brabant","Province du Brabant flamand","Vlaams Gewest","Région flamande","<5"
"2020-03-19","24130","Zoutleeuw","Léau","Arrondissement Leuven","Arrondissement de Louvain","Provincie Vlaams-Brabant","Province du Brabant flamand","Vlaams Gewest","Région flamande","<5"
"2020-03-19","24134","Scherpenheuvel-Zichem","Montaigu-Zichem","Arrondissement Leuven","Arrondissement de Louvain","Provincie Vlaams-Brabant","Province du Brabant flamand","Vlaams Gewest","Région flamande","<5"
"2020-03-19","25014","Eigenbrakel","Braine-l’Alleud","Arrondissement Nijvel","Arrondissement de Nivelles","Provincie Waals-Brabant","Province du Brabant wallon","Waals Gewest","Région wallonne","<5"
"2020-03-19","25015","Kasteelbrakel","Braine-le-Château","Arrondissement Nijvel","Arrondissement de Nivelles","Provincie Waals-Brabant","Province du Brabant wallon","Waals Gewest","Région wallonne","<5"
"2020-03-19","25023","Court-Saint-Etienne","Court-Saint-Etienne","Arrondissement Nijvel","Arrondissement de Nivelles","Provincie Waals-Brabant","Province du Brabant wallon","Waals Gewest","Région wallonne","<5"
"2020-03-19","25031","Genepiën","Genappe","Arrondissement Nijvel","Arrondissement de Nivelles","Provincie Waals-Brabant","Province du Brabant wallon","Waals Gewest","Région wallonne","<5"
"2020-03-19","25037","Graven","Grez-Doiceau","Arrondissement Nijvel","Arrondissement de Nivelles","Provincie Waals-Brabant","Province du Brabant wallon","Waals Gewest","Région wallonne","<5"
"2020-03-19","25044","Itter","Ittre","Arrondissement Nijvel","Arrondissement de Nivelles","Provincie Waals-Brabant","Province du Brabant wallon","Waals Gewest","Région wallonne","<5"
"2020-03-19","25068","Mont-Saint-Guibert","Mont-Saint-Guibert","Arrondissement Nijvel","Arrondissement de Nivelles","Provincie Waals-Brabant","Province du Brabant wallon","Waals Gewest","Région wallonne","<5"
"2020-03-19","25072","Nijvel","Nivelles","Arrondissement Nijvel","Arrondissement de Nivelles","Provincie Waals-Brabant","Province du Brabant wallon","Waals Gewest","Région wallonne","<5"
"2020-03-19","25084","Perwijs (Nijvel)","Perwez (Nivelles)","Arrondissement Nijvel","Arrondissement de Nivelles","Provincie Waals-Brabant","Province du Brabant wallon","Waals Gewest","Région wallonne","<5"
"2020-03-19","25105","Tubeke","Tubize","Arrondissement Nijvel","Arrondissement de Nivelles","Provincie Waals-Brabant","Province du Brabant wallon","Waals Gewest","Région wallonne","<5"
"2020-03-19","25110","Waterloo","Waterloo","Arrondissement Nijvel","Arrondissement de Nivelles","Provincie Waals-Brabant","Province du Brabant wallon","Waals Gewest","Région wallonne","<5"
"2020-03-19","25112","Waver","Wavre","Arrondissement Nijvel","Arrondissement de Nivelles","Provincie Waals-Brabant","Province du Brabant wallon","Waals Gewest","Région wallonne","<5"
"2020-03-19","25118","Hélécine","Hélécine","Arrondissement Nijvel","Arrondissement de Nivelles","Provincie Waals-Brabant","Province du Brabant wallon","Waals Gewest","Région wallonne","<5"
"2020-03-19","25119","Lasne","Lasne","Arrondissement Nijvel","Arrondissement de Nivelles","Provincie Waals-Brabant","Province du Brabant wallon","Waals Gewest","Région wallonne","<5"
"2020-03-19","25121","Ottignies-Louvain-la-Neuve","Ottignies-Louvain-la-Neuve","Arrondissement Nijvel","Arrondissement de Nivelles","Provincie Waals-Brabant","Province du Brabant wallon","Waals Gewest","Région wallonne","<5"
"2020-03-19","31003","Beernem","Beernem","Arrondissement Brugge","Arrondissement de Bruges","Provincie West-Vlaanderen","Province de Flandre occidentale","Vlaams Gewest","Région flamande","<5"
"2020-03-19","31004","Blankenberge","Blankenberge","Arrondissement Brugge","Arrondissement de Bruges","Provincie West-Vlaanderen","Province de Flandre occidentale","Vlaams Gewest","Région flamande","<5"
"2020-03-19","31005","Brugge","Bruges","Arrondissement Brugge","Arrondissement de Bruges","Provincie West-Vlaanderen","Province de Flandre occidentale","Vlaams Gewest","Région flamande","6"
"2020-03-19","31006","Damme","Damme","Arrondissement Brugge","Arrondissement de Bruges","Provincie West-Vlaanderen","Province de Flandre occidentale","Vlaams Gewest","Région flamande","<5"
"2020-03-19","31012","Jabbeke","Jabbeke","Arrondissement Brugge","Arrondissement de Bruges","Provincie West-Vlaanderen","Province de Flandre occidentale","Vlaams Gewest","Région flamande","<5"
"2020-03-19","31022","Oostkamp","Oostkamp","Arrondissement Brugge","Arrondissement de Bruges","Provincie West-Vlaanderen","Province de Flandre occidentale","Vlaams Gewest","Région flamande","<5"
"2020-03-19","31033","Torhout","Torhout","Arrondissement Brugge","Arrondissement de Bruges","Provincie West-Vlaanderen","Province de Flandre occidentale","Vlaams Gewest","Région flamande","<5"
"2020-03-19","31043","Knokke-Heist","Knokke-Heist","Arrondissement Brugge","Arrondissement de Bruges","Provincie West-Vlaanderen","Province de Flandre occidentale","Vlaams Gewest","Région flamande","<5"
"2020-03-19","32003","Diksmuide","Dixmude","Arrondissement Diksmuide","Arrondissement de Dixmude","Provincie West-Vlaanderen","Province de Flandre occidentale","Vlaams Gewest","Région flamande","<5"
"2020-03-19","33011","Ieper","Ypres","Arrondissement Ieper","Arrondissement d’Ypres","Provincie West-Vlaanderen","Province de Flandre occidentale","Vlaams Gewest","Région flamande","<5"
"2020-03-19","33021","Poperinge","Poperinge","Arrondissement Ieper","Arrondissement d’Ypres","Provincie West-Vlaanderen","Province de Flandre occidentale","Vlaams Gewest","Région flamande","<5"
"2020-03-19","33029","Wervik","Wervik","Arrondissement Ieper","Arrondissement d’Ypres","Provincie West-Vlaanderen","Province de Flandre occidentale","Vlaams Gewest","Région flamande","5"
"2020-03-19","33037","Zonnebeke","Zonnebeke","Arrondissement Ieper","Arrondissement d’Ypres","Provincie West-Vlaanderen","Province de Flandre occidentale","Vlaams Gewest","Région flamande","<5"
"2020-03-19","34003","Avelgem","Avelgem","Arrondissement Kortrijk","Arrondissement de Courtrai","Provincie West-Vlaanderen","Province de Flandre occidentale","Vlaams Gewest","Région flamande","<5"
"2020-03-19","34013","Harelbeke","Harelbeke","Arrondissement Kortrijk","Arrondissement de Courtrai","Provincie West-Vlaanderen","Province de Flandre occidentale","Vlaams Gewest","Région flamande","<5"
"2020-03-19","34022","Kortrijk","Courtrai","Arrondissement Kortrijk","Arrondissement de Courtrai","Provincie West-Vlaanderen","Province de Flandre occidentale","Vlaams Gewest","Région flamande","5"
"2020-03-19","34023","Kuurne","Kuurne","Arrondissement Kortrijk","Arrondissement de Courtrai","Provincie West-Vlaanderen","Province de Flandre occidentale","Vlaams Gewest","Région flamande","<5"
"2020-03-19","34027","Menen","Menin","Arrondissement Kortrijk","Arrondissement de Courtrai","Provincie West-Vlaanderen","Province de Flandre occidentale","Vlaams Gewest","Région flamande","<5"
"2020-03-19","34040","Waregem","Waregem","Arrondissement Kortrijk","Arrondissement de Courtrai","Provincie West-Vlaanderen","Province de Flandre occidentale","Vlaams Gewest","Région flamande","<5"
"2020-03-19","34041","Wevelgem","Wevelgem","Arrondissement Kortrijk","Arrondissement de Courtrai","Provincie West-Vlaanderen","Province de Flandre occidentale","Vlaams Gewest","Région flamande","<5"
"2020-03-19","34042","Zwevegem","Zwevegem","Arrondissement Kortrijk","Arrondissement de Courtrai","Provincie West-Vlaanderen","Province de Flandre occidentale","Vlaams Gewest","Région flamande","<5"
"2020-03-19","35005","Gistel","Gistel","Arrondissement Oostende","Arrondissement d’Ostende","Provincie West-Vlaanderen","Province de Flandre occidentale","Vlaams Gewest","Région flamande","<5"
"2020-03-19","35011","Middelkerke","Middelkerke","Arrondissement Oostende","Arrondissement d’Ostende","Provincie West-Vlaanderen","Province de Flandre occidentale","Vlaams Gewest","Région flamande","<5"
"2020-03-19","35013","Oostende","Ostende","Arrondissement Oostende","Arrondissement d’Ostende","Provincie West-Vlaanderen","Province de Flandre occidentale","Vlaams Gewest","Région flamande","<5"
"2020-03-19","35014","Oudenburg","Oudenburg","Arrondissement Oostende","Arrondissement d’Ostende","Provincie West-Vlaanderen","Province de Flandre occidentale","Vlaams Gewest","Région flamande","<5"
"2020-03-19","35029","De Haan","De Haan","Arrondissement Oostende","Arrondissement d’Ostende","Provincie West-Vlaanderen","Province de Flandre occidentale","Vlaams Gewest","Région flamande","<5"
"2020-03-19","36012","Moorslede","Moorslede","Arrondissement Roeselare","Arrondissement de Roulers","Provincie West-Vlaanderen","Province de Flandre occidentale","Vlaams Gewest","Région flamande","<5"
"2020-03-19","36015","Roeselare","Roulers","Arrondissement Roeselare","Arrondissement de Roulers","Provincie West-Vlaanderen","Province de Flandre occidentale","Vlaams Gewest","Région flamande","5"
"2020-03-19","37012","Ruiselede","Ruiselede","Arrondissement Tielt","Arrondissement de Tielt","Provincie West-Vlaanderen","Province de Flandre occidentale","Vlaams Gewest","Région flamande","<5"
"2020-03-19","37015","Tielt (Tielt)","Tielt (Tielt)","Arrondissement Tielt","Arrondissement de Tielt","Provincie West-Vlaanderen","Province de Flandre occidentale","Vlaams Gewest","Région flamande","<5"
"2020-03-19","37017","Wielsbeke","Wielsbeke","Arrondissement Tielt","Arrondissement de Tielt","Provincie West-Vlaanderen","Province de Flandre occidentale","Vlaams Gewest","Région flamande","<5"
"2020-03-19","37018","Wingene","Wingene","Arrondissement Tielt","Arrondissement de Tielt","Provincie West-Vlaanderen","Province de Flandre occidentale","Vlaams Gewest","Région flamande","<5"
"2020-03-19","38014","Koksijde","Koksijde","Arrondissement Veurne","Arrondissement de Furnes","Provincie West-Vlaanderen","Province de Flandre occidentale","Vlaams Gewest","Région flamande","5"
"2020-03-19","41002","Aalst (Aalst)","Alost (Alost)","Arrondissement Aalst","Arrondissement d’Alost","Provincie Oost-Vlaanderen","Province de Flandre orientale","Vlaams Gewest","Région flamande","<5"
"2020-03-19","41018","Geraardsbergen","Grammont","Arrondissement Aalst","Arrondissement d’Alost","Provincie Oost-Vlaanderen","Province de Flandre orientale","Vlaams Gewest","Région flamande","<5"
"2020-03-19","41024","Haaltert","Haaltert","Arrondissement Aalst","Arrondissement d’Alost","Provincie Oost-Vlaanderen","Province de Flandre orientale","Vlaams Gewest","Région flamande","<5"
"2020-03-19","41034","Lede","Lede","Arrondissement Aalst","Arrondissement d’Alost","Provincie Oost-Vlaanderen","Province de Flandre orientale","Vlaams Gewest","Région flamande","<5"
"2020-03-19","41048","Ninove","Ninove","Arrondissement Aalst","Arrondissement d’Alost","Provincie Oost-Vlaanderen","Province de Flandre orientale","Vlaams Gewest","Région flamande","<5"
"2020-03-19","41082","Erpe-Mere","Erpe-Mere","Arrondissement Aalst","Arrondissement d’Alost","Provincie Oost-Vlaanderen","Province de Flandre orientale","Vlaams Gewest","Région flamande","<5"
"2020-03-19","42004","Buggenhout","Buggenhout","Arrondissement Dendermonde","Arrondissement de Termonde","Provincie Oost-Vlaanderen","Province de Flandre orientale","Vlaams Gewest","Région flamande","<5"
"2020-03-19","42006","Dendermonde","Termonde","Arrondissement Dendermonde","Arrondissement de Termonde","Provincie Oost-Vlaanderen","Province de Flandre orientale","Vlaams Gewest","Région flamande","<5"
"2020-03-19","42008","Hamme (Dendermonde)","Hamme (Termonde)","Arrondissement Dendermonde","Arrondissement de Termonde","Provincie Oost-Vlaanderen","Province de Flandre orientale","Vlaams Gewest","Région flamande","<5"
"2020-03-19","42011","Lebbeke","Lebbeke","Arrondissement Dendermonde","Arrondissement de Termonde","Provincie Oost-Vlaanderen","Province de Flandre orientale","Vlaams Gewest","Région flamande","<5"
"2020-03-19","42025","Wetteren","Wetteren","Arrondissement Dendermonde","Arrondissement de Termonde","Provincie Oost-Vlaanderen","Province de Flandre orientale","Vlaams Gewest","Région flamande","<5"
"2020-03-19","42028","Zele","Zele","Arrondissement Dendermonde","Arrondissement de Termonde","Provincie Oost-Vlaanderen","Province de Flandre orientale","Vlaams Gewest","Région flamande","<5"
"2020-03-19","43010","Maldegem","Maldegem","Arrondissement Eeklo","Arrondissement d’Eeklo","Provincie Oost-Vlaanderen","Province de Flandre orientale","Vlaams Gewest","Région flamande","<5"
"2020-03-19","44019","Evergem","Evergem","Arrondissement Gent","Arrondissement de Gand","Provincie Oost-Vlaanderen","Province de Flandre orientale","Vlaams Gewest","Région flamande","<5"
"2020-03-19","44020","Gavere","Gavere","Arrondissement Gent","Arrondissement de Gand","Provincie Oost-Vlaanderen","Province de Flandre orientale","Vlaams Gewest","Région flamande","<5"
"2020-03-19","44021","Gent","Gand","Arrondissement Gent","Arrondissement de Gand","Provincie Oost-Vlaanderen","Province de Flandre orientale","Vlaams Gewest","Région flamande","9"
"2020-03-19","44034","Lochristi","Lochristi","Arrondissement Gent","Arrondissement de Gand","Provincie Oost-Vlaanderen","Province de Flandre orientale","Vlaams Gewest","Région flamande","<5"
"2020-03-19","44043","Merelbeke","Merelbeke","Arrondissement Gent","Arrondissement de Gand","Provincie Oost-Vlaanderen","Province de Flandre orientale","Vlaams Gewest","Région flamande","<5"
"2020-03-19","44081","Zulte","Zulte","Arrondissement Gent","Arrondissement de Gand","Provincie Oost-Vlaanderen","Province de Flandre orientale","Vlaams Gewest","Région flamande","<5"
"2020-03-19","44084","Aalter","Aalter","Arrondissement Gent","Arrondissement de Gand","Provincie Oost-Vlaanderen","Province de Flandre orientale","Vlaams Gewest","Région flamande","<5"
"2020-03-19","44085","Lievegem","Lievegem","Arrondissement Gent","Arrondissement de Gand","Provincie Oost-Vlaanderen","Province de Flandre orientale","Vlaams Gewest","Région flamande","<5"
"2020-03-19","45035","Oudenaarde","Audenarde","Arrondissement Oudenaarde","Arrondissement d’Audenarde","Provincie Oost-Vlaanderen","Province de Flandre orientale","Vlaams Gewest","Région flamande","<5"
"2020-03-19","45041","Ronse","Renaix","Arrondissement Oudenaarde","Arrondissement d’Audenarde","Provincie Oost-Vlaanderen","Province de Flandre orientale","Vlaams Gewest","Région flamande","<5"
"2020-03-19","45065","Zwalm","Zwalin","Arrondissement Oudenaarde","Arrondissement d’Audenarde","Provincie Oost-Vlaanderen","Province de Flandre orientale","Vlaams Gewest","Région flamande","<5"
"2020-03-19","46003","Beveren (Sint-Niklaas)","Beveren (Saint-Nicolas)","Arrondissement Sint-Niklaas","Arrondissement de Saint-Nicolas","Provincie Oost-Vlaanderen","Province de Flandre orientale","Vlaams Gewest","Région flamande","<5"
"2020-03-19","46013","Kruibeke","Kruibeke","Arrondissement Sint-Niklaas","Arrondissement de Saint-Nicolas","Provincie Oost-Vlaanderen","Province de Flandre orientale","Vlaams Gewest","Région flamande","<5"
"2020-03-19","46014","Lokeren","Lokeren","Arrondissement Sint-Niklaas","Arrondissement de Saint-Nicolas","Provincie Oost-Vlaanderen","Province de Flandre orientale","Vlaams Gewest","Région flamande","<5"
"2020-03-19","46020","Sint-Gillis-Waas","Sint-Gillis-Waas","Arrondissement Sint-Niklaas","Arrondissement de Saint-Nicolas","Provincie Oost-Vlaanderen","Province de Flandre orientale","Vlaams Gewest","Région flamande","<5"
"2020-03-19","46021","Sint-Niklaas (Sint-Niklaas)","Saint-Nicolas (Saint-Nicolas)","Arrondissement Sint-Niklaas","Arrondissement de Saint-Nicolas","Provincie Oost-Vlaanderen","Province de Flandre orientale","Vlaams Gewest","Région flamande","5"
"2020-03-19","46025","Temse","Tamise","Arrondissement Sint-Niklaas","Arrondissement de Saint-Nicolas","Provincie Oost-Vlaanderen","Province de Flandre orientale","Vlaams Gewest","Région flamande","<5"
"2020-03-19","51004","Aat","Ath","Arrondissement Aat","Arrondissement d’Ath","Provincie Henegouwen","Province du Hainaut","Waals Gewest","Région wallonne","<5"
"2020-03-19","51012","Brugelette","Brugelette","Arrondissement Aat","Arrondissement d’Ath","Provincie Henegouwen","Province du Hainaut","Waals Gewest","Région wallonne","<5"
"2020-03-19","51068","Opzullik","Silly","Arrondissement Aat","Arrondissement d’Ath","Provincie Henegouwen","Province du Hainaut","Waals Gewest","Région wallonne","<5"
"2020-03-19","52011","Charleroi","Charleroi","Arrondissement Charleroi","Arrondissement de Charleroi","Provincie Henegouwen","Province du Hainaut","Waals Gewest","Région wallonne","6"
"2020-03-19","52012","Châtelet","Châtelet","Arrondissement Charleroi","Arrondissement de Charleroi","Provincie Henegouwen","Province du Hainaut","Waals Gewest","Région wallonne","<5"
"2020-03-19","52015","Courcelles","Courcelles","Arrondissement Charleroi","Arrondissement de Charleroi","Provincie Henegouwen","Province du Hainaut","Waals Gewest","Région wallonne","<5"
"2020-03-19","52018","Farciennes","Farciennes","Arrondissement Charleroi","Arrondissement de Charleroi","Provincie Henegouwen","Province du Hainaut","Waals Gewest","Région wallonne","<5"
"2020-03-19","52021","Fleurus","Fleurus","Arrondissement Charleroi","Arrondissement de Charleroi","Provincie Henegouwen","Province du Hainaut","Waals Gewest","Région wallonne","<5"
"2020-03-19","52022","Fontaine-l’Evêque","Fontaine-l’Evêque","Arrondissement Charleroi","Arrondissement de Charleroi","Provincie Henegouwen","Province du Hainaut","Waals Gewest","Région wallonne","<5"
"2020-03-19","52025","Gerpinnes","Gerpinnes","Arrondissement Charleroi","Arrondissement de Charleroi","Provincie Henegouwen","Province du Hainaut","Waals Gewest","Région wallonne","<5"
"2020-03-19","52055","Pont-à-Celles","Pont-à-Celles","Arrondissement Charleroi","Arrondissement de Charleroi","Provincie Henegouwen","Province du Hainaut","Waals Gewest","Région wallonne","<5"
"2020-03-19","52075","Les Bons Villers","Les Bons Villers","Arrondissement Charleroi","Arrondissement de Charleroi","Provincie Henegouwen","Province du Hainaut","Waals Gewest","Région wallonne","<5"
"2020-03-19","53014","Boussu","Boussu","Arrondissement Bergen","Arrondissement de Mons","Provincie Henegouwen","Province du Hainaut","Waals Gewest","Région wallonne","<5"
"2020-03-19","53020","Dour","Dour","Arrondissement Bergen","Arrondissement de Mons","Provincie Henegouwen","Province du Hainaut","Waals Gewest","Région wallonne","<5"
"2020-03-19","53028","Frameries","Frameries","Arrondissement Bergen","Arrondissement de Mons","Provincie Henegouwen","Province du Hainaut","Waals Gewest","Région wallonne","<5"
"2020-03-19","53039","Hensies","Hensies","Arrondissement Bergen","Arrondissement de Mons","Provincie Henegouwen","Province du Hainaut","Waals Gewest","Région wallonne","<5"
"2020-03-19","53053","Bergen","Mons","Arrondissement Bergen","Arrondissement de Mons","Provincie Henegouwen","Province du Hainaut","Waals Gewest","Région wallonne","11"
"2020-03-19","53065","Quaregnon","Quaregnon","Arrondissement Bergen","Arrondissement de Mons","Provincie Henegouwen","Province du Hainaut","Waals Gewest","Région wallonne","<5"
"2020-03-19","53070","Saint-Ghislain","Saint-Ghislain","Arrondissement Bergen","Arrondissement de Mons","Provincie Henegouwen","Province du Hainaut","Waals Gewest","Région wallonne","<5"
"2020-03-19","53082","Colfontaine","Colfontaine","Arrondissement Bergen","Arrondissement de Mons","Provincie Henegouwen","Province du Hainaut","Waals Gewest","Région wallonne","<5"
"2020-03-19","53083","Honnelles","Honnelles","Arrondissement Bergen","Arrondissement de Mons","Provincie Henegouwen","Province du Hainaut","Waals Gewest","Région wallonne","<5"
"2020-03-19","53084","Quévy","Quévy","Arrondissement Bergen","Arrondissement de Mons","Provincie Henegouwen","Province du Hainaut","Waals Gewest","Région wallonne","<5"
"2020-03-19","55035","Le Roeulx","Le Roeulx","Arrondissement Zinnik","Arrondissement de Soignies","Provincie Henegouwen","Province du Hainaut","Waals Gewest","Région wallonne","<5"
"2020-03-19","55040","Zinnik","Soignies","Arrondissement Zinnik","Arrondissement de Soignies","Provincie Henegouwen","Province du Hainaut","Waals Gewest","Région wallonne","<5"
"2020-03-19","56001","Anderlues","Anderlues","Arrondissement Thuin","Arrondissement de Thuin","Provincie Henegouwen","Province du Hainaut","Waals Gewest","Région wallonne","<5"
"2020-03-19","56086","Ham-sur-Heure-Nalinnes","Ham-sur-Heure-Nalinnes","Arrondissement Thuin","Arrondissement de Thuin","Provincie Henegouwen","Province du Hainaut","Waals Gewest","Région wallonne","<5"
"2020-03-19","57081","Doornik","Tournai","Arrondissement Doornik-Moeskroen","Arrondissement de Tournai-Mouscron","Provincie Henegouwen","Province du Hainaut","Waals Gewest","Région wallonne","<5"
"2020-03-19","57096","Moeskroen","Mouscron","Arrondissement Doornik-Moeskroen","Arrondissement de Tournai-Mouscron","Provincie Henegouwen","Province du Hainaut","Waals Gewest","Région wallonne","<5"
"2020-03-19","57097","Komen-Waasten","Comines-Warneton","Arrondissement Doornik-Moeskroen","Arrondissement de Tournai-Mouscron","Provincie Henegouwen","Province du Hainaut","Waals Gewest","Région wallonne","<5"
"2020-03-19","58001","La Louvière","La Louvière","Arrondissement La Louvière","Arrondissement de La Louvière","Provincie Henegouwen","Province du Hainaut","Waals Gewest","Région wallonne","<5"
"2020-03-19","58002","Binche","Binche","Arrondissement La Louvière","Arrondissement de La Louvière","Provincie Henegouwen","Province du Hainaut","Waals Gewest","Région wallonne","<5"
"2020-03-19","58004","Morlanwelz","Morlanwelz","Arrondissement La Louvière","Arrondissement de La Louvière","Provincie Henegouwen","Province du Hainaut","Waals Gewest","Région wallonne","<5"
"2020-03-19","61019","Ferrières","Ferrières","Arrondissement Hoei","Arrondissement de Huy","Provincie Luik","Province de Liège","Waals Gewest","Région wallonne","<5"
"2020-03-19","61080","Engis","Engis","Arrondissement Hoei","Arrondissement de Huy","Provincie Luik","Province de Liège","Waals Gewest","Région wallonne","<5"
"2020-03-19","62003","Ans","Ans","Arrondissement Luik","Arrondissement de Liège","Provincie Luik","Province de Liège","Waals Gewest","Région wallonne","<5"
"2020-03-19","62006","Awans","Awans","Arrondissement Luik","Arrondissement de Liège","Provincie Luik","Province de Liège","Waals Gewest","Région wallonne","<5"
"2020-03-19","62009","Aywaille","Aywaille","Arrondissement Luik","Arrondissement de Liège","Provincie Luik","Province de Liège","Waals Gewest","Région wallonne","<5"
"2020-03-19","62015","Beyne-Heusay","Beyne-Heusay","Arrondissement Luik","Arrondissement de Liège","Provincie Luik","Province de Liège","Waals Gewest","Région wallonne","<5"
"2020-03-19","62022","Chaudfontaine","Chaudfontaine","Arrondissement Luik","Arrondissement de Liège","Provincie Luik","Province de Liège","Waals Gewest","Région wallonne","<5"
"2020-03-19","62026","Comblain-au-Pont","Comblain-au-Pont","Arrondissement Luik","Arrondissement de Liège","Provincie Luik","Province de Liège","Waals Gewest","Région wallonne","<5"
"2020-03-19","62032","Esneux","Esneux","Arrondissement Luik","Arrondissement de Liège","Provincie Luik","Province de Liège","Waals Gewest","Région wallonne","<5"
"2020-03-19","62038","Fléron","Fléron","Arrondissement Luik","Arrondissement de Liège","Provincie Luik","Province de Liège","Waals Gewest","Région wallonne","<5"
"2020-03-19","62063","Luik","Liège","Arrondissement Luik","Arrondissement de Liège","Provincie Luik","Province de Liège","Waals Gewest","Région wallonne","19"
"2020-03-19","62079","Oupeye","Oupeye","Arrondissement Luik","Arrondissement de Liège","Provincie Luik","Province de Liège","Waals Gewest","Région wallonne","<5"
"2020-03-19","62093","Saint-Nicolas (Luik)","Saint-Nicolas (Liège)","Arrondissement Luik","Arrondissement de Liège","Provincie Luik","Province de Liège","Waals Gewest","Région wallonne","<5"
"2020-03-19","62096","Seraing","Seraing","Arrondissement Luik","Arrondissement de Liège","Provincie Luik","Province de Liège","Waals Gewest","Région wallonne","8"
"2020-03-19","62099","Soumagne","Soumagne","Arrondissement Luik","Arrondissement de Liège","Provincie Luik","Province de Liège","Waals Gewest","Région wallonne","<5"
"2020-03-19","62100","Sprimont","Sprimont","Arrondissement Luik","Arrondissement de Liège","Provincie Luik","Province de Liège","Waals Gewest","Région wallonne","<5"
"2020-03-19","62108","Wezet","Visé","Arrondissement Luik","Arrondissement de Liège","Provincie Luik","Province de Liège","Waals Gewest","Région wallonne","<5"
"2020-03-19","62118","Grâce-Hollogne","Grâce-Hollogne","Arrondissement Luik","Arrondissement de Liège","Provincie Luik","Province de Liège","Waals Gewest","Région wallonne","5"
"2020-03-19","62120","Flémalle","Flémalle","Arrondissement Luik","Arrondissement de Liège","Provincie Luik","Province de Liège","Waals Gewest","Région wallonne","<5"
"2020-03-19","62121","Neupré","Neupré","Arrondissement Luik","Arrondissement de Liège","Provincie Luik","Province de Liège","Waals Gewest","Région wallonne","<5"
"2020-03-19","62122","Trooz","Trooz","Arrondissement Luik","Arrondissement de Liège","Provincie Luik","Province de Liège","Waals Gewest","Région wallonne","<5"
"2020-03-19","63001","Amel","Amblève","Arrondissement Verviers","Arrondissement de Verviers","Provincie Luik","Province de Liège","Waals Gewest","Région wallonne","<5"
"2020-03-19","63012","Büllingen","Bullange","Arrondissement Verviers","Arrondissement de Verviers","Provincie Luik","Province de Liège","Waals Gewest","Région wallonne","<5"
"2020-03-19","63013","Bütgenbach","Butgenbach","Arrondissement Verviers","Arrondissement de Verviers","Provincie Luik","Province de Liège","Waals Gewest","Région wallonne","<5"
"2020-03-19","63023","Eupen","Eupen","Arrondissement Verviers","Arrondissement de Verviers","Provincie Luik","Province de Liège","Waals Gewest","Région wallonne","<5"
"2020-03-19","63035","Herve","Herve","Arrondissement Verviers","Arrondissement de Verviers","Provincie Luik","Province de Liège","Waals Gewest","Région wallonne","<5"
"2020-03-19","63049","Malmedy","Malmedy","Arrondissement Verviers","Arrondissement de Verviers","Provincie Luik","Province de Liège","Waals Gewest","Région wallonne","<5"
"2020-03-19","63087","Burg-Reuland","Burg-Reuland","Arrondissement Verviers","Arrondissement de Verviers","Provincie Luik","Province de Liège","Waals Gewest","Région wallonne","<5"
"2020-03-19","64008","Berloz","Berloz","Arrondissement Borgworm","Arrondissement de Waremme","Provincie Luik","Province de Liège","Waals Gewest","Région wallonne","<5"
"2020-03-19","64023","Donceel","Donceel","Arrondissement Borgworm","Arrondissement de Waremme","Provincie Luik","Province de Liège","Waals Gewest","Région wallonne","<5"
"2020-03-19","64063","Remicourt","Remicourt","Arrondissement Borgworm","Arrondissement de Waremme","Provincie Luik","Province de Liège","Waals Gewest","Région wallonne","<5"
"2020-03-19","64074","Borgworm","Waremme","Arrondissement Borgworm","Arrondissement de Waremme","Provincie Luik","Province de Liège","Waals Gewest","Région wallonne","<5"
"2020-03-19","64075","Wasseiges","Wasseiges","Arrondissement Borgworm","Arrondissement de Waremme","Provincie Luik","Province de Liège","Waals Gewest","Région wallonne","<5"
"2020-03-19","71004","Beringen","Beringen","Arrondissement Hasselt","Arrondissement de Hasselt","Provincie Limburg","Province du Limbourg","Vlaams Gewest","Région flamande","<5"
"2020-03-19","71011","Diepenbeek","Diepenbeek","Arrondissement Hasselt","Arrondissement de Hasselt","Provincie Limburg","Province du Limbourg","Vlaams Gewest","Région flamande","<5"
"2020-03-19","71016","Genk","Genk","Arrondissement Hasselt","Arrondissement de Hasselt","Provincie Limburg","Province du Limbourg","Vlaams Gewest","Région flamande","10"
"2020-03-19","71017","Gingelom","Gingelom","Arrondissement Hasselt","Arrondissement de Hasselt","Provincie Limburg","Province du Limbourg","Vlaams Gewest","Région flamande","<5"
"2020-03-19","71020","Halen","Halen","Arrondissement Hasselt","Arrondissement de Hasselt","Provincie Limburg","Province du Limbourg","Vlaams Gewest","Région flamande","<5"
"2020-03-19","71022","Hasselt","Hasselt","Arrondissement Hasselt","Arrondissement de Hasselt","Provincie Limburg","Province du Limbourg","Vlaams Gewest","Région flamande","13"
"2020-03-19","71024","Herk-de-Stad","Herck-la-Ville","Arrondissement Hasselt","Arrondissement de Hasselt","Provincie Limburg","Province du Limbourg","Vlaams Gewest","Région flamande","<5"
"2020-03-19","71034","Leopoldsburg","Bourg-Léopold","Arrondissement Hasselt","Arrondissement de Hasselt","Provincie Limburg","Province du Limbourg","Vlaams Gewest","Région flamande","<5"
"2020-03-19","71037","Lummen","Lummen","Arrondissement Hasselt","Arrondissement de Hasselt","Provincie Limburg","Province du Limbourg","Vlaams Gewest","Région flamande","<5"
"2020-03-19","71045","Nieuwerkerken (Hasselt)","Nieuwerkerken (Hasselt)","Arrondissement Hasselt","Arrondissement de Hasselt","Provincie Limburg","Province du Limbourg","Vlaams Gewest","Région flamande","<5"
"2020-03-19","71053","Sint-Truiden","Saint-Trond","Arrondissement Hasselt","Arrondissement de Hasselt","Provincie Limburg","Province du Limbourg","Vlaams Gewest","Région flamande","12"
"2020-03-19","71057","Tessenderlo","Tessenderlo","Arrondissement Hasselt","Arrondissement de Hasselt","Provincie Limburg","Province du Limbourg","Vlaams Gewest","Région flamande","<5"
"2020-03-19","71066","Zonhoven","Zonhoven","Arrondissement Hasselt","Arrondissement de Hasselt","Provincie Limburg","Province du Limbourg","Vlaams Gewest","Région flamande","<5"
"2020-03-19","71069","Ham","Ham","Arrondissement Hasselt","Arrondissement de Hasselt","Provincie Limburg","Province du Limbourg","Vlaams Gewest","Région flamande","<5"
"2020-03-19","71070","Heusden-Zolder","Heusden-Zolder","Arrondissement Hasselt","Arrondissement de Hasselt","Provincie Limburg","Province du Limbourg","Vlaams Gewest","Région flamande","<5"
"2020-03-19","72003","Bocholt","Bocholt","Arrondissement Maaseik","Arrondissement de Maaseik","Provincie Limburg","Province du Limbourg","Vlaams Gewest","Région flamande","<5"
"2020-03-19","72004","Bree","Bree","Arrondissement Maaseik","Arrondissement de Maaseik","Provincie Limburg","Province du Limbourg","Vlaams Gewest","Région flamande","<5"
"2020-03-19","72018","Kinrooi","Kinrooi","Arrondissement Maaseik","Arrondissement de Maaseik","Provincie Limburg","Province du Limbourg","Vlaams Gewest","Région flamande","<5"
"2020-03-19","72020","Lommel","Lommel","Arrondissement Maaseik","Arrondissement de Maaseik","Provincie Limburg","Province du Limbourg","Vlaams Gewest","Région flamande","<5"
"2020-03-19","72021","Maaseik","Maaseik","Arrondissement Maaseik","Arrondissement de Maaseik","Provincie Limburg","Province du Limbourg","Vlaams Gewest","Région flamande","<5"
"2020-03-19","72037","Hamont-Achel","Hamont-Achel","Arrondissement Maaseik","Arrondissement de Maaseik","Provincie Limburg","Province du Limbourg","Vlaams Gewest","Région flamande","<5"
"2020-03-19","72038","Hechtel-Eksel","Hechtel-Eksel","Arrondissement Maaseik","Arrondissement de Maaseik","Provincie Limburg","Province du Limbourg","Vlaams Gewest","Région flamande","<5"
"2020-03-19","72039","Houthalen-Helchteren","Houthalen-Helchteren","Arrondissement Maaseik","Arrondissement de Maaseik","Provincie Limburg","Province du Limbourg","Vlaams Gewest","Région flamande","5"
"2020-03-19","72041","Dilsen-Stokkem","Dilsen-Stokkem","Arrondissement Maaseik","Arrondissement de Maaseik","Provincie Limburg","Province du Limbourg","Vlaams Gewest","Région flamande","<5"
"2020-03-19","72042","Oudsbergen","Oudsbergen","Arrondissement Maaseik","Arrondissement de Maaseik","Provincie Limburg","Province du Limbourg","Vlaams Gewest","Région flamande","<5"
"2020-03-19","72043","Pelt","Pelt","Arrondissement Maaseik","Arrondissement de Maaseik","Provincie Limburg","Province du Limbourg","Vlaams Gewest","Région flamande","<5"
"2020-03-19","73001","Alken","Alken","Arrondissement Tongeren","Arrondissement de Tongres","Provincie Limburg","Province du Limbourg","Vlaams Gewest","Région flamande","7"
"2020-03-19","73006","Bilzen","Bilzen","Arrondissement Tongeren","Arrondissement de Tongres","Provincie Limburg","Province du Limbourg","Vlaams Gewest","Région flamande","<5"
"2020-03-19","73009","Borgloon","Looz","Arrondissement Tongeren","Arrondissement de Tongres","Provincie Limburg","Province du Limbourg","Vlaams Gewest","Région flamande","<5"
"2020-03-19","73032","Hoeselt","Hoeselt","Arrondissement Tongeren","Arrondissement de Tongres","Provincie Limburg","Province du Limbourg","Vlaams Gewest","Région flamande","<5"
"2020-03-19","73040","Kortessem","Kortessem","Arrondissement Tongeren","Arrondissement de Tongres","Provincie Limburg","Province du Limbourg","Vlaams Gewest","Région flamande","<5"
"2020-03-19","73066","Riemst","Riemst","Arrondissement Tongeren","Arrondissement de Tongres","Provincie Limburg","Province du Limbourg","Vlaams Gewest","Région flamande","<5"
"2020-03-19","73083","Tongeren","Tongres","Arrondissement Tongeren","Arrondissement de Tongres","Provincie Limburg","Province du Limbourg","Vlaams Gewest","Région flamande","<5"
"2020-03-19","73107","Maasmechelen","Maasmechelen","Arrondissement Tongeren","Arrondissement de Tongres","Provincie Limburg","Province du Limbourg","Vlaams Gewest","Région flamande","<5"
"2020-03-19","81001","Aarlen","Arlon","Arrondissement Aarlen","Arrondissement d’Arlon","Provincie Luxemburg","Province du Luxembourg","Waals Gewest","Région wallonne","<5"
"2020-03-19","81003","Attert","Attert","Arrondissement Aarlen","Arrondissement d’Arlon","Provincie Luxemburg","Province du Luxembourg","Waals Gewest","Région wallonne","<5"
"2020-03-19","81004","Aubange","Aubange","Arrondissement Aarlen","Arrondissement d’Arlon","Provincie Luxemburg","Province du Luxembourg","Waals Gewest","Région wallonne","<5"
"2020-03-19","82003","Bastenaken","Bastogne","Arrondissement Bastenaken","Arrondissement de Bastogne","Provincie Luxemburg","Province du Luxembourg","Waals Gewest","Région wallonne","<5"
"2020-03-19","82009","Fauvillers","Fauvillers","Arrondissement Bastenaken","Arrondissement de Bastogne","Provincie Luxemburg","Province du Luxembourg","Waals Gewest","Région wallonne","<5"
"2020-03-19","82032","Vielsalm","Vielsalm","Arrondissement Bastenaken","Arrondissement de Bastogne","Provincie Luxemburg","Province du Luxembourg","Waals Gewest","Région wallonne","6"
"2020-03-19","82036","Vaux-sur-Sûre","Vaux-sur-Sûre","Arrondissement Bastenaken","Arrondissement de Bastogne","Provincie Luxemburg","Province du Luxembourg","Waals Gewest","Région wallonne","<5"
"2020-03-19","82037","Gouvy","Gouvy","Arrondissement Bastenaken","Arrondissement de Bastogne","Provincie Luxemburg","Province du Luxembourg","Waals Gewest","Région wallonne","<5"
"2020-03-19","83028","Hotton","Hotton","Arrondissement Marche-en-Famenne","Arrondissement de Marche-en-Famenne","Provincie Luxemburg","Province du Luxembourg","Waals Gewest","Région wallonne","<5"
"2020-03-19","83034","Marche-en-Famenne","Marche-en-Famenne","Arrondissement Marche-en-Famenne","Arrondissement de Marche-en-Famenne","Provincie Luxemburg","Province du Luxembourg","Waals Gewest","Région wallonne","<5"
"2020-03-19","84009","Bertrix","Bertrix","Arrondissement Neufchâteau","Arrondissement de Neufchâteau","Provincie Luxemburg","Province du Luxembourg","Waals Gewest","Région wallonne","<5"
"2020-03-19","84010","Bouillon","Bouillon","Arrondissement Neufchâteau","Arrondissement de Neufchâteau","Provincie Luxemburg","Province du Luxembourg","Waals Gewest","Région wallonne","<5"
"2020-03-19","84033","Léglise","Léglise","Arrondissement Neufchâteau","Arrondissement de Neufchâteau","Provincie Luxemburg","Province du Luxembourg","Waals Gewest","Région wallonne","<5"
"2020-03-19","84035","Libin","Libin","Arrondissement Neufchâteau","Arrondissement de Neufchâteau","Provincie Luxemburg","Province du Luxembourg","Waals Gewest","Région wallonne","<5"
"2020-03-19","84043","Neufchâteau (Neufchâteau)","Neufchâteau (Neufchâteau)","Arrondissement Neufchâteau","Arrondissement de Neufchâteau","Provincie Luxemburg","Province du Luxembourg","Waals Gewest","Région wallonne","<5"
"2020-03-19","84050","Paliseul","Paliseul","Arrondissement Neufchâteau","Arrondissement de Neufchâteau","Provincie Luxemburg","Province du Luxembourg","Waals Gewest","Région wallonne","<5"
"2020-03-19","84075","Wellin","Wellin","Arrondissement Neufchâteau","Arrondissement de Neufchâteau","Provincie Luxemburg","Province du Luxembourg","Waals Gewest","Région wallonne","<5"
"2020-03-19","84077","Libramont-Chevigny","Libramont-Chevigny","Arrondissement Neufchâteau","Arrondissement de Neufchâteau","Provincie Luxemburg","Province du Luxembourg","Waals Gewest","Région wallonne","<5"
"2020-03-19","85039","Tintigny","Tintigny","Arrondissement Virton","Arrondissement de Virton","Provincie Luxemburg","Province du Luxembourg","Waals Gewest","Région wallonne","<5"
"2020-03-19","85045","Virton","Virton","Arrondissement Virton","Arrondissement de Virton","Provincie Luxemburg","Province du Luxembourg","Waals Gewest","Région wallonne","<5"
"2020-03-19","91030","Ciney","Ciney","Arrondissement Dinant","Arrondissement de Dinant","Provincie Namen","Province de Namur","Waals Gewest","Région wallonne","<5"
"2020-03-19","91054","Gedinne","Gedinne","Arrondissement Dinant","Arrondissement de Dinant","Provincie Namen","Province de Namur","Waals Gewest","Région wallonne","<5"
"2020-03-19","91064","Havelange","Havelange","Arrondissement Dinant","Arrondissement de Dinant","Provincie Namen","Province de Namur","Waals Gewest","Région wallonne","<5"
"2020-03-19","91072","Houyet","Houyet","Arrondissement Dinant","Arrondissement de Dinant","Provincie Namen","Province de Namur","Waals Gewest","Région wallonne","<5"
"2020-03-19","91114","Rochefort","Rochefort","Arrondissement Dinant","Arrondissement de Dinant","Provincie Namen","Province de Namur","Waals Gewest","Région wallonne","<5"
"2020-03-19","91141","Yvoir","Yvoir","Arrondissement Dinant","Arrondissement de Dinant","Provincie Namen","Province de Namur","Waals Gewest","Région wallonne","<5"
"2020-03-19","92003","Andenne","Andenne","Arrondissement Namen","Arrondissement de Namur","Provincie Namen","Province de Namur","Waals Gewest","Région wallonne","<5"
"2020-03-19","92035","Eghezée","Eghezée","Arrondissement Namen","Arrondissement de Namur","Provincie Namen","Province de Namur","Waals Gewest","Région wallonne","<5"
"2020-03-19","92087","Mettet","Mettet","Arrondissement Namen","Arrondissement de Namur","Provincie Namen","Province de Namur","Waals Gewest","Région wallonne","<5"
"2020-03-19","92094","Namen","Namur","Arrondissement Namen","Arrondissement de Namur","Provincie Namen","Province de Namur","Waals Gewest","Région wallonne","<5"
"2020-03-19","92101","Profondeville","Profondeville","Arrondissement Namen","Arrondissement de Namur","Provincie Namen","Province de Namur","Waals Gewest","Région wallonne","<5"
"2020-03-19","92137","Sambreville","Sambreville","Arrondissement Namen","Arrondissement de Namur","Provincie Namen","Province de Namur","Waals Gewest","Région wallonne","<5"
"2020-03-19","92140","Jemeppe-sur-Sambre","Jemeppe-sur-Sambre","Arrondissement Namen","Arrondissement de Namur","Provincie Namen","Province de Namur","Waals Gewest","Région wallonne","<5"
"2020-03-19","92142","Gembloux","Gembloux","Arrondissement Namen","Arrondissement de Namur","Provincie Namen","Province de Namur","Waals Gewest","Région wallonne","<5"
"2020-03-19","93056","Philippeville","Philippeville","Arrondissement Philippeville","Arrondissement de Philippeville","Provincie Namen","Province de Namur","Waals Gewest","Région wallonne","<5"
"2020-03-19",NA,NA,NA,NA,NA,NA,NA,NA,NA,"32"
"2020-03-20","11001","Aartselaar","Aartselaar","Arrondissement Antwerpen","Arrondissement d’Anvers","Provincie Antwerpen","Province d’Anvers","Vlaams Gewest","Région flamande","<5"
"2020-03-20","11002","Antwerpen","Anvers","Arrondissement Antwerpen","Arrondissement d’Anvers","Provincie Antwerpen","Province d’Anvers","Vlaams Gewest","Région flamande","19"
"2020-03-20","11005","Boom","Boom","Arrondissement Antwerpen","Arrondissement d’Anvers","Provincie Antwerpen","Province d’Anvers","Vlaams Gewest","Région flamande","<5"
"2020-03-20","11008","Brasschaat","Brasschaat","Arrondissement Antwerpen","Arrondissement d’Anvers","Provincie Antwerpen","Province d’Anvers","Vlaams Gewest","Région flamande","<5"
"2020-03-20","11009","Brecht","Brecht","Arrondissement Antwerpen","Arrondissement d’Anvers","Provincie Antwerpen","Province d’Anvers","Vlaams Gewest","Région flamande","<5"
"2020-03-20","11013","Edegem","Edegem","Arrondissement Antwerpen","Arrondissement d’Anvers","Provincie Antwerpen","Province d’Anvers","Vlaams Gewest","Région flamande","<5"
"2020-03-20","11016","Essen","Essen","Arrondissement Antwerpen","Arrondissement d’Anvers","Provincie Antwerpen","Province d’Anvers","Vlaams Gewest","Région flamande","<5"
"2020-03-20","11018","Hemiksem","Hemiksem","Arrondissement Antwerpen","Arrondissement d’Anvers","Provincie Antwerpen","Province d’Anvers","Vlaams Gewest","Région flamande","<5"
"2020-03-20","11022","Kalmthout","Kalmthout","Arrondissement Antwerpen","Arrondissement d’Anvers","Provincie Antwerpen","Province d’Anvers","Vlaams Gewest","Région flamande","<5"
"2020-03-20","11023","Kapellen (Antwerpen)","Kapellen (Anvers)","Arrondissement Antwerpen","Arrondissement d’Anvers","Provincie Antwerpen","Province d’Anvers","Vlaams Gewest","Région flamande","<5"
"2020-03-20","11024","Kontich","Kontich","Arrondissement Antwerpen","Arrondissement d’Anvers","Provincie Antwerpen","Province d’Anvers","Vlaams Gewest","Région flamande","<5"
"2020-03-20","11025","Lint","Lint","Arrondissement Antwerpen","Arrondissement d’Anvers","Provincie Antwerpen","Province d’Anvers","Vlaams Gewest","Région flamande","<5"
"2020-03-20","11029","Mortsel","Mortsel","Arrondissement Antwerpen","Arrondissement d’Anvers","Provincie Antwerpen","Province d’Anvers","Vlaams Gewest","Région flamande","<5"
"2020-03-20","11040","Schoten","Schoten","Arrondissement Antwerpen","Arrondissement d’Anvers","Provincie Antwerpen","Province d’Anvers","Vlaams Gewest","Région flamande","<5"
"2020-03-20","11052","Wommelgem","Wommelgem","Arrondissement Antwerpen","Arrondissement d’Anvers","Provincie Antwerpen","Province d’Anvers","Vlaams Gewest","Région flamande","<5"
"2020-03-20","11053","Wuustwezel","Wuustwezel","Arrondissement Antwerpen","Arrondissement d’Anvers","Provincie Antwerpen","Province d’Anvers","Vlaams Gewest","Région flamande","<5"
"2020-03-20","11055","Zoersel","Zoersel","Arrondissement Antwerpen","Arrondissement d’Anvers","Provincie Antwerpen","Province d’Anvers","Vlaams Gewest","Région flamande","<5"
"2020-03-20","12007","Bornem","Bornem","Arrondissement Mechelen","Arrondissement de Malines","Provincie Antwerpen","Province d’Anvers","Vlaams Gewest","Région flamande","<5"
"2020-03-20","12014","Heist-op-den-Berg","Heist-op-den-Berg","Arrondissement Mechelen","Arrondissement de Malines","Provincie Antwerpen","Province d’Anvers","Vlaams Gewest","Région flamande","<5"
"2020-03-20","12021","Lier","Lierre","Arrondissement Mechelen","Arrondissement de Malines","Provincie Antwerpen","Province d’Anvers","Vlaams Gewest","Région flamande","<5"
"2020-03-20","12025","Mechelen","Malines","Arrondissement Mechelen","Arrondissement de Malines","Provincie Antwerpen","Province d’Anvers","Vlaams Gewest","Région flamande","<5"
"2020-03-20","12029","Putte","Putte","Arrondissement Mechelen","Arrondissement de Malines","Provincie Antwerpen","Province d’Anvers","Vlaams Gewest","Région flamande","<5"
"2020-03-20","12035","Sint-Katelijne-Waver","Sint-Katelijne-Waver","Arrondissement Mechelen","Arrondissement de Malines","Provincie Antwerpen","Province d’Anvers","Vlaams Gewest","Région flamande","<5"
"2020-03-20","13003","Balen","Balen","Arrondissement Turnhout","Arrondissement de Turnhout","Provincie Antwerpen","Province d’Anvers","Vlaams Gewest","Région flamande","<5"
"2020-03-20","13008","Geel","Geel","Arrondissement Turnhout","Arrondissement de Turnhout","Provincie Antwerpen","Province d’Anvers","Vlaams Gewest","Région flamande","<5"
"2020-03-20","13011","Herentals","Herentals","Arrondissement Turnhout","Arrondissement de Turnhout","Provincie Antwerpen","Province d’Anvers","Vlaams Gewest","Région flamande","<5"
"2020-03-20","13013","Herselt","Herselt","Arrondissement Turnhout","Arrondissement de Turnhout","Provincie Antwerpen","Province d’Anvers","Vlaams Gewest","Région flamande","<5"
"2020-03-20","13016","Hulshout","Hulshout","Arrondissement Turnhout","Arrondissement de Turnhout","Provincie Antwerpen","Province d’Anvers","Vlaams Gewest","Région flamande","<5"
"2020-03-20","13017","Kasterlee","Kasterlee","Arrondissement Turnhout","Arrondissement de Turnhout","Provincie Antwerpen","Province d’Anvers","Vlaams Gewest","Région flamande","<5"
"2020-03-20","13025","Mol","Mol","Arrondissement Turnhout","Arrondissement de Turnhout","Provincie Antwerpen","Province d’Anvers","Vlaams Gewest","Région flamande","<5"
"2020-03-20","13029","Olen","Olen","Arrondissement Turnhout","Arrondissement de Turnhout","Provincie Antwerpen","Province d’Anvers","Vlaams Gewest","Région flamande","<5"
"2020-03-20","13035","Ravels","Ravels","Arrondissement Turnhout","Arrondissement de Turnhout","Provincie Antwerpen","Province d’Anvers","Vlaams Gewest","Région flamande","<5"
"2020-03-20","13037","Rijkevorsel","Rijkevorsel","Arrondissement Turnhout","Arrondissement de Turnhout","Provincie Antwerpen","Province d’Anvers","Vlaams Gewest","Région flamande","<5"
"2020-03-20","13049","Westerlo","Westerlo","Arrondissement Turnhout","Arrondissement de Turnhout","Provincie Antwerpen","Province d’Anvers","Vlaams Gewest","Région flamande","<5"
"2020-03-20","13053","Laakdal","Laakdal","Arrondissement Turnhout","Arrondissement de Turnhout","Provincie Antwerpen","Province d’Anvers","Vlaams Gewest","Région flamande","<5"
"2020-03-20","21001","Anderlecht","Anderlecht","Arrondissement Brussel-Hoofdstad","Arrondissement de Bruxelles-Capitale",NA,NA,"Brussels Hoofdstedelijk Gewest","Région de Bruxelles-Capitale","8"
"2020-03-20","21002","Oudergem","Auderghem","Arrondissement Brussel-Hoofdstad","Arrondissement de Bruxelles-Capitale",NA,NA,"Brussels Hoofdstedelijk Gewest","Région de Bruxelles-Capitale","<5"
"2020-03-20","21003","Sint-Agatha-Berchem","Berchem-Sainte-Agathe","Arrondissement Brussel-Hoofdstad","Arrondissement de Bruxelles-Capitale",NA,NA,"Brussels Hoofdstedelijk Gewest","Région de Bruxelles-Capitale","5"
"2020-03-20","21004","Brussel","Bruxelles","Arrondissement Brussel-Hoofdstad","Arrondissement de Bruxelles-Capitale",NA,NA,"Brussels Hoofdstedelijk Gewest","Région de Bruxelles-Capitale","<5"
"2020-03-20","21005","Etterbeek","Etterbeek","Arrondissement Brussel-Hoofdstad","Arrondissement de Bruxelles-Capitale",NA,NA,"Brussels Hoofdstedelijk Gewest","Région de Bruxelles-Capitale","<5"
"2020-03-20","21006","Evere","Evere","Arrondissement Brussel-Hoofdstad","Arrondissement de Bruxelles-Capitale",NA,NA,"Brussels Hoofdstedelijk Gewest","Région de Bruxelles-Capitale","<5"
"2020-03-20","21007","Vorst (Brussel-Hoofdstad)","Forest (Bruxelles-Capitale)","Arrondissement Brussel-Hoofdstad","Arrondissement de Bruxelles-Capitale",NA,NA,"Brussels Hoofdstedelijk Gewest","Région de Bruxelles-Capitale","<5"
"2020-03-20","21008","Ganshoren","Ganshoren","Arrondissement Brussel-Hoofdstad","Arrondissement de Bruxelles-Capitale",NA,NA,"Brussels Hoofdstedelijk Gewest","Région de Bruxelles-Capitale","<5"
"2020-03-20","21009","Elsene","Ixelles","Arrondissement Brussel-Hoofdstad","Arrondissement de Bruxelles-Capitale",NA,NA,"Brussels Hoofdstedelijk Gewest","Région de Bruxelles-Capitale","6"
"2020-03-20","21010","Jette","Jette","Arrondissement Brussel-Hoofdstad","Arrondissement de Bruxelles-Capitale",NA,NA,"Brussels Hoofdstedelijk Gewest","Région de Bruxelles-Capitale","<5"
"2020-03-20","21011","Koekelberg","Koekelberg","Arrondissement Brussel-Hoofdstad","Arrondissement de Bruxelles-Capitale",NA,NA,"Brussels Hoofdstedelijk Gewest","Région de Bruxelles-Capitale","<5"
"2020-03-20","21012","Sint-Jans-Molenbeek","Molenbeek-Saint-Jean","Arrondissement Brussel-Hoofdstad","Arrondissement de Bruxelles-Capitale",NA,NA,"Brussels Hoofdstedelijk Gewest","Région de Bruxelles-Capitale","5"
"2020-03-20","21013","Sint-Gillis","Saint-Gilles","Arrondissement Brussel-Hoofdstad","Arrondissement de Bruxelles-Capitale",NA,NA,"Brussels Hoofdstedelijk Gewest","Région de Bruxelles-Capitale","<5"
"2020-03-20","21015","Schaarbeek","Schaerbeek","Arrondissement Brussel-Hoofdstad","Arrondissement de Bruxelles-Capitale",NA,NA,"Brussels Hoofdstedelijk Gewest","Région de Bruxelles-Capitale","11"
"2020-03-20","21016","Ukkel","Uccle","Arrondissement Brussel-Hoofdstad","Arrondissement de Bruxelles-Capitale",NA,NA,"Brussels Hoofdstedelijk Gewest","Région de Bruxelles-Capitale","<5"
"2020-03-20","21017","Watermaal-Bosvoorde","Watermael-Boitsfort","Arrondissement Brussel-Hoofdstad","Arrondissement de Bruxelles-Capitale",NA,NA,"Brussels Hoofdstedelijk Gewest","Région de Bruxelles-Capitale","<5"
"2020-03-20","21018","Sint-Lambrechts-Woluwe","Woluwe-Saint-Lambert","Arrondissement Brussel-Hoofdstad","Arrondissement de Bruxelles-Capitale",NA,NA,"Brussels Hoofdstedelijk Gewest","Région de Bruxelles-Capitale","<5"
"2020-03-20","21019","Sint-Pieters-Woluwe","Woluwe-Saint-Pierre","Arrondissement Brussel-Hoofdstad","Arrondissement de Bruxelles-Capitale",NA,NA,"Brussels Hoofdstedelijk Gewest","Région de Bruxelles-Capitale","<5"
"2020-03-20","23002","Asse","Asse","Arrondissement Halle-Vilvoorde","Arrondissement de Hal-Vilvorde","Provincie Vlaams-Brabant","Province du Brabant flamand","Vlaams Gewest","Région flamande","<5"
"2020-03-20","23003","Beersel","Beersel","Arrondissement Halle-Vilvoorde","Arrondissement de Hal-Vilvorde","Provincie Vlaams-Brabant","Province du Brabant flamand","Vlaams Gewest","Région flamande","<5"
"2020-03-20","23016","Dilbeek","Dilbeek","Arrondissement Halle-Vilvoorde","Arrondissement de Hal-Vilvorde","Provincie Vlaams-Brabant","Province du Brabant flamand","Vlaams Gewest","Région flamande","<5"
"2020-03-20","23025","Grimbergen","Grimbergen","Arrondissement Halle-Vilvoorde","Arrondissement de Hal-Vilvorde","Provincie Vlaams-Brabant","Province du Brabant flamand","Vlaams Gewest","Région flamande","<5"
"2020-03-20","23027","Halle (Halle-Vilvoorde)","Hal (Hal-Vilvorde)","Arrondissement Halle-Vilvoorde","Arrondissement de Hal-Vilvorde","Provincie Vlaams-Brabant","Province du Brabant flamand","Vlaams Gewest","Région flamande","<5"
"2020-03-20","23032","Herne","Herne","Arrondissement Halle-Vilvoorde","Arrondissement de Hal-Vilvorde","Provincie Vlaams-Brabant","Province du Brabant flamand","Vlaams Gewest","Région flamande","<5"
"2020-03-20","23033","Hoeilaart","Hoeilaart","Arrondissement Halle-Vilvoorde","Arrondissement de Hal-Vilvorde","Provincie Vlaams-Brabant","Province du Brabant flamand","Vlaams Gewest","Région flamande","<5"
"2020-03-20","23038","Kampenhout","Kampenhout","Arrondissement Halle-Vilvoorde","Arrondissement de Hal-Vilvorde","Provincie Vlaams-Brabant","Province du Brabant flamand","Vlaams Gewest","Région flamande","<5"
"2020-03-20","23039","Kapelle-op-den-Bos","Kapelle-op-den-Bos","Arrondissement Halle-Vilvoorde","Arrondissement de Hal-Vilvorde","Provincie Vlaams-Brabant","Province du Brabant flamand","Vlaams Gewest","Région flamande","<5"
"2020-03-20","23045","Londerzeel","Londerzeel","Arrondissement Halle-Vilvoorde","Arrondissement de Hal-Vilvorde","Provincie Vlaams-Brabant","Province du Brabant flamand","Vlaams Gewest","Région flamande","<5"
"2020-03-20","23047","Machelen (Halle-Vilvoorde)","Machelen (Hal-Vilvorde)","Arrondissement Halle-Vilvoorde","Arrondissement de Hal-Vilvorde","Provincie Vlaams-Brabant","Province du Brabant flamand","Vlaams Gewest","Région flamande","<5"
"2020-03-20","23050","Meise","Meise","Arrondissement Halle-Vilvoorde","Arrondissement de Hal-Vilvorde","Provincie Vlaams-Brabant","Province du Brabant flamand","Vlaams Gewest","Région flamande","<5"
"2020-03-20","23052","Merchtem","Merchtem","Arrondissement Halle-Vilvoorde","Arrondissement de Hal-Vilvorde","Provincie Vlaams-Brabant","Province du Brabant flamand","Vlaams Gewest","Région flamande","<5"
"2020-03-20","23077","Sint-Pieters-Leeuw","Sint-Pieters-Leeuw","Arrondissement Halle-Vilvoorde","Arrondissement de Hal-Vilvorde","Provincie Vlaams-Brabant","Province du Brabant flamand","Vlaams Gewest","Région flamande","<5"
"2020-03-20","23081","Steenokkerzeel","Steenokkerzeel","Arrondissement Halle-Vilvoorde","Arrondissement de Hal-Vilvorde","Provincie Vlaams-Brabant","Province du Brabant flamand","Vlaams Gewest","Région flamande","<5"
"2020-03-20","23086","Ternat","Ternat","Arrondissement Halle-Vilvoorde","Arrondissement de Hal-Vilvorde","Provincie Vlaams-Brabant","Province du Brabant flamand","Vlaams Gewest","Région flamande","<5"
"2020-03-20","23088","Vilvoorde","Vilvorde","Arrondissement Halle-Vilvoorde","Arrondissement de Hal-Vilvorde","Provincie Vlaams-Brabant","Province du Brabant flamand","Vlaams Gewest","Région flamande","<5"
"2020-03-20","23094","Zaventem","Zaventem","Arrondissement Halle-Vilvoorde","Arrondissement de Hal-Vilvorde","Provincie Vlaams-Brabant","Province du Brabant flamand","Vlaams Gewest","Région flamande","5"
"2020-03-20","23096","Zemst","Zemst","Arrondissement Halle-Vilvoorde","Arrondissement de Hal-Vilvorde","Provincie Vlaams-Brabant","Province du Brabant flamand","Vlaams Gewest","Région flamande","<5"
"2020-03-20","23100","Linkebeek","Linkebeek","Arrondissement Halle-Vilvoorde","Arrondissement de Hal-Vilvorde","Provincie Vlaams-Brabant","Province du Brabant flamand","Vlaams Gewest","Région flamande","<5"
"2020-03-20","23102","Wemmel","Wemmel","Arrondissement Halle-Vilvoorde","Arrondissement de Hal-Vilvorde","Provincie Vlaams-Brabant","Province du Brabant flamand","Vlaams Gewest","Région flamande","<5"
"2020-03-20","23103","Wezembeek-Oppem","Wezembeek-Oppem","Arrondissement Halle-Vilvoorde","Arrondissement de Hal-Vilvorde","Provincie Vlaams-Brabant","Province du Brabant flamand","Vlaams Gewest","Région flamande","<5"
"2020-03-20","23104","Lennik","Lennik","Arrondissement Halle-Vilvoorde","Arrondissement de Hal-Vilvorde","Provincie Vlaams-Brabant","Province du Brabant flamand","Vlaams Gewest","Région flamande","<5"
"2020-03-20","23105","Affligem","Affligem","Arrondissement Halle-Vilvoorde","Arrondissement de Hal-Vilvorde","Provincie Vlaams-Brabant","Province du Brabant flamand","Vlaams Gewest","Région flamande","<5"
"2020-03-20","24001","Aarschot","Aarschot","Arrondissement Leuven","Arrondissement de Louvain","Provincie Vlaams-Brabant","Province du Brabant flamand","Vlaams Gewest","Région flamande","6"
"2020-03-20","24007","Begijnendijk","Begijnendijk","Arrondissement Leuven","Arrondissement de Louvain","Provincie Vlaams-Brabant","Province du Brabant flamand","Vlaams Gewest","Région flamande","<5"
"2020-03-20","24016","Boutersem","Boutersem","Arrondissement Leuven","Arrondissement de Louvain","Provincie Vlaams-Brabant","Province du Brabant flamand","Vlaams Gewest","Région flamande","<5"
"2020-03-20","24020","Diest","Diest","Arrondissement Leuven","Arrondissement de Louvain","Provincie Vlaams-Brabant","Province du Brabant flamand","Vlaams Gewest","Région flamande","<5"
"2020-03-20","24033","Haacht","Haacht","Arrondissement Leuven","Arrondissement de Louvain","Provincie Vlaams-Brabant","Province du Brabant flamand","Vlaams Gewest","Région flamande","<5"
"2020-03-20","24038","Herent","Herent","Arrondissement Leuven","Arrondissement de Louvain","Provincie Vlaams-Brabant","Province du Brabant flamand","Vlaams Gewest","Région flamande","<5"
"2020-03-20","24054","Kortenaken","Kortenaken","Arrondissement Leuven","Arrondissement de Louvain","Provincie Vlaams-Brabant","Province du Brabant flamand","Vlaams Gewest","Région flamande","<5"
"2020-03-20","24055","Kortenberg","Kortenberg","Arrondissement Leuven","Arrondissement de Louvain","Provincie Vlaams-Brabant","Province du Brabant flamand","Vlaams Gewest","Région flamande","<5"
"2020-03-20","24062","Leuven","Louvain","Arrondissement Leuven","Arrondissement de Louvain","Provincie Vlaams-Brabant","Province du Brabant flamand","Vlaams Gewest","Région flamande","9"
"2020-03-20","24066","Lubbeek","Lubbeek","Arrondissement Leuven","Arrondissement de Louvain","Provincie Vlaams-Brabant","Province du Brabant flamand","Vlaams Gewest","Région flamande","<5"
"2020-03-20","24086","Oud-Heverlee","Oud-Heverlee","Arrondissement Leuven","Arrondissement de Louvain","Provincie Vlaams-Brabant","Province du Brabant flamand","Vlaams Gewest","Région flamande","<5"
"2020-03-20","24104","Tervuren","Tervuren","Arrondissement Leuven","Arrondissement de Louvain","Provincie Vlaams-Brabant","Province du Brabant flamand","Vlaams Gewest","Région flamande","<5"
"2020-03-20","24107","Tienen","Tirlemont","Arrondissement Leuven","Arrondissement de Louvain","Provincie Vlaams-Brabant","Province du Brabant flamand","Vlaams Gewest","Région flamande","<5"
"2020-03-20","24134","Scherpenheuvel-Zichem","Montaigu-Zichem","Arrondissement Leuven","Arrondissement de Louvain","Provincie Vlaams-Brabant","Province du Brabant flamand","Vlaams Gewest","Région flamande","<5"
"2020-03-20","24135","Tielt-Winge","Tielt-Winge","Arrondissement Leuven","Arrondissement de Louvain","Provincie Vlaams-Brabant","Province du Brabant flamand","Vlaams Gewest","Région flamande","<5"
"2020-03-20","25014","Eigenbrakel","Braine-l’Alleud","Arrondissement Nijvel","Arrondissement de Nivelles","Provincie Waals-Brabant","Province du Brabant wallon","Waals Gewest","Région wallonne","<5"
"2020-03-20","25018","Chaumont-Gistoux","Chaumont-Gistoux","Arrondissement Nijvel","Arrondissement de Nivelles","Provincie Waals-Brabant","Province du Brabant wallon","Waals Gewest","Région wallonne","<5"
"2020-03-20","25031","Genepiën","Genappe","Arrondissement Nijvel","Arrondissement de Nivelles","Provincie Waals-Brabant","Province du Brabant wallon","Waals Gewest","Région wallonne","<5"
"2020-03-20","25037","Graven","Grez-Doiceau","Arrondissement Nijvel","Arrondissement de Nivelles","Provincie Waals-Brabant","Province du Brabant wallon","Waals Gewest","Région wallonne","<5"
"2020-03-20","25044","Itter","Ittre","Arrondissement Nijvel","Arrondissement de Nivelles","Provincie Waals-Brabant","Province du Brabant wallon","Waals Gewest","Région wallonne","<5"
"2020-03-20","25048","Geldenaken","Jodoigne","Arrondissement Nijvel","Arrondissement de Nivelles","Provincie Waals-Brabant","Province du Brabant wallon","Waals Gewest","Région wallonne","<5"
"2020-03-20","25050","Terhulpen","La Hulpe","Arrondissement Nijvel","Arrondissement de Nivelles","Provincie Waals-Brabant","Province du Brabant wallon","Waals Gewest","Région wallonne","<5"
"2020-03-20","25068","Mont-Saint-Guibert","Mont-Saint-Guibert","Arrondissement Nijvel","Arrondissement de Nivelles","Provincie Waals-Brabant","Province du Brabant wallon","Waals Gewest","Région wallonne","<5"
"2020-03-20","25072","Nijvel","Nivelles","Arrondissement Nijvel","Arrondissement de Nivelles","Provincie Waals-Brabant","Province du Brabant wallon","Waals Gewest","Région wallonne","<5"
"2020-03-20","25105","Tubeke","Tubize","Arrondissement Nijvel","Arrondissement de Nivelles","Provincie Waals-Brabant","Province du Brabant wallon","Waals Gewest","Région wallonne","<5"
"2020-03-20","25117","Chastre","Chastre","Arrondissement Nijvel","Arrondissement de Nivelles","Provincie Waals-Brabant","Province du Brabant wallon","Waals Gewest","Région wallonne","<5"
"2020-03-20","25119","Lasne","Lasne","Arrondissement Nijvel","Arrondissement de Nivelles","Provincie Waals-Brabant","Province du Brabant wallon","Waals Gewest","Région wallonne","<5"
"2020-03-20","25120","Orp-Jauche","Orp-Jauche","Arrondissement Nijvel","Arrondissement de Nivelles","Provincie Waals-Brabant","Province du Brabant wallon","Waals Gewest","Région wallonne","<5"
"2020-03-20","25121","Ottignies-Louvain-la-Neuve","Ottignies-Louvain-la-Neuve","Arrondissement Nijvel","Arrondissement de Nivelles","Provincie Waals-Brabant","Province du Brabant wallon","Waals Gewest","Région wallonne","<5"
"2020-03-20","31004","Blankenberge","Blankenberge","Arrondissement Brugge","Arrondissement de Bruges","Provincie West-Vlaanderen","Province de Flandre occidentale","Vlaams Gewest","Région flamande","<5"
"2020-03-20","31005","Brugge","Bruges","Arrondissement Brugge","Arrondissement de Bruges","Provincie West-Vlaanderen","Province de Flandre occidentale","Vlaams Gewest","Région flamande","6"
"2020-03-20","31006","Damme","Damme","Arrondissement Brugge","Arrondissement de Bruges","Provincie West-Vlaanderen","Province de Flandre occidentale","Vlaams Gewest","Région flamande","<5"
"2020-03-20","31012","Jabbeke","Jabbeke","Arrondissement Brugge","Arrondissement de Bruges","Provincie West-Vlaanderen","Province de Flandre occidentale","Vlaams Gewest","Région flamande","<5"
"2020-03-20","31022","Oostkamp","Oostkamp","Arrondissement Brugge","Arrondissement de Bruges","Provincie West-Vlaanderen","Province de Flandre occidentale","Vlaams Gewest","Région flamande","<5"
"2020-03-20","31043","Knokke-Heist","Knokke-Heist","Arrondissement Brugge","Arrondissement de Bruges","Provincie West-Vlaanderen","Province de Flandre occidentale","Vlaams Gewest","Région flamande","<5"
"2020-03-20","32003","Diksmuide","Dixmude","Arrondissement Diksmuide","Arrondissement de Dixmude","Provincie West-Vlaanderen","Province de Flandre occidentale","Vlaams Gewest","Région flamande","<5"
"2020-03-20","32006","Houthulst","Houthulst","Arrondissement Diksmuide","Arrondissement de Dixmude","Provincie West-Vlaanderen","Province de Flandre occidentale","Vlaams Gewest","Région flamande","<5"
"2020-03-20","32030","Lo-Reninge","Lo-Reninge","Arrondissement Diksmuide","Arrondissement de Dixmude","Provincie West-Vlaanderen","Province de Flandre occidentale","Vlaams Gewest","Région flamande","<5"
"2020-03-20","33011","Ieper","Ypres","Arrondissement Ieper","Arrondissement d’Ypres","Provincie West-Vlaanderen","Province de Flandre occidentale","Vlaams Gewest","Région flamande","<5"
"2020-03-20","33021","Poperinge","Poperinge","Arrondissement Ieper","Arrondissement d’Ypres","Provincie West-Vlaanderen","Province de Flandre occidentale","Vlaams Gewest","Région flamande","<5"
"2020-03-20","33029","Wervik","Wervik","Arrondissement Ieper","Arrondissement d’Ypres","Provincie West-Vlaanderen","Province de Flandre occidentale","Vlaams Gewest","Région flamande","<5"
"2020-03-20","33037","Zonnebeke","Zonnebeke","Arrondissement Ieper","Arrondissement d’Ypres","Provincie West-Vlaanderen","Province de Flandre occidentale","Vlaams Gewest","Région flamande","<5"
"2020-03-20","33039","Heuvelland","Heuvelland","Arrondissement Ieper","Arrondissement d’Ypres","Provincie West-Vlaanderen","Province de Flandre occidentale","Vlaams Gewest","Région flamande","<5"
"2020-03-20","34003","Avelgem","Avelgem","Arrondissement Kortrijk","Arrondissement de Courtrai","Provincie West-Vlaanderen","Province de Flandre occidentale","Vlaams Gewest","Région flamande","<5"
"2020-03-20","34013","Harelbeke","Harelbeke","Arrondissement Kortrijk","Arrondissement de Courtrai","Provincie West-Vlaanderen","Province de Flandre occidentale","Vlaams Gewest","Région flamande","<5"
"2020-03-20","34022","Kortrijk","Courtrai","Arrondissement Kortrijk","Arrondissement de Courtrai","Provincie West-Vlaanderen","Province de Flandre occidentale","Vlaams Gewest","Région flamande","9"
"2020-03-20","34025","Lendelede","Lendelede","Arrondissement Kortrijk","Arrondissement de Courtrai","Provincie West-Vlaanderen","Province de Flandre occidentale","Vlaams Gewest","Région flamande","<5"
"2020-03-20","34027","Menen","Menin","Arrondissement Kortrijk","Arrondissement de Courtrai","Provincie West-Vlaanderen","Province de Flandre occidentale","Vlaams Gewest","Région flamande","<5"
"2020-03-20","34040","Waregem","Waregem","Arrondissement Kortrijk","Arrondissement de Courtrai","Provincie West-Vlaanderen","Province de Flandre occidentale","Vlaams Gewest","Région flamande","<5"
"2020-03-20","34042","Zwevegem","Zwevegem","Arrondissement Kortrijk","Arrondissement de Courtrai","Provincie West-Vlaanderen","Province de Flandre occidentale","Vlaams Gewest","Région flamande","<5"
"2020-03-20","35006","Ichtegem","Ichtegem","Arrondissement Oostende","Arrondissement d’Ostende","Provincie West-Vlaanderen","Province de Flandre occidentale","Vlaams Gewest","Région flamande","<5"
"2020-03-20","35011","Middelkerke","Middelkerke","Arrondissement Oostende","Arrondissement d’Ostende","Provincie West-Vlaanderen","Province de Flandre occidentale","Vlaams Gewest","Région flamande","<5"
"2020-03-20","35013","Oostende","Ostende","Arrondissement Oostende","Arrondissement d’Ostende","Provincie West-Vlaanderen","Province de Flandre occidentale","Vlaams Gewest","Région flamande","<5"
"2020-03-20","36015","Roeselare","Roulers","Arrondissement Roeselare","Arrondissement de Roulers","Provincie West-Vlaanderen","Province de Flandre occidentale","Vlaams Gewest","Région flamande","<5"
"2020-03-20","37010","Oostrozebeke","Oostrozebeke","Arrondissement Tielt","Arrondissement de Tielt","Provincie West-Vlaanderen","Province de Flandre occidentale","Vlaams Gewest","Région flamande","<5"
"2020-03-20","37015","Tielt (Tielt)","Tielt (Tielt)","Arrondissement Tielt","Arrondissement de Tielt","Provincie West-Vlaanderen","Province de Flandre occidentale","Vlaams Gewest","Région flamande","<5"
"2020-03-20","37018","Wingene","Wingene","Arrondissement Tielt","Arrondissement de Tielt","Provincie West-Vlaanderen","Province de Flandre occidentale","Vlaams Gewest","Région flamande","<5"
"2020-03-20","38014","Koksijde","Koksijde","Arrondissement Veurne","Arrondissement de Furnes","Provincie West-Vlaanderen","Province de Flandre occidentale","Vlaams Gewest","Région flamande","<5"
"2020-03-20","41002","Aalst (Aalst)","Alost (Alost)","Arrondissement Aalst","Arrondissement d’Alost","Provincie Oost-Vlaanderen","Province de Flandre orientale","Vlaams Gewest","Région flamande","6"
"2020-03-20","41011","Denderleeuw","Denderleeuw","Arrondissement Aalst","Arrondissement d’Alost","Provincie Oost-Vlaanderen","Province de Flandre orientale","Vlaams Gewest","Région flamande","<5"
"2020-03-20","41018","Geraardsbergen","Grammont","Arrondissement Aalst","Arrondissement d’Alost","Provincie Oost-Vlaanderen","Province de Flandre orientale","Vlaams Gewest","Région flamande","<5"
"2020-03-20","41024","Haaltert","Haaltert","Arrondissement Aalst","Arrondissement d’Alost","Provincie Oost-Vlaanderen","Province de Flandre orientale","Vlaams Gewest","Région flamande","<5"
"2020-03-20","41034","Lede","Lede","Arrondissement Aalst","Arrondissement d’Alost","Provincie Oost-Vlaanderen","Province de Flandre orientale","Vlaams Gewest","Région flamande","<5"
"2020-03-20","41048","Ninove","Ninove","Arrondissement Aalst","Arrondissement d’Alost","Provincie Oost-Vlaanderen","Province de Flandre orientale","Vlaams Gewest","Région flamande","5"
"2020-03-20","41063","Sint-Lievens-Houtem","Sint-Lievens-Houtem","Arrondissement Aalst","Arrondissement d’Alost","Provincie Oost-Vlaanderen","Province de Flandre orientale","Vlaams Gewest","Région flamande","<5"
"2020-03-20","42004","Buggenhout","Buggenhout","Arrondissement Dendermonde","Arrondissement de Termonde","Provincie Oost-Vlaanderen","Province de Flandre orientale","Vlaams Gewest","Région flamande","<5"
"2020-03-20","42006","Dendermonde","Termonde","Arrondissement Dendermonde","Arrondissement de Termonde","Provincie Oost-Vlaanderen","Province de Flandre orientale","Vlaams Gewest","Région flamande","<5"
"2020-03-20","42010","Laarne","Laarne","Arrondissement Dendermonde","Arrondissement de Termonde","Provincie Oost-Vlaanderen","Province de Flandre orientale","Vlaams Gewest","Région flamande","<5"
"2020-03-20","42026","Wichelen","Wichelen","Arrondissement Dendermonde","Arrondissement de Termonde","Provincie Oost-Vlaanderen","Province de Flandre orientale","Vlaams Gewest","Région flamande","<5"
"2020-03-20","44013","Destelbergen","Destelbergen","Arrondissement Gent","Arrondissement de Gand","Provincie Oost-Vlaanderen","Province de Flandre orientale","Vlaams Gewest","Région flamande","<5"
"2020-03-20","44021","Gent","Gand","Arrondissement Gent","Arrondissement de Gand","Provincie Oost-Vlaanderen","Province de Flandre orientale","Vlaams Gewest","Région flamande","16"
"2020-03-20","44040","Melle","Melle","Arrondissement Gent","Arrondissement de Gand","Provincie Oost-Vlaanderen","Province de Flandre orientale","Vlaams Gewest","Région flamande","<5"
"2020-03-20","44048","Nazareth","Nazareth","Arrondissement Gent","Arrondissement de Gand","Provincie Oost-Vlaanderen","Province de Flandre orientale","Vlaams Gewest","Région flamande","<5"
"2020-03-20","44052","Oosterzele","Oosterzele","Arrondissement Gent","Arrondissement de Gand","Provincie Oost-Vlaanderen","Province de Flandre orientale","Vlaams Gewest","Région flamande","<5"
"2020-03-20","44064","Sint-Martens-Latem","Sint-Martens-Latem","Arrondissement Gent","Arrondissement de Gand","Provincie Oost-Vlaanderen","Province de Flandre orientale","Vlaams Gewest","Région flamande","<5"
"2020-03-20","44081","Zulte","Zulte","Arrondissement Gent","Arrondissement de Gand","Provincie Oost-Vlaanderen","Province de Flandre orientale","Vlaams Gewest","Région flamande","<5"
"2020-03-20","44084","Aalter","Aalter","Arrondissement Gent","Arrondissement de Gand","Provincie Oost-Vlaanderen","Province de Flandre orientale","Vlaams Gewest","Région flamande","<5"
"2020-03-20","45035","Oudenaarde","Audenarde","Arrondissement Oudenaarde","Arrondissement d’Audenarde","Provincie Oost-Vlaanderen","Province de Flandre orientale","Vlaams Gewest","Région flamande","<5"
"2020-03-20","45041","Ronse","Renaix","Arrondissement Oudenaarde","Arrondissement d’Audenarde","Provincie Oost-Vlaanderen","Province de Flandre orientale","Vlaams Gewest","Région flamande","<5"
"2020-03-20","45060","Kluisbergen","Kluisbergen","Arrondissement Oudenaarde","Arrondissement d’Audenarde","Provincie Oost-Vlaanderen","Province de Flandre orientale","Vlaams Gewest","Région flamande","<5"
"2020-03-20","45063","Lierde","Lierde","Arrondissement Oudenaarde","Arrondissement d’Audenarde","Provincie Oost-Vlaanderen","Province de Flandre orientale","Vlaams Gewest","Région flamande","<5"
"2020-03-20","46003","Beveren (Sint-Niklaas)","Beveren (Saint-Nicolas)","Arrondissement Sint-Niklaas","Arrondissement de Saint-Nicolas","Provincie Oost-Vlaanderen","Province de Flandre orientale","Vlaams Gewest","Région flamande","<5"
"2020-03-20","46013","Kruibeke","Kruibeke","Arrondissement Sint-Niklaas","Arrondissement de Saint-Nicolas","Provincie Oost-Vlaanderen","Province de Flandre orientale","Vlaams Gewest","Région flamande","<5"
"2020-03-20","46014","Lokeren","Lokeren","Arrondissement Sint-Niklaas","Arrondissement de Saint-Nicolas","Provincie Oost-Vlaanderen","Province de Flandre orientale","Vlaams Gewest","Région flamande","<5"
"2020-03-20","46020","Sint-Gillis-Waas","Sint-Gillis-Waas","Arrondissement Sint-Niklaas","Arrondissement de Saint-Nicolas","Provincie Oost-Vlaanderen","Province de Flandre orientale","Vlaams Gewest","Région flamande","<5"
"2020-03-20","46021","Sint-Niklaas (Sint-Niklaas)","Saint-Nicolas (Saint-Nicolas)","Arrondissement Sint-Niklaas","Arrondissement de Saint-Nicolas","Provincie Oost-Vlaanderen","Province de Flandre orientale","Vlaams Gewest","Région flamande","8"
"2020-03-20","46024","Stekene","Stekene","Arrondissement Sint-Niklaas","Arrondissement de Saint-Nicolas","Provincie Oost-Vlaanderen","Province de Flandre orientale","Vlaams Gewest","Région flamande","<5"
"2020-03-20","51004","Aat","Ath","Arrondissement Aat","Arrondissement d’Ath","Provincie Henegouwen","Province du Hainaut","Waals Gewest","Région wallonne","<5"
"2020-03-20","51008","Beloeil","Beloeil","Arrondissement Aat","Arrondissement d’Ath","Provincie Henegouwen","Province du Hainaut","Waals Gewest","Région wallonne","<5"
"2020-03-20","52010","Chapelle-lez-Herlaimont","Chapelle-lez-Herlaimont","Arrondissement Charleroi","Arrondissement de Charleroi","Provincie Henegouwen","Province du Hainaut","Waals Gewest","Région wallonne","<5"
"2020-03-20","52011","Charleroi","Charleroi","Arrondissement Charleroi","Arrondissement de Charleroi","Provincie Henegouwen","Province du Hainaut","Waals Gewest","Région wallonne","<5"
"2020-03-20","52012","Châtelet","Châtelet","Arrondissement Charleroi","Arrondissement de Charleroi","Provincie Henegouwen","Province du Hainaut","Waals Gewest","Région wallonne","<5"
"2020-03-20","52015","Courcelles","Courcelles","Arrondissement Charleroi","Arrondissement de Charleroi","Provincie Henegouwen","Province du Hainaut","Waals Gewest","Région wallonne","<5"
"2020-03-20","52021","Fleurus","Fleurus","Arrondissement Charleroi","Arrondissement de Charleroi","Provincie Henegouwen","Province du Hainaut","Waals Gewest","Région wallonne","<5"
"2020-03-20","52022","Fontaine-l’Evêque","Fontaine-l’Evêque","Arrondissement Charleroi","Arrondissement de Charleroi","Provincie Henegouwen","Province du Hainaut","Waals Gewest","Région wallonne","<5"
"2020-03-20","52025","Gerpinnes","Gerpinnes","Arrondissement Charleroi","Arrondissement de Charleroi","Provincie Henegouwen","Province du Hainaut","Waals Gewest","Région wallonne","<5"
"2020-03-20","52055","Pont-à-Celles","Pont-à-Celles","Arrondissement Charleroi","Arrondissement de Charleroi","Provincie Henegouwen","Province du Hainaut","Waals Gewest","Région wallonne","<5"
"2020-03-20","52075","Les Bons Villers","Les Bons Villers","Arrondissement Charleroi","Arrondissement de Charleroi","Provincie Henegouwen","Province du Hainaut","Waals Gewest","Région wallonne","<5"
"2020-03-20","53014","Boussu","Boussu","Arrondissement Bergen","Arrondissement de Mons","Provincie Henegouwen","Province du Hainaut","Waals Gewest","Région wallonne","<5"
"2020-03-20","53020","Dour","Dour","Arrondissement Bergen","Arrondissement de Mons","Provincie Henegouwen","Province du Hainaut","Waals Gewest","Région wallonne","<5"
"2020-03-20","53028","Frameries","Frameries","Arrondissement Bergen","Arrondissement de Mons","Provincie Henegouwen","Province du Hainaut","Waals Gewest","Région wallonne","<5"
"2020-03-20","53044","Jurbeke","Jurbise","Arrondissement Bergen","Arrondissement de Mons","Provincie Henegouwen","Province du Hainaut","Waals Gewest","Région wallonne","<5"
"2020-03-20","53053","Bergen","Mons","Arrondissement Bergen","Arrondissement de Mons","Provincie Henegouwen","Province du Hainaut","Waals Gewest","Région wallonne","15"
"2020-03-20","53065","Quaregnon","Quaregnon","Arrondissement Bergen","Arrondissement de Mons","Provincie Henegouwen","Province du Hainaut","Waals Gewest","Région wallonne","5"
"2020-03-20","53070","Saint-Ghislain","Saint-Ghislain","Arrondissement Bergen","Arrondissement de Mons","Provincie Henegouwen","Province du Hainaut","Waals Gewest","Région wallonne","<5"
"2020-03-20","53082","Colfontaine","Colfontaine","Arrondissement Bergen","Arrondissement de Mons","Provincie Henegouwen","Province du Hainaut","Waals Gewest","Région wallonne","<5"
"2020-03-20","55035","Le Roeulx","Le Roeulx","Arrondissement Zinnik","Arrondissement de Soignies","Provincie Henegouwen","Province du Hainaut","Waals Gewest","Région wallonne","<5"
"2020-03-20","55040","Zinnik","Soignies","Arrondissement Zinnik","Arrondissement de Soignies","Provincie Henegouwen","Province du Hainaut","Waals Gewest","Région wallonne","<5"
"2020-03-20","55050","Ecaussinnes","Ecaussinnes","Arrondissement Zinnik","Arrondissement de Soignies","Provincie Henegouwen","Province du Hainaut","Waals Gewest","Région wallonne","<5"
"2020-03-20","55086","Manage","Manage","Arrondissement Zinnik","Arrondissement de Soignies","Provincie Henegouwen","Province du Hainaut","Waals Gewest","Région wallonne","<5"
"2020-03-20","56022","Erquelinnes","Erquelinnes","Arrondissement Thuin","Arrondissement de Thuin","Provincie Henegouwen","Province du Hainaut","Waals Gewest","Région wallonne","<5"
"2020-03-20","56044","Lobbes","Lobbes","Arrondissement Thuin","Arrondissement de Thuin","Provincie Henegouwen","Province du Hainaut","Waals Gewest","Région wallonne","<5"
"2020-03-20","56078","Thuin","Thuin","Arrondissement Thuin","Arrondissement de Thuin","Provincie Henegouwen","Province du Hainaut","Waals Gewest","Région wallonne","<5"
"2020-03-20","57062","Pecq","Pecq","Arrondissement Doornik-Moeskroen","Arrondissement de Tournai-Mouscron","Provincie Henegouwen","Province du Hainaut","Waals Gewest","Région wallonne","<5"
"2020-03-20","57081","Doornik","Tournai","Arrondissement Doornik-Moeskroen","Arrondissement de Tournai-Mouscron","Provincie Henegouwen","Province du Hainaut","Waals Gewest","Région wallonne","<5"
"2020-03-20","57096","Moeskroen","Mouscron","Arrondissement Doornik-Moeskroen","Arrondissement de Tournai-Mouscron","Provincie Henegouwen","Province du Hainaut","Waals Gewest","Région wallonne","<5"
"2020-03-20","57097","Komen-Waasten","Comines-Warneton","Arrondissement Doornik-Moeskroen","Arrondissement de Tournai-Mouscron","Provincie Henegouwen","Province du Hainaut","Waals Gewest","Région wallonne","<5"
"2020-03-20","58001","La Louvière","La Louvière","Arrondissement La Louvière","Arrondissement de La Louvière","Provincie Henegouwen","Province du Hainaut","Waals Gewest","Région wallonne","<5"
"2020-03-20","58002","Binche","Binche","Arrondissement La Louvière","Arrondissement de La Louvière","Provincie Henegouwen","Province du Hainaut","Waals Gewest","Région wallonne","<5"
"2020-03-20","58003","Estinnes","Estinnes","Arrondissement La Louvière","Arrondissement de La Louvière","Provincie Henegouwen","Province du Hainaut","Waals Gewest","Région wallonne","<5"
"2020-03-20","58004","Morlanwelz","Morlanwelz","Arrondissement La Louvière","Arrondissement de La Louvière","Provincie Henegouwen","Province du Hainaut","Waals Gewest","Région wallonne","<5"
"2020-03-20","61031","Hoei","Huy","Arrondissement Hoei","Arrondissement de Huy","Provincie Luik","Province de Liège","Waals Gewest","Région wallonne","7"
"2020-03-20","61039","Marchin","Marchin","Arrondissement Hoei","Arrondissement de Huy","Provincie Luik","Province de Liège","Waals Gewest","Région wallonne","<5"
"2020-03-20","61043","Nandrin","Nandrin","Arrondissement Hoei","Arrondissement de Huy","Provincie Luik","Province de Liège","Waals Gewest","Région wallonne","<5"
"2020-03-20","61081","Tinlot","Tinlot","Arrondissement Hoei","Arrondissement de Huy","Provincie Luik","Province de Liège","Waals Gewest","Région wallonne","<5"
"2020-03-20","62003","Ans","Ans","Arrondissement Luik","Arrondissement de Liège","Provincie Luik","Province de Liège","Waals Gewest","Région wallonne","<5"
"2020-03-20","62015","Beyne-Heusay","Beyne-Heusay","Arrondissement Luik","Arrondissement de Liège","Provincie Luik","Province de Liège","Waals Gewest","Région wallonne","<5"
"2020-03-20","62022","Chaudfontaine","Chaudfontaine","Arrondissement Luik","Arrondissement de Liège","Provincie Luik","Province de Liège","Waals Gewest","Région wallonne","<5"
"2020-03-20","62026","Comblain-au-Pont","Comblain-au-Pont","Arrondissement Luik","Arrondissement de Liège","Provincie Luik","Province de Liège","Waals Gewest","Région wallonne","<5"
"2020-03-20","62032","Esneux","Esneux","Arrondissement Luik","Arrondissement de Liège","Provincie Luik","Province de Liège","Waals Gewest","Région wallonne","<5"
"2020-03-20","62051","Herstal","Herstal","Arrondissement Luik","Arrondissement de Liège","Provincie Luik","Province de Liège","Waals Gewest","Région wallonne","8"
"2020-03-20","62063","Luik","Liège","Arrondissement Luik","Arrondissement de Liège","Provincie Luik","Province de Liège","Waals Gewest","Région wallonne","17"
"2020-03-20","62079","Oupeye","Oupeye","Arrondissement Luik","Arrondissement de Liège","Provincie Luik","Province de Liège","Waals Gewest","Région wallonne","<5"
"2020-03-20","62096","Seraing","Seraing","Arrondissement Luik","Arrondissement de Liège","Provincie Luik","Province de Liège","Waals Gewest","Région wallonne","<5"
"2020-03-20","62099","Soumagne","Soumagne","Arrondissement Luik","Arrondissement de Liège","Provincie Luik","Province de Liège","Waals Gewest","Région wallonne","<5"
"2020-03-20","62100","Sprimont","Sprimont","Arrondissement Luik","Arrondissement de Liège","Provincie Luik","Province de Liège","Waals Gewest","Région wallonne","<5"
"2020-03-20","62108","Wezet","Visé","Arrondissement Luik","Arrondissement de Liège","Provincie Luik","Province de Liège","Waals Gewest","Région wallonne","<5"
"2020-03-20","62118","Grâce-Hollogne","Grâce-Hollogne","Arrondissement Luik","Arrondissement de Liège","Provincie Luik","Province de Liège","Waals Gewest","Région wallonne","<5"
"2020-03-20","62120","Flémalle","Flémalle","Arrondissement Luik","Arrondissement de Liège","Provincie Luik","Province de Liège","Waals Gewest","Région wallonne","<5"
"2020-03-20","63020","Dison","Dison","Arrondissement Verviers","Arrondissement de Verviers","Provincie Luik","Province de Liège","Waals Gewest","Région wallonne","<5"
"2020-03-20","63035","Herve","Herve","Arrondissement Verviers","Arrondissement de Verviers","Provincie Luik","Province de Liège","Waals Gewest","Région wallonne","<5"
"2020-03-20","63040","Kelmis","La Calamine","Arrondissement Verviers","Arrondissement de Verviers","Provincie Luik","Province de Liège","Waals Gewest","Région wallonne","<5"
"2020-03-20","63046","Limburg","Limbourg","Arrondissement Verviers","Arrondissement de Verviers","Provincie Luik","Province de Liège","Waals Gewest","Région wallonne","<5"
"2020-03-20","63049","Malmedy","Malmedy","Arrondissement Verviers","Arrondissement de Verviers","Provincie Luik","Province de Liège","Waals Gewest","Région wallonne","<5"
"2020-03-20","63058","Pepinster","Pepinster","Arrondissement Verviers","Arrondissement de Verviers","Provincie Luik","Province de Liège","Waals Gewest","Région wallonne","<5"
"2020-03-20","63061","Raeren","Raeren","Arrondissement Verviers","Arrondissement de Verviers","Provincie Luik","Province de Liège","Waals Gewest","Région wallonne","<5"
"2020-03-20","63073","Stavelot","Stavelot","Arrondissement Verviers","Arrondissement de Verviers","Provincie Luik","Province de Liège","Waals Gewest","Région wallonne","<5"
"2020-03-20","63079","Verviers","Verviers","Arrondissement Verviers","Arrondissement de Verviers","Provincie Luik","Province de Liège","Waals Gewest","Région wallonne","<5"
"2020-03-20","63084","Welkenraedt","Welkenraedt","Arrondissement Verviers","Arrondissement de Verviers","Provincie Luik","Province de Liège","Waals Gewest","Région wallonne","<5"
"2020-03-20","64021","Crisnée","Crisnée","Arrondissement Borgworm","Arrondissement de Waremme","Provincie Luik","Province de Liège","Waals Gewest","Région wallonne","<5"
"2020-03-20","64034","Hannuit","Hannut","Arrondissement Borgworm","Arrondissement de Waremme","Provincie Luik","Province de Liège","Waals Gewest","Région wallonne","<5"
"2020-03-20","71004","Beringen","Beringen","Arrondissement Hasselt","Arrondissement de Hasselt","Provincie Limburg","Province du Limbourg","Vlaams Gewest","Région flamande","<5"
"2020-03-20","71011","Diepenbeek","Diepenbeek","Arrondissement Hasselt","Arrondissement de Hasselt","Provincie Limburg","Province du Limbourg","Vlaams Gewest","Région flamande","<5"
"2020-03-20","71016","Genk","Genk","Arrondissement Hasselt","Arrondissement de Hasselt","Provincie Limburg","Province du Limbourg","Vlaams Gewest","Région flamande","10"
"2020-03-20","71020","Halen","Halen","Arrondissement Hasselt","Arrondissement de Hasselt","Provincie Limburg","Province du Limbourg","Vlaams Gewest","Région flamande","<5"
"2020-03-20","71022","Hasselt","Hasselt","Arrondissement Hasselt","Arrondissement de Hasselt","Provincie Limburg","Province du Limbourg","Vlaams Gewest","Région flamande","11"
"2020-03-20","71024","Herk-de-Stad","Herck-la-Ville","Arrondissement Hasselt","Arrondissement de Hasselt","Provincie Limburg","Province du Limbourg","Vlaams Gewest","Région flamande","<5"
"2020-03-20","71034","Leopoldsburg","Bourg-Léopold","Arrondissement Hasselt","Arrondissement de Hasselt","Provincie Limburg","Province du Limbourg","Vlaams Gewest","Région flamande","<5"
"2020-03-20","71037","Lummen","Lummen","Arrondissement Hasselt","Arrondissement de Hasselt","Provincie Limburg","Province du Limbourg","Vlaams Gewest","Région flamande","<5"
"2020-03-20","71045","Nieuwerkerken (Hasselt)","Nieuwerkerken (Hasselt)","Arrondissement Hasselt","Arrondissement de Hasselt","Provincie Limburg","Province du Limbourg","Vlaams Gewest","Région flamande","<5"
"2020-03-20","71053","Sint-Truiden","Saint-Trond","Arrondissement Hasselt","Arrondissement de Hasselt","Provincie Limburg","Province du Limbourg","Vlaams Gewest","Région flamande","11"
"2020-03-20","71057","Tessenderlo","Tessenderlo","Arrondissement Hasselt","Arrondissement de Hasselt","Provincie Limburg","Province du Limbourg","Vlaams Gewest","Région flamande","<5"
"2020-03-20","71066","Zonhoven","Zonhoven","Arrondissement Hasselt","Arrondissement de Hasselt","Provincie Limburg","Province du Limbourg","Vlaams Gewest","Région flamande","<5"
"2020-03-20","71069","Ham","Ham","Arrondissement Hasselt","Arrondissement de Hasselt","Provincie Limburg","Province du Limbourg","Vlaams Gewest","Région flamande","<5"
"2020-03-20","71070","Heusden-Zolder","Heusden-Zolder","Arrondissement Hasselt","Arrondissement de Hasselt","Provincie Limburg","Province du Limbourg","Vlaams Gewest","Région flamande","5"
"2020-03-20","72003","Bocholt","Bocholt","Arrondissement Maaseik","Arrondissement de Maaseik","Provincie Limburg","Province du Limbourg","Vlaams Gewest","Région flamande","<5"
"2020-03-20","72004","Bree","Bree","Arrondissement Maaseik","Arrondissement de Maaseik","Provincie Limburg","Province du Limbourg","Vlaams Gewest","Région flamande","<5"
"2020-03-20","72018","Kinrooi","Kinrooi","Arrondissement Maaseik","Arrondissement de Maaseik","Provincie Limburg","Province du Limbourg","Vlaams Gewest","Région flamande","<5"
"2020-03-20","72020","Lommel","Lommel","Arrondissement Maaseik","Arrondissement de Maaseik","Provincie Limburg","Province du Limbourg","Vlaams Gewest","Région flamande","<5"
"2020-03-20","72021","Maaseik","Maaseik","Arrondissement Maaseik","Arrondissement de Maaseik","Provincie Limburg","Province du Limbourg","Vlaams Gewest","Région flamande","<5"
"2020-03-20","72037","Hamont-Achel","Hamont-Achel","Arrondissement Maaseik","Arrondissement de Maaseik","Provincie Limburg","Province du Limbourg","Vlaams Gewest","Région flamande","<5"
"2020-03-20","72038","Hechtel-Eksel","Hechtel-Eksel","Arrondissement Maaseik","Arrondissement de Maaseik","Provincie Limburg","Province du Limbourg","Vlaams Gewest","Région flamande","<5"
"2020-03-20","72039","Houthalen-Helchteren","Houthalen-Helchteren","Arrondissement Maaseik","Arrondissement de Maaseik","Provincie Limburg","Province du Limbourg","Vlaams Gewest","Région flamande","<5"
"2020-03-20","72041","Dilsen-Stokkem","Dilsen-Stokkem","Arrondissement Maaseik","Arrondissement de Maaseik","Provincie Limburg","Province du Limbourg","Vlaams Gewest","Région flamande","<5"
"2020-03-20","72042","Oudsbergen","Oudsbergen","Arrondissement Maaseik","Arrondissement de Maaseik","Provincie Limburg","Province du Limbourg","Vlaams Gewest","Région flamande","<5"
"2020-03-20","72043","Pelt","Pelt","Arrondissement Maaseik","Arrondissement de Maaseik","Provincie Limburg","Province du Limbourg","Vlaams Gewest","Région flamande","<5"
"2020-03-20","73001","Alken","Alken","Arrondissement Tongeren","Arrondissement de Tongres","Provincie Limburg","Province du Limbourg","Vlaams Gewest","Région flamande","5"
"2020-03-20","73006","Bilzen","Bilzen","Arrondissement Tongeren","Arrondissement de Tongres","Provincie Limburg","Province du Limbourg","Vlaams Gewest","Région flamande","<5"
"2020-03-20","73009","Borgloon","Looz","Arrondissement Tongeren","Arrondissement de Tongres","Provincie Limburg","Province du Limbourg","Vlaams Gewest","Région flamande","5"
"2020-03-20","73022","Heers","Heers","Arrondissement Tongeren","Arrondissement de Tongres","Provincie Limburg","Province du Limbourg","Vlaams Gewest","Région flamande","<5"
"2020-03-20","73040","Kortessem","Kortessem","Arrondissement Tongeren","Arrondissement de Tongres","Provincie Limburg","Province du Limbourg","Vlaams Gewest","Région flamande","<5"
"2020-03-20","73042","Lanaken","Lanaken","Arrondissement Tongeren","Arrondissement de Tongres","Provincie Limburg","Province du Limbourg","Vlaams Gewest","Région flamande","5"
"2020-03-20","73066","Riemst","Riemst","Arrondissement Tongeren","Arrondissement de Tongres","Provincie Limburg","Province du Limbourg","Vlaams Gewest","Région flamande","<5"
"2020-03-20","73083","Tongeren","Tongres","Arrondissement Tongeren","Arrondissement de Tongres","Provincie Limburg","Province du Limbourg","Vlaams Gewest","Région flamande","<5"
"2020-03-20","73098","Wellen","Wellen","Arrondissement Tongeren","Arrondissement de Tongres","Provincie Limburg","Province du Limbourg","Vlaams Gewest","Région flamande","<5"
"2020-03-20","73107","Maasmechelen","Maasmechelen","Arrondissement Tongeren","Arrondissement de Tongres","Provincie Limburg","Province du Limbourg","Vlaams Gewest","Région flamande","<5"
"2020-03-20","81003","Attert","Attert","Arrondissement Aarlen","Arrondissement d’Arlon","Provincie Luxemburg","Province du Luxembourg","Waals Gewest","Région wallonne","<5"
"2020-03-20","82003","Bastenaken","Bastogne","Arrondissement Bastenaken","Arrondissement de Bastogne","Provincie Luxemburg","Province du Luxembourg","Waals Gewest","Région wallonne","<5"
"2020-03-20","83055","Manhay","Manhay","Arrondissement Marche-en-Famenne","Arrondissement de Marche-en-Famenne","Provincie Luxemburg","Province du Luxembourg","Waals Gewest","Région wallonne","<5"
"2020-03-20","91059","Hamois","Hamois","Arrondissement Dinant","Arrondissement de Dinant","Provincie Namen","Province de Namur","Waals Gewest","Région wallonne","<5"
"2020-03-20","91114","Rochefort","Rochefort","Arrondissement Dinant","Arrondissement de Dinant","Provincie Namen","Province de Namur","Waals Gewest","Région wallonne","<5"
"2020-03-20","91120","Somme-Leuze","Somme-Leuze","Arrondissement Dinant","Arrondissement de Dinant","Provincie Namen","Province de Namur","Waals Gewest","Région wallonne","<5"
"2020-03-20","91141","Yvoir","Yvoir","Arrondissement Dinant","Arrondissement de Dinant","Provincie Namen","Province de Namur","Waals Gewest","Région wallonne","<5"
"2020-03-20","92003","Andenne","Andenne","Arrondissement Namen","Arrondissement de Namur","Provincie Namen","Province de Namur","Waals Gewest","Région wallonne","<5"
"2020-03-20","92035","Eghezée","Eghezée","Arrondissement Namen","Arrondissement de Namur","Provincie Namen","Province de Namur","Waals Gewest","Région wallonne","<5"
"2020-03-20","92094","Namen","Namur","Arrondissement Namen","Arrondissement de Namur","Provincie Namen","Province de Namur","Waals Gewest","Région wallonne","<5"
"2020-03-20","92140","Jemeppe-sur-Sambre","Jemeppe-sur-Sambre","Arrondissement Namen","Arrondissement de Namur","Provincie Namen","Province de Namur","Waals Gewest","Région wallonne","<5"
"2020-03-20","93022","Florennes","Florennes","Arrondissement Philippeville","Arrondissement de Philippeville","Provincie Namen","Province de Namur","Waals Gewest","Région wallonne","<5"
"2020-03-20",NA,NA,NA,NA,NA,NA,NA,NA,NA,"11"
"2020-03-21","11001","Aartselaar","Aartselaar","Arrondissement Antwerpen","Arrondissement d’Anvers","Provincie Antwerpen","Province d’Anvers","Vlaams Gewest","Région flamande","<5"
"2020-03-21","11002","Antwerpen","Anvers","Arrondissement Antwerpen","Arrondissement d’Anvers","Provincie Antwerpen","Province d’Anvers","Vlaams Gewest","Région flamande","14"
"2020-03-21","11008","Brasschaat","Brasschaat","Arrondissement Antwerpen","Arrondissement d’Anvers","Provincie Antwerpen","Province d’Anvers","Vlaams Gewest","Région flamande","<5"
"2020-03-21","11013","Edegem","Edegem","Arrondissement Antwerpen","Arrondissement d’Anvers","Provincie Antwerpen","Province d’Anvers","Vlaams Gewest","Région flamande","<5"
"2020-03-21","11018","Hemiksem","Hemiksem","Arrondissement Antwerpen","Arrondissement d’Anvers","Provincie Antwerpen","Province d’Anvers","Vlaams Gewest","Région flamande","<5"
"2020-03-21","11021","Hove (Antwerpen)","Hove (Anvers)","Arrondissement Antwerpen","Arrondissement d’Anvers","Provincie Antwerpen","Province d’Anvers","Vlaams Gewest","Région flamande","<5"
"2020-03-21","11037","Rumst","Rumst","Arrondissement Antwerpen","Arrondissement d’Anvers","Provincie Antwerpen","Province d’Anvers","Vlaams Gewest","Région flamande","<5"
"2020-03-21","11039","Schilde","Schilde","Arrondissement Antwerpen","Arrondissement d’Anvers","Provincie Antwerpen","Province d’Anvers","Vlaams Gewest","Région flamande","<5"
"2020-03-21","11040","Schoten","Schoten","Arrondissement Antwerpen","Arrondissement d’Anvers","Provincie Antwerpen","Province d’Anvers","Vlaams Gewest","Région flamande","<5"
"2020-03-21","11053","Wuustwezel","Wuustwezel","Arrondissement Antwerpen","Arrondissement d’Anvers","Provincie Antwerpen","Province d’Anvers","Vlaams Gewest","Région flamande","<5"
"2020-03-21","11057","Malle","Malle","Arrondissement Antwerpen","Arrondissement d’Anvers","Provincie Antwerpen","Province d’Anvers","Vlaams Gewest","Région flamande","<5"
"2020-03-21","12009","Duffel","Duffel","Arrondissement Mechelen","Arrondissement de Malines","Provincie Antwerpen","Province d’Anvers","Vlaams Gewest","Région flamande","<5"
"2020-03-21","12014","Heist-op-den-Berg","Heist-op-den-Berg","Arrondissement Mechelen","Arrondissement de Malines","Provincie Antwerpen","Province d’Anvers","Vlaams Gewest","Région flamande","<5"
"2020-03-21","12025","Mechelen","Malines","Arrondissement Mechelen","Arrondissement de Malines","Provincie Antwerpen","Province d’Anvers","Vlaams Gewest","Région flamande","<5"
"2020-03-21","12041","Puurs-Sint-Amands","Puurs-Sint-Amands","Arrondissement Mechelen","Arrondissement de Malines","Provincie Antwerpen","Province d’Anvers","Vlaams Gewest","Région flamande","<5"
"2020-03-21","13001","Arendonk","Arendonk","Arrondissement Turnhout","Arrondissement de Turnhout","Provincie Antwerpen","Province d’Anvers","Vlaams Gewest","Région flamande","<5"
"2020-03-21","13003","Balen","Balen","Arrondissement Turnhout","Arrondissement de Turnhout","Provincie Antwerpen","Province d’Anvers","Vlaams Gewest","Région flamande","<5"
"2020-03-21","13008","Geel","Geel","Arrondissement Turnhout","Arrondissement de Turnhout","Provincie Antwerpen","Province d’Anvers","Vlaams Gewest","Région flamande","<5"
"2020-03-21","13010","Grobbendonk","Grobbendonk","Arrondissement Turnhout","Arrondissement de Turnhout","Provincie Antwerpen","Province d’Anvers","Vlaams Gewest","Région flamande","<5"
"2020-03-21","13013","Herselt","Herselt","Arrondissement Turnhout","Arrondissement de Turnhout","Provincie Antwerpen","Province d’Anvers","Vlaams Gewest","Région flamande","<5"
"2020-03-21","13014","Hoogstraten","Hoogstraten","Arrondissement Turnhout","Arrondissement de Turnhout","Provincie Antwerpen","Province d’Anvers","Vlaams Gewest","Région flamande","<5"
"2020-03-21","13016","Hulshout","Hulshout","Arrondissement Turnhout","Arrondissement de Turnhout","Provincie Antwerpen","Province d’Anvers","Vlaams Gewest","Région flamande","<5"
"2020-03-21","13017","Kasterlee","Kasterlee","Arrondissement Turnhout","Arrondissement de Turnhout","Provincie Antwerpen","Province d’Anvers","Vlaams Gewest","Région flamande","<5"
"2020-03-21","13021","Meerhout","Meerhout","Arrondissement Turnhout","Arrondissement de Turnhout","Provincie Antwerpen","Province d’Anvers","Vlaams Gewest","Région flamande","<5"
"2020-03-21","13023","Merksplas","Merksplas","Arrondissement Turnhout","Arrondissement de Turnhout","Provincie Antwerpen","Province d’Anvers","Vlaams Gewest","Région flamande","<5"
"2020-03-21","13029","Olen","Olen","Arrondissement Turnhout","Arrondissement de Turnhout","Provincie Antwerpen","Province d’Anvers","Vlaams Gewest","Région flamande","<5"
"2020-03-21","13035","Ravels","Ravels","Arrondissement Turnhout","Arrondissement de Turnhout","Provincie Antwerpen","Province d’Anvers","Vlaams Gewest","Région flamande","<5"
"2020-03-21","13036","Retie","Retie","Arrondissement Turnhout","Arrondissement de Turnhout","Provincie Antwerpen","Province d’Anvers","Vlaams Gewest","Région flamande","<5"
"2020-03-21","13044","Vorselaar","Vorselaar","Arrondissement Turnhout","Arrondissement de Turnhout","Provincie Antwerpen","Province d’Anvers","Vlaams Gewest","Région flamande","<5"
"2020-03-21","13046","Vosselaar","Vosselaar","Arrondissement Turnhout","Arrondissement de Turnhout","Provincie Antwerpen","Province d’Anvers","Vlaams Gewest","Région flamande","<5"
"2020-03-21","13049","Westerlo","Westerlo","Arrondissement Turnhout","Arrondissement de Turnhout","Provincie Antwerpen","Province d’Anvers","Vlaams Gewest","Région flamande","<5"
"2020-03-21","13053","Laakdal","Laakdal","Arrondissement Turnhout","Arrondissement de Turnhout","Provincie Antwerpen","Province d’Anvers","Vlaams Gewest","Région flamande","<5"
"2020-03-21","21001","Anderlecht","Anderlecht","Arrondissement Brussel-Hoofdstad","Arrondissement de Bruxelles-Capitale",NA,NA,"Brussels Hoofdstedelijk Gewest","Région de Bruxelles-Capitale","<5"
"2020-03-21","21004","Brussel","Bruxelles","Arrondissement Brussel-Hoofdstad","Arrondissement de Bruxelles-Capitale",NA,NA,"Brussels Hoofdstedelijk Gewest","Région de Bruxelles-Capitale","9"
"2020-03-21","21005","Etterbeek","Etterbeek","Arrondissement Brussel-Hoofdstad","Arrondissement de Bruxelles-Capitale",NA,NA,"Brussels Hoofdstedelijk Gewest","Région de Bruxelles-Capitale","<5"
"2020-03-21","21006","Evere","Evere","Arrondissement Brussel-Hoofdstad","Arrondissement de Bruxelles-Capitale",NA,NA,"Brussels Hoofdstedelijk Gewest","Région de Bruxelles-Capitale","<5"
"2020-03-21","21007","Vorst (Brussel-Hoofdstad)","Forest (Bruxelles-Capitale)","Arrondissement Brussel-Hoofdstad","Arrondissement de Bruxelles-Capitale",NA,NA,"Brussels Hoofdstedelijk Gewest","Région de Bruxelles-Capitale","<5"
"2020-03-21","21008","Ganshoren","Ganshoren","Arrondissement Brussel-Hoofdstad","Arrondissement de Bruxelles-Capitale",NA,NA,"Brussels Hoofdstedelijk Gewest","Région de Bruxelles-Capitale","<5"
"2020-03-21","21009","Elsene","Ixelles","Arrondissement Brussel-Hoofdstad","Arrondissement de Bruxelles-Capitale",NA,NA,"Brussels Hoofdstedelijk Gewest","Région de Bruxelles-Capitale","<5"
"2020-03-21","21010","Jette","Jette","Arrondissement Brussel-Hoofdstad","Arrondissement de Bruxelles-Capitale",NA,NA,"Brussels Hoofdstedelijk Gewest","Région de Bruxelles-Capitale","<5"
"2020-03-21","21012","Sint-Jans-Molenbeek","Molenbeek-Saint-Jean","Arrondissement Brussel-Hoofdstad","Arrondissement de Bruxelles-Capitale",NA,NA,"Brussels Hoofdstedelijk Gewest","Région de Bruxelles-Capitale","<5"
"2020-03-21","21013","Sint-Gillis","Saint-Gilles","Arrondissement Brussel-Hoofdstad","Arrondissement de Bruxelles-Capitale",NA,NA,"Brussels Hoofdstedelijk Gewest","Région de Bruxelles-Capitale","<5"
"2020-03-21","21015","Schaarbeek","Schaerbeek","Arrondissement Brussel-Hoofdstad","Arrondissement de Bruxelles-Capitale",NA,NA,"Brussels Hoofdstedelijk Gewest","Région de Bruxelles-Capitale","<5"
"2020-03-21","21016","Ukkel","Uccle","Arrondissement Brussel-Hoofdstad","Arrondissement de Bruxelles-Capitale",NA,NA,"Brussels Hoofdstedelijk Gewest","Région de Bruxelles-Capitale","5"
"2020-03-21","21017","Watermaal-Bosvoorde","Watermael-Boitsfort","Arrondissement Brussel-Hoofdstad","Arrondissement de Bruxelles-Capitale",NA,NA,"Brussels Hoofdstedelijk Gewest","Région de Bruxelles-Capitale","<5"
"2020-03-21","21018","Sint-Lambrechts-Woluwe","Woluwe-Saint-Lambert","Arrondissement Brussel-Hoofdstad","Arrondissement de Bruxelles-Capitale",NA,NA,"Brussels Hoofdstedelijk Gewest","Région de Bruxelles-Capitale","<5"
"2020-03-21","21019","Sint-Pieters-Woluwe","Woluwe-Saint-Pierre","Arrondissement Brussel-Hoofdstad","Arrondissement de Bruxelles-Capitale",NA,NA,"Brussels Hoofdstedelijk Gewest","Région de Bruxelles-Capitale","<5"
"2020-03-21","23002","Asse","Asse","Arrondissement Halle-Vilvoorde","Arrondissement de Hal-Vilvorde","Provincie Vlaams-Brabant","Province du Brabant flamand","Vlaams Gewest","Région flamande","<5"
"2020-03-21","23016","Dilbeek","Dilbeek","Arrondissement Halle-Vilvoorde","Arrondissement de Hal-Vilvorde","Provincie Vlaams-Brabant","Province du Brabant flamand","Vlaams Gewest","Région flamande","<5"
"2020-03-21","23023","Galmaarden","Gammerages","Arrondissement Halle-Vilvoorde","Arrondissement de Hal-Vilvorde","Provincie Vlaams-Brabant","Province du Brabant flamand","Vlaams Gewest","Région flamande","<5"
"2020-03-21","23038","Kampenhout","Kampenhout","Arrondissement Halle-Vilvoorde","Arrondissement de Hal-Vilvorde","Provincie Vlaams-Brabant","Province du Brabant flamand","Vlaams Gewest","Région flamande","<5"
"2020-03-21","23044","Liedekerke","Liedekerke","Arrondissement Halle-Vilvoorde","Arrondissement de Hal-Vilvorde","Provincie Vlaams-Brabant","Province du Brabant flamand","Vlaams Gewest","Région flamande","<5"
"2020-03-21","23047","Machelen (Halle-Vilvoorde)","Machelen (Hal-Vilvorde)","Arrondissement Halle-Vilvoorde","Arrondissement de Hal-Vilvorde","Provincie Vlaams-Brabant","Province du Brabant flamand","Vlaams Gewest","Région flamande","<5"
"2020-03-21","23050","Meise","Meise","Arrondissement Halle-Vilvoorde","Arrondissement de Hal-Vilvorde","Provincie Vlaams-Brabant","Province du Brabant flamand","Vlaams Gewest","Région flamande","<5"
"2020-03-21","23052","Merchtem","Merchtem","Arrondissement Halle-Vilvoorde","Arrondissement de Hal-Vilvorde","Provincie Vlaams-Brabant","Province du Brabant flamand","Vlaams Gewest","Région flamande","<5"
"2020-03-21","23077","Sint-Pieters-Leeuw","Sint-Pieters-Leeuw","Arrondissement Halle-Vilvoorde","Arrondissement de Hal-Vilvorde","Provincie Vlaams-Brabant","Province du Brabant flamand","Vlaams Gewest","Région flamande","<5"
"2020-03-21","23081","Steenokkerzeel","Steenokkerzeel","Arrondissement Halle-Vilvoorde","Arrondissement de Hal-Vilvorde","Provincie Vlaams-Brabant","Province du Brabant flamand","Vlaams Gewest","Région flamande","<5"
"2020-03-21","23086","Ternat","Ternat","Arrondissement Halle-Vilvoorde","Arrondissement de Hal-Vilvorde","Provincie Vlaams-Brabant","Province du Brabant flamand","Vlaams Gewest","Région flamande","<5"
"2020-03-21","23088","Vilvoorde","Vilvorde","Arrondissement Halle-Vilvoorde","Arrondissement de Hal-Vilvorde","Provincie Vlaams-Brabant","Province du Brabant flamand","Vlaams Gewest","Région flamande","<5"
"2020-03-21","23094","Zaventem","Zaventem","Arrondissement Halle-Vilvoorde","Arrondissement de Hal-Vilvorde","Provincie Vlaams-Brabant","Province du Brabant flamand","Vlaams Gewest","Région flamande","<5"
"2020-03-21","23096","Zemst","Zemst","Arrondissement Halle-Vilvoorde","Arrondissement de Hal-Vilvorde","Provincie Vlaams-Brabant","Province du Brabant flamand","Vlaams Gewest","Région flamande","<5"
"2020-03-21","23099","Kraainem","Kraainem","Arrondissement Halle-Vilvoorde","Arrondissement de Hal-Vilvorde","Provincie Vlaams-Brabant","Province du Brabant flamand","Vlaams Gewest","Région flamande","<5"
"2020-03-21","23101","Sint-Genesius-Rode","Rhode-Saint-Genèse","Arrondissement Halle-Vilvoorde","Arrondissement de Hal-Vilvorde","Provincie Vlaams-Brabant","Province du Brabant flamand","Vlaams Gewest","Région flamande","<5"
"2020-03-21","23105","Affligem","Affligem","Arrondissement Halle-Vilvoorde","Arrondissement de Hal-Vilvorde","Provincie Vlaams-Brabant","Province du Brabant flamand","Vlaams Gewest","Région flamande","<5"
"2020-03-21","24001","Aarschot","Aarschot","Arrondissement Leuven","Arrondissement de Louvain","Provincie Vlaams-Brabant","Province du Brabant flamand","Vlaams Gewest","Région flamande","<5"
"2020-03-21","24009","Bertem","Bertem","Arrondissement Leuven","Arrondissement de Louvain","Provincie Vlaams-Brabant","Province du Brabant flamand","Vlaams Gewest","Région flamande","<5"
"2020-03-21","24014","Boortmeerbeek","Boortmeerbeek","Arrondissement Leuven","Arrondissement de Louvain","Provincie Vlaams-Brabant","Province du Brabant flamand","Vlaams Gewest","Région flamande","<5"
"2020-03-21","24020","Diest","Diest","Arrondissement Leuven","Arrondissement de Louvain","Provincie Vlaams-Brabant","Province du Brabant flamand","Vlaams Gewest","Région flamande","<5"
"2020-03-21","24038","Herent","Herent","Arrondissement Leuven","Arrondissement de Louvain","Provincie Vlaams-Brabant","Province du Brabant flamand","Vlaams Gewest","Région flamande","<5"
"2020-03-21","24043","Holsbeek","Holsbeek","Arrondissement Leuven","Arrondissement de Louvain","Provincie Vlaams-Brabant","Province du Brabant flamand","Vlaams Gewest","Région flamande","<5"
"2020-03-21","24048","Keerbergen","Keerbergen","Arrondissement Leuven","Arrondissement de Louvain","Provincie Vlaams-Brabant","Province du Brabant flamand","Vlaams Gewest","Région flamande","<5"
"2020-03-21","24059","Landen","Landen","Arrondissement Leuven","Arrondissement de Louvain","Provincie Vlaams-Brabant","Province du Brabant flamand","Vlaams Gewest","Région flamande","<5"
"2020-03-21","24062","Leuven","Louvain","Arrondissement Leuven","Arrondissement de Louvain","Provincie Vlaams-Brabant","Province du Brabant flamand","Vlaams Gewest","Région flamande","<5"
"2020-03-21","24086","Oud-Heverlee","Oud-Heverlee","Arrondissement Leuven","Arrondissement de Louvain","Provincie Vlaams-Brabant","Province du Brabant flamand","Vlaams Gewest","Région flamande","<5"
"2020-03-21","24107","Tienen","Tirlemont","Arrondissement Leuven","Arrondissement de Louvain","Provincie Vlaams-Brabant","Province du Brabant flamand","Vlaams Gewest","Région flamande","<5"
"2020-03-21","24109","Tremelo","Tremelo","Arrondissement Leuven","Arrondissement de Louvain","Provincie Vlaams-Brabant","Province du Brabant flamand","Vlaams Gewest","Région flamande","<5"
"2020-03-21","24134","Scherpenheuvel-Zichem","Montaigu-Zichem","Arrondissement Leuven","Arrondissement de Louvain","Provincie Vlaams-Brabant","Province du Brabant flamand","Vlaams Gewest","Région flamande","<5"
"2020-03-21","24137","Glabbeek","Glabbeek","Arrondissement Leuven","Arrondissement de Louvain","Provincie Vlaams-Brabant","Province du Brabant flamand","Vlaams Gewest","Région flamande","<5"
"2020-03-21","25014","Eigenbrakel","Braine-l’Alleud","Arrondissement Nijvel","Arrondissement de Nivelles","Provincie Waals-Brabant","Province du Brabant wallon","Waals Gewest","Région wallonne","<5"
"2020-03-21","25018","Chaumont-Gistoux","Chaumont-Gistoux","Arrondissement Nijvel","Arrondissement de Nivelles","Provincie Waals-Brabant","Province du Brabant wallon","Waals Gewest","Région wallonne","<5"
"2020-03-21","25037","Graven","Grez-Doiceau","Arrondissement Nijvel","Arrondissement de Nivelles","Provincie Waals-Brabant","Province du Brabant wallon","Waals Gewest","Région wallonne","<5"
"2020-03-21","25050","Terhulpen","La Hulpe","Arrondissement Nijvel","Arrondissement de Nivelles","Provincie Waals-Brabant","Province du Brabant wallon","Waals Gewest","Région wallonne","<5"
"2020-03-21","25068","Mont-Saint-Guibert","Mont-Saint-Guibert","Arrondissement Nijvel","Arrondissement de Nivelles","Provincie Waals-Brabant","Province du Brabant wallon","Waals Gewest","Région wallonne","<5"
"2020-03-21","25091","Rixensart","Rixensart","Arrondissement Nijvel","Arrondissement de Nivelles","Provincie Waals-Brabant","Province du Brabant wallon","Waals Gewest","Région wallonne","<5"
"2020-03-21","25107","Villers-la-Ville","Villers-la-Ville","Arrondissement Nijvel","Arrondissement de Nivelles","Provincie Waals-Brabant","Province du Brabant wallon","Waals Gewest","Région wallonne","<5"
"2020-03-21","25110","Waterloo","Waterloo","Arrondissement Nijvel","Arrondissement de Nivelles","Provincie Waals-Brabant","Province du Brabant wallon","Waals Gewest","Région wallonne","<5"
"2020-03-21","25112","Waver","Wavre","Arrondissement Nijvel","Arrondissement de Nivelles","Provincie Waals-Brabant","Province du Brabant wallon","Waals Gewest","Région wallonne","<5"
"2020-03-21","25120","Orp-Jauche","Orp-Jauche","Arrondissement Nijvel","Arrondissement de Nivelles","Provincie Waals-Brabant","Province du Brabant wallon","Waals Gewest","Région wallonne","<5"
"2020-03-21","25124","Walhain","Walhain","Arrondissement Nijvel","Arrondissement de Nivelles","Provincie Waals-Brabant","Province du Brabant wallon","Waals Gewest","Région wallonne","<5"
"2020-03-21","31004","Blankenberge","Blankenberge","Arrondissement Brugge","Arrondissement de Bruges","Provincie West-Vlaanderen","Province de Flandre occidentale","Vlaams Gewest","Région flamande","<5"
"2020-03-21","31005","Brugge","Bruges","Arrondissement Brugge","Arrondissement de Bruges","Provincie West-Vlaanderen","Province de Flandre occidentale","Vlaams Gewest","Région flamande","<5"
"2020-03-21","31006","Damme","Damme","Arrondissement Brugge","Arrondissement de Bruges","Provincie West-Vlaanderen","Province de Flandre occidentale","Vlaams Gewest","Région flamande","<5"
"2020-03-21","31012","Jabbeke","Jabbeke","Arrondissement Brugge","Arrondissement de Bruges","Provincie West-Vlaanderen","Province de Flandre occidentale","Vlaams Gewest","Région flamande","<5"
"2020-03-21","31022","Oostkamp","Oostkamp","Arrondissement Brugge","Arrondissement de Bruges","Provincie West-Vlaanderen","Province de Flandre occidentale","Vlaams Gewest","Région flamande","<5"
"2020-03-21","31043","Knokke-Heist","Knokke-Heist","Arrondissement Brugge","Arrondissement de Bruges","Provincie West-Vlaanderen","Province de Flandre occidentale","Vlaams Gewest","Région flamande","<5"
"2020-03-21","32003","Diksmuide","Dixmude","Arrondissement Diksmuide","Arrondissement de Dixmude","Provincie West-Vlaanderen","Province de Flandre occidentale","Vlaams Gewest","Région flamande","<5"
"2020-03-21","33011","Ieper","Ypres","Arrondissement Ieper","Arrondissement d’Ypres","Provincie West-Vlaanderen","Province de Flandre occidentale","Vlaams Gewest","Région flamande","<5"
"2020-03-21","34002","Anzegem","Anzegem","Arrondissement Kortrijk","Arrondissement de Courtrai","Provincie West-Vlaanderen","Province de Flandre occidentale","Vlaams Gewest","Région flamande","<5"
"2020-03-21","34013","Harelbeke","Harelbeke","Arrondissement Kortrijk","Arrondissement de Courtrai","Provincie West-Vlaanderen","Province de Flandre occidentale","Vlaams Gewest","Région flamande","<5"
"2020-03-21","34022","Kortrijk","Courtrai","Arrondissement Kortrijk","Arrondissement de Courtrai","Provincie West-Vlaanderen","Province de Flandre occidentale","Vlaams Gewest","Région flamande","5"
"2020-03-21","34027","Menen","Menin","Arrondissement Kortrijk","Arrondissement de Courtrai","Provincie West-Vlaanderen","Province de Flandre occidentale","Vlaams Gewest","Région flamande","<5"
"2020-03-21","34040","Waregem","Waregem","Arrondissement Kortrijk","Arrondissement de Courtrai","Provincie West-Vlaanderen","Province de Flandre occidentale","Vlaams Gewest","Région flamande","<5"
"2020-03-21","35013","Oostende","Ostende","Arrondissement Oostende","Arrondissement d’Ostende","Provincie West-Vlaanderen","Province de Flandre occidentale","Vlaams Gewest","Région flamande","<5"
"2020-03-21","35029","De Haan","De Haan","Arrondissement Oostende","Arrondissement d’Ostende","Provincie West-Vlaanderen","Province de Flandre occidentale","Vlaams Gewest","Région flamande","<5"
"2020-03-21","36008","Izegem","Izegem","Arrondissement Roeselare","Arrondissement de Roulers","Provincie West-Vlaanderen","Province de Flandre occidentale","Vlaams Gewest","Région flamande","<5"
"2020-03-21","36012","Moorslede","Moorslede","Arrondissement Roeselare","Arrondissement de Roulers","Provincie West-Vlaanderen","Province de Flandre occidentale","Vlaams Gewest","Région flamande","<5"
"2020-03-21","36015","Roeselare","Roulers","Arrondissement Roeselare","Arrondissement de Roulers","Provincie West-Vlaanderen","Province de Flandre occidentale","Vlaams Gewest","Région flamande","<5"
"2020-03-21","37002","Dentergem","Dentergem","Arrondissement Tielt","Arrondissement de Tielt","Provincie West-Vlaanderen","Province de Flandre occidentale","Vlaams Gewest","Région flamande","<5"
"2020-03-21","37010","Oostrozebeke","Oostrozebeke","Arrondissement Tielt","Arrondissement de Tielt","Provincie West-Vlaanderen","Province de Flandre occidentale","Vlaams Gewest","Région flamande","<5"
"2020-03-21","37015","Tielt (Tielt)","Tielt (Tielt)","Arrondissement Tielt","Arrondissement de Tielt","Provincie West-Vlaanderen","Province de Flandre occidentale","Vlaams Gewest","Région flamande","<5"
"2020-03-21","37018","Wingene","Wingene","Arrondissement Tielt","Arrondissement de Tielt","Provincie West-Vlaanderen","Province de Flandre occidentale","Vlaams Gewest","Région flamande","<5"
"2020-03-21","37020","Ardooie","Ardooie","Arrondissement Tielt","Arrondissement de Tielt","Provincie West-Vlaanderen","Province de Flandre occidentale","Vlaams Gewest","Région flamande","<5"
"2020-03-21","41002","Aalst (Aalst)","Alost (Alost)","Arrondissement Aalst","Arrondissement d’Alost","Provincie Oost-Vlaanderen","Province de Flandre orientale","Vlaams Gewest","Région flamande","<5"
"2020-03-21","41011","Denderleeuw","Denderleeuw","Arrondissement Aalst","Arrondissement d’Alost","Provincie Oost-Vlaanderen","Province de Flandre orientale","Vlaams Gewest","Région flamande","<5"
"2020-03-21","41018","Geraardsbergen","Grammont","Arrondissement Aalst","Arrondissement d’Alost","Provincie Oost-Vlaanderen","Province de Flandre orientale","Vlaams Gewest","Région flamande","<5"
"2020-03-21","41024","Haaltert","Haaltert","Arrondissement Aalst","Arrondissement d’Alost","Provincie Oost-Vlaanderen","Province de Flandre orientale","Vlaams Gewest","Région flamande","<5"
"2020-03-21","41027","Herzele","Herzele","Arrondissement Aalst","Arrondissement d’Alost","Provincie Oost-Vlaanderen","Province de Flandre orientale","Vlaams Gewest","Région flamande","<5"
"2020-03-21","41048","Ninove","Ninove","Arrondissement Aalst","Arrondissement d’Alost","Provincie Oost-Vlaanderen","Province de Flandre orientale","Vlaams Gewest","Région flamande","<5"
"2020-03-21","41082","Erpe-Mere","Erpe-Mere","Arrondissement Aalst","Arrondissement d’Alost","Provincie Oost-Vlaanderen","Province de Flandre orientale","Vlaams Gewest","Région flamande","<5"
"2020-03-21","42003","Berlare","Berlare","Arrondissement Dendermonde","Arrondissement de Termonde","Provincie Oost-Vlaanderen","Province de Flandre orientale","Vlaams Gewest","Région flamande","<5"
"2020-03-21","42006","Dendermonde","Termonde","Arrondissement Dendermonde","Arrondissement de Termonde","Provincie Oost-Vlaanderen","Province de Flandre orientale","Vlaams Gewest","Région flamande","<5"
"2020-03-21","42010","Laarne","Laarne","Arrondissement Dendermonde","Arrondissement de Termonde","Provincie Oost-Vlaanderen","Province de Flandre orientale","Vlaams Gewest","Région flamande","<5"
"2020-03-21","42026","Wichelen","Wichelen","Arrondissement Dendermonde","Arrondissement de Termonde","Provincie Oost-Vlaanderen","Province de Flandre orientale","Vlaams Gewest","Région flamande","<5"
"2020-03-21","43018","Zelzate","Zelzate","Arrondissement Eeklo","Arrondissement d’Eeklo","Provincie Oost-Vlaanderen","Province de Flandre orientale","Vlaams Gewest","Région flamande","<5"
"2020-03-21","44020","Gavere","Gavere","Arrondissement Gent","Arrondissement de Gand","Provincie Oost-Vlaanderen","Province de Flandre orientale","Vlaams Gewest","Région flamande","<5"
"2020-03-21","44021","Gent","Gand","Arrondissement Gent","Arrondissement de Gand","Provincie Oost-Vlaanderen","Province de Flandre orientale","Vlaams Gewest","Région flamande","<5"
"2020-03-21","44040","Melle","Melle","Arrondissement Gent","Arrondissement de Gand","Provincie Oost-Vlaanderen","Province de Flandre orientale","Vlaams Gewest","Région flamande","<5"
"2020-03-21","44043","Merelbeke","Merelbeke","Arrondissement Gent","Arrondissement de Gand","Provincie Oost-Vlaanderen","Province de Flandre orientale","Vlaams Gewest","Région flamande","<5"
"2020-03-21","44084","Aalter","Aalter","Arrondissement Gent","Arrondissement de Gand","Provincie Oost-Vlaanderen","Province de Flandre orientale","Vlaams Gewest","Région flamande","<5"
"2020-03-21","45035","Oudenaarde","Audenarde","Arrondissement Oudenaarde","Arrondissement d’Audenarde","Provincie Oost-Vlaanderen","Province de Flandre orientale","Vlaams Gewest","Région flamande","<5"
"2020-03-21","45059","Brakel","Brakel","Arrondissement Oudenaarde","Arrondissement d’Audenarde","Provincie Oost-Vlaanderen","Province de Flandre orientale","Vlaams Gewest","Région flamande","<5"
"2020-03-21","45063","Lierde","Lierde","Arrondissement Oudenaarde","Arrondissement d’Audenarde","Provincie Oost-Vlaanderen","Province de Flandre orientale","Vlaams Gewest","Région flamande","<5"
"2020-03-21","45065","Zwalm","Zwalin","Arrondissement Oudenaarde","Arrondissement d’Audenarde","Provincie Oost-Vlaanderen","Province de Flandre orientale","Vlaams Gewest","Région flamande","<5"
"2020-03-21","45068","Kruisem","Kruisem","Arrondissement Oudenaarde","Arrondissement d’Audenarde","Provincie Oost-Vlaanderen","Province de Flandre orientale","Vlaams Gewest","Région flamande","<5"
"2020-03-21","46013","Kruibeke","Kruibeke","Arrondissement Sint-Niklaas","Arrondissement de Saint-Nicolas","Provincie Oost-Vlaanderen","Province de Flandre orientale","Vlaams Gewest","Région flamande","<5"
"2020-03-21","46014","Lokeren","Lokeren","Arrondissement Sint-Niklaas","Arrondissement de Saint-Nicolas","Provincie Oost-Vlaanderen","Province de Flandre orientale","Vlaams Gewest","Région flamande","<5"
"2020-03-21","46021","Sint-Niklaas (Sint-Niklaas)","Saint-Nicolas (Saint-Nicolas)","Arrondissement Sint-Niklaas","Arrondissement de Saint-Nicolas","Provincie Oost-Vlaanderen","Province de Flandre orientale","Vlaams Gewest","Région flamande","<5"
"2020-03-21","46025","Temse","Tamise","Arrondissement Sint-Niklaas","Arrondissement de Saint-Nicolas","Provincie Oost-Vlaanderen","Province de Flandre orientale","Vlaams Gewest","Région flamande","<5"
"2020-03-21","51004","Aat","Ath","Arrondissement Aat","Arrondissement d’Ath","Provincie Henegouwen","Province du Hainaut","Waals Gewest","Région wallonne","<5"
"2020-03-21","51009","Bernissart","Bernissart","Arrondissement Aat","Arrondissement d’Ath","Provincie Henegouwen","Province du Hainaut","Waals Gewest","Région wallonne","<5"
"2020-03-21","51012","Brugelette","Brugelette","Arrondissement Aat","Arrondissement d’Ath","Provincie Henegouwen","Province du Hainaut","Waals Gewest","Région wallonne","<5"
"2020-03-21","51019","Vloesberg","Flobecq","Arrondissement Aat","Arrondissement d’Ath","Provincie Henegouwen","Province du Hainaut","Waals Gewest","Région wallonne","<5"
"2020-03-21","51069","Lessen","Lessines","Arrondissement Aat","Arrondissement d’Ath","Provincie Henegouwen","Province du Hainaut","Waals Gewest","Région wallonne","<5"
"2020-03-21","52011","Charleroi","Charleroi","Arrondissement Charleroi","Arrondissement de Charleroi","Provincie Henegouwen","Province du Hainaut","Waals Gewest","Région wallonne","<5"
"2020-03-21","52021","Fleurus","Fleurus","Arrondissement Charleroi","Arrondissement de Charleroi","Provincie Henegouwen","Province du Hainaut","Waals Gewest","Région wallonne","<5"
"2020-03-21","52022","Fontaine-l’Evêque","Fontaine-l’Evêque","Arrondissement Charleroi","Arrondissement de Charleroi","Provincie Henegouwen","Province du Hainaut","Waals Gewest","Région wallonne","<5"
"2020-03-21","52025","Gerpinnes","Gerpinnes","Arrondissement Charleroi","Arrondissement de Charleroi","Provincie Henegouwen","Province du Hainaut","Waals Gewest","Région wallonne","<5"
"2020-03-21","52048","Montigny-le-Tilleul","Montigny-le-Tilleul","Arrondissement Charleroi","Arrondissement de Charleroi","Provincie Henegouwen","Province du Hainaut","Waals Gewest","Région wallonne","<5"
"2020-03-21","53014","Boussu","Boussu","Arrondissement Bergen","Arrondissement de Mons","Provincie Henegouwen","Province du Hainaut","Waals Gewest","Région wallonne","<5"
"2020-03-21","53020","Dour","Dour","Arrondissement Bergen","Arrondissement de Mons","Provincie Henegouwen","Province du Hainaut","Waals Gewest","Région wallonne","<5"
"2020-03-21","53028","Frameries","Frameries","Arrondissement Bergen","Arrondissement de Mons","Provincie Henegouwen","Province du Hainaut","Waals Gewest","Région wallonne","<5"
"2020-03-21","53044","Jurbeke","Jurbise","Arrondissement Bergen","Arrondissement de Mons","Provincie Henegouwen","Province du Hainaut","Waals Gewest","Région wallonne","<5"
"2020-03-21","53053","Bergen","Mons","Arrondissement Bergen","Arrondissement de Mons","Provincie Henegouwen","Province du Hainaut","Waals Gewest","Région wallonne","7"
"2020-03-21","53065","Quaregnon","Quaregnon","Arrondissement Bergen","Arrondissement de Mons","Provincie Henegouwen","Province du Hainaut","Waals Gewest","Région wallonne","<5"
"2020-03-21","53070","Saint-Ghislain","Saint-Ghislain","Arrondissement Bergen","Arrondissement de Mons","Provincie Henegouwen","Province du Hainaut","Waals Gewest","Région wallonne","5"
"2020-03-21","53082","Colfontaine","Colfontaine","Arrondissement Bergen","Arrondissement de Mons","Provincie Henegouwen","Province du Hainaut","Waals Gewest","Région wallonne","<5"
"2020-03-21","53083","Honnelles","Honnelles","Arrondissement Bergen","Arrondissement de Mons","Provincie Henegouwen","Province du Hainaut","Waals Gewest","Région wallonne","<5"
"2020-03-21","53084","Quévy","Quévy","Arrondissement Bergen","Arrondissement de Mons","Provincie Henegouwen","Province du Hainaut","Waals Gewest","Région wallonne","<5"
"2020-03-21","55040","Zinnik","Soignies","Arrondissement Zinnik","Arrondissement de Soignies","Provincie Henegouwen","Province du Hainaut","Waals Gewest","Région wallonne","<5"
"2020-03-21","56001","Anderlues","Anderlues","Arrondissement Thuin","Arrondissement de Thuin","Provincie Henegouwen","Province du Hainaut","Waals Gewest","Région wallonne","<5"
"2020-03-21","56044","Lobbes","Lobbes","Arrondissement Thuin","Arrondissement de Thuin","Provincie Henegouwen","Province du Hainaut","Waals Gewest","Région wallonne","<5"
"2020-03-21","56078","Thuin","Thuin","Arrondissement Thuin","Arrondissement de Thuin","Provincie Henegouwen","Province du Hainaut","Waals Gewest","Région wallonne","<5"
"2020-03-21","57018","Celles (Doornik)","Celles (Tournai)","Arrondissement Doornik-Moeskroen","Arrondissement de Tournai-Mouscron","Provincie Henegouwen","Province du Hainaut","Waals Gewest","Région wallonne","<5"
"2020-03-21","57064","Péruwelz","Péruwelz","Arrondissement Doornik-Moeskroen","Arrondissement de Tournai-Mouscron","Provincie Henegouwen","Province du Hainaut","Waals Gewest","Région wallonne","<5"
"2020-03-21","57081","Doornik","Tournai","Arrondissement Doornik-Moeskroen","Arrondissement de Tournai-Mouscron","Provincie Henegouwen","Province du Hainaut","Waals Gewest","Région wallonne","<5"
"2020-03-21","57096","Moeskroen","Mouscron","Arrondissement Doornik-Moeskroen","Arrondissement de Tournai-Mouscron","Provincie Henegouwen","Province du Hainaut","Waals Gewest","Région wallonne","<5"
"2020-03-21","58001","La Louvière","La Louvière","Arrondissement La Louvière","Arrondissement de La Louvière","Provincie Henegouwen","Province du Hainaut","Waals Gewest","Région wallonne","5"
"2020-03-21","61072","Wanze","Wanze","Arrondissement Hoei","Arrondissement de Huy","Provincie Luik","Province de Liège","Waals Gewest","Région wallonne","<5"
"2020-03-21","62009","Aywaille","Aywaille","Arrondissement Luik","Arrondissement de Liège","Provincie Luik","Province de Liège","Waals Gewest","Région wallonne","<5"
"2020-03-21","62015","Beyne-Heusay","Beyne-Heusay","Arrondissement Luik","Arrondissement de Liège","Provincie Luik","Province de Liège","Waals Gewest","Région wallonne","<5"
"2020-03-21","62022","Chaudfontaine","Chaudfontaine","Arrondissement Luik","Arrondissement de Liège","Provincie Luik","Province de Liège","Waals Gewest","Région wallonne","<5"
"2020-03-21","62026","Comblain-au-Pont","Comblain-au-Pont","Arrondissement Luik","Arrondissement de Liège","Provincie Luik","Province de Liège","Waals Gewest","Région wallonne","<5"
"2020-03-21","62038","Fléron","Fléron","Arrondissement Luik","Arrondissement de Liège","Provincie Luik","Province de Liège","Waals Gewest","Région wallonne","<5"
"2020-03-21","62051","Herstal","Herstal","Arrondissement Luik","Arrondissement de Liège","Provincie Luik","Province de Liège","Waals Gewest","Région wallonne","5"
"2020-03-21","62063","Luik","Liège","Arrondissement Luik","Arrondissement de Liège","Provincie Luik","Province de Liège","Waals Gewest","Région wallonne","24"
"2020-03-21","62093","Saint-Nicolas (Luik)","Saint-Nicolas (Liège)","Arrondissement Luik","Arrondissement de Liège","Provincie Luik","Province de Liège","Waals Gewest","Région wallonne","<5"
"2020-03-21","62096","Seraing","Seraing","Arrondissement Luik","Arrondissement de Liège","Provincie Luik","Province de Liège","Waals Gewest","Région wallonne","5"
"2020-03-21","62100","Sprimont","Sprimont","Arrondissement Luik","Arrondissement de Liège","Provincie Luik","Province de Liège","Waals Gewest","Région wallonne","<5"
"2020-03-21","62108","Wezet","Visé","Arrondissement Luik","Arrondissement de Liège","Provincie Luik","Province de Liège","Waals Gewest","Région wallonne","<5"
"2020-03-21","62118","Grâce-Hollogne","Grâce-Hollogne","Arrondissement Luik","Arrondissement de Liège","Provincie Luik","Province de Liège","Waals Gewest","Région wallonne","<5"
"2020-03-21","62119","Blegny","Blegny","Arrondissement Luik","Arrondissement de Liège","Provincie Luik","Province de Liège","Waals Gewest","Région wallonne","<5"
"2020-03-21","62120","Flémalle","Flémalle","Arrondissement Luik","Arrondissement de Liège","Provincie Luik","Province de Liège","Waals Gewest","Région wallonne","<5"
"2020-03-21","62121","Neupré","Neupré","Arrondissement Luik","Arrondissement de Liège","Provincie Luik","Province de Liège","Waals Gewest","Région wallonne","<5"
"2020-03-21","62122","Trooz","Trooz","Arrondissement Luik","Arrondissement de Liège","Provincie Luik","Province de Liège","Waals Gewest","Région wallonne","<5"
"2020-03-21","63004","Baelen","Baelen","Arrondissement Verviers","Arrondissement de Verviers","Provincie Luik","Province de Liège","Waals Gewest","Région wallonne","<5"
"2020-03-21","63023","Eupen","Eupen","Arrondissement Verviers","Arrondissement de Verviers","Provincie Luik","Province de Liège","Waals Gewest","Région wallonne","<5"
"2020-03-21","63035","Herve","Herve","Arrondissement Verviers","Arrondissement de Verviers","Provincie Luik","Province de Liège","Waals Gewest","Région wallonne","<5"
"2020-03-21","63038","Jalhay","Jalhay","Arrondissement Verviers","Arrondissement de Verviers","Provincie Luik","Province de Liège","Waals Gewest","Région wallonne","<5"
"2020-03-21","63045","Lierneux","Lierneux","Arrondissement Verviers","Arrondissement de Verviers","Provincie Luik","Province de Liège","Waals Gewest","Région wallonne","<5"
"2020-03-21","63076","Theux","Theux","Arrondissement Verviers","Arrondissement de Verviers","Provincie Luik","Province de Liège","Waals Gewest","Région wallonne","<5"
"2020-03-21","63079","Verviers","Verviers","Arrondissement Verviers","Arrondissement de Verviers","Provincie Luik","Province de Liège","Waals Gewest","Région wallonne","<5"
"2020-03-21","63087","Burg-Reuland","Burg-Reuland","Arrondissement Verviers","Arrondissement de Verviers","Provincie Luik","Province de Liège","Waals Gewest","Région wallonne","<5"
"2020-03-21","64029","Geer","Geer","Arrondissement Borgworm","Arrondissement de Waremme","Provincie Luik","Province de Liège","Waals Gewest","Région wallonne","<5"
"2020-03-21","64034","Hannuit","Hannut","Arrondissement Borgworm","Arrondissement de Waremme","Provincie Luik","Province de Liège","Waals Gewest","Région wallonne","<5"
"2020-03-21","64063","Remicourt","Remicourt","Arrondissement Borgworm","Arrondissement de Waremme","Provincie Luik","Province de Liège","Waals Gewest","Région wallonne","<5"
"2020-03-21","64074","Borgworm","Waremme","Arrondissement Borgworm","Arrondissement de Waremme","Provincie Luik","Province de Liège","Waals Gewest","Région wallonne","<5"
"2020-03-21","71004","Beringen","Beringen","Arrondissement Hasselt","Arrondissement de Hasselt","Provincie Limburg","Province du Limbourg","Vlaams Gewest","Région flamande","6"
"2020-03-21","71016","Genk","Genk","Arrondissement Hasselt","Arrondissement de Hasselt","Provincie Limburg","Province du Limbourg","Vlaams Gewest","Région flamande","<5"
"2020-03-21","71022","Hasselt","Hasselt","Arrondissement Hasselt","Arrondissement de Hasselt","Provincie Limburg","Province du Limbourg","Vlaams Gewest","Région flamande","10"
"2020-03-21","71024","Herk-de-Stad","Herck-la-Ville","Arrondissement Hasselt","Arrondissement de Hasselt","Provincie Limburg","Province du Limbourg","Vlaams Gewest","Région flamande","<5"
"2020-03-21","71037","Lummen","Lummen","Arrondissement Hasselt","Arrondissement de Hasselt","Provincie Limburg","Province du Limbourg","Vlaams Gewest","Région flamande","<5"
"2020-03-21","71053","Sint-Truiden","Saint-Trond","Arrondissement Hasselt","Arrondissement de Hasselt","Provincie Limburg","Province du Limbourg","Vlaams Gewest","Région flamande","10"
"2020-03-21","71057","Tessenderlo","Tessenderlo","Arrondissement Hasselt","Arrondissement de Hasselt","Provincie Limburg","Province du Limbourg","Vlaams Gewest","Région flamande","<5"
"2020-03-21","71070","Heusden-Zolder","Heusden-Zolder","Arrondissement Hasselt","Arrondissement de Hasselt","Provincie Limburg","Province du Limbourg","Vlaams Gewest","Région flamande","<5"
"2020-03-21","72020","Lommel","Lommel","Arrondissement Maaseik","Arrondissement de Maaseik","Provincie Limburg","Province du Limbourg","Vlaams Gewest","Région flamande","<5"
"2020-03-21","72021","Maaseik","Maaseik","Arrondissement Maaseik","Arrondissement de Maaseik","Provincie Limburg","Province du Limbourg","Vlaams Gewest","Région flamande","<5"
"2020-03-21","72039","Houthalen-Helchteren","Houthalen-Helchteren","Arrondissement Maaseik","Arrondissement de Maaseik","Provincie Limburg","Province du Limbourg","Vlaams Gewest","Région flamande","<5"
"2020-03-21","72041","Dilsen-Stokkem","Dilsen-Stokkem","Arrondissement Maaseik","Arrondissement de Maaseik","Provincie Limburg","Province du Limbourg","Vlaams Gewest","Région flamande","<5"
"2020-03-21","72042","Oudsbergen","Oudsbergen","Arrondissement Maaseik","Arrondissement de Maaseik","Provincie Limburg","Province du Limbourg","Vlaams Gewest","Région flamande","<5"
"2020-03-21","73001","Alken","Alken","Arrondissement Tongeren","Arrondissement de Tongres","Provincie Limburg","Province du Limbourg","Vlaams Gewest","Région flamande","<5"
"2020-03-21","73006","Bilzen","Bilzen","Arrondissement Tongeren","Arrondissement de Tongres","Provincie Limburg","Province du Limbourg","Vlaams Gewest","Région flamande","<5"
"2020-03-21","73009","Borgloon","Looz","Arrondissement Tongeren","Arrondissement de Tongres","Provincie Limburg","Province du Limbourg","Vlaams Gewest","Région flamande","<5"
"2020-03-21","73040","Kortessem","Kortessem","Arrondissement Tongeren","Arrondissement de Tongres","Provincie Limburg","Province du Limbourg","Vlaams Gewest","Région flamande","<5"
"2020-03-21","73042","Lanaken","Lanaken","Arrondissement Tongeren","Arrondissement de Tongres","Provincie Limburg","Province du Limbourg","Vlaams Gewest","Région flamande","<5"
"2020-03-21","73066","Riemst","Riemst","Arrondissement Tongeren","Arrondissement de Tongres","Provincie Limburg","Province du Limbourg","Vlaams Gewest","Région flamande","<5"
"2020-03-21","73107","Maasmechelen","Maasmechelen","Arrondissement Tongeren","Arrondissement de Tongres","Provincie Limburg","Province du Limbourg","Vlaams Gewest","Région flamande","<5"
"2020-03-21","81001","Aarlen","Arlon","Arrondissement Aarlen","Arrondissement d’Arlon","Provincie Luxemburg","Province du Luxembourg","Waals Gewest","Région wallonne","<5"
"2020-03-21","83028","Hotton","Hotton","Arrondissement Marche-en-Famenne","Arrondissement de Marche-en-Famenne","Provincie Luxemburg","Province du Luxembourg","Waals Gewest","Région wallonne","<5"
"2020-03-21","84043","Neufchâteau (Neufchâteau)","Neufchâteau (Neufchâteau)","Arrondissement Neufchâteau","Arrondissement de Neufchâteau","Provincie Luxemburg","Province du Luxembourg","Waals Gewest","Région wallonne","<5"
"2020-03-21","84050","Paliseul","Paliseul","Arrondissement Neufchâteau","Arrondissement de Neufchâteau","Provincie Luxemburg","Province du Luxembourg","Waals Gewest","Région wallonne","<5"
"2020-03-21","84077","Libramont-Chevigny","Libramont-Chevigny","Arrondissement Neufchâteau","Arrondissement de Neufchâteau","Provincie Luxemburg","Province du Luxembourg","Waals Gewest","Région wallonne","<5"
"2020-03-21","91059","Hamois","Hamois","Arrondissement Dinant","Arrondissement de Dinant","Provincie Namen","Province de Namur","Waals Gewest","Région wallonne","<5"
"2020-03-21","91064","Havelange","Havelange","Arrondissement Dinant","Arrondissement de Dinant","Provincie Namen","Province de Namur","Waals Gewest","Région wallonne","<5"
"2020-03-21","91120","Somme-Leuze","Somme-Leuze","Arrondissement Dinant","Arrondissement de Dinant","Provincie Namen","Province de Namur","Waals Gewest","Région wallonne","<5"
"2020-03-21","92003","Andenne","Andenne","Arrondissement Namen","Arrondissement de Namur","Provincie Namen","Province de Namur","Waals Gewest","Région wallonne","<5"
"2020-03-21","92094","Namen","Namur","Arrondissement Namen","Arrondissement de Namur","Provincie Namen","Province de Namur","Waals Gewest","Région wallonne","<5"
"2020-03-21","92142","Gembloux","Gembloux","Arrondissement Namen","Arrondissement de Namur","Provincie Namen","Province de Namur","Waals Gewest","Région wallonne","<5"
"2020-03-21","93088","Walcourt","Walcourt","Arrondissement Philippeville","Arrondissement de Philippeville","Provincie Namen","Province de Namur","Waals Gewest","Région wallonne","<5"
"2020-03-21",NA,NA,NA,NA,NA,NA,NA,NA,NA,"14"
"2020-03-22","11001","Aartselaar","Aartselaar","Arrondissement Antwerpen","Arrondissement d’Anvers","Provincie Antwerpen","Province d’Anvers","Vlaams Gewest","Région flamande","<5"
"2020-03-22","11002","Antwerpen","Anvers","Arrondissement Antwerpen","Arrondissement d’Anvers","Provincie Antwerpen","Province d’Anvers","Vlaams Gewest","Région flamande","18"
"2020-03-22","11008","Brasschaat","Brasschaat","Arrondissement Antwerpen","Arrondissement d’Anvers","Provincie Antwerpen","Province d’Anvers","Vlaams Gewest","Région flamande","<5"
"2020-03-22","11013","Edegem","Edegem","Arrondissement Antwerpen","Arrondissement d’Anvers","Provincie Antwerpen","Province d’Anvers","Vlaams Gewest","Région flamande","<5"
"2020-03-22","11021","Hove (Antwerpen)","Hove (Anvers)","Arrondissement Antwerpen","Arrondissement d’Anvers","Provincie Antwerpen","Province d’Anvers","Vlaams Gewest","Région flamande","<5"
"2020-03-22","11025","Lint","Lint","Arrondissement Antwerpen","Arrondissement d’Anvers","Provincie Antwerpen","Province d’Anvers","Vlaams Gewest","Région flamande","<5"
"2020-03-22","11029","Mortsel","Mortsel","Arrondissement Antwerpen","Arrondissement d’Anvers","Provincie Antwerpen","Province d’Anvers","Vlaams Gewest","Région flamande","<5"
"2020-03-22","11037","Rumst","Rumst","Arrondissement Antwerpen","Arrondissement d’Anvers","Provincie Antwerpen","Province d’Anvers","Vlaams Gewest","Région flamande","<5"
"2020-03-22","11039","Schilde","Schilde","Arrondissement Antwerpen","Arrondissement d’Anvers","Provincie Antwerpen","Province d’Anvers","Vlaams Gewest","Région flamande","<5"
"2020-03-22","11040","Schoten","Schoten","Arrondissement Antwerpen","Arrondissement d’Anvers","Provincie Antwerpen","Province d’Anvers","Vlaams Gewest","Région flamande","<5"
"2020-03-22","12007","Bornem","Bornem","Arrondissement Mechelen","Arrondissement de Malines","Provincie Antwerpen","Province d’Anvers","Vlaams Gewest","Région flamande","5"
"2020-03-22","12029","Putte","Putte","Arrondissement Mechelen","Arrondissement de Malines","Provincie Antwerpen","Province d’Anvers","Vlaams Gewest","Région flamande","<5"
"2020-03-22","12035","Sint-Katelijne-Waver","Sint-Katelijne-Waver","Arrondissement Mechelen","Arrondissement de Malines","Provincie Antwerpen","Province d’Anvers","Vlaams Gewest","Région flamande","<5"
"2020-03-22","12040","Willebroek","Willebroek","Arrondissement Mechelen","Arrondissement de Malines","Provincie Antwerpen","Province d’Anvers","Vlaams Gewest","Région flamande","<5"
"2020-03-22","12041","Puurs-Sint-Amands","Puurs-Sint-Amands","Arrondissement Mechelen","Arrondissement de Malines","Provincie Antwerpen","Province d’Anvers","Vlaams Gewest","Région flamande","<5"
"2020-03-22","13003","Balen","Balen","Arrondissement Turnhout","Arrondissement de Turnhout","Provincie Antwerpen","Province d’Anvers","Vlaams Gewest","Région flamande","<5"
"2020-03-22","13013","Herselt","Herselt","Arrondissement Turnhout","Arrondissement de Turnhout","Provincie Antwerpen","Province d’Anvers","Vlaams Gewest","Région flamande","<5"
"2020-03-22","13016","Hulshout","Hulshout","Arrondissement Turnhout","Arrondissement de Turnhout","Provincie Antwerpen","Province d’Anvers","Vlaams Gewest","Région flamande","<5"
"2020-03-22","13017","Kasterlee","Kasterlee","Arrondissement Turnhout","Arrondissement de Turnhout","Provincie Antwerpen","Province d’Anvers","Vlaams Gewest","Région flamande","<5"
"2020-03-22","13023","Merksplas","Merksplas","Arrondissement Turnhout","Arrondissement de Turnhout","Provincie Antwerpen","Province d’Anvers","Vlaams Gewest","Région flamande","<5"
"2020-03-22","13025","Mol","Mol","Arrondissement Turnhout","Arrondissement de Turnhout","Provincie Antwerpen","Province d’Anvers","Vlaams Gewest","Région flamande","<5"
"2020-03-22","13031","Oud-Turnhout","Oud-Turnhout","Arrondissement Turnhout","Arrondissement de Turnhout","Provincie Antwerpen","Province d’Anvers","Vlaams Gewest","Région flamande","<5"
"2020-03-22","13035","Ravels","Ravels","Arrondissement Turnhout","Arrondissement de Turnhout","Provincie Antwerpen","Province d’Anvers","Vlaams Gewest","Région flamande","<5"
"2020-03-22","13046","Vosselaar","Vosselaar","Arrondissement Turnhout","Arrondissement de Turnhout","Provincie Antwerpen","Province d’Anvers","Vlaams Gewest","Région flamande","<5"
"2020-03-22","13049","Westerlo","Westerlo","Arrondissement Turnhout","Arrondissement de Turnhout","Provincie Antwerpen","Province d’Anvers","Vlaams Gewest","Région flamande","<5"
"2020-03-22","21001","Anderlecht","Anderlecht","Arrondissement Brussel-Hoofdstad","Arrondissement de Bruxelles-Capitale",NA,NA,"Brussels Hoofdstedelijk Gewest","Région de Bruxelles-Capitale","6"
"2020-03-22","21003","Sint-Agatha-Berchem","Berchem-Sainte-Agathe","Arrondissement Brussel-Hoofdstad","Arrondissement de Bruxelles-Capitale",NA,NA,"Brussels Hoofdstedelijk Gewest","Région de Bruxelles-Capitale","<5"
"2020-03-22","21004","Brussel","Bruxelles","Arrondissement Brussel-Hoofdstad","Arrondissement de Bruxelles-Capitale",NA,NA,"Brussels Hoofdstedelijk Gewest","Région de Bruxelles-Capitale","7"
"2020-03-22","21006","Evere","Evere","Arrondissement Brussel-Hoofdstad","Arrondissement de Bruxelles-Capitale",NA,NA,"Brussels Hoofdstedelijk Gewest","Région de Bruxelles-Capitale","<5"
"2020-03-22","21007","Vorst (Brussel-Hoofdstad)","Forest (Bruxelles-Capitale)","Arrondissement Brussel-Hoofdstad","Arrondissement de Bruxelles-Capitale",NA,NA,"Brussels Hoofdstedelijk Gewest","Région de Bruxelles-Capitale","<5"
"2020-03-22","21009","Elsene","Ixelles","Arrondissement Brussel-Hoofdstad","Arrondissement de Bruxelles-Capitale",NA,NA,"Brussels Hoofdstedelijk Gewest","Région de Bruxelles-Capitale","5"
"2020-03-22","21010","Jette","Jette","Arrondissement Brussel-Hoofdstad","Arrondissement de Bruxelles-Capitale",NA,NA,"Brussels Hoofdstedelijk Gewest","Région de Bruxelles-Capitale","<5"
"2020-03-22","21011","Koekelberg","Koekelberg","Arrondissement Brussel-Hoofdstad","Arrondissement de Bruxelles-Capitale",NA,NA,"Brussels Hoofdstedelijk Gewest","Région de Bruxelles-Capitale","<5"
"2020-03-22","21012","Sint-Jans-Molenbeek","Molenbeek-Saint-Jean","Arrondissement Brussel-Hoofdstad","Arrondissement de Bruxelles-Capitale",NA,NA,"Brussels Hoofdstedelijk Gewest","Région de Bruxelles-Capitale","10"
"2020-03-22","21013","Sint-Gillis","Saint-Gilles","Arrondissement Brussel-Hoofdstad","Arrondissement de Bruxelles-Capitale",NA,NA,"Brussels Hoofdstedelijk Gewest","Région de Bruxelles-Capitale","<5"
"2020-03-22","21014","Sint-Joost-ten-Node","Saint-Josse-ten-Noode","Arrondissement Brussel-Hoofdstad","Arrondissement de Bruxelles-Capitale",NA,NA,"Brussels Hoofdstedelijk Gewest","Région de Bruxelles-Capitale","<5"
"2020-03-22","21015","Schaarbeek","Schaerbeek","Arrondissement Brussel-Hoofdstad","Arrondissement de Bruxelles-Capitale",NA,NA,"Brussels Hoofdstedelijk Gewest","Région de Bruxelles-Capitale","9"
"2020-03-22","21016","Ukkel","Uccle","Arrondissement Brussel-Hoofdstad","Arrondissement de Bruxelles-Capitale",NA,NA,"Brussels Hoofdstedelijk Gewest","Région de Bruxelles-Capitale","5"
"2020-03-22","21017","Watermaal-Bosvoorde","Watermael-Boitsfort","Arrondissement Brussel-Hoofdstad","Arrondissement de Bruxelles-Capitale",NA,NA,"Brussels Hoofdstedelijk Gewest","Région de Bruxelles-Capitale","<5"
"2020-03-22","21018","Sint-Lambrechts-Woluwe","Woluwe-Saint-Lambert","Arrondissement Brussel-Hoofdstad","Arrondissement de Bruxelles-Capitale",NA,NA,"Brussels Hoofdstedelijk Gewest","Région de Bruxelles-Capitale","<5"
"2020-03-22","23003","Beersel","Beersel","Arrondissement Halle-Vilvoorde","Arrondissement de Hal-Vilvorde","Provincie Vlaams-Brabant","Province du Brabant flamand","Vlaams Gewest","Région flamande","<5"
"2020-03-22","23025","Grimbergen","Grimbergen","Arrondissement Halle-Vilvoorde","Arrondissement de Hal-Vilvorde","Provincie Vlaams-Brabant","Province du Brabant flamand","Vlaams Gewest","Région flamande","<5"
"2020-03-22","23032","Herne","Herne","Arrondissement Halle-Vilvoorde","Arrondissement de Hal-Vilvorde","Provincie Vlaams-Brabant","Province du Brabant flamand","Vlaams Gewest","Région flamande","<5"
"2020-03-22","23033","Hoeilaart","Hoeilaart","Arrondissement Halle-Vilvoorde","Arrondissement de Hal-Vilvorde","Provincie Vlaams-Brabant","Province du Brabant flamand","Vlaams Gewest","Région flamande","<5"
"2020-03-22","23045","Londerzeel","Londerzeel","Arrondissement Halle-Vilvoorde","Arrondissement de Hal-Vilvorde","Provincie Vlaams-Brabant","Province du Brabant flamand","Vlaams Gewest","Région flamande","<5"
"2020-03-22","23047","Machelen (Halle-Vilvoorde)","Machelen (Hal-Vilvorde)","Arrondissement Halle-Vilvoorde","Arrondissement de Hal-Vilvorde","Provincie Vlaams-Brabant","Province du Brabant flamand","Vlaams Gewest","Région flamande","<5"
"2020-03-22","23062","Overijse","Overijse","Arrondissement Halle-Vilvoorde","Arrondissement de Hal-Vilvorde","Provincie Vlaams-Brabant","Province du Brabant flamand","Vlaams Gewest","Région flamande","<5"
"2020-03-22","23077","Sint-Pieters-Leeuw","Sint-Pieters-Leeuw","Arrondissement Halle-Vilvoorde","Arrondissement de Hal-Vilvorde","Provincie Vlaams-Brabant","Province du Brabant flamand","Vlaams Gewest","Région flamande","<5"
"2020-03-22","23088","Vilvoorde","Vilvorde","Arrondissement Halle-Vilvoorde","Arrondissement de Hal-Vilvorde","Provincie Vlaams-Brabant","Province du Brabant flamand","Vlaams Gewest","Région flamande","<5"
"2020-03-22","23096","Zemst","Zemst","Arrondissement Halle-Vilvoorde","Arrondissement de Hal-Vilvorde","Provincie Vlaams-Brabant","Province du Brabant flamand","Vlaams Gewest","Région flamande","<5"
"2020-03-22","23097","Roosdaal","Roosdaal","Arrondissement Halle-Vilvoorde","Arrondissement de Hal-Vilvorde","Provincie Vlaams-Brabant","Province du Brabant flamand","Vlaams Gewest","Région flamande","<5"
"2020-03-22","23101","Sint-Genesius-Rode","Rhode-Saint-Genèse","Arrondissement Halle-Vilvoorde","Arrondissement de Hal-Vilvorde","Provincie Vlaams-Brabant","Province du Brabant flamand","Vlaams Gewest","Région flamande","<5"
"2020-03-22","23103","Wezembeek-Oppem","Wezembeek-Oppem","Arrondissement Halle-Vilvoorde","Arrondissement de Hal-Vilvorde","Provincie Vlaams-Brabant","Province du Brabant flamand","Vlaams Gewest","Région flamande","<5"
"2020-03-22","24001","Aarschot","Aarschot","Arrondissement Leuven","Arrondissement de Louvain","Provincie Vlaams-Brabant","Province du Brabant flamand","Vlaams Gewest","Région flamande","<5"
"2020-03-22","24007","Begijnendijk","Begijnendijk","Arrondissement Leuven","Arrondissement de Louvain","Provincie Vlaams-Brabant","Province du Brabant flamand","Vlaams Gewest","Région flamande","<5"
"2020-03-22","24009","Bertem","Bertem","Arrondissement Leuven","Arrondissement de Louvain","Provincie Vlaams-Brabant","Province du Brabant flamand","Vlaams Gewest","Région flamande","<5"
"2020-03-22","24014","Boortmeerbeek","Boortmeerbeek","Arrondissement Leuven","Arrondissement de Louvain","Provincie Vlaams-Brabant","Province du Brabant flamand","Vlaams Gewest","Région flamande","<5"
"2020-03-22","24020","Diest","Diest","Arrondissement Leuven","Arrondissement de Louvain","Provincie Vlaams-Brabant","Province du Brabant flamand","Vlaams Gewest","Région flamande","<5"
"2020-03-22","24038","Herent","Herent","Arrondissement Leuven","Arrondissement de Louvain","Provincie Vlaams-Brabant","Province du Brabant flamand","Vlaams Gewest","Région flamande","<5"
"2020-03-22","24045","Huldenberg","Huldenberg","Arrondissement Leuven","Arrondissement de Louvain","Provincie Vlaams-Brabant","Province du Brabant flamand","Vlaams Gewest","Région flamande","<5"
"2020-03-22","24054","Kortenaken","Kortenaken","Arrondissement Leuven","Arrondissement de Louvain","Provincie Vlaams-Brabant","Province du Brabant flamand","Vlaams Gewest","Région flamande","<5"
"2020-03-22","24059","Landen","Landen","Arrondissement Leuven","Arrondissement de Louvain","Provincie Vlaams-Brabant","Province du Brabant flamand","Vlaams Gewest","Région flamande","<5"
"2020-03-22","24062","Leuven","Louvain","Arrondissement Leuven","Arrondissement de Louvain","Provincie Vlaams-Brabant","Province du Brabant flamand","Vlaams Gewest","Région flamande","5"
"2020-03-22","24066","Lubbeek","Lubbeek","Arrondissement Leuven","Arrondissement de Louvain","Provincie Vlaams-Brabant","Province du Brabant flamand","Vlaams Gewest","Région flamande","<5"
"2020-03-22","24086","Oud-Heverlee","Oud-Heverlee","Arrondissement Leuven","Arrondissement de Louvain","Provincie Vlaams-Brabant","Province du Brabant flamand","Vlaams Gewest","Région flamande","<5"
"2020-03-22","24107","Tienen","Tirlemont","Arrondissement Leuven","Arrondissement de Louvain","Provincie Vlaams-Brabant","Province du Brabant flamand","Vlaams Gewest","Région flamande","<5"
"2020-03-22","24130","Zoutleeuw","Léau","Arrondissement Leuven","Arrondissement de Louvain","Provincie Vlaams-Brabant","Province du Brabant flamand","Vlaams Gewest","Région flamande","<5"
"2020-03-22","25005","Bevekom","Beauvechain","Arrondissement Nijvel","Arrondissement de Nivelles","Provincie Waals-Brabant","Province du Brabant wallon","Waals Gewest","Région wallonne","<5"
"2020-03-22","25014","Eigenbrakel","Braine-l’Alleud","Arrondissement Nijvel","Arrondissement de Nivelles","Provincie Waals-Brabant","Province du Brabant wallon","Waals Gewest","Région wallonne","5"
"2020-03-22","25018","Chaumont-Gistoux","Chaumont-Gistoux","Arrondissement Nijvel","Arrondissement de Nivelles","Provincie Waals-Brabant","Province du Brabant wallon","Waals Gewest","Région wallonne","<5"
"2020-03-22","25037","Graven","Grez-Doiceau","Arrondissement Nijvel","Arrondissement de Nivelles","Provincie Waals-Brabant","Province du Brabant wallon","Waals Gewest","Région wallonne","<5"
"2020-03-22","25043","Incourt","Incourt","Arrondissement Nijvel","Arrondissement de Nivelles","Provincie Waals-Brabant","Province du Brabant wallon","Waals Gewest","Région wallonne","<5"
"2020-03-22","25048","Geldenaken","Jodoigne","Arrondissement Nijvel","Arrondissement de Nivelles","Provincie Waals-Brabant","Province du Brabant wallon","Waals Gewest","Région wallonne","<5"
"2020-03-22","25072","Nijvel","Nivelles","Arrondissement Nijvel","Arrondissement de Nivelles","Provincie Waals-Brabant","Province du Brabant wallon","Waals Gewest","Région wallonne","<5"
"2020-03-22","25105","Tubeke","Tubize","Arrondissement Nijvel","Arrondissement de Nivelles","Provincie Waals-Brabant","Province du Brabant wallon","Waals Gewest","Région wallonne","<5"
"2020-03-22","25110","Waterloo","Waterloo","Arrondissement Nijvel","Arrondissement de Nivelles","Provincie Waals-Brabant","Province du Brabant wallon","Waals Gewest","Région wallonne","<5"
"2020-03-22","25112","Waver","Wavre","Arrondissement Nijvel","Arrondissement de Nivelles","Provincie Waals-Brabant","Province du Brabant wallon","Waals Gewest","Région wallonne","<5"
"2020-03-22","25118","Hélécine","Hélécine","Arrondissement Nijvel","Arrondissement de Nivelles","Provincie Waals-Brabant","Province du Brabant wallon","Waals Gewest","Région wallonne","<5"
"2020-03-22","25121","Ottignies-Louvain-la-Neuve","Ottignies-Louvain-la-Neuve","Arrondissement Nijvel","Arrondissement de Nivelles","Provincie Waals-Brabant","Province du Brabant wallon","Waals Gewest","Région wallonne","<5"
"2020-03-22","25123","Rebecq","Rebecq","Arrondissement Nijvel","Arrondissement de Nivelles","Provincie Waals-Brabant","Province du Brabant wallon","Waals Gewest","Région wallonne","<5"
"2020-03-22","25124","Walhain","Walhain","Arrondissement Nijvel","Arrondissement de Nivelles","Provincie Waals-Brabant","Province du Brabant wallon","Waals Gewest","Région wallonne","<5"
"2020-03-22","31004","Blankenberge","Blankenberge","Arrondissement Brugge","Arrondissement de Bruges","Provincie West-Vlaanderen","Province de Flandre occidentale","Vlaams Gewest","Région flamande","<5"
"2020-03-22","31005","Brugge","Bruges","Arrondissement Brugge","Arrondissement de Bruges","Provincie West-Vlaanderen","Province de Flandre occidentale","Vlaams Gewest","Région flamande","5"
"2020-03-22","31006","Damme","Damme","Arrondissement Brugge","Arrondissement de Bruges","Provincie West-Vlaanderen","Province de Flandre occidentale","Vlaams Gewest","Région flamande","<5"
"2020-03-22","31040","Zedelgem","Zedelgem","Arrondissement Brugge","Arrondissement de Bruges","Provincie West-Vlaanderen","Province de Flandre occidentale","Vlaams Gewest","Région flamande","<5"
"2020-03-22","31043","Knokke-Heist","Knokke-Heist","Arrondissement Brugge","Arrondissement de Bruges","Provincie West-Vlaanderen","Province de Flandre occidentale","Vlaams Gewest","Région flamande","<5"
"2020-03-22","33011","Ieper","Ypres","Arrondissement Ieper","Arrondissement d’Ypres","Provincie West-Vlaanderen","Province de Flandre occidentale","Vlaams Gewest","Région flamande","<5"
"2020-03-22","33021","Poperinge","Poperinge","Arrondissement Ieper","Arrondissement d’Ypres","Provincie West-Vlaanderen","Province de Flandre occidentale","Vlaams Gewest","Région flamande","<5"
"2020-03-22","33029","Wervik","Wervik","Arrondissement Ieper","Arrondissement d’Ypres","Provincie West-Vlaanderen","Province de Flandre occidentale","Vlaams Gewest","Région flamande","<5"
"2020-03-22","33040","Langemark-Poelkapelle","Langemark-Poelkapelle","Arrondissement Ieper","Arrondissement d’Ypres","Provincie West-Vlaanderen","Province de Flandre occidentale","Vlaams Gewest","Région flamande","<5"
"2020-03-22","34002","Anzegem","Anzegem","Arrondissement Kortrijk","Arrondissement de Courtrai","Provincie West-Vlaanderen","Province de Flandre occidentale","Vlaams Gewest","Région flamande","<5"
"2020-03-22","34013","Harelbeke","Harelbeke","Arrondissement Kortrijk","Arrondissement de Courtrai","Provincie West-Vlaanderen","Province de Flandre occidentale","Vlaams Gewest","Région flamande","<5"
"2020-03-22","34022","Kortrijk","Courtrai","Arrondissement Kortrijk","Arrondissement de Courtrai","Provincie West-Vlaanderen","Province de Flandre occidentale","Vlaams Gewest","Région flamande","<5"
"2020-03-22","34027","Menen","Menin","Arrondissement Kortrijk","Arrondissement de Courtrai","Provincie West-Vlaanderen","Province de Flandre occidentale","Vlaams Gewest","Région flamande","<5"
"2020-03-22","34040","Waregem","Waregem","Arrondissement Kortrijk","Arrondissement de Courtrai","Provincie West-Vlaanderen","Province de Flandre occidentale","Vlaams Gewest","Région flamande","<5"
"2020-03-22","34041","Wevelgem","Wevelgem","Arrondissement Kortrijk","Arrondissement de Courtrai","Provincie West-Vlaanderen","Province de Flandre occidentale","Vlaams Gewest","Région flamande","<5"
"2020-03-22","34042","Zwevegem","Zwevegem","Arrondissement Kortrijk","Arrondissement de Courtrai","Provincie West-Vlaanderen","Province de Flandre occidentale","Vlaams Gewest","Région flamande","<5"
"2020-03-22","35002","Bredene","Bredene","Arrondissement Oostende","Arrondissement d’Ostende","Provincie West-Vlaanderen","Province de Flandre occidentale","Vlaams Gewest","Région flamande","<5"
"2020-03-22","35006","Ichtegem","Ichtegem","Arrondissement Oostende","Arrondissement d’Ostende","Provincie West-Vlaanderen","Province de Flandre occidentale","Vlaams Gewest","Région flamande","<5"
"2020-03-22","35013","Oostende","Ostende","Arrondissement Oostende","Arrondissement d’Ostende","Provincie West-Vlaanderen","Province de Flandre occidentale","Vlaams Gewest","Région flamande","<5"
"2020-03-22","35029","De Haan","De Haan","Arrondissement Oostende","Arrondissement d’Ostende","Provincie West-Vlaanderen","Province de Flandre occidentale","Vlaams Gewest","Région flamande","<5"
"2020-03-22","36010","Ledegem","Ledegem","Arrondissement Roeselare","Arrondissement de Roulers","Provincie West-Vlaanderen","Province de Flandre occidentale","Vlaams Gewest","Région flamande","<5"
"2020-03-22","36012","Moorslede","Moorslede","Arrondissement Roeselare","Arrondissement de Roulers","Provincie West-Vlaanderen","Province de Flandre occidentale","Vlaams Gewest","Région flamande","<5"
"2020-03-22","36015","Roeselare","Roulers","Arrondissement Roeselare","Arrondissement de Roulers","Provincie West-Vlaanderen","Province de Flandre occidentale","Vlaams Gewest","Région flamande","<5"
"2020-03-22","37002","Dentergem","Dentergem","Arrondissement Tielt","Arrondissement de Tielt","Provincie West-Vlaanderen","Province de Flandre occidentale","Vlaams Gewest","Région flamande","<5"
"2020-03-22","37012","Ruiselede","Ruiselede","Arrondissement Tielt","Arrondissement de Tielt","Provincie West-Vlaanderen","Province de Flandre occidentale","Vlaams Gewest","Région flamande","<5"
"2020-03-22","37015","Tielt (Tielt)","Tielt (Tielt)","Arrondissement Tielt","Arrondissement de Tielt","Provincie West-Vlaanderen","Province de Flandre occidentale","Vlaams Gewest","Région flamande","<5"
"2020-03-22","37018","Wingene","Wingene","Arrondissement Tielt","Arrondissement de Tielt","Provincie West-Vlaanderen","Province de Flandre occidentale","Vlaams Gewest","Région flamande","<5"
"2020-03-22","37020","Ardooie","Ardooie","Arrondissement Tielt","Arrondissement de Tielt","Provincie West-Vlaanderen","Province de Flandre occidentale","Vlaams Gewest","Région flamande","<5"
"2020-03-22","38008","De Panne","La Panne","Arrondissement Veurne","Arrondissement de Furnes","Provincie West-Vlaanderen","Province de Flandre occidentale","Vlaams Gewest","Région flamande","<5"
"2020-03-22","41002","Aalst (Aalst)","Alost (Alost)","Arrondissement Aalst","Arrondissement d’Alost","Provincie Oost-Vlaanderen","Province de Flandre orientale","Vlaams Gewest","Région flamande","<5"
"2020-03-22","41048","Ninove","Ninove","Arrondissement Aalst","Arrondissement d’Alost","Provincie Oost-Vlaanderen","Province de Flandre orientale","Vlaams Gewest","Région flamande","<5"
"2020-03-22","42006","Dendermonde","Termonde","Arrondissement Dendermonde","Arrondissement de Termonde","Provincie Oost-Vlaanderen","Province de Flandre orientale","Vlaams Gewest","Région flamande","<5"
"2020-03-22","42008","Hamme (Dendermonde)","Hamme (Termonde)","Arrondissement Dendermonde","Arrondissement de Termonde","Provincie Oost-Vlaanderen","Province de Flandre orientale","Vlaams Gewest","Région flamande","<5"
"2020-03-22","42025","Wetteren","Wetteren","Arrondissement Dendermonde","Arrondissement de Termonde","Provincie Oost-Vlaanderen","Province de Flandre orientale","Vlaams Gewest","Région flamande","<5"
"2020-03-22","43005","Eeklo","Eeklo","Arrondissement Eeklo","Arrondissement d’Eeklo","Provincie Oost-Vlaanderen","Province de Flandre orientale","Vlaams Gewest","Région flamande","<5"
"2020-03-22","44013","Destelbergen","Destelbergen","Arrondissement Gent","Arrondissement de Gand","Provincie Oost-Vlaanderen","Province de Flandre orientale","Vlaams Gewest","Région flamande","<5"
"2020-03-22","44019","Evergem","Evergem","Arrondissement Gent","Arrondissement de Gand","Provincie Oost-Vlaanderen","Province de Flandre orientale","Vlaams Gewest","Région flamande","<5"
"2020-03-22","44021","Gent","Gand","Arrondissement Gent","Arrondissement de Gand","Provincie Oost-Vlaanderen","Province de Flandre orientale","Vlaams Gewest","Région flamande","<5"
"2020-03-22","44034","Lochristi","Lochristi","Arrondissement Gent","Arrondissement de Gand","Provincie Oost-Vlaanderen","Province de Flandre orientale","Vlaams Gewest","Région flamande","<5"
"2020-03-22","44043","Merelbeke","Merelbeke","Arrondissement Gent","Arrondissement de Gand","Provincie Oost-Vlaanderen","Province de Flandre orientale","Vlaams Gewest","Région flamande","<5"
"2020-03-22","44064","Sint-Martens-Latem","Sint-Martens-Latem","Arrondissement Gent","Arrondissement de Gand","Provincie Oost-Vlaanderen","Province de Flandre orientale","Vlaams Gewest","Région flamande","<5"
"2020-03-22","44073","Wachtebeke","Wachtebeke","Arrondissement Gent","Arrondissement de Gand","Provincie Oost-Vlaanderen","Province de Flandre orientale","Vlaams Gewest","Région flamande","<5"
"2020-03-22","44081","Zulte","Zulte","Arrondissement Gent","Arrondissement de Gand","Provincie Oost-Vlaanderen","Province de Flandre orientale","Vlaams Gewest","Région flamande","<5"
"2020-03-22","44083","Deinze","Deinze","Arrondissement Gent","Arrondissement de Gand","Provincie Oost-Vlaanderen","Province de Flandre orientale","Vlaams Gewest","Région flamande","<5"
"2020-03-22","44084","Aalter","Aalter","Arrondissement Gent","Arrondissement de Gand","Provincie Oost-Vlaanderen","Province de Flandre orientale","Vlaams Gewest","Région flamande","<5"
"2020-03-22","44085","Lievegem","Lievegem","Arrondissement Gent","Arrondissement de Gand","Provincie Oost-Vlaanderen","Province de Flandre orientale","Vlaams Gewest","Région flamande","<5"
"2020-03-22","45035","Oudenaarde","Audenarde","Arrondissement Oudenaarde","Arrondissement d’Audenarde","Provincie Oost-Vlaanderen","Province de Flandre orientale","Vlaams Gewest","Région flamande","<5"
"2020-03-22","45041","Ronse","Renaix","Arrondissement Oudenaarde","Arrondissement d’Audenarde","Provincie Oost-Vlaanderen","Province de Flandre orientale","Vlaams Gewest","Région flamande","<5"
"2020-03-22","45062","Horebeke","Horebeke","Arrondissement Oudenaarde","Arrondissement d’Audenarde","Provincie Oost-Vlaanderen","Province de Flandre orientale","Vlaams Gewest","Région flamande","<5"
"2020-03-22","46003","Beveren (Sint-Niklaas)","Beveren (Saint-Nicolas)","Arrondissement Sint-Niklaas","Arrondissement de Saint-Nicolas","Provincie Oost-Vlaanderen","Province de Flandre orientale","Vlaams Gewest","Région flamande","<5"
"2020-03-22","46014","Lokeren","Lokeren","Arrondissement Sint-Niklaas","Arrondissement de Saint-Nicolas","Provincie Oost-Vlaanderen","Province de Flandre orientale","Vlaams Gewest","Région flamande","<5"
"2020-03-22","46020","Sint-Gillis-Waas","Sint-Gillis-Waas","Arrondissement Sint-Niklaas","Arrondissement de Saint-Nicolas","Provincie Oost-Vlaanderen","Province de Flandre orientale","Vlaams Gewest","Région flamande","<5"
"2020-03-22","46021","Sint-Niklaas (Sint-Niklaas)","Saint-Nicolas (Saint-Nicolas)","Arrondissement Sint-Niklaas","Arrondissement de Saint-Nicolas","Provincie Oost-Vlaanderen","Province de Flandre orientale","Vlaams Gewest","Région flamande","5"
"2020-03-22","46024","Stekene","Stekene","Arrondissement Sint-Niklaas","Arrondissement de Saint-Nicolas","Provincie Oost-Vlaanderen","Province de Flandre orientale","Vlaams Gewest","Région flamande","<5"
"2020-03-22","46025","Temse","Tamise","Arrondissement Sint-Niklaas","Arrondissement de Saint-Nicolas","Provincie Oost-Vlaanderen","Province de Flandre orientale","Vlaams Gewest","Région flamande","<5"
"2020-03-22","51004","Aat","Ath","Arrondissement Aat","Arrondissement d’Ath","Provincie Henegouwen","Province du Hainaut","Waals Gewest","Région wallonne","<5"
"2020-03-22","51017","Elzele","Ellezelles","Arrondissement Aat","Arrondissement d’Ath","Provincie Henegouwen","Province du Hainaut","Waals Gewest","Région wallonne","<5"
"2020-03-22","51068","Opzullik","Silly","Arrondissement Aat","Arrondissement d’Ath","Provincie Henegouwen","Province du Hainaut","Waals Gewest","Région wallonne","<5"
"2020-03-22","51069","Lessen","Lessines","Arrondissement Aat","Arrondissement d’Ath","Provincie Henegouwen","Province du Hainaut","Waals Gewest","Région wallonne","<5"
"2020-03-22","52011","Charleroi","Charleroi","Arrondissement Charleroi","Arrondissement de Charleroi","Provincie Henegouwen","Province du Hainaut","Waals Gewest","Région wallonne","<5"
"2020-03-22","52015","Courcelles","Courcelles","Arrondissement Charleroi","Arrondissement de Charleroi","Provincie Henegouwen","Province du Hainaut","Waals Gewest","Région wallonne","<5"
"2020-03-22","53014","Boussu","Boussu","Arrondissement Bergen","Arrondissement de Mons","Provincie Henegouwen","Province du Hainaut","Waals Gewest","Région wallonne","<5"
"2020-03-22","53020","Dour","Dour","Arrondissement Bergen","Arrondissement de Mons","Provincie Henegouwen","Province du Hainaut","Waals Gewest","Région wallonne","<5"
"2020-03-22","53028","Frameries","Frameries","Arrondissement Bergen","Arrondissement de Mons","Provincie Henegouwen","Province du Hainaut","Waals Gewest","Région wallonne","<5"
"2020-03-22","53039","Hensies","Hensies","Arrondissement Bergen","Arrondissement de Mons","Provincie Henegouwen","Province du Hainaut","Waals Gewest","Région wallonne","<5"
"2020-03-22","53053","Bergen","Mons","Arrondissement Bergen","Arrondissement de Mons","Provincie Henegouwen","Province du Hainaut","Waals Gewest","Région wallonne","8"
"2020-03-22","53065","Quaregnon","Quaregnon","Arrondissement Bergen","Arrondissement de Mons","Provincie Henegouwen","Province du Hainaut","Waals Gewest","Région wallonne","5"
"2020-03-22","53082","Colfontaine","Colfontaine","Arrondissement Bergen","Arrondissement de Mons","Provincie Henegouwen","Province du Hainaut","Waals Gewest","Région wallonne","<5"
"2020-03-22","55035","Le Roeulx","Le Roeulx","Arrondissement Zinnik","Arrondissement de Soignies","Provincie Henegouwen","Province du Hainaut","Waals Gewest","Région wallonne","<5"
"2020-03-22","55040","Zinnik","Soignies","Arrondissement Zinnik","Arrondissement de Soignies","Provincie Henegouwen","Province du Hainaut","Waals Gewest","Région wallonne","<5"
"2020-03-22","55050","Ecaussinnes","Ecaussinnes","Arrondissement Zinnik","Arrondissement de Soignies","Provincie Henegouwen","Province du Hainaut","Waals Gewest","Région wallonne","<5"
"2020-03-22","55085","Seneffe","Seneffe","Arrondissement Zinnik","Arrondissement de Soignies","Provincie Henegouwen","Province du Hainaut","Waals Gewest","Région wallonne","<5"
"2020-03-22","55086","Manage","Manage","Arrondissement Zinnik","Arrondissement de Soignies","Provincie Henegouwen","Province du Hainaut","Waals Gewest","Région wallonne","<5"
"2020-03-22","56016","Chimay","Chimay","Arrondissement Thuin","Arrondissement de Thuin","Provincie Henegouwen","Province du Hainaut","Waals Gewest","Région wallonne","<5"
"2020-03-22","56022","Erquelinnes","Erquelinnes","Arrondissement Thuin","Arrondissement de Thuin","Provincie Henegouwen","Province du Hainaut","Waals Gewest","Région wallonne","<5"
"2020-03-22","56044","Lobbes","Lobbes","Arrondissement Thuin","Arrondissement de Thuin","Provincie Henegouwen","Province du Hainaut","Waals Gewest","Région wallonne","<5"
"2020-03-22","56049","Merbes-le-Château","Merbes-le-Château","Arrondissement Thuin","Arrondissement de Thuin","Provincie Henegouwen","Province du Hainaut","Waals Gewest","Région wallonne","<5"
"2020-03-22","57064","Péruwelz","Péruwelz","Arrondissement Doornik-Moeskroen","Arrondissement de Tournai-Mouscron","Provincie Henegouwen","Province du Hainaut","Waals Gewest","Région wallonne","<5"
"2020-03-22","57081","Doornik","Tournai","Arrondissement Doornik-Moeskroen","Arrondissement de Tournai-Mouscron","Provincie Henegouwen","Province du Hainaut","Waals Gewest","Région wallonne","<5"
"2020-03-22","57096","Moeskroen","Mouscron","Arrondissement Doornik-Moeskroen","Arrondissement de Tournai-Mouscron","Provincie Henegouwen","Province du Hainaut","Waals Gewest","Région wallonne","<5"
"2020-03-22","57097","Komen-Waasten","Comines-Warneton","Arrondissement Doornik-Moeskroen","Arrondissement de Tournai-Mouscron","Provincie Henegouwen","Province du Hainaut","Waals Gewest","Région wallonne","<5"
"2020-03-22","58001","La Louvière","La Louvière","Arrondissement La Louvière","Arrondissement de La Louvière","Provincie Henegouwen","Province du Hainaut","Waals Gewest","Région wallonne","7"
"2020-03-22","58002","Binche","Binche","Arrondissement La Louvière","Arrondissement de La Louvière","Provincie Henegouwen","Province du Hainaut","Waals Gewest","Région wallonne","<5"
"2020-03-22","58004","Morlanwelz","Morlanwelz","Arrondissement La Louvière","Arrondissement de La Louvière","Provincie Henegouwen","Province du Hainaut","Waals Gewest","Région wallonne","<5"
"2020-03-22","61003","Amay","Amay","Arrondissement Hoei","Arrondissement de Huy","Provincie Luik","Province de Liège","Waals Gewest","Région wallonne","<5"
"2020-03-22","61019","Ferrières","Ferrières","Arrondissement Hoei","Arrondissement de Huy","Provincie Luik","Province de Liège","Waals Gewest","Région wallonne","<5"
"2020-03-22","61024","Hamoir","Hamoir","Arrondissement Hoei","Arrondissement de Huy","Provincie Luik","Province de Liège","Waals Gewest","Région wallonne","<5"
"2020-03-22","61031","Hoei","Huy","Arrondissement Hoei","Arrondissement de Huy","Provincie Luik","Province de Liège","Waals Gewest","Région wallonne","<5"
"2020-03-22","61039","Marchin","Marchin","Arrondissement Hoei","Arrondissement de Huy","Provincie Luik","Province de Liège","Waals Gewest","Région wallonne","<5"
"2020-03-22","61043","Nandrin","Nandrin","Arrondissement Hoei","Arrondissement de Huy","Provincie Luik","Province de Liège","Waals Gewest","Région wallonne","<5"
"2020-03-22","61080","Engis","Engis","Arrondissement Hoei","Arrondissement de Huy","Provincie Luik","Province de Liège","Waals Gewest","Région wallonne","<5"
"2020-03-22","62003","Ans","Ans","Arrondissement Luik","Arrondissement de Liège","Provincie Luik","Province de Liège","Waals Gewest","Région wallonne","<5"
"2020-03-22","62006","Awans","Awans","Arrondissement Luik","Arrondissement de Liège","Provincie Luik","Province de Liège","Waals Gewest","Région wallonne","<5"
"2020-03-22","62015","Beyne-Heusay","Beyne-Heusay","Arrondissement Luik","Arrondissement de Liège","Provincie Luik","Province de Liège","Waals Gewest","Région wallonne","<5"
"2020-03-22","62022","Chaudfontaine","Chaudfontaine","Arrondissement Luik","Arrondissement de Liège","Provincie Luik","Province de Liège","Waals Gewest","Région wallonne","<5"
"2020-03-22","62032","Esneux","Esneux","Arrondissement Luik","Arrondissement de Liège","Provincie Luik","Province de Liège","Waals Gewest","Région wallonne","<5"
"2020-03-22","62038","Fléron","Fléron","Arrondissement Luik","Arrondissement de Liège","Provincie Luik","Province de Liège","Waals Gewest","Région wallonne","<5"
"2020-03-22","62051","Herstal","Herstal","Arrondissement Luik","Arrondissement de Liège","Provincie Luik","Province de Liège","Waals Gewest","Région wallonne","<5"
"2020-03-22","62060","Juprelle","Juprelle","Arrondissement Luik","Arrondissement de Liège","Provincie Luik","Province de Liège","Waals Gewest","Région wallonne","<5"
"2020-03-22","62063","Luik","Liège","Arrondissement Luik","Arrondissement de Liège","Provincie Luik","Province de Liège","Waals Gewest","Région wallonne","10"
"2020-03-22","62079","Oupeye","Oupeye","Arrondissement Luik","Arrondissement de Liège","Provincie Luik","Province de Liège","Waals Gewest","Région wallonne","<5"
"2020-03-22","62093","Saint-Nicolas (Luik)","Saint-Nicolas (Liège)","Arrondissement Luik","Arrondissement de Liège","Provincie Luik","Province de Liège","Waals Gewest","Région wallonne","<5"
"2020-03-22","62096","Seraing","Seraing","Arrondissement Luik","Arrondissement de Liège","Provincie Luik","Province de Liège","Waals Gewest","Région wallonne","11"
"2020-03-22","62100","Sprimont","Sprimont","Arrondissement Luik","Arrondissement de Liège","Provincie Luik","Province de Liège","Waals Gewest","Région wallonne","<5"
"2020-03-22","62108","Wezet","Visé","Arrondissement Luik","Arrondissement de Liège","Provincie Luik","Province de Liège","Waals Gewest","Région wallonne","<5"
"2020-03-22","62118","Grâce-Hollogne","Grâce-Hollogne","Arrondissement Luik","Arrondissement de Liège","Provincie Luik","Province de Liège","Waals Gewest","Région wallonne","<5"
"2020-03-22","62119","Blegny","Blegny","Arrondissement Luik","Arrondissement de Liège","Provincie Luik","Province de Liège","Waals Gewest","Région wallonne","<5"
"2020-03-22","63013","Bütgenbach","Butgenbach","Arrondissement Verviers","Arrondissement de Verviers","Provincie Luik","Province de Liège","Waals Gewest","Région wallonne","<5"
"2020-03-22","63023","Eupen","Eupen","Arrondissement Verviers","Arrondissement de Verviers","Provincie Luik","Province de Liège","Waals Gewest","Région wallonne","<5"
"2020-03-22","63035","Herve","Herve","Arrondissement Verviers","Arrondissement de Verviers","Provincie Luik","Province de Liège","Waals Gewest","Région wallonne","<5"
"2020-03-22","63049","Malmedy","Malmedy","Arrondissement Verviers","Arrondissement de Verviers","Provincie Luik","Province de Liège","Waals Gewest","Région wallonne","<5"
"2020-03-22","63076","Theux","Theux","Arrondissement Verviers","Arrondissement de Verviers","Provincie Luik","Province de Liège","Waals Gewest","Région wallonne","<5"
"2020-03-22","63079","Verviers","Verviers","Arrondissement Verviers","Arrondissement de Verviers","Provincie Luik","Province de Liège","Waals Gewest","Région wallonne","<5"
"2020-03-22","63089","Thimister-Clermont","Thimister-Clermont","Arrondissement Verviers","Arrondissement de Verviers","Provincie Luik","Province de Liège","Waals Gewest","Région wallonne","<5"
"2020-03-22","64015","Braives","Braives","Arrondissement Borgworm","Arrondissement de Waremme","Provincie Luik","Province de Liège","Waals Gewest","Région wallonne","<5"
"2020-03-22","71011","Diepenbeek","Diepenbeek","Arrondissement Hasselt","Arrondissement de Hasselt","Provincie Limburg","Province du Limbourg","Vlaams Gewest","Région flamande","<5"
"2020-03-22","71016","Genk","Genk","Arrondissement Hasselt","Arrondissement de Hasselt","Provincie Limburg","Province du Limbourg","Vlaams Gewest","Région flamande","6"
"2020-03-22","71017","Gingelom","Gingelom","Arrondissement Hasselt","Arrondissement de Hasselt","Provincie Limburg","Province du Limbourg","Vlaams Gewest","Région flamande","<5"
"2020-03-22","71020","Halen","Halen","Arrondissement Hasselt","Arrondissement de Hasselt","Provincie Limburg","Province du Limbourg","Vlaams Gewest","Région flamande","<5"
"2020-03-22","71022","Hasselt","Hasselt","Arrondissement Hasselt","Arrondissement de Hasselt","Provincie Limburg","Province du Limbourg","Vlaams Gewest","Région flamande","<5"
"2020-03-22","71024","Herk-de-Stad","Herck-la-Ville","Arrondissement Hasselt","Arrondissement de Hasselt","Provincie Limburg","Province du Limbourg","Vlaams Gewest","Région flamande","<5"
"2020-03-22","71034","Leopoldsburg","Bourg-Léopold","Arrondissement Hasselt","Arrondissement de Hasselt","Provincie Limburg","Province du Limbourg","Vlaams Gewest","Région flamande","<5"
"2020-03-22","71037","Lummen","Lummen","Arrondissement Hasselt","Arrondissement de Hasselt","Provincie Limburg","Province du Limbourg","Vlaams Gewest","Région flamande","<5"
"2020-03-22","71053","Sint-Truiden","Saint-Trond","Arrondissement Hasselt","Arrondissement de Hasselt","Provincie Limburg","Province du Limbourg","Vlaams Gewest","Région flamande","6"
"2020-03-22","71069","Ham","Ham","Arrondissement Hasselt","Arrondissement de Hasselt","Provincie Limburg","Province du Limbourg","Vlaams Gewest","Région flamande","<5"
"2020-03-22","71070","Heusden-Zolder","Heusden-Zolder","Arrondissement Hasselt","Arrondissement de Hasselt","Provincie Limburg","Province du Limbourg","Vlaams Gewest","Région flamande","<5"
"2020-03-22","72003","Bocholt","Bocholt","Arrondissement Maaseik","Arrondissement de Maaseik","Provincie Limburg","Province du Limbourg","Vlaams Gewest","Région flamande","<5"
"2020-03-22","72004","Bree","Bree","Arrondissement Maaseik","Arrondissement de Maaseik","Provincie Limburg","Province du Limbourg","Vlaams Gewest","Région flamande","<5"
"2020-03-22","72018","Kinrooi","Kinrooi","Arrondissement Maaseik","Arrondissement de Maaseik","Provincie Limburg","Province du Limbourg","Vlaams Gewest","Région flamande","<5"
"2020-03-22","72020","Lommel","Lommel","Arrondissement Maaseik","Arrondissement de Maaseik","Provincie Limburg","Province du Limbourg","Vlaams Gewest","Région flamande","<5"
"2020-03-22","72037","Hamont-Achel","Hamont-Achel","Arrondissement Maaseik","Arrondissement de Maaseik","Provincie Limburg","Province du Limbourg","Vlaams Gewest","Région flamande","<5"
"2020-03-22","72042","Oudsbergen","Oudsbergen","Arrondissement Maaseik","Arrondissement de Maaseik","Provincie Limburg","Province du Limbourg","Vlaams Gewest","Région flamande","<5"
"2020-03-22","72043","Pelt","Pelt","Arrondissement Maaseik","Arrondissement de Maaseik","Provincie Limburg","Province du Limbourg","Vlaams Gewest","Région flamande","<5"
"2020-03-22","73006","Bilzen","Bilzen","Arrondissement Tongeren","Arrondissement de Tongres","Provincie Limburg","Province du Limbourg","Vlaams Gewest","Région flamande","<5"
"2020-03-22","73022","Heers","Heers","Arrondissement Tongeren","Arrondissement de Tongres","Provincie Limburg","Province du Limbourg","Vlaams Gewest","Région flamande","<5"
"2020-03-22","73032","Hoeselt","Hoeselt","Arrondissement Tongeren","Arrondissement de Tongres","Provincie Limburg","Province du Limbourg","Vlaams Gewest","Région flamande","<5"
"2020-03-22","73040","Kortessem","Kortessem","Arrondissement Tongeren","Arrondissement de Tongres","Provincie Limburg","Province du Limbourg","Vlaams Gewest","Région flamande","<5"
"2020-03-22","73042","Lanaken","Lanaken","Arrondissement Tongeren","Arrondissement de Tongres","Provincie Limburg","Province du Limbourg","Vlaams Gewest","Région flamande","<5"
"2020-03-22","73098","Wellen","Wellen","Arrondissement Tongeren","Arrondissement de Tongres","Provincie Limburg","Province du Limbourg","Vlaams Gewest","Région flamande","<5"
"2020-03-22","81001","Aarlen","Arlon","Arrondissement Aarlen","Arrondissement d’Arlon","Provincie Luxemburg","Province du Luxembourg","Waals Gewest","Région wallonne","<5"
"2020-03-22","81004","Aubange","Aubange","Arrondissement Aarlen","Arrondissement d’Arlon","Provincie Luxemburg","Province du Luxembourg","Waals Gewest","Région wallonne","<5"
"2020-03-22","82014","Houffalize","Houffalize","Arrondissement Bastenaken","Arrondissement de Bastogne","Provincie Luxemburg","Province du Luxembourg","Waals Gewest","Région wallonne","<5"
"2020-03-22","83031","La Roche-en-Ardenne","La Roche-en-Ardenne","Arrondissement Marche-en-Famenne","Arrondissement de Marche-en-Famenne","Provincie Luxemburg","Province du Luxembourg","Waals Gewest","Région wallonne","<5"
"2020-03-22","83034","Marche-en-Famenne","Marche-en-Famenne","Arrondissement Marche-en-Famenne","Arrondissement de Marche-en-Famenne","Provincie Luxemburg","Province du Luxembourg","Waals Gewest","Région wallonne","<5"
"2020-03-22","84009","Bertrix","Bertrix","Arrondissement Neufchâteau","Arrondissement de Neufchâteau","Provincie Luxemburg","Province du Luxembourg","Waals Gewest","Région wallonne","<5"
"2020-03-22","84016","Daverdisse","Daverdisse","Arrondissement Neufchâteau","Arrondissement de Neufchâteau","Provincie Luxemburg","Province du Luxembourg","Waals Gewest","Région wallonne","<5"
"2020-03-22","84043","Neufchâteau (Neufchâteau)","Neufchâteau (Neufchâteau)","Arrondissement Neufchâteau","Arrondissement de Neufchâteau","Provincie Luxemburg","Province du Luxembourg","Waals Gewest","Région wallonne","<5"
"2020-03-22","85009","Etalle","Etalle","Arrondissement Virton","Arrondissement de Virton","Provincie Luxemburg","Province du Luxembourg","Waals Gewest","Région wallonne","<5"
"2020-03-22","91005","Anhée","Anhée","Arrondissement Dinant","Arrondissement de Dinant","Provincie Namen","Province de Namur","Waals Gewest","Région wallonne","<5"
"2020-03-22","91064","Havelange","Havelange","Arrondissement Dinant","Arrondissement de Dinant","Provincie Namen","Province de Namur","Waals Gewest","Région wallonne","<5"
"2020-03-22","91114","Rochefort","Rochefort","Arrondissement Dinant","Arrondissement de Dinant","Provincie Namen","Province de Namur","Waals Gewest","Région wallonne","<5"
"2020-03-22","92045","Floreffe","Floreffe","Arrondissement Namen","Arrondissement de Namur","Provincie Namen","Province de Namur","Waals Gewest","Région wallonne","<5"
"2020-03-22","92087","Mettet","Mettet","Arrondissement Namen","Arrondissement de Namur","Provincie Namen","Province de Namur","Waals Gewest","Région wallonne","<5"
"2020-03-22","92094","Namen","Namur","Arrondissement Namen","Arrondissement de Namur","Provincie Namen","Province de Namur","Waals Gewest","Région wallonne","<5"
"2020-03-22","92101","Profondeville","Profondeville","Arrondissement Namen","Arrondissement de Namur","Provincie Namen","Province de Namur","Waals Gewest","Région wallonne","<5"
"2020-03-22","92140","Jemeppe-sur-Sambre","Jemeppe-sur-Sambre","Arrondissement Namen","Arrondissement de Namur","Provincie Namen","Province de Namur","Waals Gewest","Région wallonne","<5"
"2020-03-22","93014","Couvin","Couvin","Arrondissement Philippeville","Arrondissement de Philippeville","Provincie Namen","Province de Namur","Waals Gewest","Région wallonne","<5"
"2020-03-22","93022","Florennes","Florennes","Arrondissement Philippeville","Arrondissement de Philippeville","Provincie Namen","Province de Namur","Waals Gewest","Région wallonne","<5"
"2020-03-22","93090","Viroinval","Viroinval","Arrondissement Philippeville","Arrondissement de Philippeville","Provincie Namen","Province de Namur","Waals Gewest","Région wallonne","<5"
"2020-03-22",NA,NA,NA,NA,NA,NA,NA,NA,NA,"14"
"2020-03-23","11001","Aartselaar","Aartselaar","Arrondissement Antwerpen","Arrondissement d’Anvers","Provincie Antwerpen","Province d’Anvers","Vlaams Gewest","Région flamande","<5"
"2020-03-23","11002","Antwerpen","Anvers","Arrondissement Antwerpen","Arrondissement d’Anvers","Provincie Antwerpen","Province d’Anvers","Vlaams Gewest","Région flamande","53"
"2020-03-23","11004","Boechout","Boechout","Arrondissement Antwerpen","Arrondissement d’Anvers","Provincie Antwerpen","Province d’Anvers","Vlaams Gewest","Région flamande","<5"
"2020-03-23","11005","Boom","Boom","Arrondissement Antwerpen","Arrondissement d’Anvers","Provincie Antwerpen","Province d’Anvers","Vlaams Gewest","Région flamande","<5"
"2020-03-23","11007","Borsbeek","Borsbeek","Arrondissement Antwerpen","Arrondissement d’Anvers","Provincie Antwerpen","Province d’Anvers","Vlaams Gewest","Région flamande","<5"
"2020-03-23","11008","Brasschaat","Brasschaat","Arrondissement Antwerpen","Arrondissement d’Anvers","Provincie Antwerpen","Province d’Anvers","Vlaams Gewest","Région flamande","<5"
"2020-03-23","11009","Brecht","Brecht","Arrondissement Antwerpen","Arrondissement d’Anvers","Provincie Antwerpen","Province d’Anvers","Vlaams Gewest","Région flamande","<5"
"2020-03-23","11013","Edegem","Edegem","Arrondissement Antwerpen","Arrondissement d’Anvers","Provincie Antwerpen","Province d’Anvers","Vlaams Gewest","Région flamande","<5"
"2020-03-23","11018","Hemiksem","Hemiksem","Arrondissement Antwerpen","Arrondissement d’Anvers","Provincie Antwerpen","Province d’Anvers","Vlaams Gewest","Région flamande","<5"
"2020-03-23","11023","Kapellen (Antwerpen)","Kapellen (Anvers)","Arrondissement Antwerpen","Arrondissement d’Anvers","Provincie Antwerpen","Province d’Anvers","Vlaams Gewest","Région flamande","<5"
"2020-03-23","11024","Kontich","Kontich","Arrondissement Antwerpen","Arrondissement d’Anvers","Provincie Antwerpen","Province d’Anvers","Vlaams Gewest","Région flamande","<5"
"2020-03-23","11025","Lint","Lint","Arrondissement Antwerpen","Arrondissement d’Anvers","Provincie Antwerpen","Province d’Anvers","Vlaams Gewest","Région flamande","<5"
"2020-03-23","11029","Mortsel","Mortsel","Arrondissement Antwerpen","Arrondissement d’Anvers","Provincie Antwerpen","Province d’Anvers","Vlaams Gewest","Région flamande","<5"
"2020-03-23","11035","Ranst","Ranst","Arrondissement Antwerpen","Arrondissement d’Anvers","Provincie Antwerpen","Province d’Anvers","Vlaams Gewest","Région flamande","<5"
"2020-03-23","11037","Rumst","Rumst","Arrondissement Antwerpen","Arrondissement d’Anvers","Provincie Antwerpen","Province d’Anvers","Vlaams Gewest","Région flamande","<5"
"2020-03-23","11038","Schelle","Schelle","Arrondissement Antwerpen","Arrondissement d’Anvers","Provincie Antwerpen","Province d’Anvers","Vlaams Gewest","Région flamande","<5"
"2020-03-23","11039","Schilde","Schilde","Arrondissement Antwerpen","Arrondissement d’Anvers","Provincie Antwerpen","Province d’Anvers","Vlaams Gewest","Région flamande","<5"
"2020-03-23","11040","Schoten","Schoten","Arrondissement Antwerpen","Arrondissement d’Anvers","Provincie Antwerpen","Province d’Anvers","Vlaams Gewest","Région flamande","<5"
"2020-03-23","11054","Zandhoven","Zandhoven","Arrondissement Antwerpen","Arrondissement d’Anvers","Provincie Antwerpen","Province d’Anvers","Vlaams Gewest","Région flamande","<5"
"2020-03-23","11055","Zoersel","Zoersel","Arrondissement Antwerpen","Arrondissement d’Anvers","Provincie Antwerpen","Province d’Anvers","Vlaams Gewest","Région flamande","<5"
"2020-03-23","11056","Zwijndrecht","Zwijndrecht","Arrondissement Antwerpen","Arrondissement d’Anvers","Provincie Antwerpen","Province d’Anvers","Vlaams Gewest","Région flamande","<5"
"2020-03-23","11057","Malle","Malle","Arrondissement Antwerpen","Arrondissement d’Anvers","Provincie Antwerpen","Province d’Anvers","Vlaams Gewest","Région flamande","<5"
"2020-03-23","12002","Berlaar","Berlaar","Arrondissement Mechelen","Arrondissement de Malines","Provincie Antwerpen","Province d’Anvers","Vlaams Gewest","Région flamande","<5"
"2020-03-23","12005","Bonheiden","Bonheiden","Arrondissement Mechelen","Arrondissement de Malines","Provincie Antwerpen","Province d’Anvers","Vlaams Gewest","Région flamande","<5"
"2020-03-23","12007","Bornem","Bornem","Arrondissement Mechelen","Arrondissement de Malines","Provincie Antwerpen","Province d’Anvers","Vlaams Gewest","Région flamande","<5"
"2020-03-23","12014","Heist-op-den-Berg","Heist-op-den-Berg","Arrondissement Mechelen","Arrondissement de Malines","Provincie Antwerpen","Province d’Anvers","Vlaams Gewest","Région flamande","11"
"2020-03-23","12021","Lier","Lierre","Arrondissement Mechelen","Arrondissement de Malines","Provincie Antwerpen","Province d’Anvers","Vlaams Gewest","Région flamande","5"
"2020-03-23","12025","Mechelen","Malines","Arrondissement Mechelen","Arrondissement de Malines","Provincie Antwerpen","Province d’Anvers","Vlaams Gewest","Région flamande","7"
"2020-03-23","12026","Nijlen","Nijlen","Arrondissement Mechelen","Arrondissement de Malines","Provincie Antwerpen","Province d’Anvers","Vlaams Gewest","Région flamande","<5"
"2020-03-23","12035","Sint-Katelijne-Waver","Sint-Katelijne-Waver","Arrondissement Mechelen","Arrondissement de Malines","Provincie Antwerpen","Province d’Anvers","Vlaams Gewest","Région flamande","5"
"2020-03-23","12040","Willebroek","Willebroek","Arrondissement Mechelen","Arrondissement de Malines","Provincie Antwerpen","Province d’Anvers","Vlaams Gewest","Région flamande","<5"
"2020-03-23","12041","Puurs-Sint-Amands","Puurs-Sint-Amands","Arrondissement Mechelen","Arrondissement de Malines","Provincie Antwerpen","Province d’Anvers","Vlaams Gewest","Région flamande","6"
"2020-03-23","13001","Arendonk","Arendonk","Arrondissement Turnhout","Arrondissement de Turnhout","Provincie Antwerpen","Province d’Anvers","Vlaams Gewest","Région flamande","<5"
"2020-03-23","13003","Balen","Balen","Arrondissement Turnhout","Arrondissement de Turnhout","Provincie Antwerpen","Province d’Anvers","Vlaams Gewest","Région flamande","<5"
"2020-03-23","13004","Beerse","Beerse","Arrondissement Turnhout","Arrondissement de Turnhout","Provincie Antwerpen","Province d’Anvers","Vlaams Gewest","Région flamande","<5"
"2020-03-23","13008","Geel","Geel","Arrondissement Turnhout","Arrondissement de Turnhout","Provincie Antwerpen","Province d’Anvers","Vlaams Gewest","Région flamande","5"
"2020-03-23","13011","Herentals","Herentals","Arrondissement Turnhout","Arrondissement de Turnhout","Provincie Antwerpen","Province d’Anvers","Vlaams Gewest","Région flamande","<5"
"2020-03-23","13013","Herselt","Herselt","Arrondissement Turnhout","Arrondissement de Turnhout","Provincie Antwerpen","Province d’Anvers","Vlaams Gewest","Région flamande","<5"
"2020-03-23","13014","Hoogstraten","Hoogstraten","Arrondissement Turnhout","Arrondissement de Turnhout","Provincie Antwerpen","Province d’Anvers","Vlaams Gewest","Région flamande","<5"
"2020-03-23","13016","Hulshout","Hulshout","Arrondissement Turnhout","Arrondissement de Turnhout","Provincie Antwerpen","Province d’Anvers","Vlaams Gewest","Région flamande","<5"
"2020-03-23","13019","Lille","Lille","Arrondissement Turnhout","Arrondissement de Turnhout","Provincie Antwerpen","Province d’Anvers","Vlaams Gewest","Région flamande","<5"
"2020-03-23","13021","Meerhout","Meerhout","Arrondissement Turnhout","Arrondissement de Turnhout","Provincie Antwerpen","Province d’Anvers","Vlaams Gewest","Région flamande","<5"
"2020-03-23","13025","Mol","Mol","Arrondissement Turnhout","Arrondissement de Turnhout","Provincie Antwerpen","Province d’Anvers","Vlaams Gewest","Région flamande","<5"
"2020-03-23","13029","Olen","Olen","Arrondissement Turnhout","Arrondissement de Turnhout","Provincie Antwerpen","Province d’Anvers","Vlaams Gewest","Région flamande","<5"
"2020-03-23","13031","Oud-Turnhout","Oud-Turnhout","Arrondissement Turnhout","Arrondissement de Turnhout","Provincie Antwerpen","Province d’Anvers","Vlaams Gewest","Région flamande","6"
"2020-03-23","13036","Retie","Retie","Arrondissement Turnhout","Arrondissement de Turnhout","Provincie Antwerpen","Province d’Anvers","Vlaams Gewest","Région flamande","<5"
"2020-03-23","13037","Rijkevorsel","Rijkevorsel","Arrondissement Turnhout","Arrondissement de Turnhout","Provincie Antwerpen","Province d’Anvers","Vlaams Gewest","Région flamande","<5"
"2020-03-23","13040","Turnhout","Turnhout","Arrondissement Turnhout","Arrondissement de Turnhout","Provincie Antwerpen","Province d’Anvers","Vlaams Gewest","Région flamande","<5"
"2020-03-23","13046","Vosselaar","Vosselaar","Arrondissement Turnhout","Arrondissement de Turnhout","Provincie Antwerpen","Province d’Anvers","Vlaams Gewest","Région flamande","<5"
"2020-03-23","13049","Westerlo","Westerlo","Arrondissement Turnhout","Arrondissement de Turnhout","Provincie Antwerpen","Province d’Anvers","Vlaams Gewest","Région flamande","5"
"2020-03-23","13053","Laakdal","Laakdal","Arrondissement Turnhout","Arrondissement de Turnhout","Provincie Antwerpen","Province d’Anvers","Vlaams Gewest","Région flamande","5"
"2020-03-23","21001","Anderlecht","Anderlecht","Arrondissement Brussel-Hoofdstad","Arrondissement de Bruxelles-Capitale",NA,NA,"Brussels Hoofdstedelijk Gewest","Région de Bruxelles-Capitale","7"
"2020-03-23","21002","Oudergem","Auderghem","Arrondissement Brussel-Hoofdstad","Arrondissement de Bruxelles-Capitale",NA,NA,"Brussels Hoofdstedelijk Gewest","Région de Bruxelles-Capitale","<5"
"2020-03-23","21003","Sint-Agatha-Berchem","Berchem-Sainte-Agathe","Arrondissement Brussel-Hoofdstad","Arrondissement de Bruxelles-Capitale",NA,NA,"Brussels Hoofdstedelijk Gewest","Région de Bruxelles-Capitale","<5"
"2020-03-23","21004","Brussel","Bruxelles","Arrondissement Brussel-Hoofdstad","Arrondissement de Bruxelles-Capitale",NA,NA,"Brussels Hoofdstedelijk Gewest","Région de Bruxelles-Capitale","23"
"2020-03-23","21005","Etterbeek","Etterbeek","Arrondissement Brussel-Hoofdstad","Arrondissement de Bruxelles-Capitale",NA,NA,"Brussels Hoofdstedelijk Gewest","Région de Bruxelles-Capitale","6"
"2020-03-23","21006","Evere","Evere","Arrondissement Brussel-Hoofdstad","Arrondissement de Bruxelles-Capitale",NA,NA,"Brussels Hoofdstedelijk Gewest","Région de Bruxelles-Capitale","8"
"2020-03-23","21007","Vorst (Brussel-Hoofdstad)","Forest (Bruxelles-Capitale)","Arrondissement Brussel-Hoofdstad","Arrondissement de Bruxelles-Capitale",NA,NA,"Brussels Hoofdstedelijk Gewest","Région de Bruxelles-Capitale","6"
"2020-03-23","21008","Ganshoren","Ganshoren","Arrondissement Brussel-Hoofdstad","Arrondissement de Bruxelles-Capitale",NA,NA,"Brussels Hoofdstedelijk Gewest","Région de Bruxelles-Capitale","<5"
"2020-03-23","21009","Elsene","Ixelles","Arrondissement Brussel-Hoofdstad","Arrondissement de Bruxelles-Capitale",NA,NA,"Brussels Hoofdstedelijk Gewest","Région de Bruxelles-Capitale","7"
"2020-03-23","21010","Jette","Jette","Arrondissement Brussel-Hoofdstad","Arrondissement de Bruxelles-Capitale",NA,NA,"Brussels Hoofdstedelijk Gewest","Région de Bruxelles-Capitale","6"
"2020-03-23","21011","Koekelberg","Koekelberg","Arrondissement Brussel-Hoofdstad","Arrondissement de Bruxelles-Capitale",NA,NA,"Brussels Hoofdstedelijk Gewest","Région de Bruxelles-Capitale","<5"
"2020-03-23","21012","Sint-Jans-Molenbeek","Molenbeek-Saint-Jean","Arrondissement Brussel-Hoofdstad","Arrondissement de Bruxelles-Capitale",NA,NA,"Brussels Hoofdstedelijk Gewest","Région de Bruxelles-Capitale","9"
"2020-03-23","21013","Sint-Gillis","Saint-Gilles","Arrondissement Brussel-Hoofdstad","Arrondissement de Bruxelles-Capitale",NA,NA,"Brussels Hoofdstedelijk Gewest","Région de Bruxelles-Capitale","<5"
"2020-03-23","21014","Sint-Joost-ten-Node","Saint-Josse-ten-Noode","Arrondissement Brussel-Hoofdstad","Arrondissement de Bruxelles-Capitale",NA,NA,"Brussels Hoofdstedelijk Gewest","Région de Bruxelles-Capitale","<5"
"2020-03-23","21015","Schaarbeek","Schaerbeek","Arrondissement Brussel-Hoofdstad","Arrondissement de Bruxelles-Capitale",NA,NA,"Brussels Hoofdstedelijk Gewest","Région de Bruxelles-Capitale","7"
"2020-03-23","21016","Ukkel","Uccle","Arrondissement Brussel-Hoofdstad","Arrondissement de Bruxelles-Capitale",NA,NA,"Brussels Hoofdstedelijk Gewest","Région de Bruxelles-Capitale","7"
"2020-03-23","21017","Watermaal-Bosvoorde","Watermael-Boitsfort","Arrondissement Brussel-Hoofdstad","Arrondissement de Bruxelles-Capitale",NA,NA,"Brussels Hoofdstedelijk Gewest","Région de Bruxelles-Capitale","<5"
"2020-03-23","21018","Sint-Lambrechts-Woluwe","Woluwe-Saint-Lambert","Arrondissement Brussel-Hoofdstad","Arrondissement de Bruxelles-Capitale",NA,NA,"Brussels Hoofdstedelijk Gewest","Région de Bruxelles-Capitale","9"
"2020-03-23","21019","Sint-Pieters-Woluwe","Woluwe-Saint-Pierre","Arrondissement Brussel-Hoofdstad","Arrondissement de Bruxelles-Capitale",NA,NA,"Brussels Hoofdstedelijk Gewest","Région de Bruxelles-Capitale","<5"
"2020-03-23","23002","Asse","Asse","Arrondissement Halle-Vilvoorde","Arrondissement de Hal-Vilvorde","Provincie Vlaams-Brabant","Province du Brabant flamand","Vlaams Gewest","Région flamande","<5"
"2020-03-23","23003","Beersel","Beersel","Arrondissement Halle-Vilvoorde","Arrondissement de Hal-Vilvorde","Provincie Vlaams-Brabant","Province du Brabant flamand","Vlaams Gewest","Région flamande","5"
"2020-03-23","23016","Dilbeek","Dilbeek","Arrondissement Halle-Vilvoorde","Arrondissement de Hal-Vilvorde","Provincie Vlaams-Brabant","Province du Brabant flamand","Vlaams Gewest","Région flamande","<5"
"2020-03-23","23023","Galmaarden","Gammerages","Arrondissement Halle-Vilvoorde","Arrondissement de Hal-Vilvorde","Provincie Vlaams-Brabant","Province du Brabant flamand","Vlaams Gewest","Région flamande","<5"
"2020-03-23","23024","Gooik","Gooik","Arrondissement Halle-Vilvoorde","Arrondissement de Hal-Vilvorde","Provincie Vlaams-Brabant","Province du Brabant flamand","Vlaams Gewest","Région flamande","<5"
"2020-03-23","23025","Grimbergen","Grimbergen","Arrondissement Halle-Vilvoorde","Arrondissement de Hal-Vilvorde","Provincie Vlaams-Brabant","Province du Brabant flamand","Vlaams Gewest","Région flamande","7"
"2020-03-23","23027","Halle (Halle-Vilvoorde)","Hal (Hal-Vilvorde)","Arrondissement Halle-Vilvoorde","Arrondissement de Hal-Vilvorde","Provincie Vlaams-Brabant","Province du Brabant flamand","Vlaams Gewest","Région flamande","7"
"2020-03-23","23038","Kampenhout","Kampenhout","Arrondissement Halle-Vilvoorde","Arrondissement de Hal-Vilvorde","Provincie Vlaams-Brabant","Province du Brabant flamand","Vlaams Gewest","Région flamande","<5"
"2020-03-23","23039","Kapelle-op-den-Bos","Kapelle-op-den-Bos","Arrondissement Halle-Vilvoorde","Arrondissement de Hal-Vilvorde","Provincie Vlaams-Brabant","Province du Brabant flamand","Vlaams Gewest","Région flamande","<5"
"2020-03-23","23044","Liedekerke","Liedekerke","Arrondissement Halle-Vilvoorde","Arrondissement de Hal-Vilvorde","Provincie Vlaams-Brabant","Province du Brabant flamand","Vlaams Gewest","Région flamande","<5"
"2020-03-23","23045","Londerzeel","Londerzeel","Arrondissement Halle-Vilvoorde","Arrondissement de Hal-Vilvorde","Provincie Vlaams-Brabant","Province du Brabant flamand","Vlaams Gewest","Région flamande","<5"
"2020-03-23","23050","Meise","Meise","Arrondissement Halle-Vilvoorde","Arrondissement de Hal-Vilvorde","Provincie Vlaams-Brabant","Province du Brabant flamand","Vlaams Gewest","Région flamande","<5"
"2020-03-23","23052","Merchtem","Merchtem","Arrondissement Halle-Vilvoorde","Arrondissement de Hal-Vilvorde","Provincie Vlaams-Brabant","Province du Brabant flamand","Vlaams Gewest","Région flamande","<5"
"2020-03-23","23062","Overijse","Overijse","Arrondissement Halle-Vilvoorde","Arrondissement de Hal-Vilvorde","Provincie Vlaams-Brabant","Province du Brabant flamand","Vlaams Gewest","Région flamande","<5"
"2020-03-23","23064","Pepingen","Pepingen","Arrondissement Halle-Vilvoorde","Arrondissement de Hal-Vilvorde","Provincie Vlaams-Brabant","Province du Brabant flamand","Vlaams Gewest","Région flamande","<5"
"2020-03-23","23077","Sint-Pieters-Leeuw","Sint-Pieters-Leeuw","Arrondissement Halle-Vilvoorde","Arrondissement de Hal-Vilvorde","Provincie Vlaams-Brabant","Province du Brabant flamand","Vlaams Gewest","Région flamande","5"
"2020-03-23","23081","Steenokkerzeel","Steenokkerzeel","Arrondissement Halle-Vilvoorde","Arrondissement de Hal-Vilvorde","Provincie Vlaams-Brabant","Province du Brabant flamand","Vlaams Gewest","Région flamande","<5"
"2020-03-23","23086","Ternat","Ternat","Arrondissement Halle-Vilvoorde","Arrondissement de Hal-Vilvorde","Provincie Vlaams-Brabant","Province du Brabant flamand","Vlaams Gewest","Région flamande","<5"
"2020-03-23","23088","Vilvoorde","Vilvorde","Arrondissement Halle-Vilvoorde","Arrondissement de Hal-Vilvorde","Provincie Vlaams-Brabant","Province du Brabant flamand","Vlaams Gewest","Région flamande","6"
"2020-03-23","23094","Zaventem","Zaventem","Arrondissement Halle-Vilvoorde","Arrondissement de Hal-Vilvorde","Provincie Vlaams-Brabant","Province du Brabant flamand","Vlaams Gewest","Région flamande","<5"
"2020-03-23","23096","Zemst","Zemst","Arrondissement Halle-Vilvoorde","Arrondissement de Hal-Vilvorde","Provincie Vlaams-Brabant","Province du Brabant flamand","Vlaams Gewest","Région flamande","<5"
"2020-03-23","23098","Drogenbos","Drogenbos","Arrondissement Halle-Vilvoorde","Arrondissement de Hal-Vilvorde","Provincie Vlaams-Brabant","Province du Brabant flamand","Vlaams Gewest","Région flamande","<5"
"2020-03-23","23099","Kraainem","Kraainem","Arrondissement Halle-Vilvoorde","Arrondissement de Hal-Vilvorde","Provincie Vlaams-Brabant","Province du Brabant flamand","Vlaams Gewest","Région flamande","5"
"2020-03-23","23101","Sint-Genesius-Rode","Rhode-Saint-Genèse","Arrondissement Halle-Vilvoorde","Arrondissement de Hal-Vilvorde","Provincie Vlaams-Brabant","Province du Brabant flamand","Vlaams Gewest","Région flamande","<5"
"2020-03-23","23103","Wezembeek-Oppem","Wezembeek-Oppem","Arrondissement Halle-Vilvoorde","Arrondissement de Hal-Vilvorde","Provincie Vlaams-Brabant","Province du Brabant flamand","Vlaams Gewest","Région flamande","5"
"2020-03-23","23104","Lennik","Lennik","Arrondissement Halle-Vilvoorde","Arrondissement de Hal-Vilvorde","Provincie Vlaams-Brabant","Province du Brabant flamand","Vlaams Gewest","Région flamande","<5"
"2020-03-23","23105","Affligem","Affligem","Arrondissement Halle-Vilvoorde","Arrondissement de Hal-Vilvorde","Provincie Vlaams-Brabant","Province du Brabant flamand","Vlaams Gewest","Région flamande","<5"
"2020-03-23","24001","Aarschot","Aarschot","Arrondissement Leuven","Arrondissement de Louvain","Provincie Vlaams-Brabant","Province du Brabant flamand","Vlaams Gewest","Région flamande","<5"
"2020-03-23","24007","Begijnendijk","Begijnendijk","Arrondissement Leuven","Arrondissement de Louvain","Provincie Vlaams-Brabant","Province du Brabant flamand","Vlaams Gewest","Région flamande","<5"
"2020-03-23","24011","Bierbeek","Bierbeek","Arrondissement Leuven","Arrondissement de Louvain","Provincie Vlaams-Brabant","Province du Brabant flamand","Vlaams Gewest","Région flamande","<5"
"2020-03-23","24014","Boortmeerbeek","Boortmeerbeek","Arrondissement Leuven","Arrondissement de Louvain","Provincie Vlaams-Brabant","Province du Brabant flamand","Vlaams Gewest","Région flamande","<5"
"2020-03-23","24016","Boutersem","Boutersem","Arrondissement Leuven","Arrondissement de Louvain","Provincie Vlaams-Brabant","Province du Brabant flamand","Vlaams Gewest","Région flamande","<5"
"2020-03-23","24020","Diest","Diest","Arrondissement Leuven","Arrondissement de Louvain","Provincie Vlaams-Brabant","Province du Brabant flamand","Vlaams Gewest","Région flamande","<5"
"2020-03-23","24038","Herent","Herent","Arrondissement Leuven","Arrondissement de Louvain","Provincie Vlaams-Brabant","Province du Brabant flamand","Vlaams Gewest","Région flamande","<5"
"2020-03-23","24041","Hoegaarden","Hoegaarden","Arrondissement Leuven","Arrondissement de Louvain","Provincie Vlaams-Brabant","Province du Brabant flamand","Vlaams Gewest","Région flamande","<5"
"2020-03-23","24043","Holsbeek","Holsbeek","Arrondissement Leuven","Arrondissement de Louvain","Provincie Vlaams-Brabant","Province du Brabant flamand","Vlaams Gewest","Région flamande","<5"
"2020-03-23","24045","Huldenberg","Huldenberg","Arrondissement Leuven","Arrondissement de Louvain","Provincie Vlaams-Brabant","Province du Brabant flamand","Vlaams Gewest","Région flamande","<5"
"2020-03-23","24048","Keerbergen","Keerbergen","Arrondissement Leuven","Arrondissement de Louvain","Provincie Vlaams-Brabant","Province du Brabant flamand","Vlaams Gewest","Région flamande","<5"
"2020-03-23","24054","Kortenaken","Kortenaken","Arrondissement Leuven","Arrondissement de Louvain","Provincie Vlaams-Brabant","Province du Brabant flamand","Vlaams Gewest","Région flamande","<5"
"2020-03-23","24059","Landen","Landen","Arrondissement Leuven","Arrondissement de Louvain","Provincie Vlaams-Brabant","Province du Brabant flamand","Vlaams Gewest","Région flamande","<5"
"2020-03-23","24062","Leuven","Louvain","Arrondissement Leuven","Arrondissement de Louvain","Provincie Vlaams-Brabant","Province du Brabant flamand","Vlaams Gewest","Région flamande","10"
"2020-03-23","24066","Lubbeek","Lubbeek","Arrondissement Leuven","Arrondissement de Louvain","Provincie Vlaams-Brabant","Province du Brabant flamand","Vlaams Gewest","Région flamande","<5"
"2020-03-23","24086","Oud-Heverlee","Oud-Heverlee","Arrondissement Leuven","Arrondissement de Louvain","Provincie Vlaams-Brabant","Province du Brabant flamand","Vlaams Gewest","Région flamande","<5"
"2020-03-23","24104","Tervuren","Tervuren","Arrondissement Leuven","Arrondissement de Louvain","Provincie Vlaams-Brabant","Province du Brabant flamand","Vlaams Gewest","Région flamande","<5"
"2020-03-23","24107","Tienen","Tirlemont","Arrondissement Leuven","Arrondissement de Louvain","Provincie Vlaams-Brabant","Province du Brabant flamand","Vlaams Gewest","Région flamande","6"
"2020-03-23","24109","Tremelo","Tremelo","Arrondissement Leuven","Arrondissement de Louvain","Provincie Vlaams-Brabant","Province du Brabant flamand","Vlaams Gewest","Région flamande","<5"
"2020-03-23","24130","Zoutleeuw","Léau","Arrondissement Leuven","Arrondissement de Louvain","Provincie Vlaams-Brabant","Province du Brabant flamand","Vlaams Gewest","Région flamande","<5"
"2020-03-23","24135","Tielt-Winge","Tielt-Winge","Arrondissement Leuven","Arrondissement de Louvain","Provincie Vlaams-Brabant","Province du Brabant flamand","Vlaams Gewest","Région flamande","<5"
"2020-03-23","24137","Glabbeek","Glabbeek","Arrondissement Leuven","Arrondissement de Louvain","Provincie Vlaams-Brabant","Province du Brabant flamand","Vlaams Gewest","Région flamande","<5"
"2020-03-23","25005","Bevekom","Beauvechain","Arrondissement Nijvel","Arrondissement de Nivelles","Provincie Waals-Brabant","Province du Brabant wallon","Waals Gewest","Région wallonne","<5"
"2020-03-23","25014","Eigenbrakel","Braine-l’Alleud","Arrondissement Nijvel","Arrondissement de Nivelles","Provincie Waals-Brabant","Province du Brabant wallon","Waals Gewest","Région wallonne","<5"
"2020-03-23","25023","Court-Saint-Etienne","Court-Saint-Etienne","Arrondissement Nijvel","Arrondissement de Nivelles","Provincie Waals-Brabant","Province du Brabant wallon","Waals Gewest","Région wallonne","<5"
"2020-03-23","25037","Graven","Grez-Doiceau","Arrondissement Nijvel","Arrondissement de Nivelles","Provincie Waals-Brabant","Province du Brabant wallon","Waals Gewest","Région wallonne","<5"
"2020-03-23","25044","Itter","Ittre","Arrondissement Nijvel","Arrondissement de Nivelles","Provincie Waals-Brabant","Province du Brabant wallon","Waals Gewest","Région wallonne","<5"
"2020-03-23","25072","Nijvel","Nivelles","Arrondissement Nijvel","Arrondissement de Nivelles","Provincie Waals-Brabant","Province du Brabant wallon","Waals Gewest","Région wallonne","<5"
"2020-03-23","25084","Perwijs (Nijvel)","Perwez (Nivelles)","Arrondissement Nijvel","Arrondissement de Nivelles","Provincie Waals-Brabant","Province du Brabant wallon","Waals Gewest","Région wallonne","<5"
"2020-03-23","25091","Rixensart","Rixensart","Arrondissement Nijvel","Arrondissement de Nivelles","Provincie Waals-Brabant","Province du Brabant wallon","Waals Gewest","Région wallonne","<5"
"2020-03-23","25105","Tubeke","Tubize","Arrondissement Nijvel","Arrondissement de Nivelles","Provincie Waals-Brabant","Province du Brabant wallon","Waals Gewest","Région wallonne","<5"
"2020-03-23","25110","Waterloo","Waterloo","Arrondissement Nijvel","Arrondissement de Nivelles","Provincie Waals-Brabant","Province du Brabant wallon","Waals Gewest","Région wallonne","<5"
"2020-03-23","25112","Waver","Wavre","Arrondissement Nijvel","Arrondissement de Nivelles","Provincie Waals-Brabant","Province du Brabant wallon","Waals Gewest","Région wallonne","<5"
"2020-03-23","25119","Lasne","Lasne","Arrondissement Nijvel","Arrondissement de Nivelles","Provincie Waals-Brabant","Province du Brabant wallon","Waals Gewest","Région wallonne","<5"
"2020-03-23","25120","Orp-Jauche","Orp-Jauche","Arrondissement Nijvel","Arrondissement de Nivelles","Provincie Waals-Brabant","Province du Brabant wallon","Waals Gewest","Région wallonne","<5"
"2020-03-23","25121","Ottignies-Louvain-la-Neuve","Ottignies-Louvain-la-Neuve","Arrondissement Nijvel","Arrondissement de Nivelles","Provincie Waals-Brabant","Province du Brabant wallon","Waals Gewest","Région wallonne","<5"
"2020-03-23","25124","Walhain","Walhain","Arrondissement Nijvel","Arrondissement de Nivelles","Provincie Waals-Brabant","Province du Brabant wallon","Waals Gewest","Région wallonne","<5"
"2020-03-23","31004","Blankenberge","Blankenberge","Arrondissement Brugge","Arrondissement de Bruges","Provincie West-Vlaanderen","Province de Flandre occidentale","Vlaams Gewest","Région flamande","<5"
"2020-03-23","31005","Brugge","Bruges","Arrondissement Brugge","Arrondissement de Bruges","Provincie West-Vlaanderen","Province de Flandre occidentale","Vlaams Gewest","Région flamande","19"
"2020-03-23","31006","Damme","Damme","Arrondissement Brugge","Arrondissement de Bruges","Provincie West-Vlaanderen","Province de Flandre occidentale","Vlaams Gewest","Région flamande","<5"
"2020-03-23","31012","Jabbeke","Jabbeke","Arrondissement Brugge","Arrondissement de Bruges","Provincie West-Vlaanderen","Province de Flandre occidentale","Vlaams Gewest","Région flamande","5"
"2020-03-23","31022","Oostkamp","Oostkamp","Arrondissement Brugge","Arrondissement de Bruges","Provincie West-Vlaanderen","Province de Flandre occidentale","Vlaams Gewest","Région flamande","<5"
"2020-03-23","31033","Torhout","Torhout","Arrondissement Brugge","Arrondissement de Bruges","Provincie West-Vlaanderen","Province de Flandre occidentale","Vlaams Gewest","Région flamande","<5"
"2020-03-23","31040","Zedelgem","Zedelgem","Arrondissement Brugge","Arrondissement de Bruges","Provincie West-Vlaanderen","Province de Flandre occidentale","Vlaams Gewest","Région flamande","<5"
"2020-03-23","31043","Knokke-Heist","Knokke-Heist","Arrondissement Brugge","Arrondissement de Bruges","Provincie West-Vlaanderen","Province de Flandre occidentale","Vlaams Gewest","Région flamande","7"
"2020-03-23","32003","Diksmuide","Dixmude","Arrondissement Diksmuide","Arrondissement de Dixmude","Provincie West-Vlaanderen","Province de Flandre occidentale","Vlaams Gewest","Région flamande","<5"
"2020-03-23","32011","Kortemark","Kortemark","Arrondissement Diksmuide","Arrondissement de Dixmude","Provincie West-Vlaanderen","Province de Flandre occidentale","Vlaams Gewest","Région flamande","<5"
"2020-03-23","33011","Ieper","Ypres","Arrondissement Ieper","Arrondissement d’Ypres","Provincie West-Vlaanderen","Province de Flandre occidentale","Vlaams Gewest","Région flamande","11"
"2020-03-23","33021","Poperinge","Poperinge","Arrondissement Ieper","Arrondissement d’Ypres","Provincie West-Vlaanderen","Province de Flandre occidentale","Vlaams Gewest","Région flamande","<5"
"2020-03-23","33029","Wervik","Wervik","Arrondissement Ieper","Arrondissement d’Ypres","Provincie West-Vlaanderen","Province de Flandre occidentale","Vlaams Gewest","Région flamande","<5"
"2020-03-23","33037","Zonnebeke","Zonnebeke","Arrondissement Ieper","Arrondissement d’Ypres","Provincie West-Vlaanderen","Province de Flandre occidentale","Vlaams Gewest","Région flamande","<5"
"2020-03-23","33040","Langemark-Poelkapelle","Langemark-Poelkapelle","Arrondissement Ieper","Arrondissement d’Ypres","Provincie West-Vlaanderen","Province de Flandre occidentale","Vlaams Gewest","Région flamande","<5"
"2020-03-23","33041","Vleteren","Vleteren","Arrondissement Ieper","Arrondissement d’Ypres","Provincie West-Vlaanderen","Province de Flandre occidentale","Vlaams Gewest","Région flamande","<5"
"2020-03-23","34003","Avelgem","Avelgem","Arrondissement Kortrijk","Arrondissement de Courtrai","Provincie West-Vlaanderen","Province de Flandre occidentale","Vlaams Gewest","Région flamande","<5"
"2020-03-23","34013","Harelbeke","Harelbeke","Arrondissement Kortrijk","Arrondissement de Courtrai","Provincie West-Vlaanderen","Province de Flandre occidentale","Vlaams Gewest","Région flamande","<5"
"2020-03-23","34022","Kortrijk","Courtrai","Arrondissement Kortrijk","Arrondissement de Courtrai","Provincie West-Vlaanderen","Province de Flandre occidentale","Vlaams Gewest","Région flamande","23"
"2020-03-23","34027","Menen","Menin","Arrondissement Kortrijk","Arrondissement de Courtrai","Provincie West-Vlaanderen","Province de Flandre occidentale","Vlaams Gewest","Région flamande","7"
"2020-03-23","34040","Waregem","Waregem","Arrondissement Kortrijk","Arrondissement de Courtrai","Provincie West-Vlaanderen","Province de Flandre occidentale","Vlaams Gewest","Région flamande","10"
"2020-03-23","34041","Wevelgem","Wevelgem","Arrondissement Kortrijk","Arrondissement de Courtrai","Provincie West-Vlaanderen","Province de Flandre occidentale","Vlaams Gewest","Région flamande","<5"
"2020-03-23","34042","Zwevegem","Zwevegem","Arrondissement Kortrijk","Arrondissement de Courtrai","Provincie West-Vlaanderen","Province de Flandre occidentale","Vlaams Gewest","Région flamande","5"
"2020-03-23","35005","Gistel","Gistel","Arrondissement Oostende","Arrondissement d’Ostende","Provincie West-Vlaanderen","Province de Flandre occidentale","Vlaams Gewest","Région flamande","<5"
"2020-03-23","35011","Middelkerke","Middelkerke","Arrondissement Oostende","Arrondissement d’Ostende","Provincie West-Vlaanderen","Province de Flandre occidentale","Vlaams Gewest","Région flamande","<5"
"2020-03-23","35013","Oostende","Ostende","Arrondissement Oostende","Arrondissement d’Ostende","Provincie West-Vlaanderen","Province de Flandre occidentale","Vlaams Gewest","Région flamande","8"
"2020-03-23","35014","Oudenburg","Oudenburg","Arrondissement Oostende","Arrondissement d’Ostende","Provincie West-Vlaanderen","Province de Flandre occidentale","Vlaams Gewest","Région flamande","<5"
"2020-03-23","36007","Ingelmunster","Ingelmunster","Arrondissement Roeselare","Arrondissement de Roulers","Provincie West-Vlaanderen","Province de Flandre occidentale","Vlaams Gewest","Région flamande","<5"
"2020-03-23","36008","Izegem","Izegem","Arrondissement Roeselare","Arrondissement de Roulers","Provincie West-Vlaanderen","Province de Flandre occidentale","Vlaams Gewest","Région flamande","7"
"2020-03-23","36010","Ledegem","Ledegem","Arrondissement Roeselare","Arrondissement de Roulers","Provincie West-Vlaanderen","Province de Flandre occidentale","Vlaams Gewest","Région flamande","<5"
"2020-03-23","36011","Lichtervelde","Lichtervelde","Arrondissement Roeselare","Arrondissement de Roulers","Provincie West-Vlaanderen","Province de Flandre occidentale","Vlaams Gewest","Région flamande","<5"
"2020-03-23","36012","Moorslede","Moorslede","Arrondissement Roeselare","Arrondissement de Roulers","Provincie West-Vlaanderen","Province de Flandre occidentale","Vlaams Gewest","Région flamande","<5"
"2020-03-23","36015","Roeselare","Roulers","Arrondissement Roeselare","Arrondissement de Roulers","Provincie West-Vlaanderen","Province de Flandre occidentale","Vlaams Gewest","Région flamande","20"
"2020-03-23","36019","Staden","Staden","Arrondissement Roeselare","Arrondissement de Roulers","Provincie West-Vlaanderen","Province de Flandre occidentale","Vlaams Gewest","Région flamande","<5"
"2020-03-23","37002","Dentergem","Dentergem","Arrondissement Tielt","Arrondissement de Tielt","Provincie West-Vlaanderen","Province de Flandre occidentale","Vlaams Gewest","Région flamande","<5"
"2020-03-23","37007","Meulebeke","Meulebeke","Arrondissement Tielt","Arrondissement de Tielt","Provincie West-Vlaanderen","Province de Flandre occidentale","Vlaams Gewest","Région flamande","<5"
"2020-03-23","37015","Tielt (Tielt)","Tielt (Tielt)","Arrondissement Tielt","Arrondissement de Tielt","Provincie West-Vlaanderen","Province de Flandre occidentale","Vlaams Gewest","Région flamande","<5"
"2020-03-23","37017","Wielsbeke","Wielsbeke","Arrondissement Tielt","Arrondissement de Tielt","Provincie West-Vlaanderen","Province de Flandre occidentale","Vlaams Gewest","Région flamande","<5"
"2020-03-23","37018","Wingene","Wingene","Arrondissement Tielt","Arrondissement de Tielt","Provincie West-Vlaanderen","Province de Flandre occidentale","Vlaams Gewest","Région flamande","5"
"2020-03-23","37020","Ardooie","Ardooie","Arrondissement Tielt","Arrondissement de Tielt","Provincie West-Vlaanderen","Province de Flandre occidentale","Vlaams Gewest","Région flamande","<5"
"2020-03-23","38008","De Panne","La Panne","Arrondissement Veurne","Arrondissement de Furnes","Provincie West-Vlaanderen","Province de Flandre occidentale","Vlaams Gewest","Région flamande","<5"
"2020-03-23","38014","Koksijde","Koksijde","Arrondissement Veurne","Arrondissement de Furnes","Provincie West-Vlaanderen","Province de Flandre occidentale","Vlaams Gewest","Région flamande","<5"
"2020-03-23","38025","Veurne","Furnes","Arrondissement Veurne","Arrondissement de Furnes","Provincie West-Vlaanderen","Province de Flandre occidentale","Vlaams Gewest","Région flamande","<5"
"2020-03-23","41002","Aalst (Aalst)","Alost (Alost)","Arrondissement Aalst","Arrondissement d’Alost","Provincie Oost-Vlaanderen","Province de Flandre orientale","Vlaams Gewest","Région flamande","11"
"2020-03-23","41011","Denderleeuw","Denderleeuw","Arrondissement Aalst","Arrondissement d’Alost","Provincie Oost-Vlaanderen","Province de Flandre orientale","Vlaams Gewest","Région flamande","5"
"2020-03-23","41018","Geraardsbergen","Grammont","Arrondissement Aalst","Arrondissement d’Alost","Provincie Oost-Vlaanderen","Province de Flandre orientale","Vlaams Gewest","Région flamande","7"
"2020-03-23","41024","Haaltert","Haaltert","Arrondissement Aalst","Arrondissement d’Alost","Provincie Oost-Vlaanderen","Province de Flandre orientale","Vlaams Gewest","Région flamande","<5"
"2020-03-23","41027","Herzele","Herzele","Arrondissement Aalst","Arrondissement d’Alost","Provincie Oost-Vlaanderen","Province de Flandre orientale","Vlaams Gewest","Région flamande","<5"
"2020-03-23","41048","Ninove","Ninove","Arrondissement Aalst","Arrondissement d’Alost","Provincie Oost-Vlaanderen","Province de Flandre orientale","Vlaams Gewest","Région flamande","<5"
"2020-03-23","41081","Zottegem","Zottegem","Arrondissement Aalst","Arrondissement d’Alost","Provincie Oost-Vlaanderen","Province de Flandre orientale","Vlaams Gewest","Région flamande","5"
"2020-03-23","41082","Erpe-Mere","Erpe-Mere","Arrondissement Aalst","Arrondissement d’Alost","Provincie Oost-Vlaanderen","Province de Flandre orientale","Vlaams Gewest","Région flamande","<5"
"2020-03-23","42003","Berlare","Berlare","Arrondissement Dendermonde","Arrondissement de Termonde","Provincie Oost-Vlaanderen","Province de Flandre orientale","Vlaams Gewest","Région flamande","<5"
"2020-03-23","42006","Dendermonde","Termonde","Arrondissement Dendermonde","Arrondissement de Termonde","Provincie Oost-Vlaanderen","Province de Flandre orientale","Vlaams Gewest","Région flamande","<5"
"2020-03-23","42008","Hamme (Dendermonde)","Hamme (Termonde)","Arrondissement Dendermonde","Arrondissement de Termonde","Provincie Oost-Vlaanderen","Province de Flandre orientale","Vlaams Gewest","Région flamande","<5"
"2020-03-23","42011","Lebbeke","Lebbeke","Arrondissement Dendermonde","Arrondissement de Termonde","Provincie Oost-Vlaanderen","Province de Flandre orientale","Vlaams Gewest","Région flamande","<5"
"2020-03-23","42023","Waasmunster","Waasmunster","Arrondissement Dendermonde","Arrondissement de Termonde","Provincie Oost-Vlaanderen","Province de Flandre orientale","Vlaams Gewest","Région flamande","<5"
"2020-03-23","42025","Wetteren","Wetteren","Arrondissement Dendermonde","Arrondissement de Termonde","Provincie Oost-Vlaanderen","Province de Flandre orientale","Vlaams Gewest","Région flamande","<5"
"2020-03-23","42026","Wichelen","Wichelen","Arrondissement Dendermonde","Arrondissement de Termonde","Provincie Oost-Vlaanderen","Province de Flandre orientale","Vlaams Gewest","Région flamande","<5"
"2020-03-23","42028","Zele","Zele","Arrondissement Dendermonde","Arrondissement de Termonde","Provincie Oost-Vlaanderen","Province de Flandre orientale","Vlaams Gewest","Région flamande","<5"
"2020-03-23","43002","Assenede","Assenede","Arrondissement Eeklo","Arrondissement d’Eeklo","Provincie Oost-Vlaanderen","Province de Flandre orientale","Vlaams Gewest","Région flamande","<5"
"2020-03-23","43005","Eeklo","Eeklo","Arrondissement Eeklo","Arrondissement d’Eeklo","Provincie Oost-Vlaanderen","Province de Flandre orientale","Vlaams Gewest","Région flamande","<5"
"2020-03-23","43010","Maldegem","Maldegem","Arrondissement Eeklo","Arrondissement d’Eeklo","Provincie Oost-Vlaanderen","Province de Flandre orientale","Vlaams Gewest","Région flamande","<5"
"2020-03-23","44013","Destelbergen","Destelbergen","Arrondissement Gent","Arrondissement de Gand","Provincie Oost-Vlaanderen","Province de Flandre orientale","Vlaams Gewest","Région flamande","<5"
"2020-03-23","44019","Evergem","Evergem","Arrondissement Gent","Arrondissement de Gand","Provincie Oost-Vlaanderen","Province de Flandre orientale","Vlaams Gewest","Région flamande","<5"
"2020-03-23","44020","Gavere","Gavere","Arrondissement Gent","Arrondissement de Gand","Provincie Oost-Vlaanderen","Province de Flandre orientale","Vlaams Gewest","Région flamande","<5"
"2020-03-23","44021","Gent","Gand","Arrondissement Gent","Arrondissement de Gand","Provincie Oost-Vlaanderen","Province de Flandre orientale","Vlaams Gewest","Région flamande","22"
"2020-03-23","44034","Lochristi","Lochristi","Arrondissement Gent","Arrondissement de Gand","Provincie Oost-Vlaanderen","Province de Flandre orientale","Vlaams Gewest","Région flamande","<5"
"2020-03-23","44040","Melle","Melle","Arrondissement Gent","Arrondissement de Gand","Provincie Oost-Vlaanderen","Province de Flandre orientale","Vlaams Gewest","Région flamande","<5"
"2020-03-23","44043","Merelbeke","Merelbeke","Arrondissement Gent","Arrondissement de Gand","Provincie Oost-Vlaanderen","Province de Flandre orientale","Vlaams Gewest","Région flamande","<5"
"2020-03-23","44052","Oosterzele","Oosterzele","Arrondissement Gent","Arrondissement de Gand","Provincie Oost-Vlaanderen","Province de Flandre orientale","Vlaams Gewest","Région flamande","<5"
"2020-03-23","44073","Wachtebeke","Wachtebeke","Arrondissement Gent","Arrondissement de Gand","Provincie Oost-Vlaanderen","Province de Flandre orientale","Vlaams Gewest","Région flamande","<5"
"2020-03-23","44081","Zulte","Zulte","Arrondissement Gent","Arrondissement de Gand","Provincie Oost-Vlaanderen","Province de Flandre orientale","Vlaams Gewest","Région flamande","<5"
"2020-03-23","44083","Deinze","Deinze","Arrondissement Gent","Arrondissement de Gand","Provincie Oost-Vlaanderen","Province de Flandre orientale","Vlaams Gewest","Région flamande","<5"
"2020-03-23","44085","Lievegem","Lievegem","Arrondissement Gent","Arrondissement de Gand","Provincie Oost-Vlaanderen","Province de Flandre orientale","Vlaams Gewest","Région flamande","7"
"2020-03-23","45035","Oudenaarde","Audenarde","Arrondissement Oudenaarde","Arrondissement d’Audenarde","Provincie Oost-Vlaanderen","Province de Flandre orientale","Vlaams Gewest","Région flamande","<5"
"2020-03-23","45041","Ronse","Renaix","Arrondissement Oudenaarde","Arrondissement d’Audenarde","Provincie Oost-Vlaanderen","Province de Flandre orientale","Vlaams Gewest","Région flamande","<5"
"2020-03-23","45059","Brakel","Brakel","Arrondissement Oudenaarde","Arrondissement d’Audenarde","Provincie Oost-Vlaanderen","Province de Flandre orientale","Vlaams Gewest","Région flamande","<5"
"2020-03-23","45060","Kluisbergen","Kluisbergen","Arrondissement Oudenaarde","Arrondissement d’Audenarde","Provincie Oost-Vlaanderen","Province de Flandre orientale","Vlaams Gewest","Région flamande","<5"
"2020-03-23","45063","Lierde","Lierde","Arrondissement Oudenaarde","Arrondissement d’Audenarde","Provincie Oost-Vlaanderen","Province de Flandre orientale","Vlaams Gewest","Région flamande","<5"
"2020-03-23","45065","Zwalm","Zwalin","Arrondissement Oudenaarde","Arrondissement d’Audenarde","Provincie Oost-Vlaanderen","Province de Flandre orientale","Vlaams Gewest","Région flamande","<5"
"2020-03-23","46003","Beveren (Sint-Niklaas)","Beveren (Saint-Nicolas)","Arrondissement Sint-Niklaas","Arrondissement de Saint-Nicolas","Provincie Oost-Vlaanderen","Province de Flandre orientale","Vlaams Gewest","Région flamande","<5"
"2020-03-23","46013","Kruibeke","Kruibeke","Arrondissement Sint-Niklaas","Arrondissement de Saint-Nicolas","Provincie Oost-Vlaanderen","Province de Flandre orientale","Vlaams Gewest","Région flamande","<5"
"2020-03-23","46014","Lokeren","Lokeren","Arrondissement Sint-Niklaas","Arrondissement de Saint-Nicolas","Provincie Oost-Vlaanderen","Province de Flandre orientale","Vlaams Gewest","Région flamande","5"
"2020-03-23","46020","Sint-Gillis-Waas","Sint-Gillis-Waas","Arrondissement Sint-Niklaas","Arrondissement de Saint-Nicolas","Provincie Oost-Vlaanderen","Province de Flandre orientale","Vlaams Gewest","Région flamande","<5"
"2020-03-23","46021","Sint-Niklaas (Sint-Niklaas)","Saint-Nicolas (Saint-Nicolas)","Arrondissement Sint-Niklaas","Arrondissement de Saint-Nicolas","Provincie Oost-Vlaanderen","Province de Flandre orientale","Vlaams Gewest","Région flamande","5"
"2020-03-23","46024","Stekene","Stekene","Arrondissement Sint-Niklaas","Arrondissement de Saint-Nicolas","Provincie Oost-Vlaanderen","Province de Flandre orientale","Vlaams Gewest","Région flamande","<5"
"2020-03-23","46025","Temse","Tamise","Arrondissement Sint-Niklaas","Arrondissement de Saint-Nicolas","Provincie Oost-Vlaanderen","Province de Flandre orientale","Vlaams Gewest","Région flamande","<5"
"2020-03-23","51004","Aat","Ath","Arrondissement Aat","Arrondissement d’Ath","Provincie Henegouwen","Province du Hainaut","Waals Gewest","Région wallonne","<5"
"2020-03-23","51008","Beloeil","Beloeil","Arrondissement Aat","Arrondissement d’Ath","Provincie Henegouwen","Province du Hainaut","Waals Gewest","Région wallonne","<5"
"2020-03-23","51012","Brugelette","Brugelette","Arrondissement Aat","Arrondissement d’Ath","Provincie Henegouwen","Province du Hainaut","Waals Gewest","Région wallonne","<5"
"2020-03-23","51017","Elzele","Ellezelles","Arrondissement Aat","Arrondissement d’Ath","Provincie Henegouwen","Province du Hainaut","Waals Gewest","Région wallonne","<5"
"2020-03-23","51019","Vloesberg","Flobecq","Arrondissement Aat","Arrondissement d’Ath","Provincie Henegouwen","Province du Hainaut","Waals Gewest","Région wallonne","<5"
"2020-03-23","51068","Opzullik","Silly","Arrondissement Aat","Arrondissement d’Ath","Provincie Henegouwen","Province du Hainaut","Waals Gewest","Région wallonne","<5"
"2020-03-23","51069","Lessen","Lessines","Arrondissement Aat","Arrondissement d’Ath","Provincie Henegouwen","Province du Hainaut","Waals Gewest","Région wallonne","<5"
"2020-03-23","52011","Charleroi","Charleroi","Arrondissement Charleroi","Arrondissement de Charleroi","Provincie Henegouwen","Province du Hainaut","Waals Gewest","Région wallonne","13"
"2020-03-23","52012","Châtelet","Châtelet","Arrondissement Charleroi","Arrondissement de Charleroi","Provincie Henegouwen","Province du Hainaut","Waals Gewest","Région wallonne","<5"
"2020-03-23","52015","Courcelles","Courcelles","Arrondissement Charleroi","Arrondissement de Charleroi","Provincie Henegouwen","Province du Hainaut","Waals Gewest","Région wallonne","<5"
"2020-03-23","52021","Fleurus","Fleurus","Arrondissement Charleroi","Arrondissement de Charleroi","Provincie Henegouwen","Province du Hainaut","Waals Gewest","Région wallonne","<5"
"2020-03-23","52055","Pont-à-Celles","Pont-à-Celles","Arrondissement Charleroi","Arrondissement de Charleroi","Provincie Henegouwen","Province du Hainaut","Waals Gewest","Région wallonne","<5"
"2020-03-23","52074","Aiseau-Presles","Aiseau-Presles","Arrondissement Charleroi","Arrondissement de Charleroi","Provincie Henegouwen","Province du Hainaut","Waals Gewest","Région wallonne","<5"
"2020-03-23","52075","Les Bons Villers","Les Bons Villers","Arrondissement Charleroi","Arrondissement de Charleroi","Provincie Henegouwen","Province du Hainaut","Waals Gewest","Région wallonne","<5"
"2020-03-23","53014","Boussu","Boussu","Arrondissement Bergen","Arrondissement de Mons","Provincie Henegouwen","Province du Hainaut","Waals Gewest","Région wallonne","7"
"2020-03-23","53020","Dour","Dour","Arrondissement Bergen","Arrondissement de Mons","Provincie Henegouwen","Province du Hainaut","Waals Gewest","Région wallonne","<5"
"2020-03-23","53028","Frameries","Frameries","Arrondissement Bergen","Arrondissement de Mons","Provincie Henegouwen","Province du Hainaut","Waals Gewest","Région wallonne","<5"
"2020-03-23","53039","Hensies","Hensies","Arrondissement Bergen","Arrondissement de Mons","Provincie Henegouwen","Province du Hainaut","Waals Gewest","Région wallonne","<5"
"2020-03-23","53046","Lens","Lens","Arrondissement Bergen","Arrondissement de Mons","Provincie Henegouwen","Province du Hainaut","Waals Gewest","Région wallonne","<5"
"2020-03-23","53053","Bergen","Mons","Arrondissement Bergen","Arrondissement de Mons","Provincie Henegouwen","Province du Hainaut","Waals Gewest","Région wallonne","13"
"2020-03-23","53065","Quaregnon","Quaregnon","Arrondissement Bergen","Arrondissement de Mons","Provincie Henegouwen","Province du Hainaut","Waals Gewest","Région wallonne","<5"
"2020-03-23","53070","Saint-Ghislain","Saint-Ghislain","Arrondissement Bergen","Arrondissement de Mons","Provincie Henegouwen","Province du Hainaut","Waals Gewest","Région wallonne","<5"
"2020-03-23","53082","Colfontaine","Colfontaine","Arrondissement Bergen","Arrondissement de Mons","Provincie Henegouwen","Province du Hainaut","Waals Gewest","Région wallonne","<5"
"2020-03-23","53083","Honnelles","Honnelles","Arrondissement Bergen","Arrondissement de Mons","Provincie Henegouwen","Province du Hainaut","Waals Gewest","Région wallonne","<5"
"2020-03-23","53084","Quévy","Quévy","Arrondissement Bergen","Arrondissement de Mons","Provincie Henegouwen","Province du Hainaut","Waals Gewest","Région wallonne","<5"
"2020-03-23","55004","’s Gravenbrakel","Braine-le-Comte","Arrondissement Zinnik","Arrondissement de Soignies","Provincie Henegouwen","Province du Hainaut","Waals Gewest","Région wallonne","<5"
"2020-03-23","55040","Zinnik","Soignies","Arrondissement Zinnik","Arrondissement de Soignies","Provincie Henegouwen","Province du Hainaut","Waals Gewest","Région wallonne","5"
"2020-03-23","55050","Ecaussinnes","Ecaussinnes","Arrondissement Zinnik","Arrondissement de Soignies","Provincie Henegouwen","Province du Hainaut","Waals Gewest","Région wallonne","<5"
"2020-03-23","55086","Manage","Manage","Arrondissement Zinnik","Arrondissement de Soignies","Provincie Henegouwen","Province du Hainaut","Waals Gewest","Région wallonne","<5"
"2020-03-23","56016","Chimay","Chimay","Arrondissement Thuin","Arrondissement de Thuin","Provincie Henegouwen","Province du Hainaut","Waals Gewest","Région wallonne","<5"
"2020-03-23","56044","Lobbes","Lobbes","Arrondissement Thuin","Arrondissement de Thuin","Provincie Henegouwen","Province du Hainaut","Waals Gewest","Région wallonne","<5"
"2020-03-23","56051","Momignies","Momignies","Arrondissement Thuin","Arrondissement de Thuin","Provincie Henegouwen","Province du Hainaut","Waals Gewest","Région wallonne","<5"
"2020-03-23","56078","Thuin","Thuin","Arrondissement Thuin","Arrondissement de Thuin","Provincie Henegouwen","Province du Hainaut","Waals Gewest","Région wallonne","<5"
"2020-03-23","56088","Sivry-Rance","Sivry-Rance","Arrondissement Thuin","Arrondissement de Thuin","Provincie Henegouwen","Province du Hainaut","Waals Gewest","Région wallonne","<5"
"2020-03-23","57064","Péruwelz","Péruwelz","Arrondissement Doornik-Moeskroen","Arrondissement de Tournai-Mouscron","Provincie Henegouwen","Province du Hainaut","Waals Gewest","Région wallonne","<5"
"2020-03-23","57072","Rumes","Rumes","Arrondissement Doornik-Moeskroen","Arrondissement de Tournai-Mouscron","Provincie Henegouwen","Province du Hainaut","Waals Gewest","Région wallonne","<5"
"2020-03-23","57081","Doornik","Tournai","Arrondissement Doornik-Moeskroen","Arrondissement de Tournai-Mouscron","Provincie Henegouwen","Province du Hainaut","Waals Gewest","Région wallonne","<5"
"2020-03-23","57094","Leuze-en-Hainaut","Leuze-en-Hainaut","Arrondissement Doornik-Moeskroen","Arrondissement de Tournai-Mouscron","Provincie Henegouwen","Province du Hainaut","Waals Gewest","Région wallonne","<5"
"2020-03-23","57096","Moeskroen","Mouscron","Arrondissement Doornik-Moeskroen","Arrondissement de Tournai-Mouscron","Provincie Henegouwen","Province du Hainaut","Waals Gewest","Région wallonne","<5"
"2020-03-23","57097","Komen-Waasten","Comines-Warneton","Arrondissement Doornik-Moeskroen","Arrondissement de Tournai-Mouscron","Provincie Henegouwen","Province du Hainaut","Waals Gewest","Région wallonne","<5"
"2020-03-23","58001","La Louvière","La Louvière","Arrondissement La Louvière","Arrondissement de La Louvière","Provincie Henegouwen","Province du Hainaut","Waals Gewest","Région wallonne","8"
"2020-03-23","58003","Estinnes","Estinnes","Arrondissement La Louvière","Arrondissement de La Louvière","Provincie Henegouwen","Province du Hainaut","Waals Gewest","Région wallonne","<5"
"2020-03-23","58004","Morlanwelz","Morlanwelz","Arrondissement La Louvière","Arrondissement de La Louvière","Provincie Henegouwen","Province du Hainaut","Waals Gewest","Région wallonne","<5"
"2020-03-23","61003","Amay","Amay","Arrondissement Hoei","Arrondissement de Huy","Provincie Luik","Province de Liège","Waals Gewest","Région wallonne","<5"
"2020-03-23","61019","Ferrières","Ferrières","Arrondissement Hoei","Arrondissement de Huy","Provincie Luik","Province de Liège","Waals Gewest","Région wallonne","<5"
"2020-03-23","61031","Hoei","Huy","Arrondissement Hoei","Arrondissement de Huy","Provincie Luik","Province de Liège","Waals Gewest","Région wallonne","<5"
"2020-03-23","61039","Marchin","Marchin","Arrondissement Hoei","Arrondissement de Huy","Provincie Luik","Province de Liège","Waals Gewest","Région wallonne","<5"
"2020-03-23","61043","Nandrin","Nandrin","Arrondissement Hoei","Arrondissement de Huy","Provincie Luik","Province de Liège","Waals Gewest","Région wallonne","<5"
"2020-03-23","61063","Verlaine","Verlaine","Arrondissement Hoei","Arrondissement de Huy","Provincie Luik","Province de Liège","Waals Gewest","Région wallonne","<5"
"2020-03-23","61072","Wanze","Wanze","Arrondissement Hoei","Arrondissement de Huy","Provincie Luik","Province de Liège","Waals Gewest","Région wallonne","<5"
"2020-03-23","61079","Anthisnes","Anthisnes","Arrondissement Hoei","Arrondissement de Huy","Provincie Luik","Province de Liège","Waals Gewest","Région wallonne","<5"
"2020-03-23","62003","Ans","Ans","Arrondissement Luik","Arrondissement de Liège","Provincie Luik","Province de Liège","Waals Gewest","Région wallonne","<5"
"2020-03-23","62006","Awans","Awans","Arrondissement Luik","Arrondissement de Liège","Provincie Luik","Province de Liège","Waals Gewest","Région wallonne","<5"
"2020-03-23","62009","Aywaille","Aywaille","Arrondissement Luik","Arrondissement de Liège","Provincie Luik","Province de Liège","Waals Gewest","Région wallonne","<5"
"2020-03-23","62011","Bitsingen","Bassenge","Arrondissement Luik","Arrondissement de Liège","Provincie Luik","Province de Liège","Waals Gewest","Région wallonne","<5"
"2020-03-23","62015","Beyne-Heusay","Beyne-Heusay","Arrondissement Luik","Arrondissement de Liège","Provincie Luik","Province de Liège","Waals Gewest","Région wallonne","<5"
"2020-03-23","62022","Chaudfontaine","Chaudfontaine","Arrondissement Luik","Arrondissement de Liège","Provincie Luik","Province de Liège","Waals Gewest","Région wallonne","9"
"2020-03-23","62026","Comblain-au-Pont","Comblain-au-Pont","Arrondissement Luik","Arrondissement de Liège","Provincie Luik","Province de Liège","Waals Gewest","Région wallonne","<5"
"2020-03-23","62032","Esneux","Esneux","Arrondissement Luik","Arrondissement de Liège","Provincie Luik","Province de Liège","Waals Gewest","Région wallonne","<5"
"2020-03-23","62038","Fléron","Fléron","Arrondissement Luik","Arrondissement de Liège","Provincie Luik","Province de Liège","Waals Gewest","Région wallonne","<5"
"2020-03-23","62051","Herstal","Herstal","Arrondissement Luik","Arrondissement de Liège","Provincie Luik","Province de Liège","Waals Gewest","Région wallonne","8"
"2020-03-23","62063","Luik","Liège","Arrondissement Luik","Arrondissement de Liège","Provincie Luik","Province de Liège","Waals Gewest","Région wallonne","30"
"2020-03-23","62079","Oupeye","Oupeye","Arrondissement Luik","Arrondissement de Liège","Provincie Luik","Province de Liège","Waals Gewest","Région wallonne","<5"
"2020-03-23","62093","Saint-Nicolas (Luik)","Saint-Nicolas (Liège)","Arrondissement Luik","Arrondissement de Liège","Provincie Luik","Province de Liège","Waals Gewest","Région wallonne","<5"
"2020-03-23","62096","Seraing","Seraing","Arrondissement Luik","Arrondissement de Liège","Provincie Luik","Province de Liège","Waals Gewest","Région wallonne","10"
"2020-03-23","62099","Soumagne","Soumagne","Arrondissement Luik","Arrondissement de Liège","Provincie Luik","Province de Liège","Waals Gewest","Région wallonne","<5"
"2020-03-23","62100","Sprimont","Sprimont","Arrondissement Luik","Arrondissement de Liège","Provincie Luik","Province de Liège","Waals Gewest","Région wallonne","<5"
"2020-03-23","62108","Wezet","Visé","Arrondissement Luik","Arrondissement de Liège","Provincie Luik","Province de Liège","Waals Gewest","Région wallonne","<5"
"2020-03-23","62118","Grâce-Hollogne","Grâce-Hollogne","Arrondissement Luik","Arrondissement de Liège","Provincie Luik","Province de Liège","Waals Gewest","Région wallonne","7"
"2020-03-23","62119","Blegny","Blegny","Arrondissement Luik","Arrondissement de Liège","Provincie Luik","Province de Liège","Waals Gewest","Région wallonne","<5"
"2020-03-23","62120","Flémalle","Flémalle","Arrondissement Luik","Arrondissement de Liège","Provincie Luik","Province de Liège","Waals Gewest","Région wallonne","<5"
"2020-03-23","62121","Neupré","Neupré","Arrondissement Luik","Arrondissement de Liège","Provincie Luik","Province de Liège","Waals Gewest","Région wallonne","<5"
"2020-03-23","62122","Trooz","Trooz","Arrondissement Luik","Arrondissement de Liège","Provincie Luik","Province de Liège","Waals Gewest","Région wallonne","<5"
"2020-03-23","63001","Amel","Amblève","Arrondissement Verviers","Arrondissement de Verviers","Provincie Luik","Province de Liège","Waals Gewest","Région wallonne","<5"
"2020-03-23","63004","Baelen","Baelen","Arrondissement Verviers","Arrondissement de Verviers","Provincie Luik","Province de Liège","Waals Gewest","Région wallonne","<5"
"2020-03-23","63023","Eupen","Eupen","Arrondissement Verviers","Arrondissement de Verviers","Provincie Luik","Province de Liège","Waals Gewest","Région wallonne","<5"
"2020-03-23","63035","Herve","Herve","Arrondissement Verviers","Arrondissement de Verviers","Provincie Luik","Province de Liège","Waals Gewest","Région wallonne","<5"
"2020-03-23","63038","Jalhay","Jalhay","Arrondissement Verviers","Arrondissement de Verviers","Provincie Luik","Province de Liège","Waals Gewest","Région wallonne","<5"
"2020-03-23","63040","Kelmis","La Calamine","Arrondissement Verviers","Arrondissement de Verviers","Provincie Luik","Province de Liège","Waals Gewest","Région wallonne","<5"
"2020-03-23","63045","Lierneux","Lierneux","Arrondissement Verviers","Arrondissement de Verviers","Provincie Luik","Province de Liège","Waals Gewest","Région wallonne","<5"
"2020-03-23","63046","Limburg","Limbourg","Arrondissement Verviers","Arrondissement de Verviers","Provincie Luik","Province de Liège","Waals Gewest","Région wallonne","<5"
"2020-03-23","63049","Malmedy","Malmedy","Arrondissement Verviers","Arrondissement de Verviers","Provincie Luik","Province de Liège","Waals Gewest","Région wallonne","<5"
"2020-03-23","63061","Raeren","Raeren","Arrondissement Verviers","Arrondissement de Verviers","Provincie Luik","Province de Liège","Waals Gewest","Région wallonne","<5"
"2020-03-23","63067","Sankt Vith","Saint-Vith","Arrondissement Verviers","Arrondissement de Verviers","Provincie Luik","Province de Liège","Waals Gewest","Région wallonne","<5"
"2020-03-23","63072","Spa","Spa","Arrondissement Verviers","Arrondissement de Verviers","Provincie Luik","Province de Liège","Waals Gewest","Région wallonne","<5"
"2020-03-23","63073","Stavelot","Stavelot","Arrondissement Verviers","Arrondissement de Verviers","Provincie Luik","Province de Liège","Waals Gewest","Région wallonne","<5"
"2020-03-23","63076","Theux","Theux","Arrondissement Verviers","Arrondissement de Verviers","Provincie Luik","Province de Liège","Waals Gewest","Région wallonne","<5"
"2020-03-23","63079","Verviers","Verviers","Arrondissement Verviers","Arrondissement de Verviers","Provincie Luik","Province de Liège","Waals Gewest","Région wallonne","5"
"2020-03-23","63080","Weismes","Waimes","Arrondissement Verviers","Arrondissement de Verviers","Provincie Luik","Province de Liège","Waals Gewest","Région wallonne","<5"
"2020-03-23","63084","Welkenraedt","Welkenraedt","Arrondissement Verviers","Arrondissement de Verviers","Provincie Luik","Province de Liège","Waals Gewest","Région wallonne","<5"
"2020-03-23","63088","Plombières","Plombières","Arrondissement Verviers","Arrondissement de Verviers","Provincie Luik","Province de Liège","Waals Gewest","Région wallonne","<5"
"2020-03-23","63089","Thimister-Clermont","Thimister-Clermont","Arrondissement Verviers","Arrondissement de Verviers","Provincie Luik","Province de Liège","Waals Gewest","Région wallonne","<5"
"2020-03-23","64034","Hannuit","Hannut","Arrondissement Borgworm","Arrondissement de Waremme","Provincie Luik","Province de Liège","Waals Gewest","Région wallonne","<5"
"2020-03-23","64047","Lijsem","Lincent","Arrondissement Borgworm","Arrondissement de Waremme","Provincie Luik","Province de Liège","Waals Gewest","Région wallonne","<5"
"2020-03-23","64056","Oerle","Oreye","Arrondissement Borgworm","Arrondissement de Waremme","Provincie Luik","Province de Liège","Waals Gewest","Région wallonne","<5"
"2020-03-23","64063","Remicourt","Remicourt","Arrondissement Borgworm","Arrondissement de Waremme","Provincie Luik","Province de Liège","Waals Gewest","Région wallonne","<5"
"2020-03-23","64065","Saint-Georges-sur-Meuse","Saint-Georges-sur-Meuse","Arrondissement Borgworm","Arrondissement de Waremme","Provincie Luik","Province de Liège","Waals Gewest","Région wallonne","<5"
"2020-03-23","64074","Borgworm","Waremme","Arrondissement Borgworm","Arrondissement de Waremme","Provincie Luik","Province de Liège","Waals Gewest","Région wallonne","<5"
"2020-03-23","71002","As","As","Arrondissement Hasselt","Arrondissement de Hasselt","Provincie Limburg","Province du Limbourg","Vlaams Gewest","Région flamande","<5"
"2020-03-23","71004","Beringen","Beringen","Arrondissement Hasselt","Arrondissement de Hasselt","Provincie Limburg","Province du Limbourg","Vlaams Gewest","Région flamande","<5"
"2020-03-23","71011","Diepenbeek","Diepenbeek","Arrondissement Hasselt","Arrondissement de Hasselt","Provincie Limburg","Province du Limbourg","Vlaams Gewest","Région flamande","<5"
"2020-03-23","71016","Genk","Genk","Arrondissement Hasselt","Arrondissement de Hasselt","Provincie Limburg","Province du Limbourg","Vlaams Gewest","Région flamande","21"
"2020-03-23","71022","Hasselt","Hasselt","Arrondissement Hasselt","Arrondissement de Hasselt","Provincie Limburg","Province du Limbourg","Vlaams Gewest","Région flamande","15"
"2020-03-23","71024","Herk-de-Stad","Herck-la-Ville","Arrondissement Hasselt","Arrondissement de Hasselt","Provincie Limburg","Province du Limbourg","Vlaams Gewest","Région flamande","<5"
"2020-03-23","71037","Lummen","Lummen","Arrondissement Hasselt","Arrondissement de Hasselt","Provincie Limburg","Province du Limbourg","Vlaams Gewest","Région flamande","<5"
"2020-03-23","71045","Nieuwerkerken (Hasselt)","Nieuwerkerken (Hasselt)","Arrondissement Hasselt","Arrondissement de Hasselt","Provincie Limburg","Province du Limbourg","Vlaams Gewest","Région flamande","<5"
"2020-03-23","71053","Sint-Truiden","Saint-Trond","Arrondissement Hasselt","Arrondissement de Hasselt","Provincie Limburg","Province du Limbourg","Vlaams Gewest","Région flamande","10"
"2020-03-23","71057","Tessenderlo","Tessenderlo","Arrondissement Hasselt","Arrondissement de Hasselt","Provincie Limburg","Province du Limbourg","Vlaams Gewest","Région flamande","<5"
"2020-03-23","71066","Zonhoven","Zonhoven","Arrondissement Hasselt","Arrondissement de Hasselt","Provincie Limburg","Province du Limbourg","Vlaams Gewest","Région flamande","6"
"2020-03-23","71070","Heusden-Zolder","Heusden-Zolder","Arrondissement Hasselt","Arrondissement de Hasselt","Provincie Limburg","Province du Limbourg","Vlaams Gewest","Région flamande","10"
"2020-03-23","72003","Bocholt","Bocholt","Arrondissement Maaseik","Arrondissement de Maaseik","Provincie Limburg","Province du Limbourg","Vlaams Gewest","Région flamande","<5"
"2020-03-23","72004","Bree","Bree","Arrondissement Maaseik","Arrondissement de Maaseik","Provincie Limburg","Province du Limbourg","Vlaams Gewest","Région flamande","<5"
"2020-03-23","72018","Kinrooi","Kinrooi","Arrondissement Maaseik","Arrondissement de Maaseik","Provincie Limburg","Province du Limbourg","Vlaams Gewest","Région flamande","<5"
"2020-03-23","72020","Lommel","Lommel","Arrondissement Maaseik","Arrondissement de Maaseik","Provincie Limburg","Province du Limbourg","Vlaams Gewest","Région flamande","<5"
"2020-03-23","72021","Maaseik","Maaseik","Arrondissement Maaseik","Arrondissement de Maaseik","Provincie Limburg","Province du Limbourg","Vlaams Gewest","Région flamande","5"
"2020-03-23","72030","Peer","Peer","Arrondissement Maaseik","Arrondissement de Maaseik","Provincie Limburg","Province du Limbourg","Vlaams Gewest","Région flamande","<5"
"2020-03-23","72038","Hechtel-Eksel","Hechtel-Eksel","Arrondissement Maaseik","Arrondissement de Maaseik","Provincie Limburg","Province du Limbourg","Vlaams Gewest","Région flamande","<5"
"2020-03-23","72039","Houthalen-Helchteren","Houthalen-Helchteren","Arrondissement Maaseik","Arrondissement de Maaseik","Provincie Limburg","Province du Limbourg","Vlaams Gewest","Région flamande","<5"
"2020-03-23","72041","Dilsen-Stokkem","Dilsen-Stokkem","Arrondissement Maaseik","Arrondissement de Maaseik","Provincie Limburg","Province du Limbourg","Vlaams Gewest","Région flamande","<5"
"2020-03-23","72042","Oudsbergen","Oudsbergen","Arrondissement Maaseik","Arrondissement de Maaseik","Provincie Limburg","Province du Limbourg","Vlaams Gewest","Région flamande","5"
"2020-03-23","72043","Pelt","Pelt","Arrondissement Maaseik","Arrondissement de Maaseik","Provincie Limburg","Province du Limbourg","Vlaams Gewest","Région flamande","<5"
"2020-03-23","73001","Alken","Alken","Arrondissement Tongeren","Arrondissement de Tongres","Provincie Limburg","Province du Limbourg","Vlaams Gewest","Région flamande","5"
"2020-03-23","73006","Bilzen","Bilzen","Arrondissement Tongeren","Arrondissement de Tongres","Provincie Limburg","Province du Limbourg","Vlaams Gewest","Région flamande","8"
"2020-03-23","73009","Borgloon","Looz","Arrondissement Tongeren","Arrondissement de Tongres","Provincie Limburg","Province du Limbourg","Vlaams Gewest","Région flamande","<5"
"2020-03-23","73022","Heers","Heers","Arrondissement Tongeren","Arrondissement de Tongres","Provincie Limburg","Province du Limbourg","Vlaams Gewest","Région flamande","<5"
"2020-03-23","73042","Lanaken","Lanaken","Arrondissement Tongeren","Arrondissement de Tongres","Provincie Limburg","Province du Limbourg","Vlaams Gewest","Région flamande","5"
"2020-03-23","73066","Riemst","Riemst","Arrondissement Tongeren","Arrondissement de Tongres","Provincie Limburg","Province du Limbourg","Vlaams Gewest","Région flamande","<5"
"2020-03-23","73083","Tongeren","Tongres","Arrondissement Tongeren","Arrondissement de Tongres","Provincie Limburg","Province du Limbourg","Vlaams Gewest","Région flamande","<5"
"2020-03-23","73098","Wellen","Wellen","Arrondissement Tongeren","Arrondissement de Tongres","Provincie Limburg","Province du Limbourg","Vlaams Gewest","Région flamande","<5"
"2020-03-23","73107","Maasmechelen","Maasmechelen","Arrondissement Tongeren","Arrondissement de Tongres","Provincie Limburg","Province du Limbourg","Vlaams Gewest","Région flamande","7"
"2020-03-23","73109","Voeren","Fourons","Arrondissement Tongeren","Arrondissement de Tongres","Provincie Limburg","Province du Limbourg","Vlaams Gewest","Région flamande","<5"
"2020-03-23","81001","Aarlen","Arlon","Arrondissement Aarlen","Arrondissement d’Arlon","Provincie Luxemburg","Province du Luxembourg","Waals Gewest","Région wallonne","<5"
"2020-03-23","81004","Aubange","Aubange","Arrondissement Aarlen","Arrondissement d’Arlon","Provincie Luxemburg","Province du Luxembourg","Waals Gewest","Région wallonne","5"
"2020-03-23","81015","Messancy","Messancy","Arrondissement Aarlen","Arrondissement d’Arlon","Provincie Luxemburg","Province du Luxembourg","Waals Gewest","Région wallonne","7"
"2020-03-23","82003","Bastenaken","Bastogne","Arrondissement Bastenaken","Arrondissement de Bastogne","Provincie Luxemburg","Province du Luxembourg","Waals Gewest","Région wallonne","<5"
"2020-03-23","82009","Fauvillers","Fauvillers","Arrondissement Bastenaken","Arrondissement de Bastogne","Provincie Luxemburg","Province du Luxembourg","Waals Gewest","Région wallonne","<5"
"2020-03-23","82014","Houffalize","Houffalize","Arrondissement Bastenaken","Arrondissement de Bastogne","Provincie Luxemburg","Province du Luxembourg","Waals Gewest","Région wallonne","<5"
"2020-03-23","82032","Vielsalm","Vielsalm","Arrondissement Bastenaken","Arrondissement de Bastogne","Provincie Luxemburg","Province du Luxembourg","Waals Gewest","Région wallonne","<5"
"2020-03-23","82036","Vaux-sur-Sûre","Vaux-sur-Sûre","Arrondissement Bastenaken","Arrondissement de Bastogne","Provincie Luxemburg","Province du Luxembourg","Waals Gewest","Région wallonne","<5"
"2020-03-23","83028","Hotton","Hotton","Arrondissement Marche-en-Famenne","Arrondissement de Marche-en-Famenne","Provincie Luxemburg","Province du Luxembourg","Waals Gewest","Région wallonne","<5"
"2020-03-23","83034","Marche-en-Famenne","Marche-en-Famenne","Arrondissement Marche-en-Famenne","Arrondissement de Marche-en-Famenne","Provincie Luxemburg","Province du Luxembourg","Waals Gewest","Région wallonne","<5"
"2020-03-23","83040","Nassogne","Nassogne","Arrondissement Marche-en-Famenne","Arrondissement de Marche-en-Famenne","Provincie Luxemburg","Province du Luxembourg","Waals Gewest","Région wallonne","<5"
"2020-03-23","84010","Bouillon","Bouillon","Arrondissement Neufchâteau","Arrondissement de Neufchâteau","Provincie Luxemburg","Province du Luxembourg","Waals Gewest","Région wallonne","<5"
"2020-03-23","84033","Léglise","Léglise","Arrondissement Neufchâteau","Arrondissement de Neufchâteau","Provincie Luxemburg","Province du Luxembourg","Waals Gewest","Région wallonne","<5"
"2020-03-23","84059","Saint-Hubert","Saint-Hubert","Arrondissement Neufchâteau","Arrondissement de Neufchâteau","Provincie Luxemburg","Province du Luxembourg","Waals Gewest","Région wallonne","<5"
"2020-03-23","84077","Libramont-Chevigny","Libramont-Chevigny","Arrondissement Neufchâteau","Arrondissement de Neufchâteau","Provincie Luxemburg","Province du Luxembourg","Waals Gewest","Région wallonne","5"
"2020-03-23","85007","Chiny","Chiny","Arrondissement Virton","Arrondissement de Virton","Provincie Luxemburg","Province du Luxembourg","Waals Gewest","Région wallonne","<5"
"2020-03-23","85026","Musson","Musson","Arrondissement Virton","Arrondissement de Virton","Provincie Luxemburg","Province du Luxembourg","Waals Gewest","Région wallonne","<5"
"2020-03-23","85034","Saint-Léger (Virton)","Saint-Léger (Virton)","Arrondissement Virton","Arrondissement de Virton","Provincie Luxemburg","Province du Luxembourg","Waals Gewest","Région wallonne","<5"
"2020-03-23","85045","Virton","Virton","Arrondissement Virton","Arrondissement de Virton","Provincie Luxemburg","Province du Luxembourg","Waals Gewest","Région wallonne","<5"
"2020-03-23","85046","Habay","Habay","Arrondissement Virton","Arrondissement de Virton","Provincie Luxemburg","Province du Luxembourg","Waals Gewest","Région wallonne","<5"
"2020-03-23","85047","Rouvroy","Rouvroy","Arrondissement Virton","Arrondissement de Virton","Provincie Luxemburg","Province du Luxembourg","Waals Gewest","Région wallonne","<5"
"2020-03-23","91013","Beauraing","Beauraing","Arrondissement Dinant","Arrondissement de Dinant","Provincie Namen","Province de Namur","Waals Gewest","Région wallonne","<5"
"2020-03-23","91059","Hamois","Hamois","Arrondissement Dinant","Arrondissement de Dinant","Provincie Namen","Province de Namur","Waals Gewest","Région wallonne","<5"
"2020-03-23","91064","Havelange","Havelange","Arrondissement Dinant","Arrondissement de Dinant","Provincie Namen","Province de Namur","Waals Gewest","Région wallonne","<5"
"2020-03-23","91141","Yvoir","Yvoir","Arrondissement Dinant","Arrondissement de Dinant","Provincie Namen","Province de Namur","Waals Gewest","Région wallonne","<5"
"2020-03-23","92003","Andenne","Andenne","Arrondissement Namen","Arrondissement de Namur","Provincie Namen","Province de Namur","Waals Gewest","Région wallonne","<5"
"2020-03-23","92006","Assesse","Assesse","Arrondissement Namen","Arrondissement de Namur","Provincie Namen","Province de Namur","Waals Gewest","Région wallonne","<5"
"2020-03-23","92035","Eghezée","Eghezée","Arrondissement Namen","Arrondissement de Namur","Provincie Namen","Province de Namur","Waals Gewest","Région wallonne","<5"
"2020-03-23","92087","Mettet","Mettet","Arrondissement Namen","Arrondissement de Namur","Provincie Namen","Province de Namur","Waals Gewest","Région wallonne","<5"
"2020-03-23","92094","Namen","Namur","Arrondissement Namen","Arrondissement de Namur","Provincie Namen","Province de Namur","Waals Gewest","Région wallonne","7"
"2020-03-23","92101","Profondeville","Profondeville","Arrondissement Namen","Arrondissement de Namur","Provincie Namen","Province de Namur","Waals Gewest","Région wallonne","<5"
"2020-03-23","92137","Sambreville","Sambreville","Arrondissement Namen","Arrondissement de Namur","Provincie Namen","Province de Namur","Waals Gewest","Région wallonne","<5"
"2020-03-23","92140","Jemeppe-sur-Sambre","Jemeppe-sur-Sambre","Arrondissement Namen","Arrondissement de Namur","Provincie Namen","Province de Namur","Waals Gewest","Région wallonne","<5"
"2020-03-23","92142","Gembloux","Gembloux","Arrondissement Namen","Arrondissement de Namur","Provincie Namen","Province de Namur","Waals Gewest","Région wallonne","<5"
"2020-03-23","93014","Couvin","Couvin","Arrondissement Philippeville","Arrondissement de Philippeville","Provincie Namen","Province de Namur","Waals Gewest","Région wallonne","<5"
"2020-03-23","93022","Florennes","Florennes","Arrondissement Philippeville","Arrondissement de Philippeville","Provincie Namen","Province de Namur","Waals Gewest","Région wallonne","<5"
"2020-03-23","93056","Philippeville","Philippeville","Arrondissement Philippeville","Arrondissement de Philippeville","Provincie Namen","Province de Namur","Waals Gewest","Région wallonne","<5"
"2020-03-23",NA,NA,NA,NA,NA,NA,NA,NA,NA,"12"
"2020-03-24","11001","Aartselaar","Aartselaar","Arrondissement Antwerpen","Arrondissement d’Anvers","Provincie Antwerpen","Province d’Anvers","Vlaams Gewest","Région flamande","<5"
"2020-03-24","11002","Antwerpen","Anvers","Arrondissement Antwerpen","Arrondissement d’Anvers","Provincie Antwerpen","Province d’Anvers","Vlaams Gewest","Région flamande","55"
"2020-03-24","11004","Boechout","Boechout","Arrondissement Antwerpen","Arrondissement d’Anvers","Provincie Antwerpen","Province d’Anvers","Vlaams Gewest","Région flamande","<5"
"2020-03-24","11005","Boom","Boom","Arrondissement Antwerpen","Arrondissement d’Anvers","Provincie Antwerpen","Province d’Anvers","Vlaams Gewest","Région flamande","<5"
"2020-03-24","11008","Brasschaat","Brasschaat","Arrondissement Antwerpen","Arrondissement d’Anvers","Provincie Antwerpen","Province d’Anvers","Vlaams Gewest","Région flamande","<5"
"2020-03-24","11009","Brecht","Brecht","Arrondissement Antwerpen","Arrondissement d’Anvers","Provincie Antwerpen","Province d’Anvers","Vlaams Gewest","Région flamande","<5"
"2020-03-24","11013","Edegem","Edegem","Arrondissement Antwerpen","Arrondissement d’Anvers","Provincie Antwerpen","Province d’Anvers","Vlaams Gewest","Région flamande","<5"
"2020-03-24","11021","Hove (Antwerpen)","Hove (Anvers)","Arrondissement Antwerpen","Arrondissement d’Anvers","Provincie Antwerpen","Province d’Anvers","Vlaams Gewest","Région flamande","<5"
"2020-03-24","11023","Kapellen (Antwerpen)","Kapellen (Anvers)","Arrondissement Antwerpen","Arrondissement d’Anvers","Provincie Antwerpen","Province d’Anvers","Vlaams Gewest","Région flamande","<5"
"2020-03-24","11024","Kontich","Kontich","Arrondissement Antwerpen","Arrondissement d’Anvers","Provincie Antwerpen","Province d’Anvers","Vlaams Gewest","Région flamande","<5"
"2020-03-24","11029","Mortsel","Mortsel","Arrondissement Antwerpen","Arrondissement d’Anvers","Provincie Antwerpen","Province d’Anvers","Vlaams Gewest","Région flamande","<5"
"2020-03-24","11030","Niel","Niel","Arrondissement Antwerpen","Arrondissement d’Anvers","Provincie Antwerpen","Province d’Anvers","Vlaams Gewest","Région flamande","<5"
"2020-03-24","11035","Ranst","Ranst","Arrondissement Antwerpen","Arrondissement d’Anvers","Provincie Antwerpen","Province d’Anvers","Vlaams Gewest","Région flamande","<5"
"2020-03-24","11037","Rumst","Rumst","Arrondissement Antwerpen","Arrondissement d’Anvers","Provincie Antwerpen","Province d’Anvers","Vlaams Gewest","Région flamande","<5"
"2020-03-24","11038","Schelle","Schelle","Arrondissement Antwerpen","Arrondissement d’Anvers","Provincie Antwerpen","Province d’Anvers","Vlaams Gewest","Région flamande","<5"
"2020-03-24","11039","Schilde","Schilde","Arrondissement Antwerpen","Arrondissement d’Anvers","Provincie Antwerpen","Province d’Anvers","Vlaams Gewest","Région flamande","<5"
"2020-03-24","11040","Schoten","Schoten","Arrondissement Antwerpen","Arrondissement d’Anvers","Provincie Antwerpen","Province d’Anvers","Vlaams Gewest","Région flamande","<5"
"2020-03-24","11044","Stabroek","Stabroek","Arrondissement Antwerpen","Arrondissement d’Anvers","Provincie Antwerpen","Province d’Anvers","Vlaams Gewest","Région flamande","<5"
"2020-03-24","11052","Wommelgem","Wommelgem","Arrondissement Antwerpen","Arrondissement d’Anvers","Provincie Antwerpen","Province d’Anvers","Vlaams Gewest","Région flamande","5"
"2020-03-24","11053","Wuustwezel","Wuustwezel","Arrondissement Antwerpen","Arrondissement d’Anvers","Provincie Antwerpen","Province d’Anvers","Vlaams Gewest","Région flamande","<5"
"2020-03-24","11054","Zandhoven","Zandhoven","Arrondissement Antwerpen","Arrondissement d’Anvers","Provincie Antwerpen","Province d’Anvers","Vlaams Gewest","Région flamande","<5"
"2020-03-24","11056","Zwijndrecht","Zwijndrecht","Arrondissement Antwerpen","Arrondissement d’Anvers","Provincie Antwerpen","Province d’Anvers","Vlaams Gewest","Région flamande","<5"
"2020-03-24","11057","Malle","Malle","Arrondissement Antwerpen","Arrondissement d’Anvers","Provincie Antwerpen","Province d’Anvers","Vlaams Gewest","Région flamande","<5"
"2020-03-24","12002","Berlaar","Berlaar","Arrondissement Mechelen","Arrondissement de Malines","Provincie Antwerpen","Province d’Anvers","Vlaams Gewest","Région flamande","<5"
"2020-03-24","12005","Bonheiden","Bonheiden","Arrondissement Mechelen","Arrondissement de Malines","Provincie Antwerpen","Province d’Anvers","Vlaams Gewest","Région flamande","<5"
"2020-03-24","12009","Duffel","Duffel","Arrondissement Mechelen","Arrondissement de Malines","Provincie Antwerpen","Province d’Anvers","Vlaams Gewest","Région flamande","<5"
"2020-03-24","12021","Lier","Lierre","Arrondissement Mechelen","Arrondissement de Malines","Provincie Antwerpen","Province d’Anvers","Vlaams Gewest","Région flamande","<5"
"2020-03-24","12025","Mechelen","Malines","Arrondissement Mechelen","Arrondissement de Malines","Provincie Antwerpen","Province d’Anvers","Vlaams Gewest","Région flamande","8"
"2020-03-24","12026","Nijlen","Nijlen","Arrondissement Mechelen","Arrondissement de Malines","Provincie Antwerpen","Province d’Anvers","Vlaams Gewest","Région flamande","<5"
"2020-03-24","12029","Putte","Putte","Arrondissement Mechelen","Arrondissement de Malines","Provincie Antwerpen","Province d’Anvers","Vlaams Gewest","Région flamande","<5"
"2020-03-24","12035","Sint-Katelijne-Waver","Sint-Katelijne-Waver","Arrondissement Mechelen","Arrondissement de Malines","Provincie Antwerpen","Province d’Anvers","Vlaams Gewest","Région flamande","<5"
"2020-03-24","12040","Willebroek","Willebroek","Arrondissement Mechelen","Arrondissement de Malines","Provincie Antwerpen","Province d’Anvers","Vlaams Gewest","Région flamande","<5"
"2020-03-24","12041","Puurs-Sint-Amands","Puurs-Sint-Amands","Arrondissement Mechelen","Arrondissement de Malines","Provincie Antwerpen","Province d’Anvers","Vlaams Gewest","Région flamande","5"
"2020-03-24","13003","Balen","Balen","Arrondissement Turnhout","Arrondissement de Turnhout","Provincie Antwerpen","Province d’Anvers","Vlaams Gewest","Région flamande","<5"
"2020-03-24","13004","Beerse","Beerse","Arrondissement Turnhout","Arrondissement de Turnhout","Provincie Antwerpen","Province d’Anvers","Vlaams Gewest","Région flamande","<5"
"2020-03-24","13008","Geel","Geel","Arrondissement Turnhout","Arrondissement de Turnhout","Provincie Antwerpen","Province d’Anvers","Vlaams Gewest","Région flamande","7"
"2020-03-24","13010","Grobbendonk","Grobbendonk","Arrondissement Turnhout","Arrondissement de Turnhout","Provincie Antwerpen","Province d’Anvers","Vlaams Gewest","Région flamande","<5"
"2020-03-24","13011","Herentals","Herentals","Arrondissement Turnhout","Arrondissement de Turnhout","Provincie Antwerpen","Province d’Anvers","Vlaams Gewest","Région flamande","<5"
"2020-03-24","13012","Herenthout","Herenthout","Arrondissement Turnhout","Arrondissement de Turnhout","Provincie Antwerpen","Province d’Anvers","Vlaams Gewest","Région flamande","<5"
"2020-03-24","13013","Herselt","Herselt","Arrondissement Turnhout","Arrondissement de Turnhout","Provincie Antwerpen","Province d’Anvers","Vlaams Gewest","Région flamande","<5"
"2020-03-24","13014","Hoogstraten","Hoogstraten","Arrondissement Turnhout","Arrondissement de Turnhout","Provincie Antwerpen","Province d’Anvers","Vlaams Gewest","Région flamande","<5"
"2020-03-24","13017","Kasterlee","Kasterlee","Arrondissement Turnhout","Arrondissement de Turnhout","Provincie Antwerpen","Province d’Anvers","Vlaams Gewest","Région flamande","<5"
"2020-03-24","13019","Lille","Lille","Arrondissement Turnhout","Arrondissement de Turnhout","Provincie Antwerpen","Province d’Anvers","Vlaams Gewest","Région flamande","<5"
"2020-03-24","13025","Mol","Mol","Arrondissement Turnhout","Arrondissement de Turnhout","Provincie Antwerpen","Province d’Anvers","Vlaams Gewest","Région flamande","5"
"2020-03-24","13029","Olen","Olen","Arrondissement Turnhout","Arrondissement de Turnhout","Provincie Antwerpen","Province d’Anvers","Vlaams Gewest","Région flamande","<5"
"2020-03-24","13036","Retie","Retie","Arrondissement Turnhout","Arrondissement de Turnhout","Provincie Antwerpen","Province d’Anvers","Vlaams Gewest","Région flamande","<5"
"2020-03-24","13037","Rijkevorsel","Rijkevorsel","Arrondissement Turnhout","Arrondissement de Turnhout","Provincie Antwerpen","Province d’Anvers","Vlaams Gewest","Région flamande","<5"
"2020-03-24","13040","Turnhout","Turnhout","Arrondissement Turnhout","Arrondissement de Turnhout","Provincie Antwerpen","Province d’Anvers","Vlaams Gewest","Région flamande","<5"
"2020-03-24","13044","Vorselaar","Vorselaar","Arrondissement Turnhout","Arrondissement de Turnhout","Provincie Antwerpen","Province d’Anvers","Vlaams Gewest","Région flamande","<5"
"2020-03-24","13049","Westerlo","Westerlo","Arrondissement Turnhout","Arrondissement de Turnhout","Provincie Antwerpen","Province d’Anvers","Vlaams Gewest","Région flamande","<5"
"2020-03-24","13053","Laakdal","Laakdal","Arrondissement Turnhout","Arrondissement de Turnhout","Provincie Antwerpen","Province d’Anvers","Vlaams Gewest","Région flamande","<5"
"2020-03-24","21001","Anderlecht","Anderlecht","Arrondissement Brussel-Hoofdstad","Arrondissement de Bruxelles-Capitale",NA,NA,"Brussels Hoofdstedelijk Gewest","Région de Bruxelles-Capitale","12"
"2020-03-24","21002","Oudergem","Auderghem","Arrondissement Brussel-Hoofdstad","Arrondissement de Bruxelles-Capitale",NA,NA,"Brussels Hoofdstedelijk Gewest","Région de Bruxelles-Capitale","5"
"2020-03-24","21003","Sint-Agatha-Berchem","Berchem-Sainte-Agathe","Arrondissement Brussel-Hoofdstad","Arrondissement de Bruxelles-Capitale",NA,NA,"Brussels Hoofdstedelijk Gewest","Région de Bruxelles-Capitale","<5"
"2020-03-24","21004","Brussel","Bruxelles","Arrondissement Brussel-Hoofdstad","Arrondissement de Bruxelles-Capitale",NA,NA,"Brussels Hoofdstedelijk Gewest","Région de Bruxelles-Capitale","23"
"2020-03-24","21005","Etterbeek","Etterbeek","Arrondissement Brussel-Hoofdstad","Arrondissement de Bruxelles-Capitale",NA,NA,"Brussels Hoofdstedelijk Gewest","Région de Bruxelles-Capitale","<5"
"2020-03-24","21006","Evere","Evere","Arrondissement Brussel-Hoofdstad","Arrondissement de Bruxelles-Capitale",NA,NA,"Brussels Hoofdstedelijk Gewest","Région de Bruxelles-Capitale","<5"
"2020-03-24","21007","Vorst (Brussel-Hoofdstad)","Forest (Bruxelles-Capitale)","Arrondissement Brussel-Hoofdstad","Arrondissement de Bruxelles-Capitale",NA,NA,"Brussels Hoofdstedelijk Gewest","Région de Bruxelles-Capitale","<5"
"2020-03-24","21008","Ganshoren","Ganshoren","Arrondissement Brussel-Hoofdstad","Arrondissement de Bruxelles-Capitale",NA,NA,"Brussels Hoofdstedelijk Gewest","Région de Bruxelles-Capitale","<5"
"2020-03-24","21009","Elsene","Ixelles","Arrondissement Brussel-Hoofdstad","Arrondissement de Bruxelles-Capitale",NA,NA,"Brussels Hoofdstedelijk Gewest","Région de Bruxelles-Capitale","13"
"2020-03-24","21010","Jette","Jette","Arrondissement Brussel-Hoofdstad","Arrondissement de Bruxelles-Capitale",NA,NA,"Brussels Hoofdstedelijk Gewest","Région de Bruxelles-Capitale","<5"
"2020-03-24","21011","Koekelberg","Koekelberg","Arrondissement Brussel-Hoofdstad","Arrondissement de Bruxelles-Capitale",NA,NA,"Brussels Hoofdstedelijk Gewest","Région de Bruxelles-Capitale","<5"
"2020-03-24","21012","Sint-Jans-Molenbeek","Molenbeek-Saint-Jean","Arrondissement Brussel-Hoofdstad","Arrondissement de Bruxelles-Capitale",NA,NA,"Brussels Hoofdstedelijk Gewest","Région de Bruxelles-Capitale","19"
"2020-03-24","21013","Sint-Gillis","Saint-Gilles","Arrondissement Brussel-Hoofdstad","Arrondissement de Bruxelles-Capitale",NA,NA,"Brussels Hoofdstedelijk Gewest","Région de Bruxelles-Capitale","<5"
"2020-03-24","21014","Sint-Joost-ten-Node","Saint-Josse-ten-Noode","Arrondissement Brussel-Hoofdstad","Arrondissement de Bruxelles-Capitale",NA,NA,"Brussels Hoofdstedelijk Gewest","Région de Bruxelles-Capitale","<5"
"2020-03-24","21015","Schaarbeek","Schaerbeek","Arrondissement Brussel-Hoofdstad","Arrondissement de Bruxelles-Capitale",NA,NA,"Brussels Hoofdstedelijk Gewest","Région de Bruxelles-Capitale","9"
"2020-03-24","21016","Ukkel","Uccle","Arrondissement Brussel-Hoofdstad","Arrondissement de Bruxelles-Capitale",NA,NA,"Brussels Hoofdstedelijk Gewest","Région de Bruxelles-Capitale","7"
"2020-03-24","21017","Watermaal-Bosvoorde","Watermael-Boitsfort","Arrondissement Brussel-Hoofdstad","Arrondissement de Bruxelles-Capitale",NA,NA,"Brussels Hoofdstedelijk Gewest","Région de Bruxelles-Capitale","<5"
"2020-03-24","21018","Sint-Lambrechts-Woluwe","Woluwe-Saint-Lambert","Arrondissement Brussel-Hoofdstad","Arrondissement de Bruxelles-Capitale",NA,NA,"Brussels Hoofdstedelijk Gewest","Région de Bruxelles-Capitale","8"
"2020-03-24","21019","Sint-Pieters-Woluwe","Woluwe-Saint-Pierre","Arrondissement Brussel-Hoofdstad","Arrondissement de Bruxelles-Capitale",NA,NA,"Brussels Hoofdstedelijk Gewest","Région de Bruxelles-Capitale","<5"
"2020-03-24","23002","Asse","Asse","Arrondissement Halle-Vilvoorde","Arrondissement de Hal-Vilvorde","Provincie Vlaams-Brabant","Province du Brabant flamand","Vlaams Gewest","Région flamande","<5"
"2020-03-24","23003","Beersel","Beersel","Arrondissement Halle-Vilvoorde","Arrondissement de Hal-Vilvorde","Provincie Vlaams-Brabant","Province du Brabant flamand","Vlaams Gewest","Région flamande","<5"
"2020-03-24","23016","Dilbeek","Dilbeek","Arrondissement Halle-Vilvoorde","Arrondissement de Hal-Vilvorde","Provincie Vlaams-Brabant","Province du Brabant flamand","Vlaams Gewest","Région flamande","5"
"2020-03-24","23025","Grimbergen","Grimbergen","Arrondissement Halle-Vilvoorde","Arrondissement de Hal-Vilvorde","Provincie Vlaams-Brabant","Province du Brabant flamand","Vlaams Gewest","Région flamande","5"
"2020-03-24","23027","Halle (Halle-Vilvoorde)","Hal (Hal-Vilvorde)","Arrondissement Halle-Vilvoorde","Arrondissement de Hal-Vilvorde","Provincie Vlaams-Brabant","Province du Brabant flamand","Vlaams Gewest","Région flamande","<5"
"2020-03-24","23033","Hoeilaart","Hoeilaart","Arrondissement Halle-Vilvoorde","Arrondissement de Hal-Vilvorde","Provincie Vlaams-Brabant","Province du Brabant flamand","Vlaams Gewest","Région flamande","<5"
"2020-03-24","23038","Kampenhout","Kampenhout","Arrondissement Halle-Vilvoorde","Arrondissement de Hal-Vilvorde","Provincie Vlaams-Brabant","Province du Brabant flamand","Vlaams Gewest","Région flamande","<5"
"2020-03-24","23039","Kapelle-op-den-Bos","Kapelle-op-den-Bos","Arrondissement Halle-Vilvoorde","Arrondissement de Hal-Vilvorde","Provincie Vlaams-Brabant","Province du Brabant flamand","Vlaams Gewest","Région flamande","<5"
"2020-03-24","23044","Liedekerke","Liedekerke","Arrondissement Halle-Vilvoorde","Arrondissement de Hal-Vilvorde","Provincie Vlaams-Brabant","Province du Brabant flamand","Vlaams Gewest","Région flamande","<5"
"2020-03-24","23060","Opwijk","Opwijk","Arrondissement Halle-Vilvoorde","Arrondissement de Hal-Vilvorde","Provincie Vlaams-Brabant","Province du Brabant flamand","Vlaams Gewest","Région flamande","<5"
"2020-03-24","23062","Overijse","Overijse","Arrondissement Halle-Vilvoorde","Arrondissement de Hal-Vilvorde","Provincie Vlaams-Brabant","Province du Brabant flamand","Vlaams Gewest","Région flamande","<5"
"2020-03-24","23077","Sint-Pieters-Leeuw","Sint-Pieters-Leeuw","Arrondissement Halle-Vilvoorde","Arrondissement de Hal-Vilvorde","Provincie Vlaams-Brabant","Province du Brabant flamand","Vlaams Gewest","Région flamande","<5"
"2020-03-24","23081","Steenokkerzeel","Steenokkerzeel","Arrondissement Halle-Vilvoorde","Arrondissement de Hal-Vilvorde","Provincie Vlaams-Brabant","Province du Brabant flamand","Vlaams Gewest","Région flamande","<5"
"2020-03-24","23086","Ternat","Ternat","Arrondissement Halle-Vilvoorde","Arrondissement de Hal-Vilvorde","Provincie Vlaams-Brabant","Province du Brabant flamand","Vlaams Gewest","Région flamande","<5"
"2020-03-24","23088","Vilvoorde","Vilvorde","Arrondissement Halle-Vilvoorde","Arrondissement de Hal-Vilvorde","Provincie Vlaams-Brabant","Province du Brabant flamand","Vlaams Gewest","Région flamande","<5"
"2020-03-24","23094","Zaventem","Zaventem","Arrondissement Halle-Vilvoorde","Arrondissement de Hal-Vilvorde","Provincie Vlaams-Brabant","Province du Brabant flamand","Vlaams Gewest","Région flamande","<5"
"2020-03-24","23096","Zemst","Zemst","Arrondissement Halle-Vilvoorde","Arrondissement de Hal-Vilvorde","Provincie Vlaams-Brabant","Province du Brabant flamand","Vlaams Gewest","Région flamande","<5"
"2020-03-24","23098","Drogenbos","Drogenbos","Arrondissement Halle-Vilvoorde","Arrondissement de Hal-Vilvorde","Provincie Vlaams-Brabant","Province du Brabant flamand","Vlaams Gewest","Région flamande","<5"
"2020-03-24","23099","Kraainem","Kraainem","Arrondissement Halle-Vilvoorde","Arrondissement de Hal-Vilvorde","Provincie Vlaams-Brabant","Province du Brabant flamand","Vlaams Gewest","Région flamande","<5"
"2020-03-24","23100","Linkebeek","Linkebeek","Arrondissement Halle-Vilvoorde","Arrondissement de Hal-Vilvorde","Provincie Vlaams-Brabant","Province du Brabant flamand","Vlaams Gewest","Région flamande","<5"
"2020-03-24","23102","Wemmel","Wemmel","Arrondissement Halle-Vilvoorde","Arrondissement de Hal-Vilvorde","Provincie Vlaams-Brabant","Province du Brabant flamand","Vlaams Gewest","Région flamande","<5"
"2020-03-24","23103","Wezembeek-Oppem","Wezembeek-Oppem","Arrondissement Halle-Vilvoorde","Arrondissement de Hal-Vilvorde","Provincie Vlaams-Brabant","Province du Brabant flamand","Vlaams Gewest","Région flamande","<5"
"2020-03-24","23104","Lennik","Lennik","Arrondissement Halle-Vilvoorde","Arrondissement de Hal-Vilvorde","Provincie Vlaams-Brabant","Province du Brabant flamand","Vlaams Gewest","Région flamande","<5"
"2020-03-24","24001","Aarschot","Aarschot","Arrondissement Leuven","Arrondissement de Louvain","Provincie Vlaams-Brabant","Province du Brabant flamand","Vlaams Gewest","Région flamande","<5"
"2020-03-24","24007","Begijnendijk","Begijnendijk","Arrondissement Leuven","Arrondissement de Louvain","Provincie Vlaams-Brabant","Province du Brabant flamand","Vlaams Gewest","Région flamande","<5"
"2020-03-24","24008","Bekkevoort","Bekkevoort","Arrondissement Leuven","Arrondissement de Louvain","Provincie Vlaams-Brabant","Province du Brabant flamand","Vlaams Gewest","Région flamande","<5"
"2020-03-24","24009","Bertem","Bertem","Arrondissement Leuven","Arrondissement de Louvain","Provincie Vlaams-Brabant","Province du Brabant flamand","Vlaams Gewest","Région flamande","<5"
"2020-03-24","24011","Bierbeek","Bierbeek","Arrondissement Leuven","Arrondissement de Louvain","Provincie Vlaams-Brabant","Province du Brabant flamand","Vlaams Gewest","Région flamande","<5"
"2020-03-24","24014","Boortmeerbeek","Boortmeerbeek","Arrondissement Leuven","Arrondissement de Louvain","Provincie Vlaams-Brabant","Province du Brabant flamand","Vlaams Gewest","Région flamande","<5"
"2020-03-24","24016","Boutersem","Boutersem","Arrondissement Leuven","Arrondissement de Louvain","Provincie Vlaams-Brabant","Province du Brabant flamand","Vlaams Gewest","Région flamande","<5"
"2020-03-24","24020","Diest","Diest","Arrondissement Leuven","Arrondissement de Louvain","Provincie Vlaams-Brabant","Province du Brabant flamand","Vlaams Gewest","Région flamande","<5"
"2020-03-24","24028","Geetbets","Geetbets","Arrondissement Leuven","Arrondissement de Louvain","Provincie Vlaams-Brabant","Province du Brabant flamand","Vlaams Gewest","Région flamande","<5"
"2020-03-24","24033","Haacht","Haacht","Arrondissement Leuven","Arrondissement de Louvain","Provincie Vlaams-Brabant","Province du Brabant flamand","Vlaams Gewest","Région flamande","<5"
"2020-03-24","24038","Herent","Herent","Arrondissement Leuven","Arrondissement de Louvain","Provincie Vlaams-Brabant","Province du Brabant flamand","Vlaams Gewest","Région flamande","<5"
"2020-03-24","24041","Hoegaarden","Hoegaarden","Arrondissement Leuven","Arrondissement de Louvain","Provincie Vlaams-Brabant","Province du Brabant flamand","Vlaams Gewest","Région flamande","<5"
"2020-03-24","24048","Keerbergen","Keerbergen","Arrondissement Leuven","Arrondissement de Louvain","Provincie Vlaams-Brabant","Province du Brabant flamand","Vlaams Gewest","Région flamande","<5"
"2020-03-24","24054","Kortenaken","Kortenaken","Arrondissement Leuven","Arrondissement de Louvain","Provincie Vlaams-Brabant","Province du Brabant flamand","Vlaams Gewest","Région flamande","<5"
"2020-03-24","24059","Landen","Landen","Arrondissement Leuven","Arrondissement de Louvain","Provincie Vlaams-Brabant","Province du Brabant flamand","Vlaams Gewest","Région flamande","<5"
"2020-03-24","24062","Leuven","Louvain","Arrondissement Leuven","Arrondissement de Louvain","Provincie Vlaams-Brabant","Province du Brabant flamand","Vlaams Gewest","Région flamande","11"
"2020-03-24","24086","Oud-Heverlee","Oud-Heverlee","Arrondissement Leuven","Arrondissement de Louvain","Provincie Vlaams-Brabant","Province du Brabant flamand","Vlaams Gewest","Région flamande","<5"
"2020-03-24","24104","Tervuren","Tervuren","Arrondissement Leuven","Arrondissement de Louvain","Provincie Vlaams-Brabant","Province du Brabant flamand","Vlaams Gewest","Région flamande","<5"
"2020-03-24","24107","Tienen","Tirlemont","Arrondissement Leuven","Arrondissement de Louvain","Provincie Vlaams-Brabant","Province du Brabant flamand","Vlaams Gewest","Région flamande","<5"
"2020-03-24","24109","Tremelo","Tremelo","Arrondissement Leuven","Arrondissement de Louvain","Provincie Vlaams-Brabant","Province du Brabant flamand","Vlaams Gewest","Région flamande","<5"
"2020-03-24","24130","Zoutleeuw","Léau","Arrondissement Leuven","Arrondissement de Louvain","Provincie Vlaams-Brabant","Province du Brabant flamand","Vlaams Gewest","Région flamande","<5"
"2020-03-24","24133","Linter","Linter","Arrondissement Leuven","Arrondissement de Louvain","Provincie Vlaams-Brabant","Province du Brabant flamand","Vlaams Gewest","Région flamande","<5"
"2020-03-24","24134","Scherpenheuvel-Zichem","Montaigu-Zichem","Arrondissement Leuven","Arrondissement de Louvain","Provincie Vlaams-Brabant","Province du Brabant flamand","Vlaams Gewest","Région flamande","5"
"2020-03-24","24137","Glabbeek","Glabbeek","Arrondissement Leuven","Arrondissement de Louvain","Provincie Vlaams-Brabant","Province du Brabant flamand","Vlaams Gewest","Région flamande","<5"
"2020-03-24","25005","Bevekom","Beauvechain","Arrondissement Nijvel","Arrondissement de Nivelles","Provincie Waals-Brabant","Province du Brabant wallon","Waals Gewest","Région wallonne","<5"
"2020-03-24","25014","Eigenbrakel","Braine-l’Alleud","Arrondissement Nijvel","Arrondissement de Nivelles","Provincie Waals-Brabant","Province du Brabant wallon","Waals Gewest","Région wallonne","<5"
"2020-03-24","25018","Chaumont-Gistoux","Chaumont-Gistoux","Arrondissement Nijvel","Arrondissement de Nivelles","Provincie Waals-Brabant","Province du Brabant wallon","Waals Gewest","Région wallonne","<5"
"2020-03-24","25043","Incourt","Incourt","Arrondissement Nijvel","Arrondissement de Nivelles","Provincie Waals-Brabant","Province du Brabant wallon","Waals Gewest","Région wallonne","<5"
"2020-03-24","25044","Itter","Ittre","Arrondissement Nijvel","Arrondissement de Nivelles","Provincie Waals-Brabant","Province du Brabant wallon","Waals Gewest","Région wallonne","<5"
"2020-03-24","25048","Geldenaken","Jodoigne","Arrondissement Nijvel","Arrondissement de Nivelles","Provincie Waals-Brabant","Province du Brabant wallon","Waals Gewest","Région wallonne","<5"
"2020-03-24","25050","Terhulpen","La Hulpe","Arrondissement Nijvel","Arrondissement de Nivelles","Provincie Waals-Brabant","Province du Brabant wallon","Waals Gewest","Région wallonne","<5"
"2020-03-24","25068","Mont-Saint-Guibert","Mont-Saint-Guibert","Arrondissement Nijvel","Arrondissement de Nivelles","Provincie Waals-Brabant","Province du Brabant wallon","Waals Gewest","Région wallonne","<5"
"2020-03-24","25072","Nijvel","Nivelles","Arrondissement Nijvel","Arrondissement de Nivelles","Provincie Waals-Brabant","Province du Brabant wallon","Waals Gewest","Région wallonne","<5"
"2020-03-24","25091","Rixensart","Rixensart","Arrondissement Nijvel","Arrondissement de Nivelles","Provincie Waals-Brabant","Province du Brabant wallon","Waals Gewest","Région wallonne","<5"
"2020-03-24","25105","Tubeke","Tubize","Arrondissement Nijvel","Arrondissement de Nivelles","Provincie Waals-Brabant","Province du Brabant wallon","Waals Gewest","Région wallonne","5"
"2020-03-24","25107","Villers-la-Ville","Villers-la-Ville","Arrondissement Nijvel","Arrondissement de Nivelles","Provincie Waals-Brabant","Province du Brabant wallon","Waals Gewest","Région wallonne","<5"
"2020-03-24","25110","Waterloo","Waterloo","Arrondissement Nijvel","Arrondissement de Nivelles","Provincie Waals-Brabant","Province du Brabant wallon","Waals Gewest","Région wallonne","<5"
"2020-03-24","25112","Waver","Wavre","Arrondissement Nijvel","Arrondissement de Nivelles","Provincie Waals-Brabant","Province du Brabant wallon","Waals Gewest","Région wallonne","<5"
"2020-03-24","25117","Chastre","Chastre","Arrondissement Nijvel","Arrondissement de Nivelles","Provincie Waals-Brabant","Province du Brabant wallon","Waals Gewest","Région wallonne","<5"
"2020-03-24","25118","Hélécine","Hélécine","Arrondissement Nijvel","Arrondissement de Nivelles","Provincie Waals-Brabant","Province du Brabant wallon","Waals Gewest","Région wallonne","<5"
"2020-03-24","25119","Lasne","Lasne","Arrondissement Nijvel","Arrondissement de Nivelles","Provincie Waals-Brabant","Province du Brabant wallon","Waals Gewest","Région wallonne","<5"
"2020-03-24","25121","Ottignies-Louvain-la-Neuve","Ottignies-Louvain-la-Neuve","Arrondissement Nijvel","Arrondissement de Nivelles","Provincie Waals-Brabant","Province du Brabant wallon","Waals Gewest","Région wallonne","<5"
"2020-03-24","25122","Ramillies","Ramillies","Arrondissement Nijvel","Arrondissement de Nivelles","Provincie Waals-Brabant","Province du Brabant wallon","Waals Gewest","Région wallonne","<5"
"2020-03-24","25123","Rebecq","Rebecq","Arrondissement Nijvel","Arrondissement de Nivelles","Provincie Waals-Brabant","Province du Brabant wallon","Waals Gewest","Région wallonne","<5"
"2020-03-24","25124","Walhain","Walhain","Arrondissement Nijvel","Arrondissement de Nivelles","Provincie Waals-Brabant","Province du Brabant wallon","Waals Gewest","Région wallonne","<5"
"2020-03-24","31003","Beernem","Beernem","Arrondissement Brugge","Arrondissement de Bruges","Provincie West-Vlaanderen","Province de Flandre occidentale","Vlaams Gewest","Région flamande","<5"
"2020-03-24","31004","Blankenberge","Blankenberge","Arrondissement Brugge","Arrondissement de Bruges","Provincie West-Vlaanderen","Province de Flandre occidentale","Vlaams Gewest","Région flamande","<5"
"2020-03-24","31005","Brugge","Bruges","Arrondissement Brugge","Arrondissement de Bruges","Provincie West-Vlaanderen","Province de Flandre occidentale","Vlaams Gewest","Région flamande","6"
"2020-03-24","31006","Damme","Damme","Arrondissement Brugge","Arrondissement de Bruges","Provincie West-Vlaanderen","Province de Flandre occidentale","Vlaams Gewest","Région flamande","<5"
"2020-03-24","31022","Oostkamp","Oostkamp","Arrondissement Brugge","Arrondissement de Bruges","Provincie West-Vlaanderen","Province de Flandre occidentale","Vlaams Gewest","Région flamande","<5"
"2020-03-24","31033","Torhout","Torhout","Arrondissement Brugge","Arrondissement de Bruges","Provincie West-Vlaanderen","Province de Flandre occidentale","Vlaams Gewest","Région flamande","<5"
"2020-03-24","31043","Knokke-Heist","Knokke-Heist","Arrondissement Brugge","Arrondissement de Bruges","Provincie West-Vlaanderen","Province de Flandre occidentale","Vlaams Gewest","Région flamande","<5"
"2020-03-24","32006","Houthulst","Houthulst","Arrondissement Diksmuide","Arrondissement de Dixmude","Provincie West-Vlaanderen","Province de Flandre occidentale","Vlaams Gewest","Région flamande","<5"
"2020-03-24","32010","Koekelare","Koekelare","Arrondissement Diksmuide","Arrondissement de Dixmude","Provincie West-Vlaanderen","Province de Flandre occidentale","Vlaams Gewest","Région flamande","<5"
"2020-03-24","33011","Ieper","Ypres","Arrondissement Ieper","Arrondissement d’Ypres","Provincie West-Vlaanderen","Province de Flandre occidentale","Vlaams Gewest","Région flamande","7"
"2020-03-24","33021","Poperinge","Poperinge","Arrondissement Ieper","Arrondissement d’Ypres","Provincie West-Vlaanderen","Province de Flandre occidentale","Vlaams Gewest","Région flamande","<5"
"2020-03-24","33029","Wervik","Wervik","Arrondissement Ieper","Arrondissement d’Ypres","Provincie West-Vlaanderen","Province de Flandre occidentale","Vlaams Gewest","Région flamande","<5"
"2020-03-24","33037","Zonnebeke","Zonnebeke","Arrondissement Ieper","Arrondissement d’Ypres","Provincie West-Vlaanderen","Province de Flandre occidentale","Vlaams Gewest","Région flamande","<5"
"2020-03-24","33040","Langemark-Poelkapelle","Langemark-Poelkapelle","Arrondissement Ieper","Arrondissement d’Ypres","Provincie West-Vlaanderen","Province de Flandre occidentale","Vlaams Gewest","Région flamande","<5"
"2020-03-24","34003","Avelgem","Avelgem","Arrondissement Kortrijk","Arrondissement de Courtrai","Provincie West-Vlaanderen","Province de Flandre occidentale","Vlaams Gewest","Région flamande","<5"
"2020-03-24","34013","Harelbeke","Harelbeke","Arrondissement Kortrijk","Arrondissement de Courtrai","Provincie West-Vlaanderen","Province de Flandre occidentale","Vlaams Gewest","Région flamande","9"
"2020-03-24","34022","Kortrijk","Courtrai","Arrondissement Kortrijk","Arrondissement de Courtrai","Provincie West-Vlaanderen","Province de Flandre occidentale","Vlaams Gewest","Région flamande","9"
"2020-03-24","34027","Menen","Menin","Arrondissement Kortrijk","Arrondissement de Courtrai","Provincie West-Vlaanderen","Province de Flandre occidentale","Vlaams Gewest","Région flamande","<5"
"2020-03-24","34040","Waregem","Waregem","Arrondissement Kortrijk","Arrondissement de Courtrai","Provincie West-Vlaanderen","Province de Flandre occidentale","Vlaams Gewest","Région flamande","6"
"2020-03-24","34041","Wevelgem","Wevelgem","Arrondissement Kortrijk","Arrondissement de Courtrai","Provincie West-Vlaanderen","Province de Flandre occidentale","Vlaams Gewest","Région flamande","7"
"2020-03-24","34042","Zwevegem","Zwevegem","Arrondissement Kortrijk","Arrondissement de Courtrai","Provincie West-Vlaanderen","Province de Flandre occidentale","Vlaams Gewest","Région flamande","<5"
"2020-03-24","35002","Bredene","Bredene","Arrondissement Oostende","Arrondissement d’Ostende","Provincie West-Vlaanderen","Province de Flandre occidentale","Vlaams Gewest","Région flamande","<5"
"2020-03-24","35005","Gistel","Gistel","Arrondissement Oostende","Arrondissement d’Ostende","Provincie West-Vlaanderen","Province de Flandre occidentale","Vlaams Gewest","Région flamande","<5"
"2020-03-24","35011","Middelkerke","Middelkerke","Arrondissement Oostende","Arrondissement d’Ostende","Provincie West-Vlaanderen","Province de Flandre occidentale","Vlaams Gewest","Région flamande","<5"
"2020-03-24","35013","Oostende","Ostende","Arrondissement Oostende","Arrondissement d’Ostende","Provincie West-Vlaanderen","Province de Flandre occidentale","Vlaams Gewest","Région flamande","5"
"2020-03-24","35014","Oudenburg","Oudenburg","Arrondissement Oostende","Arrondissement d’Ostende","Provincie West-Vlaanderen","Province de Flandre occidentale","Vlaams Gewest","Région flamande","<5"
"2020-03-24","35029","De Haan","De Haan","Arrondissement Oostende","Arrondissement d’Ostende","Provincie West-Vlaanderen","Province de Flandre occidentale","Vlaams Gewest","Région flamande","<5"
"2020-03-24","36006","Hooglede","Hooglede","Arrondissement Roeselare","Arrondissement de Roulers","Provincie West-Vlaanderen","Province de Flandre occidentale","Vlaams Gewest","Région flamande","<5"
"2020-03-24","36007","Ingelmunster","Ingelmunster","Arrondissement Roeselare","Arrondissement de Roulers","Provincie West-Vlaanderen","Province de Flandre occidentale","Vlaams Gewest","Région flamande","<5"
"2020-03-24","36008","Izegem","Izegem","Arrondissement Roeselare","Arrondissement de Roulers","Provincie West-Vlaanderen","Province de Flandre occidentale","Vlaams Gewest","Région flamande","<5"
"2020-03-24","36010","Ledegem","Ledegem","Arrondissement Roeselare","Arrondissement de Roulers","Provincie West-Vlaanderen","Province de Flandre occidentale","Vlaams Gewest","Région flamande","<5"
"2020-03-24","36011","Lichtervelde","Lichtervelde","Arrondissement Roeselare","Arrondissement de Roulers","Provincie West-Vlaanderen","Province de Flandre occidentale","Vlaams Gewest","Région flamande","<5"
"2020-03-24","36015","Roeselare","Roulers","Arrondissement Roeselare","Arrondissement de Roulers","Provincie West-Vlaanderen","Province de Flandre occidentale","Vlaams Gewest","Région flamande","<5"
"2020-03-24","37002","Dentergem","Dentergem","Arrondissement Tielt","Arrondissement de Tielt","Provincie West-Vlaanderen","Province de Flandre occidentale","Vlaams Gewest","Région flamande","<5"
"2020-03-24","37007","Meulebeke","Meulebeke","Arrondissement Tielt","Arrondissement de Tielt","Provincie West-Vlaanderen","Province de Flandre occidentale","Vlaams Gewest","Région flamande","<5"
"2020-03-24","37011","Pittem","Pittem","Arrondissement Tielt","Arrondissement de Tielt","Provincie West-Vlaanderen","Province de Flandre occidentale","Vlaams Gewest","Région flamande","<5"
"2020-03-24","37015","Tielt (Tielt)","Tielt (Tielt)","Arrondissement Tielt","Arrondissement de Tielt","Provincie West-Vlaanderen","Province de Flandre occidentale","Vlaams Gewest","Région flamande","<5"
"2020-03-24","37017","Wielsbeke","Wielsbeke","Arrondissement Tielt","Arrondissement de Tielt","Provincie West-Vlaanderen","Province de Flandre occidentale","Vlaams Gewest","Région flamande","<5"
"2020-03-24","37018","Wingene","Wingene","Arrondissement Tielt","Arrondissement de Tielt","Provincie West-Vlaanderen","Province de Flandre occidentale","Vlaams Gewest","Région flamande","<5"
"2020-03-24","37020","Ardooie","Ardooie","Arrondissement Tielt","Arrondissement de Tielt","Provincie West-Vlaanderen","Province de Flandre occidentale","Vlaams Gewest","Région flamande","<5"
"2020-03-24","38002","Alveringem","Alveringem","Arrondissement Veurne","Arrondissement de Furnes","Provincie West-Vlaanderen","Province de Flandre occidentale","Vlaams Gewest","Région flamande","<5"
"2020-03-24","38008","De Panne","La Panne","Arrondissement Veurne","Arrondissement de Furnes","Provincie West-Vlaanderen","Province de Flandre occidentale","Vlaams Gewest","Région flamande","<5"
"2020-03-24","38014","Koksijde","Koksijde","Arrondissement Veurne","Arrondissement de Furnes","Provincie West-Vlaanderen","Province de Flandre occidentale","Vlaams Gewest","Région flamande","<5"
"2020-03-24","38016","Nieuwpoort","Nieuport","Arrondissement Veurne","Arrondissement de Furnes","Provincie West-Vlaanderen","Province de Flandre occidentale","Vlaams Gewest","Région flamande","<5"
"2020-03-24","38025","Veurne","Furnes","Arrondissement Veurne","Arrondissement de Furnes","Provincie West-Vlaanderen","Province de Flandre occidentale","Vlaams Gewest","Région flamande","<5"
"2020-03-24","41002","Aalst (Aalst)","Alost (Alost)","Arrondissement Aalst","Arrondissement d’Alost","Provincie Oost-Vlaanderen","Province de Flandre orientale","Vlaams Gewest","Région flamande","5"
"2020-03-24","41011","Denderleeuw","Denderleeuw","Arrondissement Aalst","Arrondissement d’Alost","Provincie Oost-Vlaanderen","Province de Flandre orientale","Vlaams Gewest","Région flamande","<5"
"2020-03-24","41018","Geraardsbergen","Grammont","Arrondissement Aalst","Arrondissement d’Alost","Provincie Oost-Vlaanderen","Province de Flandre orientale","Vlaams Gewest","Région flamande","<5"
"2020-03-24","41024","Haaltert","Haaltert","Arrondissement Aalst","Arrondissement d’Alost","Provincie Oost-Vlaanderen","Province de Flandre orientale","Vlaams Gewest","Région flamande","<5"
"2020-03-24","41027","Herzele","Herzele","Arrondissement Aalst","Arrondissement d’Alost","Provincie Oost-Vlaanderen","Province de Flandre orientale","Vlaams Gewest","Région flamande","<5"
"2020-03-24","41034","Lede","Lede","Arrondissement Aalst","Arrondissement d’Alost","Provincie Oost-Vlaanderen","Province de Flandre orientale","Vlaams Gewest","Région flamande","<5"
"2020-03-24","41048","Ninove","Ninove","Arrondissement Aalst","Arrondissement d’Alost","Provincie Oost-Vlaanderen","Province de Flandre orientale","Vlaams Gewest","Région flamande","10"
"2020-03-24","41063","Sint-Lievens-Houtem","Sint-Lievens-Houtem","Arrondissement Aalst","Arrondissement d’Alost","Provincie Oost-Vlaanderen","Province de Flandre orientale","Vlaams Gewest","Région flamande","<5"
"2020-03-24","41082","Erpe-Mere","Erpe-Mere","Arrondissement Aalst","Arrondissement d’Alost","Provincie Oost-Vlaanderen","Province de Flandre orientale","Vlaams Gewest","Région flamande","5"
"2020-03-24","42003","Berlare","Berlare","Arrondissement Dendermonde","Arrondissement de Termonde","Provincie Oost-Vlaanderen","Province de Flandre orientale","Vlaams Gewest","Région flamande","<5"
"2020-03-24","42006","Dendermonde","Termonde","Arrondissement Dendermonde","Arrondissement de Termonde","Provincie Oost-Vlaanderen","Province de Flandre orientale","Vlaams Gewest","Région flamande","<5"
"2020-03-24","42011","Lebbeke","Lebbeke","Arrondissement Dendermonde","Arrondissement de Termonde","Provincie Oost-Vlaanderen","Province de Flandre orientale","Vlaams Gewest","Région flamande","<5"
"2020-03-24","42023","Waasmunster","Waasmunster","Arrondissement Dendermonde","Arrondissement de Termonde","Provincie Oost-Vlaanderen","Province de Flandre orientale","Vlaams Gewest","Région flamande","<5"
"2020-03-24","42025","Wetteren","Wetteren","Arrondissement Dendermonde","Arrondissement de Termonde","Provincie Oost-Vlaanderen","Province de Flandre orientale","Vlaams Gewest","Région flamande","<5"
"2020-03-24","42026","Wichelen","Wichelen","Arrondissement Dendermonde","Arrondissement de Termonde","Provincie Oost-Vlaanderen","Province de Flandre orientale","Vlaams Gewest","Région flamande","9"
"2020-03-24","42028","Zele","Zele","Arrondissement Dendermonde","Arrondissement de Termonde","Provincie Oost-Vlaanderen","Province de Flandre orientale","Vlaams Gewest","Région flamande","<5"
"2020-03-24","43002","Assenede","Assenede","Arrondissement Eeklo","Arrondissement d’Eeklo","Provincie Oost-Vlaanderen","Province de Flandre orientale","Vlaams Gewest","Région flamande","<5"
"2020-03-24","43005","Eeklo","Eeklo","Arrondissement Eeklo","Arrondissement d’Eeklo","Provincie Oost-Vlaanderen","Province de Flandre orientale","Vlaams Gewest","Région flamande","<5"
"2020-03-24","43010","Maldegem","Maldegem","Arrondissement Eeklo","Arrondissement d’Eeklo","Provincie Oost-Vlaanderen","Province de Flandre orientale","Vlaams Gewest","Région flamande","<5"
"2020-03-24","43014","Sint-Laureins","Sint-Laureins","Arrondissement Eeklo","Arrondissement d’Eeklo","Provincie Oost-Vlaanderen","Province de Flandre orientale","Vlaams Gewest","Région flamande","<5"
"2020-03-24","44012","De Pinte","De Pinte","Arrondissement Gent","Arrondissement de Gand","Provincie Oost-Vlaanderen","Province de Flandre orientale","Vlaams Gewest","Région flamande","<5"
"2020-03-24","44013","Destelbergen","Destelbergen","Arrondissement Gent","Arrondissement de Gand","Provincie Oost-Vlaanderen","Province de Flandre orientale","Vlaams Gewest","Région flamande","<5"
"2020-03-24","44019","Evergem","Evergem","Arrondissement Gent","Arrondissement de Gand","Provincie Oost-Vlaanderen","Province de Flandre orientale","Vlaams Gewest","Région flamande","<5"
"2020-03-24","44020","Gavere","Gavere","Arrondissement Gent","Arrondissement de Gand","Provincie Oost-Vlaanderen","Province de Flandre orientale","Vlaams Gewest","Région flamande","<5"
"2020-03-24","44021","Gent","Gand","Arrondissement Gent","Arrondissement de Gand","Provincie Oost-Vlaanderen","Province de Flandre orientale","Vlaams Gewest","Région flamande","25"
"2020-03-24","44034","Lochristi","Lochristi","Arrondissement Gent","Arrondissement de Gand","Provincie Oost-Vlaanderen","Province de Flandre orientale","Vlaams Gewest","Région flamande","<5"
"2020-03-24","44040","Melle","Melle","Arrondissement Gent","Arrondissement de Gand","Provincie Oost-Vlaanderen","Province de Flandre orientale","Vlaams Gewest","Région flamande","<5"
"2020-03-24","44043","Merelbeke","Merelbeke","Arrondissement Gent","Arrondissement de Gand","Provincie Oost-Vlaanderen","Province de Flandre orientale","Vlaams Gewest","Région flamande","5"
"2020-03-24","44045","Moerbeke (Gent)","Moerbeke (Gand)","Arrondissement Gent","Arrondissement de Gand","Provincie Oost-Vlaanderen","Province de Flandre orientale","Vlaams Gewest","Région flamande","<5"
"2020-03-24","44052","Oosterzele","Oosterzele","Arrondissement Gent","Arrondissement de Gand","Provincie Oost-Vlaanderen","Province de Flandre orientale","Vlaams Gewest","Région flamande","<5"
"2020-03-24","44064","Sint-Martens-Latem","Sint-Martens-Latem","Arrondissement Gent","Arrondissement de Gand","Provincie Oost-Vlaanderen","Province de Flandre orientale","Vlaams Gewest","Région flamande","<5"
"2020-03-24","44073","Wachtebeke","Wachtebeke","Arrondissement Gent","Arrondissement de Gand","Provincie Oost-Vlaanderen","Province de Flandre orientale","Vlaams Gewest","Région flamande","<5"
"2020-03-24","44081","Zulte","Zulte","Arrondissement Gent","Arrondissement de Gand","Provincie Oost-Vlaanderen","Province de Flandre orientale","Vlaams Gewest","Région flamande","<5"
"2020-03-24","44083","Deinze","Deinze","Arrondissement Gent","Arrondissement de Gand","Provincie Oost-Vlaanderen","Province de Flandre orientale","Vlaams Gewest","Région flamande","5"
"2020-03-24","44085","Lievegem","Lievegem","Arrondissement Gent","Arrondissement de Gand","Provincie Oost-Vlaanderen","Province de Flandre orientale","Vlaams Gewest","Région flamande","<5"
"2020-03-24","45035","Oudenaarde","Audenarde","Arrondissement Oudenaarde","Arrondissement d’Audenarde","Provincie Oost-Vlaanderen","Province de Flandre orientale","Vlaams Gewest","Région flamande","11"
"2020-03-24","45041","Ronse","Renaix","Arrondissement Oudenaarde","Arrondissement d’Audenarde","Provincie Oost-Vlaanderen","Province de Flandre orientale","Vlaams Gewest","Région flamande","<5"
"2020-03-24","45060","Kluisbergen","Kluisbergen","Arrondissement Oudenaarde","Arrondissement d’Audenarde","Provincie Oost-Vlaanderen","Province de Flandre orientale","Vlaams Gewest","Région flamande","<5"
"2020-03-24","45063","Lierde","Lierde","Arrondissement Oudenaarde","Arrondissement d’Audenarde","Provincie Oost-Vlaanderen","Province de Flandre orientale","Vlaams Gewest","Région flamande","<5"
"2020-03-24","45068","Kruisem","Kruisem","Arrondissement Oudenaarde","Arrondissement d’Audenarde","Provincie Oost-Vlaanderen","Province de Flandre orientale","Vlaams Gewest","Région flamande","<5"
"2020-03-24","46003","Beveren (Sint-Niklaas)","Beveren (Saint-Nicolas)","Arrondissement Sint-Niklaas","Arrondissement de Saint-Nicolas","Provincie Oost-Vlaanderen","Province de Flandre orientale","Vlaams Gewest","Région flamande","<5"
"2020-03-24","46014","Lokeren","Lokeren","Arrondissement Sint-Niklaas","Arrondissement de Saint-Nicolas","Provincie Oost-Vlaanderen","Province de Flandre orientale","Vlaams Gewest","Région flamande","<5"
"2020-03-24","46020","Sint-Gillis-Waas","Sint-Gillis-Waas","Arrondissement Sint-Niklaas","Arrondissement de Saint-Nicolas","Provincie Oost-Vlaanderen","Province de Flandre orientale","Vlaams Gewest","Région flamande","<5"
"2020-03-24","46021","Sint-Niklaas (Sint-Niklaas)","Saint-Nicolas (Saint-Nicolas)","Arrondissement Sint-Niklaas","Arrondissement de Saint-Nicolas","Provincie Oost-Vlaanderen","Province de Flandre orientale","Vlaams Gewest","Région flamande","7"
"2020-03-24","46024","Stekene","Stekene","Arrondissement Sint-Niklaas","Arrondissement de Saint-Nicolas","Provincie Oost-Vlaanderen","Province de Flandre orientale","Vlaams Gewest","Région flamande","<5"
"2020-03-24","46025","Temse","Tamise","Arrondissement Sint-Niklaas","Arrondissement de Saint-Nicolas","Provincie Oost-Vlaanderen","Province de Flandre orientale","Vlaams Gewest","Région flamande","<5"
"2020-03-24","51004","Aat","Ath","Arrondissement Aat","Arrondissement d’Ath","Provincie Henegouwen","Province du Hainaut","Waals Gewest","Région wallonne","<5"
"2020-03-24","51008","Beloeil","Beloeil","Arrondissement Aat","Arrondissement d’Ath","Provincie Henegouwen","Province du Hainaut","Waals Gewest","Région wallonne","<5"
"2020-03-24","51009","Bernissart","Bernissart","Arrondissement Aat","Arrondissement d’Ath","Provincie Henegouwen","Province du Hainaut","Waals Gewest","Région wallonne","<5"
"2020-03-24","51014","Chièvres","Chièvres","Arrondissement Aat","Arrondissement d’Ath","Provincie Henegouwen","Province du Hainaut","Waals Gewest","Région wallonne","<5"
"2020-03-24","51017","Elzele","Ellezelles","Arrondissement Aat","Arrondissement d’Ath","Provincie Henegouwen","Province du Hainaut","Waals Gewest","Région wallonne","<5"
"2020-03-24","51019","Vloesberg","Flobecq","Arrondissement Aat","Arrondissement d’Ath","Provincie Henegouwen","Province du Hainaut","Waals Gewest","Région wallonne","<5"
"2020-03-24","51067","Edingen","Enghien","Arrondissement Aat","Arrondissement d’Ath","Provincie Henegouwen","Province du Hainaut","Waals Gewest","Région wallonne","<5"
"2020-03-24","51068","Opzullik","Silly","Arrondissement Aat","Arrondissement d’Ath","Provincie Henegouwen","Province du Hainaut","Waals Gewest","Région wallonne","<5"
"2020-03-24","51069","Lessen","Lessines","Arrondissement Aat","Arrondissement d’Ath","Provincie Henegouwen","Province du Hainaut","Waals Gewest","Région wallonne","<5"
"2020-03-24","52010","Chapelle-lez-Herlaimont","Chapelle-lez-Herlaimont","Arrondissement Charleroi","Arrondissement de Charleroi","Provincie Henegouwen","Province du Hainaut","Waals Gewest","Région wallonne","<5"
"2020-03-24","52011","Charleroi","Charleroi","Arrondissement Charleroi","Arrondissement de Charleroi","Provincie Henegouwen","Province du Hainaut","Waals Gewest","Région wallonne","12"
"2020-03-24","52012","Châtelet","Châtelet","Arrondissement Charleroi","Arrondissement de Charleroi","Provincie Henegouwen","Province du Hainaut","Waals Gewest","Région wallonne","<5"
"2020-03-24","52015","Courcelles","Courcelles","Arrondissement Charleroi","Arrondissement de Charleroi","Provincie Henegouwen","Province du Hainaut","Waals Gewest","Région wallonne","<5"
"2020-03-24","52021","Fleurus","Fleurus","Arrondissement Charleroi","Arrondissement de Charleroi","Provincie Henegouwen","Province du Hainaut","Waals Gewest","Région wallonne","<5"
"2020-03-24","52022","Fontaine-l’Evêque","Fontaine-l’Evêque","Arrondissement Charleroi","Arrondissement de Charleroi","Provincie Henegouwen","Province du Hainaut","Waals Gewest","Région wallonne","<5"
"2020-03-24","52025","Gerpinnes","Gerpinnes","Arrondissement Charleroi","Arrondissement de Charleroi","Provincie Henegouwen","Province du Hainaut","Waals Gewest","Région wallonne","<5"
"2020-03-24","52048","Montigny-le-Tilleul","Montigny-le-Tilleul","Arrondissement Charleroi","Arrondissement de Charleroi","Provincie Henegouwen","Province du Hainaut","Waals Gewest","Région wallonne","<5"
"2020-03-24","52055","Pont-à-Celles","Pont-à-Celles","Arrondissement Charleroi","Arrondissement de Charleroi","Provincie Henegouwen","Province du Hainaut","Waals Gewest","Région wallonne","<5"
"2020-03-24","52075","Les Bons Villers","Les Bons Villers","Arrondissement Charleroi","Arrondissement de Charleroi","Provincie Henegouwen","Province du Hainaut","Waals Gewest","Région wallonne","<5"
"2020-03-24","53014","Boussu","Boussu","Arrondissement Bergen","Arrondissement de Mons","Provincie Henegouwen","Province du Hainaut","Waals Gewest","Région wallonne","<5"
"2020-03-24","53020","Dour","Dour","Arrondissement Bergen","Arrondissement de Mons","Provincie Henegouwen","Province du Hainaut","Waals Gewest","Région wallonne","<5"
"2020-03-24","53028","Frameries","Frameries","Arrondissement Bergen","Arrondissement de Mons","Provincie Henegouwen","Province du Hainaut","Waals Gewest","Région wallonne","<5"
"2020-03-24","53039","Hensies","Hensies","Arrondissement Bergen","Arrondissement de Mons","Provincie Henegouwen","Province du Hainaut","Waals Gewest","Région wallonne","<5"
"2020-03-24","53053","Bergen","Mons","Arrondissement Bergen","Arrondissement de Mons","Provincie Henegouwen","Province du Hainaut","Waals Gewest","Région wallonne","24"
"2020-03-24","53065","Quaregnon","Quaregnon","Arrondissement Bergen","Arrondissement de Mons","Provincie Henegouwen","Province du Hainaut","Waals Gewest","Région wallonne","<5"
"2020-03-24","53068","Quiévrain","Quiévrain","Arrondissement Bergen","Arrondissement de Mons","Provincie Henegouwen","Province du Hainaut","Waals Gewest","Région wallonne","<5"
"2020-03-24","53070","Saint-Ghislain","Saint-Ghislain","Arrondissement Bergen","Arrondissement de Mons","Provincie Henegouwen","Province du Hainaut","Waals Gewest","Région wallonne","5"
"2020-03-24","53082","Colfontaine","Colfontaine","Arrondissement Bergen","Arrondissement de Mons","Provincie Henegouwen","Province du Hainaut","Waals Gewest","Région wallonne","<5"
"2020-03-24","53084","Quévy","Quévy","Arrondissement Bergen","Arrondissement de Mons","Provincie Henegouwen","Province du Hainaut","Waals Gewest","Région wallonne","<5"
"2020-03-24","55004","’s Gravenbrakel","Braine-le-Comte","Arrondissement Zinnik","Arrondissement de Soignies","Provincie Henegouwen","Province du Hainaut","Waals Gewest","Région wallonne","<5"
"2020-03-24","55040","Zinnik","Soignies","Arrondissement Zinnik","Arrondissement de Soignies","Provincie Henegouwen","Province du Hainaut","Waals Gewest","Région wallonne","<5"
"2020-03-24","55050","Ecaussinnes","Ecaussinnes","Arrondissement Zinnik","Arrondissement de Soignies","Provincie Henegouwen","Province du Hainaut","Waals Gewest","Région wallonne","<5"
"2020-03-24","55085","Seneffe","Seneffe","Arrondissement Zinnik","Arrondissement de Soignies","Provincie Henegouwen","Province du Hainaut","Waals Gewest","Région wallonne","<5"
"2020-03-24","55086","Manage","Manage","Arrondissement Zinnik","Arrondissement de Soignies","Provincie Henegouwen","Province du Hainaut","Waals Gewest","Région wallonne","<5"
"2020-03-24","56001","Anderlues","Anderlues","Arrondissement Thuin","Arrondissement de Thuin","Provincie Henegouwen","Province du Hainaut","Waals Gewest","Région wallonne","<5"
"2020-03-24","56005","Beaumont","Beaumont","Arrondissement Thuin","Arrondissement de Thuin","Provincie Henegouwen","Province du Hainaut","Waals Gewest","Région wallonne","<5"
"2020-03-24","56022","Erquelinnes","Erquelinnes","Arrondissement Thuin","Arrondissement de Thuin","Provincie Henegouwen","Province du Hainaut","Waals Gewest","Région wallonne","<5"
"2020-03-24","56078","Thuin","Thuin","Arrondissement Thuin","Arrondissement de Thuin","Provincie Henegouwen","Province du Hainaut","Waals Gewest","Région wallonne","<5"
"2020-03-24","57062","Pecq","Pecq","Arrondissement Doornik-Moeskroen","Arrondissement de Tournai-Mouscron","Provincie Henegouwen","Province du Hainaut","Waals Gewest","Région wallonne","<5"
"2020-03-24","57064","Péruwelz","Péruwelz","Arrondissement Doornik-Moeskroen","Arrondissement de Tournai-Mouscron","Provincie Henegouwen","Province du Hainaut","Waals Gewest","Région wallonne","<5"
"2020-03-24","57081","Doornik","Tournai","Arrondissement Doornik-Moeskroen","Arrondissement de Tournai-Mouscron","Provincie Henegouwen","Province du Hainaut","Waals Gewest","Région wallonne","<5"
"2020-03-24","57096","Moeskroen","Mouscron","Arrondissement Doornik-Moeskroen","Arrondissement de Tournai-Mouscron","Provincie Henegouwen","Province du Hainaut","Waals Gewest","Région wallonne","<5"
"2020-03-24","57097","Komen-Waasten","Comines-Warneton","Arrondissement Doornik-Moeskroen","Arrondissement de Tournai-Mouscron","Provincie Henegouwen","Province du Hainaut","Waals Gewest","Région wallonne","<5"
"2020-03-24","58001","La Louvière","La Louvière","Arrondissement La Louvière","Arrondissement de La Louvière","Provincie Henegouwen","Province du Hainaut","Waals Gewest","Région wallonne","6"
"2020-03-24","58002","Binche","Binche","Arrondissement La Louvière","Arrondissement de La Louvière","Provincie Henegouwen","Province du Hainaut","Waals Gewest","Région wallonne","<5"
"2020-03-24","58003","Estinnes","Estinnes","Arrondissement La Louvière","Arrondissement de La Louvière","Provincie Henegouwen","Province du Hainaut","Waals Gewest","Région wallonne","<5"
"2020-03-24","58004","Morlanwelz","Morlanwelz","Arrondissement La Louvière","Arrondissement de La Louvière","Provincie Henegouwen","Province du Hainaut","Waals Gewest","Région wallonne","<5"
"2020-03-24","61003","Amay","Amay","Arrondissement Hoei","Arrondissement de Huy","Provincie Luik","Province de Liège","Waals Gewest","Région wallonne","<5"
"2020-03-24","61012","Clavier","Clavier","Arrondissement Hoei","Arrondissement de Huy","Provincie Luik","Province de Liège","Waals Gewest","Région wallonne","<5"
"2020-03-24","61031","Hoei","Huy","Arrondissement Hoei","Arrondissement de Huy","Provincie Luik","Province de Liège","Waals Gewest","Région wallonne","<5"
"2020-03-24","61039","Marchin","Marchin","Arrondissement Hoei","Arrondissement de Huy","Provincie Luik","Province de Liège","Waals Gewest","Région wallonne","<5"
"2020-03-24","61043","Nandrin","Nandrin","Arrondissement Hoei","Arrondissement de Huy","Provincie Luik","Province de Liège","Waals Gewest","Région wallonne","<5"
"2020-03-24","61048","Ouffet","Ouffet","Arrondissement Hoei","Arrondissement de Huy","Provincie Luik","Province de Liège","Waals Gewest","Région wallonne","<5"
"2020-03-24","61063","Verlaine","Verlaine","Arrondissement Hoei","Arrondissement de Huy","Provincie Luik","Province de Liège","Waals Gewest","Région wallonne","<5"
"2020-03-24","61072","Wanze","Wanze","Arrondissement Hoei","Arrondissement de Huy","Provincie Luik","Province de Liège","Waals Gewest","Région wallonne","<5"
"2020-03-24","61079","Anthisnes","Anthisnes","Arrondissement Hoei","Arrondissement de Huy","Provincie Luik","Province de Liège","Waals Gewest","Région wallonne","<5"
"2020-03-24","62003","Ans","Ans","Arrondissement Luik","Arrondissement de Liège","Provincie Luik","Province de Liège","Waals Gewest","Région wallonne","<5"
"2020-03-24","62006","Awans","Awans","Arrondissement Luik","Arrondissement de Liège","Provincie Luik","Province de Liège","Waals Gewest","Région wallonne","<5"
"2020-03-24","62009","Aywaille","Aywaille","Arrondissement Luik","Arrondissement de Liège","Provincie Luik","Province de Liège","Waals Gewest","Région wallonne","<5"
"2020-03-24","62011","Bitsingen","Bassenge","Arrondissement Luik","Arrondissement de Liège","Provincie Luik","Province de Liège","Waals Gewest","Région wallonne","<5"
"2020-03-24","62015","Beyne-Heusay","Beyne-Heusay","Arrondissement Luik","Arrondissement de Liège","Provincie Luik","Province de Liège","Waals Gewest","Région wallonne","<5"
"2020-03-24","62022","Chaudfontaine","Chaudfontaine","Arrondissement Luik","Arrondissement de Liège","Provincie Luik","Province de Liège","Waals Gewest","Région wallonne","<5"
"2020-03-24","62026","Comblain-au-Pont","Comblain-au-Pont","Arrondissement Luik","Arrondissement de Liège","Provincie Luik","Province de Liège","Waals Gewest","Région wallonne","<5"
"2020-03-24","62027","Dalhem","Dalhem","Arrondissement Luik","Arrondissement de Liège","Provincie Luik","Province de Liège","Waals Gewest","Région wallonne","<5"
"2020-03-24","62032","Esneux","Esneux","Arrondissement Luik","Arrondissement de Liège","Provincie Luik","Province de Liège","Waals Gewest","Région wallonne","<5"
"2020-03-24","62038","Fléron","Fléron","Arrondissement Luik","Arrondissement de Liège","Provincie Luik","Province de Liège","Waals Gewest","Région wallonne","<5"
"2020-03-24","62051","Herstal","Herstal","Arrondissement Luik","Arrondissement de Liège","Provincie Luik","Province de Liège","Waals Gewest","Région wallonne","6"
"2020-03-24","62063","Luik","Liège","Arrondissement Luik","Arrondissement de Liège","Provincie Luik","Province de Liège","Waals Gewest","Région wallonne","27"
"2020-03-24","62079","Oupeye","Oupeye","Arrondissement Luik","Arrondissement de Liège","Provincie Luik","Province de Liège","Waals Gewest","Région wallonne","<5"
"2020-03-24","62093","Saint-Nicolas (Luik)","Saint-Nicolas (Liège)","Arrondissement Luik","Arrondissement de Liège","Provincie Luik","Province de Liège","Waals Gewest","Région wallonne","<5"
"2020-03-24","62096","Seraing","Seraing","Arrondissement Luik","Arrondissement de Liège","Provincie Luik","Province de Liège","Waals Gewest","Région wallonne","16"
"2020-03-24","62099","Soumagne","Soumagne","Arrondissement Luik","Arrondissement de Liège","Provincie Luik","Province de Liège","Waals Gewest","Région wallonne","<5"
"2020-03-24","62100","Sprimont","Sprimont","Arrondissement Luik","Arrondissement de Liège","Provincie Luik","Province de Liège","Waals Gewest","Région wallonne","<5"
"2020-03-24","62108","Wezet","Visé","Arrondissement Luik","Arrondissement de Liège","Provincie Luik","Province de Liège","Waals Gewest","Région wallonne","<5"
"2020-03-24","62118","Grâce-Hollogne","Grâce-Hollogne","Arrondissement Luik","Arrondissement de Liège","Provincie Luik","Province de Liège","Waals Gewest","Région wallonne","<5"
"2020-03-24","62119","Blegny","Blegny","Arrondissement Luik","Arrondissement de Liège","Provincie Luik","Province de Liège","Waals Gewest","Région wallonne","<5"
"2020-03-24","62120","Flémalle","Flémalle","Arrondissement Luik","Arrondissement de Liège","Provincie Luik","Province de Liège","Waals Gewest","Région wallonne","6"
"2020-03-24","62121","Neupré","Neupré","Arrondissement Luik","Arrondissement de Liège","Provincie Luik","Province de Liège","Waals Gewest","Région wallonne","<5"
"2020-03-24","62122","Trooz","Trooz","Arrondissement Luik","Arrondissement de Liège","Provincie Luik","Province de Liège","Waals Gewest","Région wallonne","<5"
"2020-03-24","63001","Amel","Amblève","Arrondissement Verviers","Arrondissement de Verviers","Provincie Luik","Province de Liège","Waals Gewest","Région wallonne","<5"
"2020-03-24","63003","Aubel","Aubel","Arrondissement Verviers","Arrondissement de Verviers","Provincie Luik","Province de Liège","Waals Gewest","Région wallonne","<5"
"2020-03-24","63012","Büllingen","Bullange","Arrondissement Verviers","Arrondissement de Verviers","Provincie Luik","Province de Liège","Waals Gewest","Région wallonne","<5"
"2020-03-24","63020","Dison","Dison","Arrondissement Verviers","Arrondissement de Verviers","Provincie Luik","Province de Liège","Waals Gewest","Région wallonne","<5"
"2020-03-24","63023","Eupen","Eupen","Arrondissement Verviers","Arrondissement de Verviers","Provincie Luik","Province de Liège","Waals Gewest","Région wallonne","<5"
"2020-03-24","63035","Herve","Herve","Arrondissement Verviers","Arrondissement de Verviers","Provincie Luik","Province de Liège","Waals Gewest","Région wallonne","<5"
"2020-03-24","63038","Jalhay","Jalhay","Arrondissement Verviers","Arrondissement de Verviers","Provincie Luik","Province de Liège","Waals Gewest","Région wallonne","<5"
"2020-03-24","63045","Lierneux","Lierneux","Arrondissement Verviers","Arrondissement de Verviers","Provincie Luik","Province de Liège","Waals Gewest","Région wallonne","<5"
"2020-03-24","63046","Limburg","Limbourg","Arrondissement Verviers","Arrondissement de Verviers","Provincie Luik","Province de Liège","Waals Gewest","Région wallonne","<5"
"2020-03-24","63049","Malmedy","Malmedy","Arrondissement Verviers","Arrondissement de Verviers","Provincie Luik","Province de Liège","Waals Gewest","Région wallonne","<5"
"2020-03-24","63057","Olne","Olne","Arrondissement Verviers","Arrondissement de Verviers","Provincie Luik","Province de Liège","Waals Gewest","Région wallonne","<5"
"2020-03-24","63058","Pepinster","Pepinster","Arrondissement Verviers","Arrondissement de Verviers","Provincie Luik","Province de Liège","Waals Gewest","Région wallonne","<5"
"2020-03-24","63061","Raeren","Raeren","Arrondissement Verviers","Arrondissement de Verviers","Provincie Luik","Province de Liège","Waals Gewest","Région wallonne","<5"
"2020-03-24","63067","Sankt Vith","Saint-Vith","Arrondissement Verviers","Arrondissement de Verviers","Provincie Luik","Province de Liège","Waals Gewest","Région wallonne","<5"
"2020-03-24","63072","Spa","Spa","Arrondissement Verviers","Arrondissement de Verviers","Provincie Luik","Province de Liège","Waals Gewest","Région wallonne","<5"
"2020-03-24","63073","Stavelot","Stavelot","Arrondissement Verviers","Arrondissement de Verviers","Provincie Luik","Province de Liège","Waals Gewest","Région wallonne","<5"
"2020-03-24","63079","Verviers","Verviers","Arrondissement Verviers","Arrondissement de Verviers","Provincie Luik","Province de Liège","Waals Gewest","Région wallonne","11"
"2020-03-24","63088","Plombières","Plombières","Arrondissement Verviers","Arrondissement de Verviers","Provincie Luik","Province de Liège","Waals Gewest","Région wallonne","<5"
"2020-03-24","63089","Thimister-Clermont","Thimister-Clermont","Arrondissement Verviers","Arrondissement de Verviers","Provincie Luik","Province de Liège","Waals Gewest","Région wallonne","<5"
"2020-03-24","64015","Braives","Braives","Arrondissement Borgworm","Arrondissement de Waremme","Provincie Luik","Province de Liège","Waals Gewest","Région wallonne","<5"
"2020-03-24","64025","Fexhe-le-Haut-Clocher","Fexhe-le-Haut-Clocher","Arrondissement Borgworm","Arrondissement de Waremme","Provincie Luik","Province de Liège","Waals Gewest","Région wallonne","<5"
"2020-03-24","64034","Hannuit","Hannut","Arrondissement Borgworm","Arrondissement de Waremme","Provincie Luik","Province de Liège","Waals Gewest","Région wallonne","<5"
"2020-03-24","64047","Lijsem","Lincent","Arrondissement Borgworm","Arrondissement de Waremme","Provincie Luik","Province de Liège","Waals Gewest","Région wallonne","<5"
"2020-03-24","64056","Oerle","Oreye","Arrondissement Borgworm","Arrondissement de Waremme","Provincie Luik","Province de Liège","Waals Gewest","Région wallonne","<5"
"2020-03-24","64063","Remicourt","Remicourt","Arrondissement Borgworm","Arrondissement de Waremme","Provincie Luik","Province de Liège","Waals Gewest","Région wallonne","<5"
"2020-03-24","64065","Saint-Georges-sur-Meuse","Saint-Georges-sur-Meuse","Arrondissement Borgworm","Arrondissement de Waremme","Provincie Luik","Province de Liège","Waals Gewest","Région wallonne","<5"
"2020-03-24","64074","Borgworm","Waremme","Arrondissement Borgworm","Arrondissement de Waremme","Provincie Luik","Province de Liège","Waals Gewest","Région wallonne","<5"
"2020-03-24","71002","As","As","Arrondissement Hasselt","Arrondissement de Hasselt","Provincie Limburg","Province du Limbourg","Vlaams Gewest","Région flamande","<5"
"2020-03-24","71004","Beringen","Beringen","Arrondissement Hasselt","Arrondissement de Hasselt","Provincie Limburg","Province du Limbourg","Vlaams Gewest","Région flamande","6"
"2020-03-24","71011","Diepenbeek","Diepenbeek","Arrondissement Hasselt","Arrondissement de Hasselt","Provincie Limburg","Province du Limbourg","Vlaams Gewest","Région flamande","<5"
"2020-03-24","71016","Genk","Genk","Arrondissement Hasselt","Arrondissement de Hasselt","Provincie Limburg","Province du Limbourg","Vlaams Gewest","Région flamande","15"
"2020-03-24","71017","Gingelom","Gingelom","Arrondissement Hasselt","Arrondissement de Hasselt","Provincie Limburg","Province du Limbourg","Vlaams Gewest","Région flamande","<5"
"2020-03-24","71022","Hasselt","Hasselt","Arrondissement Hasselt","Arrondissement de Hasselt","Provincie Limburg","Province du Limbourg","Vlaams Gewest","Région flamande","14"
"2020-03-24","71024","Herk-de-Stad","Herck-la-Ville","Arrondissement Hasselt","Arrondissement de Hasselt","Provincie Limburg","Province du Limbourg","Vlaams Gewest","Région flamande","6"
"2020-03-24","71034","Leopoldsburg","Bourg-Léopold","Arrondissement Hasselt","Arrondissement de Hasselt","Provincie Limburg","Province du Limbourg","Vlaams Gewest","Région flamande","<5"
"2020-03-24","71037","Lummen","Lummen","Arrondissement Hasselt","Arrondissement de Hasselt","Provincie Limburg","Province du Limbourg","Vlaams Gewest","Région flamande","<5"
"2020-03-24","71045","Nieuwerkerken (Hasselt)","Nieuwerkerken (Hasselt)","Arrondissement Hasselt","Arrondissement de Hasselt","Provincie Limburg","Province du Limbourg","Vlaams Gewest","Région flamande","<5"
"2020-03-24","71053","Sint-Truiden","Saint-Trond","Arrondissement Hasselt","Arrondissement de Hasselt","Provincie Limburg","Province du Limbourg","Vlaams Gewest","Région flamande","17"
"2020-03-24","71066","Zonhoven","Zonhoven","Arrondissement Hasselt","Arrondissement de Hasselt","Provincie Limburg","Province du Limbourg","Vlaams Gewest","Région flamande","<5"
"2020-03-24","71067","Zutendaal","Zutendaal","Arrondissement Hasselt","Arrondissement de Hasselt","Provincie Limburg","Province du Limbourg","Vlaams Gewest","Région flamande","<5"
"2020-03-24","71070","Heusden-Zolder","Heusden-Zolder","Arrondissement Hasselt","Arrondissement de Hasselt","Provincie Limburg","Province du Limbourg","Vlaams Gewest","Région flamande","5"
"2020-03-24","72003","Bocholt","Bocholt","Arrondissement Maaseik","Arrondissement de Maaseik","Provincie Limburg","Province du Limbourg","Vlaams Gewest","Région flamande","<5"
"2020-03-24","72020","Lommel","Lommel","Arrondissement Maaseik","Arrondissement de Maaseik","Provincie Limburg","Province du Limbourg","Vlaams Gewest","Région flamande","<5"
"2020-03-24","72021","Maaseik","Maaseik","Arrondissement Maaseik","Arrondissement de Maaseik","Provincie Limburg","Province du Limbourg","Vlaams Gewest","Région flamande","<5"
"2020-03-24","72030","Peer","Peer","Arrondissement Maaseik","Arrondissement de Maaseik","Provincie Limburg","Province du Limbourg","Vlaams Gewest","Région flamande","<5"
"2020-03-24","72038","Hechtel-Eksel","Hechtel-Eksel","Arrondissement Maaseik","Arrondissement de Maaseik","Provincie Limburg","Province du Limbourg","Vlaams Gewest","Région flamande","<5"
"2020-03-24","72039","Houthalen-Helchteren","Houthalen-Helchteren","Arrondissement Maaseik","Arrondissement de Maaseik","Provincie Limburg","Province du Limbourg","Vlaams Gewest","Région flamande","<5"
"2020-03-24","72041","Dilsen-Stokkem","Dilsen-Stokkem","Arrondissement Maaseik","Arrondissement de Maaseik","Provincie Limburg","Province du Limbourg","Vlaams Gewest","Région flamande","<5"
"2020-03-24","72043","Pelt","Pelt","Arrondissement Maaseik","Arrondissement de Maaseik","Provincie Limburg","Province du Limbourg","Vlaams Gewest","Région flamande","<5"
"2020-03-24","73001","Alken","Alken","Arrondissement Tongeren","Arrondissement de Tongres","Provincie Limburg","Province du Limbourg","Vlaams Gewest","Région flamande","<5"
"2020-03-24","73006","Bilzen","Bilzen","Arrondissement Tongeren","Arrondissement de Tongres","Provincie Limburg","Province du Limbourg","Vlaams Gewest","Région flamande","<5"
"2020-03-24","73009","Borgloon","Looz","Arrondissement Tongeren","Arrondissement de Tongres","Provincie Limburg","Province du Limbourg","Vlaams Gewest","Région flamande","<5"
"2020-03-24","73022","Heers","Heers","Arrondissement Tongeren","Arrondissement de Tongres","Provincie Limburg","Province du Limbourg","Vlaams Gewest","Région flamande","<5"
"2020-03-24","73042","Lanaken","Lanaken","Arrondissement Tongeren","Arrondissement de Tongres","Provincie Limburg","Province du Limbourg","Vlaams Gewest","Région flamande","7"
"2020-03-24","73066","Riemst","Riemst","Arrondissement Tongeren","Arrondissement de Tongres","Provincie Limburg","Province du Limbourg","Vlaams Gewest","Région flamande","<5"
"2020-03-24","73083","Tongeren","Tongres","Arrondissement Tongeren","Arrondissement de Tongres","Provincie Limburg","Province du Limbourg","Vlaams Gewest","Région flamande","7"
"2020-03-24","73098","Wellen","Wellen","Arrondissement Tongeren","Arrondissement de Tongres","Provincie Limburg","Province du Limbourg","Vlaams Gewest","Région flamande","6"
"2020-03-24","73107","Maasmechelen","Maasmechelen","Arrondissement Tongeren","Arrondissement de Tongres","Provincie Limburg","Province du Limbourg","Vlaams Gewest","Région flamande","5"
"2020-03-24","81001","Aarlen","Arlon","Arrondissement Aarlen","Arrondissement d’Arlon","Provincie Luxemburg","Province du Luxembourg","Waals Gewest","Région wallonne","<5"
"2020-03-24","81004","Aubange","Aubange","Arrondissement Aarlen","Arrondissement d’Arlon","Provincie Luxemburg","Province du Luxembourg","Waals Gewest","Région wallonne","<5"
"2020-03-24","81015","Messancy","Messancy","Arrondissement Aarlen","Arrondissement d’Arlon","Provincie Luxemburg","Province du Luxembourg","Waals Gewest","Région wallonne","<5"
"2020-03-24","82003","Bastenaken","Bastogne","Arrondissement Bastenaken","Arrondissement de Bastogne","Provincie Luxemburg","Province du Luxembourg","Waals Gewest","Région wallonne","<5"
"2020-03-24","82009","Fauvillers","Fauvillers","Arrondissement Bastenaken","Arrondissement de Bastogne","Provincie Luxemburg","Province du Luxembourg","Waals Gewest","Région wallonne","<5"
"2020-03-24","82032","Vielsalm","Vielsalm","Arrondissement Bastenaken","Arrondissement de Bastogne","Provincie Luxemburg","Province du Luxembourg","Waals Gewest","Région wallonne","<5"
"2020-03-24","82037","Gouvy","Gouvy","Arrondissement Bastenaken","Arrondissement de Bastogne","Provincie Luxemburg","Province du Luxembourg","Waals Gewest","Région wallonne","<5"
"2020-03-24","83012","Durbuy","Durbuy","Arrondissement Marche-en-Famenne","Arrondissement de Marche-en-Famenne","Provincie Luxemburg","Province du Luxembourg","Waals Gewest","Région wallonne","<5"
"2020-03-24","83028","Hotton","Hotton","Arrondissement Marche-en-Famenne","Arrondissement de Marche-en-Famenne","Provincie Luxemburg","Province du Luxembourg","Waals Gewest","Région wallonne","<5"
"2020-03-24","83034","Marche-en-Famenne","Marche-en-Famenne","Arrondissement Marche-en-Famenne","Arrondissement de Marche-en-Famenne","Provincie Luxemburg","Province du Luxembourg","Waals Gewest","Région wallonne","<5"
"2020-03-24","83049","Tenneville","Tenneville","Arrondissement Marche-en-Famenne","Arrondissement de Marche-en-Famenne","Provincie Luxemburg","Province du Luxembourg","Waals Gewest","Région wallonne","<5"
"2020-03-24","84009","Bertrix","Bertrix","Arrondissement Neufchâteau","Arrondissement de Neufchâteau","Provincie Luxemburg","Province du Luxembourg","Waals Gewest","Région wallonne","<5"
"2020-03-24","84033","Léglise","Léglise","Arrondissement Neufchâteau","Arrondissement de Neufchâteau","Provincie Luxemburg","Province du Luxembourg","Waals Gewest","Région wallonne","<5"
"2020-03-24","85009","Etalle","Etalle","Arrondissement Virton","Arrondissement de Virton","Provincie Luxemburg","Province du Luxembourg","Waals Gewest","Région wallonne","<5"
"2020-03-24","91030","Ciney","Ciney","Arrondissement Dinant","Arrondissement de Dinant","Provincie Namen","Province de Namur","Waals Gewest","Région wallonne","<5"
"2020-03-24","91034","Dinant","Dinant","Arrondissement Dinant","Arrondissement de Dinant","Provincie Namen","Province de Namur","Waals Gewest","Région wallonne","<5"
"2020-03-24","91114","Rochefort","Rochefort","Arrondissement Dinant","Arrondissement de Dinant","Provincie Namen","Province de Namur","Waals Gewest","Région wallonne","<5"
"2020-03-24","91141","Yvoir","Yvoir","Arrondissement Dinant","Arrondissement de Dinant","Provincie Namen","Province de Namur","Waals Gewest","Région wallonne","<5"
"2020-03-24","92003","Andenne","Andenne","Arrondissement Namen","Arrondissement de Namur","Provincie Namen","Province de Namur","Waals Gewest","Région wallonne","<5"
"2020-03-24","92035","Eghezée","Eghezée","Arrondissement Namen","Arrondissement de Namur","Provincie Namen","Province de Namur","Waals Gewest","Région wallonne","<5"
"2020-03-24","92048","Fosses-la-Ville","Fosses-la-Ville","Arrondissement Namen","Arrondissement de Namur","Provincie Namen","Province de Namur","Waals Gewest","Région wallonne","<5"
"2020-03-24","92087","Mettet","Mettet","Arrondissement Namen","Arrondissement de Namur","Provincie Namen","Province de Namur","Waals Gewest","Région wallonne","<5"
"2020-03-24","92094","Namen","Namur","Arrondissement Namen","Arrondissement de Namur","Provincie Namen","Province de Namur","Waals Gewest","Région wallonne","9"
"2020-03-24","92114","Sombreffe","Sombreffe","Arrondissement Namen","Arrondissement de Namur","Provincie Namen","Province de Namur","Waals Gewest","Région wallonne","<5"
"2020-03-24","92138","Fernelmont","Fernelmont","Arrondissement Namen","Arrondissement de Namur","Provincie Namen","Province de Namur","Waals Gewest","Région wallonne","<5"
"2020-03-24","92140","Jemeppe-sur-Sambre","Jemeppe-sur-Sambre","Arrondissement Namen","Arrondissement de Namur","Provincie Namen","Province de Namur","Waals Gewest","Région wallonne","<5"
"2020-03-24","92142","Gembloux","Gembloux","Arrondissement Namen","Arrondissement de Namur","Provincie Namen","Province de Namur","Waals Gewest","Région wallonne","<5"
"2020-03-24","93088","Walcourt","Walcourt","Arrondissement Philippeville","Arrondissement de Philippeville","Provincie Namen","Province de Namur","Waals Gewest","Région wallonne","<5"
"2020-03-24",NA,NA,NA,NA,NA,NA,NA,NA,NA,"8"
"2020-03-25","11001","Aartselaar","Aartselaar","Arrondissement Antwerpen","Arrondissement d’Anvers","Provincie Antwerpen","Province d’Anvers","Vlaams Gewest","Région flamande","<5"
"2020-03-25","11002","Antwerpen","Anvers","Arrondissement Antwerpen","Arrondissement d’Anvers","Provincie Antwerpen","Province d’Anvers","Vlaams Gewest","Région flamande","70"
"2020-03-25","11004","Boechout","Boechout","Arrondissement Antwerpen","Arrondissement d’Anvers","Provincie Antwerpen","Province d’Anvers","Vlaams Gewest","Région flamande","<5"
"2020-03-25","11007","Borsbeek","Borsbeek","Arrondissement Antwerpen","Arrondissement d’Anvers","Provincie Antwerpen","Province d’Anvers","Vlaams Gewest","Région flamande","<5"
"2020-03-25","11008","Brasschaat","Brasschaat","Arrondissement Antwerpen","Arrondissement d’Anvers","Provincie Antwerpen","Province d’Anvers","Vlaams Gewest","Région flamande","<5"
"2020-03-25","11009","Brecht","Brecht","Arrondissement Antwerpen","Arrondissement d’Anvers","Provincie Antwerpen","Province d’Anvers","Vlaams Gewest","Région flamande","<5"
"2020-03-25","11013","Edegem","Edegem","Arrondissement Antwerpen","Arrondissement d’Anvers","Provincie Antwerpen","Province d’Anvers","Vlaams Gewest","Région flamande","<5"
"2020-03-25","11016","Essen","Essen","Arrondissement Antwerpen","Arrondissement d’Anvers","Provincie Antwerpen","Province d’Anvers","Vlaams Gewest","Région flamande","<5"
"2020-03-25","11018","Hemiksem","Hemiksem","Arrondissement Antwerpen","Arrondissement d’Anvers","Provincie Antwerpen","Province d’Anvers","Vlaams Gewest","Région flamande","<5"
"2020-03-25","11022","Kalmthout","Kalmthout","Arrondissement Antwerpen","Arrondissement d’Anvers","Provincie Antwerpen","Province d’Anvers","Vlaams Gewest","Région flamande","<5"
"2020-03-25","11023","Kapellen (Antwerpen)","Kapellen (Anvers)","Arrondissement Antwerpen","Arrondissement d’Anvers","Provincie Antwerpen","Province d’Anvers","Vlaams Gewest","Région flamande","<5"
"2020-03-25","11024","Kontich","Kontich","Arrondissement Antwerpen","Arrondissement d’Anvers","Provincie Antwerpen","Province d’Anvers","Vlaams Gewest","Région flamande","<5"
"2020-03-25","11029","Mortsel","Mortsel","Arrondissement Antwerpen","Arrondissement d’Anvers","Provincie Antwerpen","Province d’Anvers","Vlaams Gewest","Région flamande","<5"
"2020-03-25","11035","Ranst","Ranst","Arrondissement Antwerpen","Arrondissement d’Anvers","Provincie Antwerpen","Province d’Anvers","Vlaams Gewest","Région flamande","<5"
"2020-03-25","11038","Schelle","Schelle","Arrondissement Antwerpen","Arrondissement d’Anvers","Provincie Antwerpen","Province d’Anvers","Vlaams Gewest","Région flamande","<5"
"2020-03-25","11039","Schilde","Schilde","Arrondissement Antwerpen","Arrondissement d’Anvers","Provincie Antwerpen","Province d’Anvers","Vlaams Gewest","Région flamande","<5"
"2020-03-25","11040","Schoten","Schoten","Arrondissement Antwerpen","Arrondissement d’Anvers","Provincie Antwerpen","Province d’Anvers","Vlaams Gewest","Région flamande","<5"
"2020-03-25","11044","Stabroek","Stabroek","Arrondissement Antwerpen","Arrondissement d’Anvers","Provincie Antwerpen","Province d’Anvers","Vlaams Gewest","Région flamande","<5"
"2020-03-25","11052","Wommelgem","Wommelgem","Arrondissement Antwerpen","Arrondissement d’Anvers","Provincie Antwerpen","Province d’Anvers","Vlaams Gewest","Région flamande","<5"
"2020-03-25","11054","Zandhoven","Zandhoven","Arrondissement Antwerpen","Arrondissement d’Anvers","Provincie Antwerpen","Province d’Anvers","Vlaams Gewest","Région flamande","<5"
"2020-03-25","11057","Malle","Malle","Arrondissement Antwerpen","Arrondissement d’Anvers","Provincie Antwerpen","Province d’Anvers","Vlaams Gewest","Région flamande","<5"
"2020-03-25","12002","Berlaar","Berlaar","Arrondissement Mechelen","Arrondissement de Malines","Provincie Antwerpen","Province d’Anvers","Vlaams Gewest","Région flamande","5"
"2020-03-25","12007","Bornem","Bornem","Arrondissement Mechelen","Arrondissement de Malines","Provincie Antwerpen","Province d’Anvers","Vlaams Gewest","Région flamande","<5"
"2020-03-25","12009","Duffel","Duffel","Arrondissement Mechelen","Arrondissement de Malines","Provincie Antwerpen","Province d’Anvers","Vlaams Gewest","Région flamande","<5"
"2020-03-25","12014","Heist-op-den-Berg","Heist-op-den-Berg","Arrondissement Mechelen","Arrondissement de Malines","Provincie Antwerpen","Province d’Anvers","Vlaams Gewest","Région flamande","8"
"2020-03-25","12021","Lier","Lierre","Arrondissement Mechelen","Arrondissement de Malines","Provincie Antwerpen","Province d’Anvers","Vlaams Gewest","Région flamande","<5"
"2020-03-25","12025","Mechelen","Malines","Arrondissement Mechelen","Arrondissement de Malines","Provincie Antwerpen","Province d’Anvers","Vlaams Gewest","Région flamande","<5"
"2020-03-25","12026","Nijlen","Nijlen","Arrondissement Mechelen","Arrondissement de Malines","Provincie Antwerpen","Province d’Anvers","Vlaams Gewest","Région flamande","<5"
"2020-03-25","12029","Putte","Putte","Arrondissement Mechelen","Arrondissement de Malines","Provincie Antwerpen","Province d’Anvers","Vlaams Gewest","Région flamande","<5"
"2020-03-25","12035","Sint-Katelijne-Waver","Sint-Katelijne-Waver","Arrondissement Mechelen","Arrondissement de Malines","Provincie Antwerpen","Province d’Anvers","Vlaams Gewest","Région flamande","<5"
"2020-03-25","12040","Willebroek","Willebroek","Arrondissement Mechelen","Arrondissement de Malines","Provincie Antwerpen","Province d’Anvers","Vlaams Gewest","Région flamande","<5"
"2020-03-25","12041","Puurs-Sint-Amands","Puurs-Sint-Amands","Arrondissement Mechelen","Arrondissement de Malines","Provincie Antwerpen","Province d’Anvers","Vlaams Gewest","Région flamande","<5"
"2020-03-25","13001","Arendonk","Arendonk","Arrondissement Turnhout","Arrondissement de Turnhout","Provincie Antwerpen","Province d’Anvers","Vlaams Gewest","Région flamande","<5"
"2020-03-25","13003","Balen","Balen","Arrondissement Turnhout","Arrondissement de Turnhout","Provincie Antwerpen","Province d’Anvers","Vlaams Gewest","Région flamande","<5"
"2020-03-25","13004","Beerse","Beerse","Arrondissement Turnhout","Arrondissement de Turnhout","Provincie Antwerpen","Province d’Anvers","Vlaams Gewest","Région flamande","<5"
"2020-03-25","13008","Geel","Geel","Arrondissement Turnhout","Arrondissement de Turnhout","Provincie Antwerpen","Province d’Anvers","Vlaams Gewest","Région flamande","<5"
"2020-03-25","13010","Grobbendonk","Grobbendonk","Arrondissement Turnhout","Arrondissement de Turnhout","Provincie Antwerpen","Province d’Anvers","Vlaams Gewest","Région flamande","<5"
"2020-03-25","13013","Herselt","Herselt","Arrondissement Turnhout","Arrondissement de Turnhout","Provincie Antwerpen","Province d’Anvers","Vlaams Gewest","Région flamande","6"
"2020-03-25","13014","Hoogstraten","Hoogstraten","Arrondissement Turnhout","Arrondissement de Turnhout","Provincie Antwerpen","Province d’Anvers","Vlaams Gewest","Région flamande","<5"
"2020-03-25","13016","Hulshout","Hulshout","Arrondissement Turnhout","Arrondissement de Turnhout","Provincie Antwerpen","Province d’Anvers","Vlaams Gewest","Région flamande","<5"
"2020-03-25","13017","Kasterlee","Kasterlee","Arrondissement Turnhout","Arrondissement de Turnhout","Provincie Antwerpen","Province d’Anvers","Vlaams Gewest","Région flamande","<5"
"2020-03-25","13019","Lille","Lille","Arrondissement Turnhout","Arrondissement de Turnhout","Provincie Antwerpen","Province d’Anvers","Vlaams Gewest","Région flamande","<5"
"2020-03-25","13025","Mol","Mol","Arrondissement Turnhout","Arrondissement de Turnhout","Provincie Antwerpen","Province d’Anvers","Vlaams Gewest","Région flamande","<5"
"2020-03-25","13029","Olen","Olen","Arrondissement Turnhout","Arrondissement de Turnhout","Provincie Antwerpen","Province d’Anvers","Vlaams Gewest","Région flamande","<5"
"2020-03-25","13035","Ravels","Ravels","Arrondissement Turnhout","Arrondissement de Turnhout","Provincie Antwerpen","Province d’Anvers","Vlaams Gewest","Région flamande","<5"
"2020-03-25","13040","Turnhout","Turnhout","Arrondissement Turnhout","Arrondissement de Turnhout","Provincie Antwerpen","Province d’Anvers","Vlaams Gewest","Région flamande","6"
"2020-03-25","13049","Westerlo","Westerlo","Arrondissement Turnhout","Arrondissement de Turnhout","Provincie Antwerpen","Province d’Anvers","Vlaams Gewest","Région flamande","<5"
"2020-03-25","13053","Laakdal","Laakdal","Arrondissement Turnhout","Arrondissement de Turnhout","Provincie Antwerpen","Province d’Anvers","Vlaams Gewest","Région flamande","<5"
"2020-03-25","21001","Anderlecht","Anderlecht","Arrondissement Brussel-Hoofdstad","Arrondissement de Bruxelles-Capitale",NA,NA,"Brussels Hoofdstedelijk Gewest","Région de Bruxelles-Capitale","13"
"2020-03-25","21002","Oudergem","Auderghem","Arrondissement Brussel-Hoofdstad","Arrondissement de Bruxelles-Capitale",NA,NA,"Brussels Hoofdstedelijk Gewest","Région de Bruxelles-Capitale","<5"
"2020-03-25","21003","Sint-Agatha-Berchem","Berchem-Sainte-Agathe","Arrondissement Brussel-Hoofdstad","Arrondissement de Bruxelles-Capitale",NA,NA,"Brussels Hoofdstedelijk Gewest","Région de Bruxelles-Capitale","11"
"2020-03-25","21004","Brussel","Bruxelles","Arrondissement Brussel-Hoofdstad","Arrondissement de Bruxelles-Capitale",NA,NA,"Brussels Hoofdstedelijk Gewest","Région de Bruxelles-Capitale","14"
"2020-03-25","21005","Etterbeek","Etterbeek","Arrondissement Brussel-Hoofdstad","Arrondissement de Bruxelles-Capitale",NA,NA,"Brussels Hoofdstedelijk Gewest","Région de Bruxelles-Capitale","5"
"2020-03-25","21006","Evere","Evere","Arrondissement Brussel-Hoofdstad","Arrondissement de Bruxelles-Capitale",NA,NA,"Brussels Hoofdstedelijk Gewest","Région de Bruxelles-Capitale","<5"
"2020-03-25","21007","Vorst (Brussel-Hoofdstad)","Forest (Bruxelles-Capitale)","Arrondissement Brussel-Hoofdstad","Arrondissement de Bruxelles-Capitale",NA,NA,"Brussels Hoofdstedelijk Gewest","Région de Bruxelles-Capitale","9"
"2020-03-25","21008","Ganshoren","Ganshoren","Arrondissement Brussel-Hoofdstad","Arrondissement de Bruxelles-Capitale",NA,NA,"Brussels Hoofdstedelijk Gewest","Région de Bruxelles-Capitale","<5"
"2020-03-25","21009","Elsene","Ixelles","Arrondissement Brussel-Hoofdstad","Arrondissement de Bruxelles-Capitale",NA,NA,"Brussels Hoofdstedelijk Gewest","Région de Bruxelles-Capitale","5"
"2020-03-25","21010","Jette","Jette","Arrondissement Brussel-Hoofdstad","Arrondissement de Bruxelles-Capitale",NA,NA,"Brussels Hoofdstedelijk Gewest","Région de Bruxelles-Capitale","<5"
"2020-03-25","21011","Koekelberg","Koekelberg","Arrondissement Brussel-Hoofdstad","Arrondissement de Bruxelles-Capitale",NA,NA,"Brussels Hoofdstedelijk Gewest","Région de Bruxelles-Capitale","<5"
"2020-03-25","21012","Sint-Jans-Molenbeek","Molenbeek-Saint-Jean","Arrondissement Brussel-Hoofdstad","Arrondissement de Bruxelles-Capitale",NA,NA,"Brussels Hoofdstedelijk Gewest","Région de Bruxelles-Capitale","17"
"2020-03-25","21013","Sint-Gillis","Saint-Gilles","Arrondissement Brussel-Hoofdstad","Arrondissement de Bruxelles-Capitale",NA,NA,"Brussels Hoofdstedelijk Gewest","Région de Bruxelles-Capitale","6"
"2020-03-25","21014","Sint-Joost-ten-Node","Saint-Josse-ten-Noode","Arrondissement Brussel-Hoofdstad","Arrondissement de Bruxelles-Capitale",NA,NA,"Brussels Hoofdstedelijk Gewest","Région de Bruxelles-Capitale","<5"
"2020-03-25","21015","Schaarbeek","Schaerbeek","Arrondissement Brussel-Hoofdstad","Arrondissement de Bruxelles-Capitale",NA,NA,"Brussels Hoofdstedelijk Gewest","Région de Bruxelles-Capitale","16"
"2020-03-25","21016","Ukkel","Uccle","Arrondissement Brussel-Hoofdstad","Arrondissement de Bruxelles-Capitale",NA,NA,"Brussels Hoofdstedelijk Gewest","Région de Bruxelles-Capitale","12"
"2020-03-25","21017","Watermaal-Bosvoorde","Watermael-Boitsfort","Arrondissement Brussel-Hoofdstad","Arrondissement de Bruxelles-Capitale",NA,NA,"Brussels Hoofdstedelijk Gewest","Région de Bruxelles-Capitale","6"
"2020-03-25","21018","Sint-Lambrechts-Woluwe","Woluwe-Saint-Lambert","Arrondissement Brussel-Hoofdstad","Arrondissement de Bruxelles-Capitale",NA,NA,"Brussels Hoofdstedelijk Gewest","Région de Bruxelles-Capitale","7"
"2020-03-25","21019","Sint-Pieters-Woluwe","Woluwe-Saint-Pierre","Arrondissement Brussel-Hoofdstad","Arrondissement de Bruxelles-Capitale",NA,NA,"Brussels Hoofdstedelijk Gewest","Région de Bruxelles-Capitale","5"
"2020-03-25","23002","Asse","Asse","Arrondissement Halle-Vilvoorde","Arrondissement de Hal-Vilvorde","Provincie Vlaams-Brabant","Province du Brabant flamand","Vlaams Gewest","Région flamande","7"
"2020-03-25","23003","Beersel","Beersel","Arrondissement Halle-Vilvoorde","Arrondissement de Hal-Vilvorde","Provincie Vlaams-Brabant","Province du Brabant flamand","Vlaams Gewest","Région flamande","<5"
"2020-03-25","23016","Dilbeek","Dilbeek","Arrondissement Halle-Vilvoorde","Arrondissement de Hal-Vilvorde","Provincie Vlaams-Brabant","Province du Brabant flamand","Vlaams Gewest","Région flamande","6"
"2020-03-25","23023","Galmaarden","Gammerages","Arrondissement Halle-Vilvoorde","Arrondissement de Hal-Vilvorde","Provincie Vlaams-Brabant","Province du Brabant flamand","Vlaams Gewest","Région flamande","<5"
"2020-03-25","23025","Grimbergen","Grimbergen","Arrondissement Halle-Vilvoorde","Arrondissement de Hal-Vilvorde","Provincie Vlaams-Brabant","Province du Brabant flamand","Vlaams Gewest","Région flamande","7"
"2020-03-25","23027","Halle (Halle-Vilvoorde)","Hal (Hal-Vilvorde)","Arrondissement Halle-Vilvoorde","Arrondissement de Hal-Vilvorde","Provincie Vlaams-Brabant","Province du Brabant flamand","Vlaams Gewest","Région flamande","6"
"2020-03-25","23033","Hoeilaart","Hoeilaart","Arrondissement Halle-Vilvoorde","Arrondissement de Hal-Vilvorde","Provincie Vlaams-Brabant","Province du Brabant flamand","Vlaams Gewest","Région flamande","<5"
"2020-03-25","23039","Kapelle-op-den-Bos","Kapelle-op-den-Bos","Arrondissement Halle-Vilvoorde","Arrondissement de Hal-Vilvorde","Provincie Vlaams-Brabant","Province du Brabant flamand","Vlaams Gewest","Région flamande","6"
"2020-03-25","23044","Liedekerke","Liedekerke","Arrondissement Halle-Vilvoorde","Arrondissement de Hal-Vilvorde","Provincie Vlaams-Brabant","Province du Brabant flamand","Vlaams Gewest","Région flamande","<5"
"2020-03-25","23045","Londerzeel","Londerzeel","Arrondissement Halle-Vilvoorde","Arrondissement de Hal-Vilvorde","Provincie Vlaams-Brabant","Province du Brabant flamand","Vlaams Gewest","Région flamande","<5"
"2020-03-25","23047","Machelen (Halle-Vilvoorde)","Machelen (Hal-Vilvorde)","Arrondissement Halle-Vilvoorde","Arrondissement de Hal-Vilvorde","Provincie Vlaams-Brabant","Province du Brabant flamand","Vlaams Gewest","Région flamande","<5"
"2020-03-25","23050","Meise","Meise","Arrondissement Halle-Vilvoorde","Arrondissement de Hal-Vilvorde","Provincie Vlaams-Brabant","Province du Brabant flamand","Vlaams Gewest","Région flamande","<5"
"2020-03-25","23052","Merchtem","Merchtem","Arrondissement Halle-Vilvoorde","Arrondissement de Hal-Vilvorde","Provincie Vlaams-Brabant","Province du Brabant flamand","Vlaams Gewest","Région flamande","<5"
"2020-03-25","23060","Opwijk","Opwijk","Arrondissement Halle-Vilvoorde","Arrondissement de Hal-Vilvorde","Provincie Vlaams-Brabant","Province du Brabant flamand","Vlaams Gewest","Région flamande","<5"
"2020-03-25","23062","Overijse","Overijse","Arrondissement Halle-Vilvoorde","Arrondissement de Hal-Vilvorde","Provincie Vlaams-Brabant","Province du Brabant flamand","Vlaams Gewest","Région flamande","<5"
"2020-03-25","23077","Sint-Pieters-Leeuw","Sint-Pieters-Leeuw","Arrondissement Halle-Vilvoorde","Arrondissement de Hal-Vilvorde","Provincie Vlaams-Brabant","Province du Brabant flamand","Vlaams Gewest","Région flamande","5"
"2020-03-25","23081","Steenokkerzeel","Steenokkerzeel","Arrondissement Halle-Vilvoorde","Arrondissement de Hal-Vilvorde","Provincie Vlaams-Brabant","Province du Brabant flamand","Vlaams Gewest","Région flamande","<5"
"2020-03-25","23086","Ternat","Ternat","Arrondissement Halle-Vilvoorde","Arrondissement de Hal-Vilvorde","Provincie Vlaams-Brabant","Province du Brabant flamand","Vlaams Gewest","Région flamande","<5"
"2020-03-25","23088","Vilvoorde","Vilvorde","Arrondissement Halle-Vilvoorde","Arrondissement de Hal-Vilvorde","Provincie Vlaams-Brabant","Province du Brabant flamand","Vlaams Gewest","Région flamande","6"
"2020-03-25","23094","Zaventem","Zaventem","Arrondissement Halle-Vilvoorde","Arrondissement de Hal-Vilvorde","Provincie Vlaams-Brabant","Province du Brabant flamand","Vlaams Gewest","Région flamande","<5"
"2020-03-25","23096","Zemst","Zemst","Arrondissement Halle-Vilvoorde","Arrondissement de Hal-Vilvorde","Provincie Vlaams-Brabant","Province du Brabant flamand","Vlaams Gewest","Région flamande","<5"
"2020-03-25","23097","Roosdaal","Roosdaal","Arrondissement Halle-Vilvoorde","Arrondissement de Hal-Vilvorde","Provincie Vlaams-Brabant","Province du Brabant flamand","Vlaams Gewest","Région flamande","<5"
"2020-03-25","23099","Kraainem","Kraainem","Arrondissement Halle-Vilvoorde","Arrondissement de Hal-Vilvorde","Provincie Vlaams-Brabant","Province du Brabant flamand","Vlaams Gewest","Région flamande","<5"
"2020-03-25","23101","Sint-Genesius-Rode","Rhode-Saint-Genèse","Arrondissement Halle-Vilvoorde","Arrondissement de Hal-Vilvorde","Provincie Vlaams-Brabant","Province du Brabant flamand","Vlaams Gewest","Région flamande","<5"
"2020-03-25","23102","Wemmel","Wemmel","Arrondissement Halle-Vilvoorde","Arrondissement de Hal-Vilvorde","Provincie Vlaams-Brabant","Province du Brabant flamand","Vlaams Gewest","Région flamande","<5"
"2020-03-25","23104","Lennik","Lennik","Arrondissement Halle-Vilvoorde","Arrondissement de Hal-Vilvorde","Provincie Vlaams-Brabant","Province du Brabant flamand","Vlaams Gewest","Région flamande","<5"
"2020-03-25","23105","Affligem","Affligem","Arrondissement Halle-Vilvoorde","Arrondissement de Hal-Vilvorde","Provincie Vlaams-Brabant","Province du Brabant flamand","Vlaams Gewest","Région flamande","<5"
"2020-03-25","24001","Aarschot","Aarschot","Arrondissement Leuven","Arrondissement de Louvain","Provincie Vlaams-Brabant","Province du Brabant flamand","Vlaams Gewest","Région flamande","5"
"2020-03-25","24007","Begijnendijk","Begijnendijk","Arrondissement Leuven","Arrondissement de Louvain","Provincie Vlaams-Brabant","Province du Brabant flamand","Vlaams Gewest","Région flamande","<5"
"2020-03-25","24014","Boortmeerbeek","Boortmeerbeek","Arrondissement Leuven","Arrondissement de Louvain","Provincie Vlaams-Brabant","Province du Brabant flamand","Vlaams Gewest","Région flamande","<5"
"2020-03-25","24016","Boutersem","Boutersem","Arrondissement Leuven","Arrondissement de Louvain","Provincie Vlaams-Brabant","Province du Brabant flamand","Vlaams Gewest","Région flamande","<5"
"2020-03-25","24020","Diest","Diest","Arrondissement Leuven","Arrondissement de Louvain","Provincie Vlaams-Brabant","Province du Brabant flamand","Vlaams Gewest","Région flamande","5"
"2020-03-25","24038","Herent","Herent","Arrondissement Leuven","Arrondissement de Louvain","Provincie Vlaams-Brabant","Province du Brabant flamand","Vlaams Gewest","Région flamande","<5"
"2020-03-25","24041","Hoegaarden","Hoegaarden","Arrondissement Leuven","Arrondissement de Louvain","Provincie Vlaams-Brabant","Province du Brabant flamand","Vlaams Gewest","Région flamande","<5"
"2020-03-25","24045","Huldenberg","Huldenberg","Arrondissement Leuven","Arrondissement de Louvain","Provincie Vlaams-Brabant","Province du Brabant flamand","Vlaams Gewest","Région flamande","<5"
"2020-03-25","24054","Kortenaken","Kortenaken","Arrondissement Leuven","Arrondissement de Louvain","Provincie Vlaams-Brabant","Province du Brabant flamand","Vlaams Gewest","Région flamande","<5"
"2020-03-25","24055","Kortenberg","Kortenberg","Arrondissement Leuven","Arrondissement de Louvain","Provincie Vlaams-Brabant","Province du Brabant flamand","Vlaams Gewest","Région flamande","<5"
"2020-03-25","24059","Landen","Landen","Arrondissement Leuven","Arrondissement de Louvain","Provincie Vlaams-Brabant","Province du Brabant flamand","Vlaams Gewest","Région flamande","<5"
"2020-03-25","24062","Leuven","Louvain","Arrondissement Leuven","Arrondissement de Louvain","Provincie Vlaams-Brabant","Province du Brabant flamand","Vlaams Gewest","Région flamande","<5"
"2020-03-25","24086","Oud-Heverlee","Oud-Heverlee","Arrondissement Leuven","Arrondissement de Louvain","Provincie Vlaams-Brabant","Province du Brabant flamand","Vlaams Gewest","Région flamande","<5"
"2020-03-25","24094","Rotselaar","Rotselaar","Arrondissement Leuven","Arrondissement de Louvain","Provincie Vlaams-Brabant","Province du Brabant flamand","Vlaams Gewest","Région flamande","<5"
"2020-03-25","24104","Tervuren","Tervuren","Arrondissement Leuven","Arrondissement de Louvain","Provincie Vlaams-Brabant","Province du Brabant flamand","Vlaams Gewest","Région flamande","<5"
"2020-03-25","24107","Tienen","Tirlemont","Arrondissement Leuven","Arrondissement de Louvain","Provincie Vlaams-Brabant","Province du Brabant flamand","Vlaams Gewest","Région flamande","<5"
"2020-03-25","24109","Tremelo","Tremelo","Arrondissement Leuven","Arrondissement de Louvain","Provincie Vlaams-Brabant","Province du Brabant flamand","Vlaams Gewest","Région flamande","<5"
"2020-03-25","24130","Zoutleeuw","Léau","Arrondissement Leuven","Arrondissement de Louvain","Provincie Vlaams-Brabant","Province du Brabant flamand","Vlaams Gewest","Région flamande","<5"
"2020-03-25","24134","Scherpenheuvel-Zichem","Montaigu-Zichem","Arrondissement Leuven","Arrondissement de Louvain","Provincie Vlaams-Brabant","Province du Brabant flamand","Vlaams Gewest","Région flamande","<5"
"2020-03-25","24135","Tielt-Winge","Tielt-Winge","Arrondissement Leuven","Arrondissement de Louvain","Provincie Vlaams-Brabant","Province du Brabant flamand","Vlaams Gewest","Région flamande","<5"
"2020-03-25","25014","Eigenbrakel","Braine-l’Alleud","Arrondissement Nijvel","Arrondissement de Nivelles","Provincie Waals-Brabant","Province du Brabant wallon","Waals Gewest","Région wallonne","<5"
"2020-03-25","25015","Kasteelbrakel","Braine-le-Château","Arrondissement Nijvel","Arrondissement de Nivelles","Provincie Waals-Brabant","Province du Brabant wallon","Waals Gewest","Région wallonne","<5"
"2020-03-25","25031","Genepiën","Genappe","Arrondissement Nijvel","Arrondissement de Nivelles","Provincie Waals-Brabant","Province du Brabant wallon","Waals Gewest","Région wallonne","<5"
"2020-03-25","25043","Incourt","Incourt","Arrondissement Nijvel","Arrondissement de Nivelles","Provincie Waals-Brabant","Province du Brabant wallon","Waals Gewest","Région wallonne","<5"
"2020-03-25","25068","Mont-Saint-Guibert","Mont-Saint-Guibert","Arrondissement Nijvel","Arrondissement de Nivelles","Provincie Waals-Brabant","Province du Brabant wallon","Waals Gewest","Région wallonne","<5"
"2020-03-25","25072","Nijvel","Nivelles","Arrondissement Nijvel","Arrondissement de Nivelles","Provincie Waals-Brabant","Province du Brabant wallon","Waals Gewest","Région wallonne","<5"
"2020-03-25","25084","Perwijs (Nijvel)","Perwez (Nivelles)","Arrondissement Nijvel","Arrondissement de Nivelles","Provincie Waals-Brabant","Province du Brabant wallon","Waals Gewest","Région wallonne","<5"
"2020-03-25","25091","Rixensart","Rixensart","Arrondissement Nijvel","Arrondissement de Nivelles","Provincie Waals-Brabant","Province du Brabant wallon","Waals Gewest","Région wallonne","<5"
"2020-03-25","25105","Tubeke","Tubize","Arrondissement Nijvel","Arrondissement de Nivelles","Provincie Waals-Brabant","Province du Brabant wallon","Waals Gewest","Région wallonne","<5"
"2020-03-25","25110","Waterloo","Waterloo","Arrondissement Nijvel","Arrondissement de Nivelles","Provincie Waals-Brabant","Province du Brabant wallon","Waals Gewest","Région wallonne","<5"
"2020-03-25","25118","Hélécine","Hélécine","Arrondissement Nijvel","Arrondissement de Nivelles","Provincie Waals-Brabant","Province du Brabant wallon","Waals Gewest","Région wallonne","<5"
"2020-03-25","25121","Ottignies-Louvain-la-Neuve","Ottignies-Louvain-la-Neuve","Arrondissement Nijvel","Arrondissement de Nivelles","Provincie Waals-Brabant","Province du Brabant wallon","Waals Gewest","Région wallonne","<5"
"2020-03-25","31004","Blankenberge","Blankenberge","Arrondissement Brugge","Arrondissement de Bruges","Provincie West-Vlaanderen","Province de Flandre occidentale","Vlaams Gewest","Région flamande","5"
"2020-03-25","31005","Brugge","Bruges","Arrondissement Brugge","Arrondissement de Bruges","Provincie West-Vlaanderen","Province de Flandre occidentale","Vlaams Gewest","Région flamande","9"
"2020-03-25","31012","Jabbeke","Jabbeke","Arrondissement Brugge","Arrondissement de Bruges","Provincie West-Vlaanderen","Province de Flandre occidentale","Vlaams Gewest","Région flamande","<5"
"2020-03-25","31022","Oostkamp","Oostkamp","Arrondissement Brugge","Arrondissement de Bruges","Provincie West-Vlaanderen","Province de Flandre occidentale","Vlaams Gewest","Région flamande","<5"
"2020-03-25","31033","Torhout","Torhout","Arrondissement Brugge","Arrondissement de Bruges","Provincie West-Vlaanderen","Province de Flandre occidentale","Vlaams Gewest","Région flamande","5"
"2020-03-25","31040","Zedelgem","Zedelgem","Arrondissement Brugge","Arrondissement de Bruges","Provincie West-Vlaanderen","Province de Flandre occidentale","Vlaams Gewest","Région flamande","<5"
"2020-03-25","31043","Knokke-Heist","Knokke-Heist","Arrondissement Brugge","Arrondissement de Bruges","Provincie West-Vlaanderen","Province de Flandre occidentale","Vlaams Gewest","Région flamande","5"
"2020-03-25","32003","Diksmuide","Dixmude","Arrondissement Diksmuide","Arrondissement de Dixmude","Provincie West-Vlaanderen","Province de Flandre occidentale","Vlaams Gewest","Région flamande","<5"
"2020-03-25","32006","Houthulst","Houthulst","Arrondissement Diksmuide","Arrondissement de Dixmude","Provincie West-Vlaanderen","Province de Flandre occidentale","Vlaams Gewest","Région flamande","<5"
"2020-03-25","32030","Lo-Reninge","Lo-Reninge","Arrondissement Diksmuide","Arrondissement de Dixmude","Provincie West-Vlaanderen","Province de Flandre occidentale","Vlaams Gewest","Région flamande","<5"
"2020-03-25","33011","Ieper","Ypres","Arrondissement Ieper","Arrondissement d’Ypres","Provincie West-Vlaanderen","Province de Flandre occidentale","Vlaams Gewest","Région flamande","7"
"2020-03-25","33016","Mesen","Messines","Arrondissement Ieper","Arrondissement d’Ypres","Provincie West-Vlaanderen","Province de Flandre occidentale","Vlaams Gewest","Région flamande","<5"
"2020-03-25","33021","Poperinge","Poperinge","Arrondissement Ieper","Arrondissement d’Ypres","Provincie West-Vlaanderen","Province de Flandre occidentale","Vlaams Gewest","Région flamande","<5"
"2020-03-25","33029","Wervik","Wervik","Arrondissement Ieper","Arrondissement d’Ypres","Provincie West-Vlaanderen","Province de Flandre occidentale","Vlaams Gewest","Région flamande","<5"
"2020-03-25","33037","Zonnebeke","Zonnebeke","Arrondissement Ieper","Arrondissement d’Ypres","Provincie West-Vlaanderen","Province de Flandre occidentale","Vlaams Gewest","Région flamande","<5"
"2020-03-25","33039","Heuvelland","Heuvelland","Arrondissement Ieper","Arrondissement d’Ypres","Provincie West-Vlaanderen","Province de Flandre occidentale","Vlaams Gewest","Région flamande","<5"
"2020-03-25","33040","Langemark-Poelkapelle","Langemark-Poelkapelle","Arrondissement Ieper","Arrondissement d’Ypres","Provincie West-Vlaanderen","Province de Flandre occidentale","Vlaams Gewest","Région flamande","<5"
"2020-03-25","34002","Anzegem","Anzegem","Arrondissement Kortrijk","Arrondissement de Courtrai","Provincie West-Vlaanderen","Province de Flandre occidentale","Vlaams Gewest","Région flamande","<5"
"2020-03-25","34013","Harelbeke","Harelbeke","Arrondissement Kortrijk","Arrondissement de Courtrai","Provincie West-Vlaanderen","Province de Flandre occidentale","Vlaams Gewest","Région flamande","6"
"2020-03-25","34022","Kortrijk","Courtrai","Arrondissement Kortrijk","Arrondissement de Courtrai","Provincie West-Vlaanderen","Province de Flandre occidentale","Vlaams Gewest","Région flamande","11"
"2020-03-25","34023","Kuurne","Kuurne","Arrondissement Kortrijk","Arrondissement de Courtrai","Provincie West-Vlaanderen","Province de Flandre occidentale","Vlaams Gewest","Région flamande","<5"
"2020-03-25","34027","Menen","Menin","Arrondissement Kortrijk","Arrondissement de Courtrai","Provincie West-Vlaanderen","Province de Flandre occidentale","Vlaams Gewest","Région flamande","9"
"2020-03-25","34040","Waregem","Waregem","Arrondissement Kortrijk","Arrondissement de Courtrai","Provincie West-Vlaanderen","Province de Flandre occidentale","Vlaams Gewest","Région flamande","9"
"2020-03-25","34041","Wevelgem","Wevelgem","Arrondissement Kortrijk","Arrondissement de Courtrai","Provincie West-Vlaanderen","Province de Flandre occidentale","Vlaams Gewest","Région flamande","<5"
"2020-03-25","34042","Zwevegem","Zwevegem","Arrondissement Kortrijk","Arrondissement de Courtrai","Provincie West-Vlaanderen","Province de Flandre occidentale","Vlaams Gewest","Région flamande","<5"
"2020-03-25","34043","Spiere-Helkijn","Espierres-Helchin","Arrondissement Kortrijk","Arrondissement de Courtrai","Provincie West-Vlaanderen","Province de Flandre occidentale","Vlaams Gewest","Région flamande","<5"
"2020-03-25","35006","Ichtegem","Ichtegem","Arrondissement Oostende","Arrondissement d’Ostende","Provincie West-Vlaanderen","Province de Flandre occidentale","Vlaams Gewest","Région flamande","<5"
"2020-03-25","35011","Middelkerke","Middelkerke","Arrondissement Oostende","Arrondissement d’Ostende","Provincie West-Vlaanderen","Province de Flandre occidentale","Vlaams Gewest","Région flamande","<5"
"2020-03-25","35013","Oostende","Ostende","Arrondissement Oostende","Arrondissement d’Ostende","Provincie West-Vlaanderen","Province de Flandre occidentale","Vlaams Gewest","Région flamande","8"
"2020-03-25","35014","Oudenburg","Oudenburg","Arrondissement Oostende","Arrondissement d’Ostende","Provincie West-Vlaanderen","Province de Flandre occidentale","Vlaams Gewest","Région flamande","<5"
"2020-03-25","35029","De Haan","De Haan","Arrondissement Oostende","Arrondissement d’Ostende","Provincie West-Vlaanderen","Province de Flandre occidentale","Vlaams Gewest","Région flamande","<5"
"2020-03-25","36006","Hooglede","Hooglede","Arrondissement Roeselare","Arrondissement de Roulers","Provincie West-Vlaanderen","Province de Flandre occidentale","Vlaams Gewest","Région flamande","<5"
"2020-03-25","36007","Ingelmunster","Ingelmunster","Arrondissement Roeselare","Arrondissement de Roulers","Provincie West-Vlaanderen","Province de Flandre occidentale","Vlaams Gewest","Région flamande","<5"
"2020-03-25","36008","Izegem","Izegem","Arrondissement Roeselare","Arrondissement de Roulers","Provincie West-Vlaanderen","Province de Flandre occidentale","Vlaams Gewest","Région flamande","<5"
"2020-03-25","36011","Lichtervelde","Lichtervelde","Arrondissement Roeselare","Arrondissement de Roulers","Provincie West-Vlaanderen","Province de Flandre occidentale","Vlaams Gewest","Région flamande","<5"
"2020-03-25","36012","Moorslede","Moorslede","Arrondissement Roeselare","Arrondissement de Roulers","Provincie West-Vlaanderen","Province de Flandre occidentale","Vlaams Gewest","Région flamande","<5"
"2020-03-25","36015","Roeselare","Roulers","Arrondissement Roeselare","Arrondissement de Roulers","Provincie West-Vlaanderen","Province de Flandre occidentale","Vlaams Gewest","Région flamande","8"
"2020-03-25","37002","Dentergem","Dentergem","Arrondissement Tielt","Arrondissement de Tielt","Provincie West-Vlaanderen","Province de Flandre occidentale","Vlaams Gewest","Région flamande","<5"
"2020-03-25","37007","Meulebeke","Meulebeke","Arrondissement Tielt","Arrondissement de Tielt","Provincie West-Vlaanderen","Province de Flandre occidentale","Vlaams Gewest","Région flamande","<5"
"2020-03-25","37010","Oostrozebeke","Oostrozebeke","Arrondissement Tielt","Arrondissement de Tielt","Provincie West-Vlaanderen","Province de Flandre occidentale","Vlaams Gewest","Région flamande","<5"
"2020-03-25","37015","Tielt (Tielt)","Tielt (Tielt)","Arrondissement Tielt","Arrondissement de Tielt","Provincie West-Vlaanderen","Province de Flandre occidentale","Vlaams Gewest","Région flamande","<5"
"2020-03-25","37018","Wingene","Wingene","Arrondissement Tielt","Arrondissement de Tielt","Provincie West-Vlaanderen","Province de Flandre occidentale","Vlaams Gewest","Région flamande","6"
"2020-03-25","37020","Ardooie","Ardooie","Arrondissement Tielt","Arrondissement de Tielt","Provincie West-Vlaanderen","Province de Flandre occidentale","Vlaams Gewest","Région flamande","<5"
"2020-03-25","38008","De Panne","La Panne","Arrondissement Veurne","Arrondissement de Furnes","Provincie West-Vlaanderen","Province de Flandre occidentale","Vlaams Gewest","Région flamande","<5"
"2020-03-25","38014","Koksijde","Koksijde","Arrondissement Veurne","Arrondissement de Furnes","Provincie West-Vlaanderen","Province de Flandre occidentale","Vlaams Gewest","Région flamande","<5"
"2020-03-25","38025","Veurne","Furnes","Arrondissement Veurne","Arrondissement de Furnes","Provincie West-Vlaanderen","Province de Flandre occidentale","Vlaams Gewest","Région flamande","<5"
"2020-03-25","41002","Aalst (Aalst)","Alost (Alost)","Arrondissement Aalst","Arrondissement d’Alost","Provincie Oost-Vlaanderen","Province de Flandre orientale","Vlaams Gewest","Région flamande","14"
"2020-03-25","41011","Denderleeuw","Denderleeuw","Arrondissement Aalst","Arrondissement d’Alost","Provincie Oost-Vlaanderen","Province de Flandre orientale","Vlaams Gewest","Région flamande","<5"
"2020-03-25","41018","Geraardsbergen","Grammont","Arrondissement Aalst","Arrondissement d’Alost","Provincie Oost-Vlaanderen","Province de Flandre orientale","Vlaams Gewest","Région flamande","7"
"2020-03-25","41024","Haaltert","Haaltert","Arrondissement Aalst","Arrondissement d’Alost","Provincie Oost-Vlaanderen","Province de Flandre orientale","Vlaams Gewest","Région flamande","<5"
"2020-03-25","41027","Herzele","Herzele","Arrondissement Aalst","Arrondissement d’Alost","Provincie Oost-Vlaanderen","Province de Flandre orientale","Vlaams Gewest","Région flamande","<5"
"2020-03-25","41034","Lede","Lede","Arrondissement Aalst","Arrondissement d’Alost","Provincie Oost-Vlaanderen","Province de Flandre orientale","Vlaams Gewest","Région flamande","<5"
"2020-03-25","41048","Ninove","Ninove","Arrondissement Aalst","Arrondissement d’Alost","Provincie Oost-Vlaanderen","Province de Flandre orientale","Vlaams Gewest","Région flamande","7"
"2020-03-25","41081","Zottegem","Zottegem","Arrondissement Aalst","Arrondissement d’Alost","Provincie Oost-Vlaanderen","Province de Flandre orientale","Vlaams Gewest","Région flamande","<5"
"2020-03-25","41082","Erpe-Mere","Erpe-Mere","Arrondissement Aalst","Arrondissement d’Alost","Provincie Oost-Vlaanderen","Province de Flandre orientale","Vlaams Gewest","Région flamande","<5"
"2020-03-25","42003","Berlare","Berlare","Arrondissement Dendermonde","Arrondissement de Termonde","Provincie Oost-Vlaanderen","Province de Flandre orientale","Vlaams Gewest","Région flamande","<5"
"2020-03-25","42004","Buggenhout","Buggenhout","Arrondissement Dendermonde","Arrondissement de Termonde","Provincie Oost-Vlaanderen","Province de Flandre orientale","Vlaams Gewest","Région flamande","<5"
"2020-03-25","42006","Dendermonde","Termonde","Arrondissement Dendermonde","Arrondissement de Termonde","Provincie Oost-Vlaanderen","Province de Flandre orientale","Vlaams Gewest","Région flamande","7"
"2020-03-25","42008","Hamme (Dendermonde)","Hamme (Termonde)","Arrondissement Dendermonde","Arrondissement de Termonde","Provincie Oost-Vlaanderen","Province de Flandre orientale","Vlaams Gewest","Région flamande","<5"
"2020-03-25","42010","Laarne","Laarne","Arrondissement Dendermonde","Arrondissement de Termonde","Provincie Oost-Vlaanderen","Province de Flandre orientale","Vlaams Gewest","Région flamande","<5"
"2020-03-25","42011","Lebbeke","Lebbeke","Arrondissement Dendermonde","Arrondissement de Termonde","Provincie Oost-Vlaanderen","Province de Flandre orientale","Vlaams Gewest","Région flamande","<5"
"2020-03-25","42025","Wetteren","Wetteren","Arrondissement Dendermonde","Arrondissement de Termonde","Provincie Oost-Vlaanderen","Province de Flandre orientale","Vlaams Gewest","Région flamande","<5"
"2020-03-25","42026","Wichelen","Wichelen","Arrondissement Dendermonde","Arrondissement de Termonde","Provincie Oost-Vlaanderen","Province de Flandre orientale","Vlaams Gewest","Région flamande","<5"
"2020-03-25","42028","Zele","Zele","Arrondissement Dendermonde","Arrondissement de Termonde","Provincie Oost-Vlaanderen","Province de Flandre orientale","Vlaams Gewest","Région flamande","<5"
"2020-03-25","43007","Kaprijke","Kaprijke","Arrondissement Eeklo","Arrondissement d’Eeklo","Provincie Oost-Vlaanderen","Province de Flandre orientale","Vlaams Gewest","Région flamande","<5"
"2020-03-25","43010","Maldegem","Maldegem","Arrondissement Eeklo","Arrondissement d’Eeklo","Provincie Oost-Vlaanderen","Province de Flandre orientale","Vlaams Gewest","Région flamande","<5"
"2020-03-25","44013","Destelbergen","Destelbergen","Arrondissement Gent","Arrondissement de Gand","Provincie Oost-Vlaanderen","Province de Flandre orientale","Vlaams Gewest","Région flamande","<5"
"2020-03-25","44019","Evergem","Evergem","Arrondissement Gent","Arrondissement de Gand","Provincie Oost-Vlaanderen","Province de Flandre orientale","Vlaams Gewest","Région flamande","<5"
"2020-03-25","44020","Gavere","Gavere","Arrondissement Gent","Arrondissement de Gand","Provincie Oost-Vlaanderen","Province de Flandre orientale","Vlaams Gewest","Région flamande","<5"
"2020-03-25","44021","Gent","Gand","Arrondissement Gent","Arrondissement de Gand","Provincie Oost-Vlaanderen","Province de Flandre orientale","Vlaams Gewest","Région flamande","15"
"2020-03-25","44034","Lochristi","Lochristi","Arrondissement Gent","Arrondissement de Gand","Provincie Oost-Vlaanderen","Province de Flandre orientale","Vlaams Gewest","Région flamande","<5"
"2020-03-25","44040","Melle","Melle","Arrondissement Gent","Arrondissement de Gand","Provincie Oost-Vlaanderen","Province de Flandre orientale","Vlaams Gewest","Région flamande","<5"
"2020-03-25","44043","Merelbeke","Merelbeke","Arrondissement Gent","Arrondissement de Gand","Provincie Oost-Vlaanderen","Province de Flandre orientale","Vlaams Gewest","Région flamande","5"
"2020-03-25","44052","Oosterzele","Oosterzele","Arrondissement Gent","Arrondissement de Gand","Provincie Oost-Vlaanderen","Province de Flandre orientale","Vlaams Gewest","Région flamande","<5"
"2020-03-25","44064","Sint-Martens-Latem","Sint-Martens-Latem","Arrondissement Gent","Arrondissement de Gand","Provincie Oost-Vlaanderen","Province de Flandre orientale","Vlaams Gewest","Région flamande","<5"
"2020-03-25","44073","Wachtebeke","Wachtebeke","Arrondissement Gent","Arrondissement de Gand","Provincie Oost-Vlaanderen","Province de Flandre orientale","Vlaams Gewest","Région flamande","<5"
"2020-03-25","44081","Zulte","Zulte","Arrondissement Gent","Arrondissement de Gand","Provincie Oost-Vlaanderen","Province de Flandre orientale","Vlaams Gewest","Région flamande","<5"
"2020-03-25","44083","Deinze","Deinze","Arrondissement Gent","Arrondissement de Gand","Provincie Oost-Vlaanderen","Province de Flandre orientale","Vlaams Gewest","Région flamande","<5"
"2020-03-25","44084","Aalter","Aalter","Arrondissement Gent","Arrondissement de Gand","Provincie Oost-Vlaanderen","Province de Flandre orientale","Vlaams Gewest","Région flamande","<5"
"2020-03-25","44085","Lievegem","Lievegem","Arrondissement Gent","Arrondissement de Gand","Provincie Oost-Vlaanderen","Province de Flandre orientale","Vlaams Gewest","Région flamande","5"
"2020-03-25","45041","Ronse","Renaix","Arrondissement Oudenaarde","Arrondissement d’Audenarde","Provincie Oost-Vlaanderen","Province de Flandre orientale","Vlaams Gewest","Région flamande","5"
"2020-03-25","45059","Brakel","Brakel","Arrondissement Oudenaarde","Arrondissement d’Audenarde","Provincie Oost-Vlaanderen","Province de Flandre orientale","Vlaams Gewest","Région flamande","<5"
"2020-03-25","45060","Kluisbergen","Kluisbergen","Arrondissement Oudenaarde","Arrondissement d’Audenarde","Provincie Oost-Vlaanderen","Province de Flandre orientale","Vlaams Gewest","Région flamande","<5"
"2020-03-25","45063","Lierde","Lierde","Arrondissement Oudenaarde","Arrondissement d’Audenarde","Provincie Oost-Vlaanderen","Province de Flandre orientale","Vlaams Gewest","Région flamande","<5"
"2020-03-25","45064","Maarkedal","Maarkedal","Arrondissement Oudenaarde","Arrondissement d’Audenarde","Provincie Oost-Vlaanderen","Province de Flandre orientale","Vlaams Gewest","Région flamande","<5"
"2020-03-25","45068","Kruisem","Kruisem","Arrondissement Oudenaarde","Arrondissement d’Audenarde","Provincie Oost-Vlaanderen","Province de Flandre orientale","Vlaams Gewest","Région flamande","<5"
"2020-03-25","46003","Beveren (Sint-Niklaas)","Beveren (Saint-Nicolas)","Arrondissement Sint-Niklaas","Arrondissement de Saint-Nicolas","Provincie Oost-Vlaanderen","Province de Flandre orientale","Vlaams Gewest","Région flamande","<5"
"2020-03-25","46013","Kruibeke","Kruibeke","Arrondissement Sint-Niklaas","Arrondissement de Saint-Nicolas","Provincie Oost-Vlaanderen","Province de Flandre orientale","Vlaams Gewest","Région flamande","<5"
"2020-03-25","46014","Lokeren","Lokeren","Arrondissement Sint-Niklaas","Arrondissement de Saint-Nicolas","Provincie Oost-Vlaanderen","Province de Flandre orientale","Vlaams Gewest","Région flamande","5"
"2020-03-25","46020","Sint-Gillis-Waas","Sint-Gillis-Waas","Arrondissement Sint-Niklaas","Arrondissement de Saint-Nicolas","Provincie Oost-Vlaanderen","Province de Flandre orientale","Vlaams Gewest","Région flamande","<5"
"2020-03-25","46021","Sint-Niklaas (Sint-Niklaas)","Saint-Nicolas (Saint-Nicolas)","Arrondissement Sint-Niklaas","Arrondissement de Saint-Nicolas","Provincie Oost-Vlaanderen","Province de Flandre orientale","Vlaams Gewest","Région flamande","<5"
"2020-03-25","46024","Stekene","Stekene","Arrondissement Sint-Niklaas","Arrondissement de Saint-Nicolas","Provincie Oost-Vlaanderen","Province de Flandre orientale","Vlaams Gewest","Région flamande","<5"
"2020-03-25","46025","Temse","Tamise","Arrondissement Sint-Niklaas","Arrondissement de Saint-Nicolas","Provincie Oost-Vlaanderen","Province de Flandre orientale","Vlaams Gewest","Région flamande","<5"
"2020-03-25","51004","Aat","Ath","Arrondissement Aat","Arrondissement d’Ath","Provincie Henegouwen","Province du Hainaut","Waals Gewest","Région wallonne","<5"
"2020-03-25","51008","Beloeil","Beloeil","Arrondissement Aat","Arrondissement d’Ath","Provincie Henegouwen","Province du Hainaut","Waals Gewest","Région wallonne","<5"
"2020-03-25","51019","Vloesberg","Flobecq","Arrondissement Aat","Arrondissement d’Ath","Provincie Henegouwen","Province du Hainaut","Waals Gewest","Région wallonne","<5"
"2020-03-25","51065","Frasnes-lez-Anvaing","Frasnes-lez-Anvaing","Arrondissement Aat","Arrondissement d’Ath","Provincie Henegouwen","Province du Hainaut","Waals Gewest","Région wallonne","<5"
"2020-03-25","51069","Lessen","Lessines","Arrondissement Aat","Arrondissement d’Ath","Provincie Henegouwen","Province du Hainaut","Waals Gewest","Région wallonne","<5"
"2020-03-25","52011","Charleroi","Charleroi","Arrondissement Charleroi","Arrondissement de Charleroi","Provincie Henegouwen","Province du Hainaut","Waals Gewest","Région wallonne","8"
"2020-03-25","52021","Fleurus","Fleurus","Arrondissement Charleroi","Arrondissement de Charleroi","Provincie Henegouwen","Province du Hainaut","Waals Gewest","Région wallonne","<5"
"2020-03-25","52022","Fontaine-l’Evêque","Fontaine-l’Evêque","Arrondissement Charleroi","Arrondissement de Charleroi","Provincie Henegouwen","Province du Hainaut","Waals Gewest","Région wallonne","<5"
"2020-03-25","52025","Gerpinnes","Gerpinnes","Arrondissement Charleroi","Arrondissement de Charleroi","Provincie Henegouwen","Province du Hainaut","Waals Gewest","Région wallonne","<5"
"2020-03-25","52048","Montigny-le-Tilleul","Montigny-le-Tilleul","Arrondissement Charleroi","Arrondissement de Charleroi","Provincie Henegouwen","Province du Hainaut","Waals Gewest","Région wallonne","<5"
"2020-03-25","52055","Pont-à-Celles","Pont-à-Celles","Arrondissement Charleroi","Arrondissement de Charleroi","Provincie Henegouwen","Province du Hainaut","Waals Gewest","Région wallonne","<5"
"2020-03-25","53014","Boussu","Boussu","Arrondissement Bergen","Arrondissement de Mons","Provincie Henegouwen","Province du Hainaut","Waals Gewest","Région wallonne","<5"
"2020-03-25","53020","Dour","Dour","Arrondissement Bergen","Arrondissement de Mons","Provincie Henegouwen","Province du Hainaut","Waals Gewest","Région wallonne","<5"
"2020-03-25","53028","Frameries","Frameries","Arrondissement Bergen","Arrondissement de Mons","Provincie Henegouwen","Province du Hainaut","Waals Gewest","Région wallonne","9"
"2020-03-25","53039","Hensies","Hensies","Arrondissement Bergen","Arrondissement de Mons","Provincie Henegouwen","Province du Hainaut","Waals Gewest","Région wallonne","<5"
"2020-03-25","53046","Lens","Lens","Arrondissement Bergen","Arrondissement de Mons","Provincie Henegouwen","Province du Hainaut","Waals Gewest","Région wallonne","<5"
"2020-03-25","53053","Bergen","Mons","Arrondissement Bergen","Arrondissement de Mons","Provincie Henegouwen","Province du Hainaut","Waals Gewest","Région wallonne","20"
"2020-03-25","53065","Quaregnon","Quaregnon","Arrondissement Bergen","Arrondissement de Mons","Provincie Henegouwen","Province du Hainaut","Waals Gewest","Région wallonne","<5"
"2020-03-25","53068","Quiévrain","Quiévrain","Arrondissement Bergen","Arrondissement de Mons","Provincie Henegouwen","Province du Hainaut","Waals Gewest","Région wallonne","<5"
"2020-03-25","53070","Saint-Ghislain","Saint-Ghislain","Arrondissement Bergen","Arrondissement de Mons","Provincie Henegouwen","Province du Hainaut","Waals Gewest","Région wallonne","<5"
"2020-03-25","53082","Colfontaine","Colfontaine","Arrondissement Bergen","Arrondissement de Mons","Provincie Henegouwen","Province du Hainaut","Waals Gewest","Région wallonne","<5"
"2020-03-25","53084","Quévy","Quévy","Arrondissement Bergen","Arrondissement de Mons","Provincie Henegouwen","Province du Hainaut","Waals Gewest","Région wallonne","<5"
"2020-03-25","55035","Le Roeulx","Le Roeulx","Arrondissement Zinnik","Arrondissement de Soignies","Provincie Henegouwen","Province du Hainaut","Waals Gewest","Région wallonne","<5"
"2020-03-25","55040","Zinnik","Soignies","Arrondissement Zinnik","Arrondissement de Soignies","Provincie Henegouwen","Province du Hainaut","Waals Gewest","Région wallonne","5"
"2020-03-25","55086","Manage","Manage","Arrondissement Zinnik","Arrondissement de Soignies","Provincie Henegouwen","Province du Hainaut","Waals Gewest","Région wallonne","5"
"2020-03-25","56005","Beaumont","Beaumont","Arrondissement Thuin","Arrondissement de Thuin","Provincie Henegouwen","Province du Hainaut","Waals Gewest","Région wallonne","<5"
"2020-03-25","56022","Erquelinnes","Erquelinnes","Arrondissement Thuin","Arrondissement de Thuin","Provincie Henegouwen","Province du Hainaut","Waals Gewest","Région wallonne","<5"
"2020-03-25","56029","Froidchapelle","Froidchapelle","Arrondissement Thuin","Arrondissement de Thuin","Provincie Henegouwen","Province du Hainaut","Waals Gewest","Région wallonne","<5"
"2020-03-25","56049","Merbes-le-Château","Merbes-le-Château","Arrondissement Thuin","Arrondissement de Thuin","Provincie Henegouwen","Province du Hainaut","Waals Gewest","Région wallonne","<5"
"2020-03-25","56078","Thuin","Thuin","Arrondissement Thuin","Arrondissement de Thuin","Provincie Henegouwen","Province du Hainaut","Waals Gewest","Région wallonne","<5"
"2020-03-25","56086","Ham-sur-Heure-Nalinnes","Ham-sur-Heure-Nalinnes","Arrondissement Thuin","Arrondissement de Thuin","Provincie Henegouwen","Province du Hainaut","Waals Gewest","Région wallonne","<5"
"2020-03-25","57027","Estaimpuis","Estaimpuis","Arrondissement Doornik-Moeskroen","Arrondissement de Tournai-Mouscron","Provincie Henegouwen","Province du Hainaut","Waals Gewest","Région wallonne","<5"
"2020-03-25","57081","Doornik","Tournai","Arrondissement Doornik-Moeskroen","Arrondissement de Tournai-Mouscron","Provincie Henegouwen","Province du Hainaut","Waals Gewest","Région wallonne","<5"
"2020-03-25","57094","Leuze-en-Hainaut","Leuze-en-Hainaut","Arrondissement Doornik-Moeskroen","Arrondissement de Tournai-Mouscron","Provincie Henegouwen","Province du Hainaut","Waals Gewest","Région wallonne","<5"
"2020-03-25","57096","Moeskroen","Mouscron","Arrondissement Doornik-Moeskroen","Arrondissement de Tournai-Mouscron","Provincie Henegouwen","Province du Hainaut","Waals Gewest","Région wallonne","<5"
"2020-03-25","57097","Komen-Waasten","Comines-Warneton","Arrondissement Doornik-Moeskroen","Arrondissement de Tournai-Mouscron","Provincie Henegouwen","Province du Hainaut","Waals Gewest","Région wallonne","<5"
"2020-03-25","58001","La Louvière","La Louvière","Arrondissement La Louvière","Arrondissement de La Louvière","Provincie Henegouwen","Province du Hainaut","Waals Gewest","Région wallonne","9"
"2020-03-25","58002","Binche","Binche","Arrondissement La Louvière","Arrondissement de La Louvière","Provincie Henegouwen","Province du Hainaut","Waals Gewest","Région wallonne","<5"
"2020-03-25","58003","Estinnes","Estinnes","Arrondissement La Louvière","Arrondissement de La Louvière","Provincie Henegouwen","Province du Hainaut","Waals Gewest","Région wallonne","<5"
"2020-03-25","58004","Morlanwelz","Morlanwelz","Arrondissement La Louvière","Arrondissement de La Louvière","Provincie Henegouwen","Province du Hainaut","Waals Gewest","Région wallonne","<5"
"2020-03-25","61003","Amay","Amay","Arrondissement Hoei","Arrondissement de Huy","Provincie Luik","Province de Liège","Waals Gewest","Région wallonne","<5"
"2020-03-25","61010","Burdinne","Burdinne","Arrondissement Hoei","Arrondissement de Huy","Provincie Luik","Province de Liège","Waals Gewest","Région wallonne","<5"
"2020-03-25","61019","Ferrières","Ferrières","Arrondissement Hoei","Arrondissement de Huy","Provincie Luik","Province de Liège","Waals Gewest","Région wallonne","<5"
"2020-03-25","61024","Hamoir","Hamoir","Arrondissement Hoei","Arrondissement de Huy","Provincie Luik","Province de Liège","Waals Gewest","Région wallonne","<5"
"2020-03-25","61031","Hoei","Huy","Arrondissement Hoei","Arrondissement de Huy","Provincie Luik","Province de Liège","Waals Gewest","Région wallonne","<5"
"2020-03-25","61039","Marchin","Marchin","Arrondissement Hoei","Arrondissement de Huy","Provincie Luik","Province de Liège","Waals Gewest","Région wallonne","<5"
"2020-03-25","61048","Ouffet","Ouffet","Arrondissement Hoei","Arrondissement de Huy","Provincie Luik","Province de Liège","Waals Gewest","Région wallonne","<5"
"2020-03-25","61068","Villers-Le-Bouillet","Villers-Le-Bouillet","Arrondissement Hoei","Arrondissement de Huy","Provincie Luik","Province de Liège","Waals Gewest","Région wallonne","<5"
"2020-03-25","61072","Wanze","Wanze","Arrondissement Hoei","Arrondissement de Huy","Provincie Luik","Province de Liège","Waals Gewest","Région wallonne","<5"
"2020-03-25","61081","Tinlot","Tinlot","Arrondissement Hoei","Arrondissement de Huy","Provincie Luik","Province de Liège","Waals Gewest","Région wallonne","<5"
"2020-03-25","62003","Ans","Ans","Arrondissement Luik","Arrondissement de Liège","Provincie Luik","Province de Liège","Waals Gewest","Région wallonne","<5"
"2020-03-25","62006","Awans","Awans","Arrondissement Luik","Arrondissement de Liège","Provincie Luik","Province de Liège","Waals Gewest","Région wallonne","<5"
"2020-03-25","62009","Aywaille","Aywaille","Arrondissement Luik","Arrondissement de Liège","Provincie Luik","Province de Liège","Waals Gewest","Région wallonne","<5"
"2020-03-25","62015","Beyne-Heusay","Beyne-Heusay","Arrondissement Luik","Arrondissement de Liège","Provincie Luik","Province de Liège","Waals Gewest","Région wallonne","<5"
"2020-03-25","62022","Chaudfontaine","Chaudfontaine","Arrondissement Luik","Arrondissement de Liège","Provincie Luik","Province de Liège","Waals Gewest","Région wallonne","<5"
"2020-03-25","62026","Comblain-au-Pont","Comblain-au-Pont","Arrondissement Luik","Arrondissement de Liège","Provincie Luik","Province de Liège","Waals Gewest","Région wallonne","<5"
"2020-03-25","62027","Dalhem","Dalhem","Arrondissement Luik","Arrondissement de Liège","Provincie Luik","Province de Liège","Waals Gewest","Région wallonne","<5"
"2020-03-25","62032","Esneux","Esneux","Arrondissement Luik","Arrondissement de Liège","Provincie Luik","Province de Liège","Waals Gewest","Région wallonne","7"
"2020-03-25","62038","Fléron","Fléron","Arrondissement Luik","Arrondissement de Liège","Provincie Luik","Province de Liège","Waals Gewest","Région wallonne","<5"
"2020-03-25","62051","Herstal","Herstal","Arrondissement Luik","Arrondissement de Liège","Provincie Luik","Province de Liège","Waals Gewest","Région wallonne","<5"
"2020-03-25","62063","Luik","Liège","Arrondissement Luik","Arrondissement de Liège","Provincie Luik","Province de Liège","Waals Gewest","Région wallonne","23"
"2020-03-25","62079","Oupeye","Oupeye","Arrondissement Luik","Arrondissement de Liège","Provincie Luik","Province de Liège","Waals Gewest","Région wallonne","<5"
"2020-03-25","62093","Saint-Nicolas (Luik)","Saint-Nicolas (Liège)","Arrondissement Luik","Arrondissement de Liège","Provincie Luik","Province de Liège","Waals Gewest","Région wallonne","<5"
"2020-03-25","62096","Seraing","Seraing","Arrondissement Luik","Arrondissement de Liège","Provincie Luik","Province de Liège","Waals Gewest","Région wallonne","7"
"2020-03-25","62099","Soumagne","Soumagne","Arrondissement Luik","Arrondissement de Liège","Provincie Luik","Province de Liège","Waals Gewest","Région wallonne","<5"
"2020-03-25","62100","Sprimont","Sprimont","Arrondissement Luik","Arrondissement de Liège","Provincie Luik","Province de Liège","Waals Gewest","Région wallonne","<5"
"2020-03-25","62108","Wezet","Visé","Arrondissement Luik","Arrondissement de Liège","Provincie Luik","Province de Liège","Waals Gewest","Région wallonne","<5"
"2020-03-25","62118","Grâce-Hollogne","Grâce-Hollogne","Arrondissement Luik","Arrondissement de Liège","Provincie Luik","Province de Liège","Waals Gewest","Région wallonne","<5"
"2020-03-25","62119","Blegny","Blegny","Arrondissement Luik","Arrondissement de Liège","Provincie Luik","Province de Liège","Waals Gewest","Région wallonne","<5"
"2020-03-25","62120","Flémalle","Flémalle","Arrondissement Luik","Arrondissement de Liège","Provincie Luik","Province de Liège","Waals Gewest","Région wallonne","6"
"2020-03-25","62121","Neupré","Neupré","Arrondissement Luik","Arrondissement de Liège","Provincie Luik","Province de Liège","Waals Gewest","Région wallonne","<5"
"2020-03-25","62122","Trooz","Trooz","Arrondissement Luik","Arrondissement de Liège","Provincie Luik","Province de Liège","Waals Gewest","Région wallonne","<5"
"2020-03-25","63003","Aubel","Aubel","Arrondissement Verviers","Arrondissement de Verviers","Provincie Luik","Province de Liège","Waals Gewest","Région wallonne","<5"
"2020-03-25","63012","Büllingen","Bullange","Arrondissement Verviers","Arrondissement de Verviers","Provincie Luik","Province de Liège","Waals Gewest","Région wallonne","<5"
"2020-03-25","63020","Dison","Dison","Arrondissement Verviers","Arrondissement de Verviers","Provincie Luik","Province de Liège","Waals Gewest","Région wallonne","<5"
"2020-03-25","63023","Eupen","Eupen","Arrondissement Verviers","Arrondissement de Verviers","Provincie Luik","Province de Liège","Waals Gewest","Région wallonne","<5"
"2020-03-25","63035","Herve","Herve","Arrondissement Verviers","Arrondissement de Verviers","Provincie Luik","Province de Liège","Waals Gewest","Région wallonne","<5"
"2020-03-25","63038","Jalhay","Jalhay","Arrondissement Verviers","Arrondissement de Verviers","Provincie Luik","Province de Liège","Waals Gewest","Région wallonne","<5"
"2020-03-25","63045","Lierneux","Lierneux","Arrondissement Verviers","Arrondissement de Verviers","Provincie Luik","Province de Liège","Waals Gewest","Région wallonne","<5"
"2020-03-25","63048","Lontzen","Lontzen","Arrondissement Verviers","Arrondissement de Verviers","Provincie Luik","Province de Liège","Waals Gewest","Région wallonne","<5"
"2020-03-25","63049","Malmedy","Malmedy","Arrondissement Verviers","Arrondissement de Verviers","Provincie Luik","Province de Liège","Waals Gewest","Région wallonne","<5"
"2020-03-25","63058","Pepinster","Pepinster","Arrondissement Verviers","Arrondissement de Verviers","Provincie Luik","Province de Liège","Waals Gewest","Région wallonne","<5"
"2020-03-25","63061","Raeren","Raeren","Arrondissement Verviers","Arrondissement de Verviers","Provincie Luik","Province de Liège","Waals Gewest","Région wallonne","<5"
"2020-03-25","63067","Sankt Vith","Saint-Vith","Arrondissement Verviers","Arrondissement de Verviers","Provincie Luik","Province de Liège","Waals Gewest","Région wallonne","<5"
"2020-03-25","63072","Spa","Spa","Arrondissement Verviers","Arrondissement de Verviers","Provincie Luik","Province de Liège","Waals Gewest","Région wallonne","<5"
"2020-03-25","63076","Theux","Theux","Arrondissement Verviers","Arrondissement de Verviers","Provincie Luik","Province de Liège","Waals Gewest","Région wallonne","<5"
"2020-03-25","63079","Verviers","Verviers","Arrondissement Verviers","Arrondissement de Verviers","Provincie Luik","Province de Liège","Waals Gewest","Région wallonne","7"
"2020-03-25","63088","Plombières","Plombières","Arrondissement Verviers","Arrondissement de Verviers","Provincie Luik","Province de Liège","Waals Gewest","Région wallonne","<5"
"2020-03-25","64015","Braives","Braives","Arrondissement Borgworm","Arrondissement de Waremme","Provincie Luik","Province de Liège","Waals Gewest","Région wallonne","<5"
"2020-03-25","64023","Donceel","Donceel","Arrondissement Borgworm","Arrondissement de Waremme","Provincie Luik","Province de Liège","Waals Gewest","Région wallonne","<5"
"2020-03-25","64029","Geer","Geer","Arrondissement Borgworm","Arrondissement de Waremme","Provincie Luik","Province de Liège","Waals Gewest","Région wallonne","<5"
"2020-03-25","64034","Hannuit","Hannut","Arrondissement Borgworm","Arrondissement de Waremme","Provincie Luik","Province de Liège","Waals Gewest","Région wallonne","<5"
"2020-03-25","64063","Remicourt","Remicourt","Arrondissement Borgworm","Arrondissement de Waremme","Provincie Luik","Province de Liège","Waals Gewest","Région wallonne","<5"
"2020-03-25","64065","Saint-Georges-sur-Meuse","Saint-Georges-sur-Meuse","Arrondissement Borgworm","Arrondissement de Waremme","Provincie Luik","Province de Liège","Waals Gewest","Région wallonne","<5"
"2020-03-25","64074","Borgworm","Waremme","Arrondissement Borgworm","Arrondissement de Waremme","Provincie Luik","Province de Liège","Waals Gewest","Région wallonne","<5"
"2020-03-25","71002","As","As","Arrondissement Hasselt","Arrondissement de Hasselt","Provincie Limburg","Province du Limbourg","Vlaams Gewest","Région flamande","<5"
"2020-03-25","71004","Beringen","Beringen","Arrondissement Hasselt","Arrondissement de Hasselt","Provincie Limburg","Province du Limbourg","Vlaams Gewest","Région flamande","5"
"2020-03-25","71011","Diepenbeek","Diepenbeek","Arrondissement Hasselt","Arrondissement de Hasselt","Provincie Limburg","Province du Limbourg","Vlaams Gewest","Région flamande","<5"
"2020-03-25","71016","Genk","Genk","Arrondissement Hasselt","Arrondissement de Hasselt","Provincie Limburg","Province du Limbourg","Vlaams Gewest","Région flamande","8"
"2020-03-25","71017","Gingelom","Gingelom","Arrondissement Hasselt","Arrondissement de Hasselt","Provincie Limburg","Province du Limbourg","Vlaams Gewest","Région flamande","<5"
"2020-03-25","71020","Halen","Halen","Arrondissement Hasselt","Arrondissement de Hasselt","Provincie Limburg","Province du Limbourg","Vlaams Gewest","Région flamande","<5"
"2020-03-25","71022","Hasselt","Hasselt","Arrondissement Hasselt","Arrondissement de Hasselt","Provincie Limburg","Province du Limbourg","Vlaams Gewest","Région flamande","17"
"2020-03-25","71024","Herk-de-Stad","Herck-la-Ville","Arrondissement Hasselt","Arrondissement de Hasselt","Provincie Limburg","Province du Limbourg","Vlaams Gewest","Région flamande","<5"
"2020-03-25","71037","Lummen","Lummen","Arrondissement Hasselt","Arrondissement de Hasselt","Provincie Limburg","Province du Limbourg","Vlaams Gewest","Région flamande","<5"
"2020-03-25","71045","Nieuwerkerken (Hasselt)","Nieuwerkerken (Hasselt)","Arrondissement Hasselt","Arrondissement de Hasselt","Provincie Limburg","Province du Limbourg","Vlaams Gewest","Région flamande","<5"
"2020-03-25","71053","Sint-Truiden","Saint-Trond","Arrondissement Hasselt","Arrondissement de Hasselt","Provincie Limburg","Province du Limbourg","Vlaams Gewest","Région flamande","14"
"2020-03-25","71057","Tessenderlo","Tessenderlo","Arrondissement Hasselt","Arrondissement de Hasselt","Provincie Limburg","Province du Limbourg","Vlaams Gewest","Région flamande","<5"
"2020-03-25","71066","Zonhoven","Zonhoven","Arrondissement Hasselt","Arrondissement de Hasselt","Provincie Limburg","Province du Limbourg","Vlaams Gewest","Région flamande","<5"
"2020-03-25","71070","Heusden-Zolder","Heusden-Zolder","Arrondissement Hasselt","Arrondissement de Hasselt","Provincie Limburg","Province du Limbourg","Vlaams Gewest","Région flamande","5"
"2020-03-25","72004","Bree","Bree","Arrondissement Maaseik","Arrondissement de Maaseik","Provincie Limburg","Province du Limbourg","Vlaams Gewest","Région flamande","<5"
"2020-03-25","72020","Lommel","Lommel","Arrondissement Maaseik","Arrondissement de Maaseik","Provincie Limburg","Province du Limbourg","Vlaams Gewest","Région flamande","<5"
"2020-03-25","72021","Maaseik","Maaseik","Arrondissement Maaseik","Arrondissement de Maaseik","Provincie Limburg","Province du Limbourg","Vlaams Gewest","Région flamande","<5"
"2020-03-25","72030","Peer","Peer","Arrondissement Maaseik","Arrondissement de Maaseik","Provincie Limburg","Province du Limbourg","Vlaams Gewest","Région flamande","<5"
"2020-03-25","72037","Hamont-Achel","Hamont-Achel","Arrondissement Maaseik","Arrondissement de Maaseik","Provincie Limburg","Province du Limbourg","Vlaams Gewest","Région flamande","<5"
"2020-03-25","72039","Houthalen-Helchteren","Houthalen-Helchteren","Arrondissement Maaseik","Arrondissement de Maaseik","Provincie Limburg","Province du Limbourg","Vlaams Gewest","Région flamande","<5"
"2020-03-25","72041","Dilsen-Stokkem","Dilsen-Stokkem","Arrondissement Maaseik","Arrondissement de Maaseik","Provincie Limburg","Province du Limbourg","Vlaams Gewest","Région flamande","<5"
"2020-03-25","72042","Oudsbergen","Oudsbergen","Arrondissement Maaseik","Arrondissement de Maaseik","Provincie Limburg","Province du Limbourg","Vlaams Gewest","Région flamande","<5"
"2020-03-25","72043","Pelt","Pelt","Arrondissement Maaseik","Arrondissement de Maaseik","Provincie Limburg","Province du Limbourg","Vlaams Gewest","Région flamande","<5"
"2020-03-25","73001","Alken","Alken","Arrondissement Tongeren","Arrondissement de Tongres","Provincie Limburg","Province du Limbourg","Vlaams Gewest","Région flamande","<5"
"2020-03-25","73006","Bilzen","Bilzen","Arrondissement Tongeren","Arrondissement de Tongres","Provincie Limburg","Province du Limbourg","Vlaams Gewest","Région flamande","6"
"2020-03-25","73009","Borgloon","Looz","Arrondissement Tongeren","Arrondissement de Tongres","Provincie Limburg","Province du Limbourg","Vlaams Gewest","Région flamande","<5"
"2020-03-25","73022","Heers","Heers","Arrondissement Tongeren","Arrondissement de Tongres","Provincie Limburg","Province du Limbourg","Vlaams Gewest","Région flamande","<5"
"2020-03-25","73032","Hoeselt","Hoeselt","Arrondissement Tongeren","Arrondissement de Tongres","Provincie Limburg","Province du Limbourg","Vlaams Gewest","Région flamande","<5"
"2020-03-25","73040","Kortessem","Kortessem","Arrondissement Tongeren","Arrondissement de Tongres","Provincie Limburg","Province du Limbourg","Vlaams Gewest","Région flamande","<5"
"2020-03-25","73042","Lanaken","Lanaken","Arrondissement Tongeren","Arrondissement de Tongres","Provincie Limburg","Province du Limbourg","Vlaams Gewest","Région flamande","5"
"2020-03-25","73066","Riemst","Riemst","Arrondissement Tongeren","Arrondissement de Tongres","Provincie Limburg","Province du Limbourg","Vlaams Gewest","Région flamande","<5"
"2020-03-25","73083","Tongeren","Tongres","Arrondissement Tongeren","Arrondissement de Tongres","Provincie Limburg","Province du Limbourg","Vlaams Gewest","Région flamande","5"
"2020-03-25","73098","Wellen","Wellen","Arrondissement Tongeren","Arrondissement de Tongres","Provincie Limburg","Province du Limbourg","Vlaams Gewest","Région flamande","<5"
"2020-03-25","73107","Maasmechelen","Maasmechelen","Arrondissement Tongeren","Arrondissement de Tongres","Provincie Limburg","Province du Limbourg","Vlaams Gewest","Région flamande","<5"
"2020-03-25","73109","Voeren","Fourons","Arrondissement Tongeren","Arrondissement de Tongres","Provincie Limburg","Province du Limbourg","Vlaams Gewest","Région flamande","<5"
"2020-03-25","81004","Aubange","Aubange","Arrondissement Aarlen","Arrondissement d’Arlon","Provincie Luxemburg","Province du Luxembourg","Waals Gewest","Région wallonne","<5"
"2020-03-25","81015","Messancy","Messancy","Arrondissement Aarlen","Arrondissement d’Arlon","Provincie Luxemburg","Province du Luxembourg","Waals Gewest","Région wallonne","<5"
"2020-03-25","82032","Vielsalm","Vielsalm","Arrondissement Bastenaken","Arrondissement de Bastogne","Provincie Luxemburg","Province du Luxembourg","Waals Gewest","Région wallonne","<5"
"2020-03-25","83028","Hotton","Hotton","Arrondissement Marche-en-Famenne","Arrondissement de Marche-en-Famenne","Provincie Luxemburg","Province du Luxembourg","Waals Gewest","Région wallonne","<5"
"2020-03-25","83034","Marche-en-Famenne","Marche-en-Famenne","Arrondissement Marche-en-Famenne","Arrondissement de Marche-en-Famenne","Provincie Luxemburg","Province du Luxembourg","Waals Gewest","Région wallonne","<5"
"2020-03-25","83049","Tenneville","Tenneville","Arrondissement Marche-en-Famenne","Arrondissement de Marche-en-Famenne","Provincie Luxemburg","Province du Luxembourg","Waals Gewest","Région wallonne","<5"
"2020-03-25","83055","Manhay","Manhay","Arrondissement Marche-en-Famenne","Arrondissement de Marche-en-Famenne","Provincie Luxemburg","Province du Luxembourg","Waals Gewest","Région wallonne","<5"
"2020-03-25","84016","Daverdisse","Daverdisse","Arrondissement Neufchâteau","Arrondissement de Neufchâteau","Provincie Luxemburg","Province du Luxembourg","Waals Gewest","Région wallonne","<5"
"2020-03-25","84035","Libin","Libin","Arrondissement Neufchâteau","Arrondissement de Neufchâteau","Provincie Luxemburg","Province du Luxembourg","Waals Gewest","Région wallonne","<5"
"2020-03-25","84043","Neufchâteau (Neufchâteau)","Neufchâteau (Neufchâteau)","Arrondissement Neufchâteau","Arrondissement de Neufchâteau","Provincie Luxemburg","Province du Luxembourg","Waals Gewest","Région wallonne","<5"
"2020-03-25","84050","Paliseul","Paliseul","Arrondissement Neufchâteau","Arrondissement de Neufchâteau","Provincie Luxemburg","Province du Luxembourg","Waals Gewest","Région wallonne","<5"
"2020-03-25","84059","Saint-Hubert","Saint-Hubert","Arrondissement Neufchâteau","Arrondissement de Neufchâteau","Provincie Luxemburg","Province du Luxembourg","Waals Gewest","Région wallonne","<5"
"2020-03-25","84077","Libramont-Chevigny","Libramont-Chevigny","Arrondissement Neufchâteau","Arrondissement de Neufchâteau","Provincie Luxemburg","Province du Luxembourg","Waals Gewest","Région wallonne","<5"
"2020-03-25","85011","Florenville","Florenville","Arrondissement Virton","Arrondissement de Virton","Provincie Luxemburg","Province du Luxembourg","Waals Gewest","Région wallonne","<5"
"2020-03-25","85045","Virton","Virton","Arrondissement Virton","Arrondissement de Virton","Provincie Luxemburg","Province du Luxembourg","Waals Gewest","Région wallonne","<5"
"2020-03-25","91005","Anhée","Anhée","Arrondissement Dinant","Arrondissement de Dinant","Provincie Namen","Province de Namur","Waals Gewest","Région wallonne","<5"
"2020-03-25","91013","Beauraing","Beauraing","Arrondissement Dinant","Arrondissement de Dinant","Provincie Namen","Province de Namur","Waals Gewest","Région wallonne","<5"
"2020-03-25","91015","Bièvre","Bièvre","Arrondissement Dinant","Arrondissement de Dinant","Provincie Namen","Province de Namur","Waals Gewest","Région wallonne","<5"
"2020-03-25","91030","Ciney","Ciney","Arrondissement Dinant","Arrondissement de Dinant","Provincie Namen","Province de Namur","Waals Gewest","Région wallonne","<5"
"2020-03-25","91034","Dinant","Dinant","Arrondissement Dinant","Arrondissement de Dinant","Provincie Namen","Province de Namur","Waals Gewest","Région wallonne","<5"
"2020-03-25","91103","Onhaye","Onhaye","Arrondissement Dinant","Arrondissement de Dinant","Provincie Namen","Province de Namur","Waals Gewest","Région wallonne","<5"
"2020-03-25","91114","Rochefort","Rochefort","Arrondissement Dinant","Arrondissement de Dinant","Provincie Namen","Province de Namur","Waals Gewest","Région wallonne","<5"
"2020-03-25","91120","Somme-Leuze","Somme-Leuze","Arrondissement Dinant","Arrondissement de Dinant","Provincie Namen","Province de Namur","Waals Gewest","Région wallonne","<5"
"2020-03-25","92003","Andenne","Andenne","Arrondissement Namen","Arrondissement de Namur","Provincie Namen","Province de Namur","Waals Gewest","Région wallonne","<5"
"2020-03-25","92035","Eghezée","Eghezée","Arrondissement Namen","Arrondissement de Namur","Provincie Namen","Province de Namur","Waals Gewest","Région wallonne","<5"
"2020-03-25","92048","Fosses-la-Ville","Fosses-la-Ville","Arrondissement Namen","Arrondissement de Namur","Provincie Namen","Province de Namur","Waals Gewest","Région wallonne","<5"
"2020-03-25","92087","Mettet","Mettet","Arrondissement Namen","Arrondissement de Namur","Provincie Namen","Province de Namur","Waals Gewest","Région wallonne","<5"
"2020-03-25","92094","Namen","Namur","Arrondissement Namen","Arrondissement de Namur","Provincie Namen","Province de Namur","Waals Gewest","Région wallonne","7"
"2020-03-25","92101","Profondeville","Profondeville","Arrondissement Namen","Arrondissement de Namur","Provincie Namen","Province de Namur","Waals Gewest","Région wallonne","<5"
"2020-03-25","92137","Sambreville","Sambreville","Arrondissement Namen","Arrondissement de Namur","Provincie Namen","Province de Namur","Waals Gewest","Région wallonne","<5"
"2020-03-25","92140","Jemeppe-sur-Sambre","Jemeppe-sur-Sambre","Arrondissement Namen","Arrondissement de Namur","Provincie Namen","Province de Namur","Waals Gewest","Région wallonne","<5"
"2020-03-25","92141","La Bruyère","La Bruyère","Arrondissement Namen","Arrondissement de Namur","Provincie Namen","Province de Namur","Waals Gewest","Région wallonne","<5"
"2020-03-25","92142","Gembloux","Gembloux","Arrondissement Namen","Arrondissement de Namur","Provincie Namen","Province de Namur","Waals Gewest","Région wallonne","<5"
"2020-03-25","93014","Couvin","Couvin","Arrondissement Philippeville","Arrondissement de Philippeville","Provincie Namen","Province de Namur","Waals Gewest","Région wallonne","<5"
"2020-03-25","93022","Florennes","Florennes","Arrondissement Philippeville","Arrondissement de Philippeville","Provincie Namen","Province de Namur","Waals Gewest","Région wallonne","<5"
"2020-03-25",NA,NA,NA,NA,NA,NA,NA,NA,NA,"12"
"2020-03-26","11002","Antwerpen","Anvers","Arrondissement Antwerpen","Arrondissement d’Anvers","Provincie Antwerpen","Province d’Anvers","Vlaams Gewest","Région flamande","51"
"2020-03-26","11004","Boechout","Boechout","Arrondissement Antwerpen","Arrondissement d’Anvers","Provincie Antwerpen","Province d’Anvers","Vlaams Gewest","Région flamande","<5"
"2020-03-26","11005","Boom","Boom","Arrondissement Antwerpen","Arrondissement d’Anvers","Provincie Antwerpen","Province d’Anvers","Vlaams Gewest","Région flamande","<5"
"2020-03-26","11008","Brasschaat","Brasschaat","Arrondissement Antwerpen","Arrondissement d’Anvers","Provincie Antwerpen","Province d’Anvers","Vlaams Gewest","Région flamande","<5"
"2020-03-26","11009","Brecht","Brecht","Arrondissement Antwerpen","Arrondissement d’Anvers","Provincie Antwerpen","Province d’Anvers","Vlaams Gewest","Région flamande","<5"
"2020-03-26","11013","Edegem","Edegem","Arrondissement Antwerpen","Arrondissement d’Anvers","Provincie Antwerpen","Province d’Anvers","Vlaams Gewest","Région flamande","<5"
"2020-03-26","11016","Essen","Essen","Arrondissement Antwerpen","Arrondissement d’Anvers","Provincie Antwerpen","Province d’Anvers","Vlaams Gewest","Région flamande","<5"
"2020-03-26","11018","Hemiksem","Hemiksem","Arrondissement Antwerpen","Arrondissement d’Anvers","Provincie Antwerpen","Province d’Anvers","Vlaams Gewest","Région flamande","<5"
"2020-03-26","11022","Kalmthout","Kalmthout","Arrondissement Antwerpen","Arrondissement d’Anvers","Provincie Antwerpen","Province d’Anvers","Vlaams Gewest","Région flamande","<5"
"2020-03-26","11029","Mortsel","Mortsel","Arrondissement Antwerpen","Arrondissement d’Anvers","Provincie Antwerpen","Province d’Anvers","Vlaams Gewest","Région flamande","<5"
"2020-03-26","11030","Niel","Niel","Arrondissement Antwerpen","Arrondissement d’Anvers","Provincie Antwerpen","Province d’Anvers","Vlaams Gewest","Région flamande","<5"
"2020-03-26","11035","Ranst","Ranst","Arrondissement Antwerpen","Arrondissement d’Anvers","Provincie Antwerpen","Province d’Anvers","Vlaams Gewest","Région flamande","<5"
"2020-03-26","11037","Rumst","Rumst","Arrondissement Antwerpen","Arrondissement d’Anvers","Provincie Antwerpen","Province d’Anvers","Vlaams Gewest","Région flamande","<5"
"2020-03-26","11038","Schelle","Schelle","Arrondissement Antwerpen","Arrondissement d’Anvers","Provincie Antwerpen","Province d’Anvers","Vlaams Gewest","Région flamande","<5"
"2020-03-26","11040","Schoten","Schoten","Arrondissement Antwerpen","Arrondissement d’Anvers","Provincie Antwerpen","Province d’Anvers","Vlaams Gewest","Région flamande","<5"
"2020-03-26","11044","Stabroek","Stabroek","Arrondissement Antwerpen","Arrondissement d’Anvers","Provincie Antwerpen","Province d’Anvers","Vlaams Gewest","Région flamande","<5"
"2020-03-26","11052","Wommelgem","Wommelgem","Arrondissement Antwerpen","Arrondissement d’Anvers","Provincie Antwerpen","Province d’Anvers","Vlaams Gewest","Région flamande","<5"
"2020-03-26","11054","Zandhoven","Zandhoven","Arrondissement Antwerpen","Arrondissement d’Anvers","Provincie Antwerpen","Province d’Anvers","Vlaams Gewest","Région flamande","<5"
"2020-03-26","11055","Zoersel","Zoersel","Arrondissement Antwerpen","Arrondissement d’Anvers","Provincie Antwerpen","Province d’Anvers","Vlaams Gewest","Région flamande","<5"
"2020-03-26","11056","Zwijndrecht","Zwijndrecht","Arrondissement Antwerpen","Arrondissement d’Anvers","Provincie Antwerpen","Province d’Anvers","Vlaams Gewest","Région flamande","<5"
"2020-03-26","11057","Malle","Malle","Arrondissement Antwerpen","Arrondissement d’Anvers","Provincie Antwerpen","Province d’Anvers","Vlaams Gewest","Région flamande","<5"
"2020-03-26","12002","Berlaar","Berlaar","Arrondissement Mechelen","Arrondissement de Malines","Provincie Antwerpen","Province d’Anvers","Vlaams Gewest","Région flamande","<5"
"2020-03-26","12005","Bonheiden","Bonheiden","Arrondissement Mechelen","Arrondissement de Malines","Provincie Antwerpen","Province d’Anvers","Vlaams Gewest","Région flamande","<5"
"2020-03-26","12007","Bornem","Bornem","Arrondissement Mechelen","Arrondissement de Malines","Provincie Antwerpen","Province d’Anvers","Vlaams Gewest","Région flamande","<5"
"2020-03-26","12009","Duffel","Duffel","Arrondissement Mechelen","Arrondissement de Malines","Provincie Antwerpen","Province d’Anvers","Vlaams Gewest","Région flamande","<5"
"2020-03-26","12014","Heist-op-den-Berg","Heist-op-den-Berg","Arrondissement Mechelen","Arrondissement de Malines","Provincie Antwerpen","Province d’Anvers","Vlaams Gewest","Région flamande","<5"
"2020-03-26","12021","Lier","Lierre","Arrondissement Mechelen","Arrondissement de Malines","Provincie Antwerpen","Province d’Anvers","Vlaams Gewest","Région flamande","<5"
"2020-03-26","12025","Mechelen","Malines","Arrondissement Mechelen","Arrondissement de Malines","Provincie Antwerpen","Province d’Anvers","Vlaams Gewest","Région flamande","8"
"2020-03-26","12026","Nijlen","Nijlen","Arrondissement Mechelen","Arrondissement de Malines","Provincie Antwerpen","Province d’Anvers","Vlaams Gewest","Région flamande","<5"
"2020-03-26","12035","Sint-Katelijne-Waver","Sint-Katelijne-Waver","Arrondissement Mechelen","Arrondissement de Malines","Provincie Antwerpen","Province d’Anvers","Vlaams Gewest","Région flamande","5"
"2020-03-26","12040","Willebroek","Willebroek","Arrondissement Mechelen","Arrondissement de Malines","Provincie Antwerpen","Province d’Anvers","Vlaams Gewest","Région flamande","5"
"2020-03-26","12041","Puurs-Sint-Amands","Puurs-Sint-Amands","Arrondissement Mechelen","Arrondissement de Malines","Provincie Antwerpen","Province d’Anvers","Vlaams Gewest","Région flamande","7"
"2020-03-26","13001","Arendonk","Arendonk","Arrondissement Turnhout","Arrondissement de Turnhout","Provincie Antwerpen","Province d’Anvers","Vlaams Gewest","Région flamande","<5"
"2020-03-26","13002","Baarle-Hertog","Baerle-Duc","Arrondissement Turnhout","Arrondissement de Turnhout","Provincie Antwerpen","Province d’Anvers","Vlaams Gewest","Région flamande","<5"
"2020-03-26","13004","Beerse","Beerse","Arrondissement Turnhout","Arrondissement de Turnhout","Provincie Antwerpen","Province d’Anvers","Vlaams Gewest","Région flamande","<5"
"2020-03-26","13008","Geel","Geel","Arrondissement Turnhout","Arrondissement de Turnhout","Provincie Antwerpen","Province d’Anvers","Vlaams Gewest","Région flamande","5"
"2020-03-26","13010","Grobbendonk","Grobbendonk","Arrondissement Turnhout","Arrondissement de Turnhout","Provincie Antwerpen","Province d’Anvers","Vlaams Gewest","Région flamande","<5"
"2020-03-26","13011","Herentals","Herentals","Arrondissement Turnhout","Arrondissement de Turnhout","Provincie Antwerpen","Province d’Anvers","Vlaams Gewest","Région flamande","<5"
"2020-03-26","13012","Herenthout","Herenthout","Arrondissement Turnhout","Arrondissement de Turnhout","Provincie Antwerpen","Province d’Anvers","Vlaams Gewest","Région flamande","<5"
"2020-03-26","13013","Herselt","Herselt","Arrondissement Turnhout","Arrondissement de Turnhout","Provincie Antwerpen","Province d’Anvers","Vlaams Gewest","Région flamande","<5"
"2020-03-26","13014","Hoogstraten","Hoogstraten","Arrondissement Turnhout","Arrondissement de Turnhout","Provincie Antwerpen","Province d’Anvers","Vlaams Gewest","Région flamande","<5"
"2020-03-26","13019","Lille","Lille","Arrondissement Turnhout","Arrondissement de Turnhout","Provincie Antwerpen","Province d’Anvers","Vlaams Gewest","Région flamande","<5"
"2020-03-26","13021","Meerhout","Meerhout","Arrondissement Turnhout","Arrondissement de Turnhout","Provincie Antwerpen","Province d’Anvers","Vlaams Gewest","Région flamande","<5"
"2020-03-26","13023","Merksplas","Merksplas","Arrondissement Turnhout","Arrondissement de Turnhout","Provincie Antwerpen","Province d’Anvers","Vlaams Gewest","Région flamande","<5"
"2020-03-26","13025","Mol","Mol","Arrondissement Turnhout","Arrondissement de Turnhout","Provincie Antwerpen","Province d’Anvers","Vlaams Gewest","Région flamande","5"
"2020-03-26","13029","Olen","Olen","Arrondissement Turnhout","Arrondissement de Turnhout","Provincie Antwerpen","Province d’Anvers","Vlaams Gewest","Région flamande","<5"
"2020-03-26","13031","Oud-Turnhout","Oud-Turnhout","Arrondissement Turnhout","Arrondissement de Turnhout","Provincie Antwerpen","Province d’Anvers","Vlaams Gewest","Région flamande","<5"
"2020-03-26","13036","Retie","Retie","Arrondissement Turnhout","Arrondissement de Turnhout","Provincie Antwerpen","Province d’Anvers","Vlaams Gewest","Région flamande","<5"
"2020-03-26","13037","Rijkevorsel","Rijkevorsel","Arrondissement Turnhout","Arrondissement de Turnhout","Provincie Antwerpen","Province d’Anvers","Vlaams Gewest","Région flamande","<5"
"2020-03-26","13040","Turnhout","Turnhout","Arrondissement Turnhout","Arrondissement de Turnhout","Provincie Antwerpen","Province d’Anvers","Vlaams Gewest","Région flamande","6"
"2020-03-26","13046","Vosselaar","Vosselaar","Arrondissement Turnhout","Arrondissement de Turnhout","Provincie Antwerpen","Province d’Anvers","Vlaams Gewest","Région flamande","<5"
"2020-03-26","13049","Westerlo","Westerlo","Arrondissement Turnhout","Arrondissement de Turnhout","Provincie Antwerpen","Province d’Anvers","Vlaams Gewest","Région flamande","<5"
"2020-03-26","13053","Laakdal","Laakdal","Arrondissement Turnhout","Arrondissement de Turnhout","Provincie Antwerpen","Province d’Anvers","Vlaams Gewest","Région flamande","<5"
"2020-03-26","21001","Anderlecht","Anderlecht","Arrondissement Brussel-Hoofdstad","Arrondissement de Bruxelles-Capitale",NA,NA,"Brussels Hoofdstedelijk Gewest","Région de Bruxelles-Capitale","25"
"2020-03-26","21002","Oudergem","Auderghem","Arrondissement Brussel-Hoofdstad","Arrondissement de Bruxelles-Capitale",NA,NA,"Brussels Hoofdstedelijk Gewest","Région de Bruxelles-Capitale","<5"
"2020-03-26","21003","Sint-Agatha-Berchem","Berchem-Sainte-Agathe","Arrondissement Brussel-Hoofdstad","Arrondissement de Bruxelles-Capitale",NA,NA,"Brussels Hoofdstedelijk Gewest","Région de Bruxelles-Capitale","<5"
"2020-03-26","21004","Brussel","Bruxelles","Arrondissement Brussel-Hoofdstad","Arrondissement de Bruxelles-Capitale",NA,NA,"Brussels Hoofdstedelijk Gewest","Région de Bruxelles-Capitale","11"
"2020-03-26","21005","Etterbeek","Etterbeek","Arrondissement Brussel-Hoofdstad","Arrondissement de Bruxelles-Capitale",NA,NA,"Brussels Hoofdstedelijk Gewest","Région de Bruxelles-Capitale","8"
"2020-03-26","21006","Evere","Evere","Arrondissement Brussel-Hoofdstad","Arrondissement de Bruxelles-Capitale",NA,NA,"Brussels Hoofdstedelijk Gewest","Région de Bruxelles-Capitale","9"
"2020-03-26","21007","Vorst (Brussel-Hoofdstad)","Forest (Bruxelles-Capitale)","Arrondissement Brussel-Hoofdstad","Arrondissement de Bruxelles-Capitale",NA,NA,"Brussels Hoofdstedelijk Gewest","Région de Bruxelles-Capitale","11"
"2020-03-26","21008","Ganshoren","Ganshoren","Arrondissement Brussel-Hoofdstad","Arrondissement de Bruxelles-Capitale",NA,NA,"Brussels Hoofdstedelijk Gewest","Région de Bruxelles-Capitale","<5"
"2020-03-26","21009","Elsene","Ixelles","Arrondissement Brussel-Hoofdstad","Arrondissement de Bruxelles-Capitale",NA,NA,"Brussels Hoofdstedelijk Gewest","Région de Bruxelles-Capitale","9"
"2020-03-26","21010","Jette","Jette","Arrondissement Brussel-Hoofdstad","Arrondissement de Bruxelles-Capitale",NA,NA,"Brussels Hoofdstedelijk Gewest","Région de Bruxelles-Capitale","<5"
"2020-03-26","21011","Koekelberg","Koekelberg","Arrondissement Brussel-Hoofdstad","Arrondissement de Bruxelles-Capitale",NA,NA,"Brussels Hoofdstedelijk Gewest","Région de Bruxelles-Capitale","<5"
"2020-03-26","21012","Sint-Jans-Molenbeek","Molenbeek-Saint-Jean","Arrondissement Brussel-Hoofdstad","Arrondissement de Bruxelles-Capitale",NA,NA,"Brussels Hoofdstedelijk Gewest","Région de Bruxelles-Capitale","12"
"2020-03-26","21013","Sint-Gillis","Saint-Gilles","Arrondissement Brussel-Hoofdstad","Arrondissement de Bruxelles-Capitale",NA,NA,"Brussels Hoofdstedelijk Gewest","Région de Bruxelles-Capitale","11"
"2020-03-26","21014","Sint-Joost-ten-Node","Saint-Josse-ten-Noode","Arrondissement Brussel-Hoofdstad","Arrondissement de Bruxelles-Capitale",NA,NA,"Brussels Hoofdstedelijk Gewest","Région de Bruxelles-Capitale","<5"
"2020-03-26","21015","Schaarbeek","Schaerbeek","Arrondissement Brussel-Hoofdstad","Arrondissement de Bruxelles-Capitale",NA,NA,"Brussels Hoofdstedelijk Gewest","Région de Bruxelles-Capitale","19"
"2020-03-26","21016","Ukkel","Uccle","Arrondissement Brussel-Hoofdstad","Arrondissement de Bruxelles-Capitale",NA,NA,"Brussels Hoofdstedelijk Gewest","Région de Bruxelles-Capitale","8"
"2020-03-26","21018","Sint-Lambrechts-Woluwe","Woluwe-Saint-Lambert","Arrondissement Brussel-Hoofdstad","Arrondissement de Bruxelles-Capitale",NA,NA,"Brussels Hoofdstedelijk Gewest","Région de Bruxelles-Capitale","<5"
"2020-03-26","21019","Sint-Pieters-Woluwe","Woluwe-Saint-Pierre","Arrondissement Brussel-Hoofdstad","Arrondissement de Bruxelles-Capitale",NA,NA,"Brussels Hoofdstedelijk Gewest","Région de Bruxelles-Capitale","<5"
"2020-03-26","23002","Asse","Asse","Arrondissement Halle-Vilvoorde","Arrondissement de Hal-Vilvorde","Provincie Vlaams-Brabant","Province du Brabant flamand","Vlaams Gewest","Région flamande","<5"
"2020-03-26","23003","Beersel","Beersel","Arrondissement Halle-Vilvoorde","Arrondissement de Hal-Vilvorde","Provincie Vlaams-Brabant","Province du Brabant flamand","Vlaams Gewest","Région flamande","5"
"2020-03-26","23016","Dilbeek","Dilbeek","Arrondissement Halle-Vilvoorde","Arrondissement de Hal-Vilvorde","Provincie Vlaams-Brabant","Province du Brabant flamand","Vlaams Gewest","Région flamande","12"
"2020-03-26","23025","Grimbergen","Grimbergen","Arrondissement Halle-Vilvoorde","Arrondissement de Hal-Vilvorde","Provincie Vlaams-Brabant","Province du Brabant flamand","Vlaams Gewest","Région flamande","<5"
"2020-03-26","23027","Halle (Halle-Vilvoorde)","Hal (Hal-Vilvorde)","Arrondissement Halle-Vilvoorde","Arrondissement de Hal-Vilvorde","Provincie Vlaams-Brabant","Province du Brabant flamand","Vlaams Gewest","Région flamande","7"
"2020-03-26","23038","Kampenhout","Kampenhout","Arrondissement Halle-Vilvoorde","Arrondissement de Hal-Vilvorde","Provincie Vlaams-Brabant","Province du Brabant flamand","Vlaams Gewest","Région flamande","<5"
"2020-03-26","23039","Kapelle-op-den-Bos","Kapelle-op-den-Bos","Arrondissement Halle-Vilvoorde","Arrondissement de Hal-Vilvorde","Provincie Vlaams-Brabant","Province du Brabant flamand","Vlaams Gewest","Région flamande","6"
"2020-03-26","23044","Liedekerke","Liedekerke","Arrondissement Halle-Vilvoorde","Arrondissement de Hal-Vilvorde","Provincie Vlaams-Brabant","Province du Brabant flamand","Vlaams Gewest","Région flamande","<5"
"2020-03-26","23045","Londerzeel","Londerzeel","Arrondissement Halle-Vilvoorde","Arrondissement de Hal-Vilvorde","Provincie Vlaams-Brabant","Province du Brabant flamand","Vlaams Gewest","Région flamande","<5"
"2020-03-26","23047","Machelen (Halle-Vilvoorde)","Machelen (Hal-Vilvorde)","Arrondissement Halle-Vilvoorde","Arrondissement de Hal-Vilvorde","Provincie Vlaams-Brabant","Province du Brabant flamand","Vlaams Gewest","Région flamande","<5"
"2020-03-26","23050","Meise","Meise","Arrondissement Halle-Vilvoorde","Arrondissement de Hal-Vilvorde","Provincie Vlaams-Brabant","Province du Brabant flamand","Vlaams Gewest","Région flamande","<5"
"2020-03-26","23052","Merchtem","Merchtem","Arrondissement Halle-Vilvoorde","Arrondissement de Hal-Vilvorde","Provincie Vlaams-Brabant","Province du Brabant flamand","Vlaams Gewest","Région flamande","<5"
"2020-03-26","23060","Opwijk","Opwijk","Arrondissement Halle-Vilvoorde","Arrondissement de Hal-Vilvorde","Provincie Vlaams-Brabant","Province du Brabant flamand","Vlaams Gewest","Région flamande","<5"
"2020-03-26","23062","Overijse","Overijse","Arrondissement Halle-Vilvoorde","Arrondissement de Hal-Vilvorde","Provincie Vlaams-Brabant","Province du Brabant flamand","Vlaams Gewest","Région flamande","<5"
"2020-03-26","23077","Sint-Pieters-Leeuw","Sint-Pieters-Leeuw","Arrondissement Halle-Vilvoorde","Arrondissement de Hal-Vilvorde","Provincie Vlaams-Brabant","Province du Brabant flamand","Vlaams Gewest","Région flamande","<5"
"2020-03-26","23081","Steenokkerzeel","Steenokkerzeel","Arrondissement Halle-Vilvoorde","Arrondissement de Hal-Vilvorde","Provincie Vlaams-Brabant","Province du Brabant flamand","Vlaams Gewest","Région flamande","<5"
"2020-03-26","23086","Ternat","Ternat","Arrondissement Halle-Vilvoorde","Arrondissement de Hal-Vilvorde","Provincie Vlaams-Brabant","Province du Brabant flamand","Vlaams Gewest","Région flamande","<5"
"2020-03-26","23088","Vilvoorde","Vilvorde","Arrondissement Halle-Vilvoorde","Arrondissement de Hal-Vilvorde","Provincie Vlaams-Brabant","Province du Brabant flamand","Vlaams Gewest","Région flamande","7"
"2020-03-26","23094","Zaventem","Zaventem","Arrondissement Halle-Vilvoorde","Arrondissement de Hal-Vilvorde","Provincie Vlaams-Brabant","Province du Brabant flamand","Vlaams Gewest","Région flamande","<5"
"2020-03-26","23096","Zemst","Zemst","Arrondissement Halle-Vilvoorde","Arrondissement de Hal-Vilvorde","Provincie Vlaams-Brabant","Province du Brabant flamand","Vlaams Gewest","Région flamande","<5"
"2020-03-26","23097","Roosdaal","Roosdaal","Arrondissement Halle-Vilvoorde","Arrondissement de Hal-Vilvorde","Provincie Vlaams-Brabant","Province du Brabant flamand","Vlaams Gewest","Région flamande","<5"
"2020-03-26","23098","Drogenbos","Drogenbos","Arrondissement Halle-Vilvoorde","Arrondissement de Hal-Vilvorde","Provincie Vlaams-Brabant","Province du Brabant flamand","Vlaams Gewest","Région flamande","<5"
"2020-03-26","23099","Kraainem","Kraainem","Arrondissement Halle-Vilvoorde","Arrondissement de Hal-Vilvorde","Provincie Vlaams-Brabant","Province du Brabant flamand","Vlaams Gewest","Région flamande","<5"
"2020-03-26","23101","Sint-Genesius-Rode","Rhode-Saint-Genèse","Arrondissement Halle-Vilvoorde","Arrondissement de Hal-Vilvorde","Provincie Vlaams-Brabant","Province du Brabant flamand","Vlaams Gewest","Région flamande","<5"
"2020-03-26","23102","Wemmel","Wemmel","Arrondissement Halle-Vilvoorde","Arrondissement de Hal-Vilvorde","Provincie Vlaams-Brabant","Province du Brabant flamand","Vlaams Gewest","Région flamande","<5"
"2020-03-26","23105","Affligem","Affligem","Arrondissement Halle-Vilvoorde","Arrondissement de Hal-Vilvorde","Provincie Vlaams-Brabant","Province du Brabant flamand","Vlaams Gewest","Région flamande","<5"
"2020-03-26","24001","Aarschot","Aarschot","Arrondissement Leuven","Arrondissement de Louvain","Provincie Vlaams-Brabant","Province du Brabant flamand","Vlaams Gewest","Région flamande","<5"
"2020-03-26","24008","Bekkevoort","Bekkevoort","Arrondissement Leuven","Arrondissement de Louvain","Provincie Vlaams-Brabant","Province du Brabant flamand","Vlaams Gewest","Région flamande","<5"
"2020-03-26","24009","Bertem","Bertem","Arrondissement Leuven","Arrondissement de Louvain","Provincie Vlaams-Brabant","Province du Brabant flamand","Vlaams Gewest","Région flamande","<5"
"2020-03-26","24011","Bierbeek","Bierbeek","Arrondissement Leuven","Arrondissement de Louvain","Provincie Vlaams-Brabant","Province du Brabant flamand","Vlaams Gewest","Région flamande","<5"
"2020-03-26","24014","Boortmeerbeek","Boortmeerbeek","Arrondissement Leuven","Arrondissement de Louvain","Provincie Vlaams-Brabant","Province du Brabant flamand","Vlaams Gewest","Région flamande","<5"
"2020-03-26","24028","Geetbets","Geetbets","Arrondissement Leuven","Arrondissement de Louvain","Provincie Vlaams-Brabant","Province du Brabant flamand","Vlaams Gewest","Région flamande","<5"
"2020-03-26","24033","Haacht","Haacht","Arrondissement Leuven","Arrondissement de Louvain","Provincie Vlaams-Brabant","Province du Brabant flamand","Vlaams Gewest","Région flamande","<5"
"2020-03-26","24038","Herent","Herent","Arrondissement Leuven","Arrondissement de Louvain","Provincie Vlaams-Brabant","Province du Brabant flamand","Vlaams Gewest","Région flamande","<5"
"2020-03-26","24041","Hoegaarden","Hoegaarden","Arrondissement Leuven","Arrondissement de Louvain","Provincie Vlaams-Brabant","Province du Brabant flamand","Vlaams Gewest","Région flamande","<5"
"2020-03-26","24054","Kortenaken","Kortenaken","Arrondissement Leuven","Arrondissement de Louvain","Provincie Vlaams-Brabant","Province du Brabant flamand","Vlaams Gewest","Région flamande","<5"
"2020-03-26","24055","Kortenberg","Kortenberg","Arrondissement Leuven","Arrondissement de Louvain","Provincie Vlaams-Brabant","Province du Brabant flamand","Vlaams Gewest","Région flamande","<5"
"2020-03-26","24059","Landen","Landen","Arrondissement Leuven","Arrondissement de Louvain","Provincie Vlaams-Brabant","Province du Brabant flamand","Vlaams Gewest","Région flamande","<5"
"2020-03-26","24062","Leuven","Louvain","Arrondissement Leuven","Arrondissement de Louvain","Provincie Vlaams-Brabant","Province du Brabant flamand","Vlaams Gewest","Région flamande","13"
"2020-03-26","24066","Lubbeek","Lubbeek","Arrondissement Leuven","Arrondissement de Louvain","Provincie Vlaams-Brabant","Province du Brabant flamand","Vlaams Gewest","Région flamande","<5"
"2020-03-26","24086","Oud-Heverlee","Oud-Heverlee","Arrondissement Leuven","Arrondissement de Louvain","Provincie Vlaams-Brabant","Province du Brabant flamand","Vlaams Gewest","Région flamande","<5"
"2020-03-26","24107","Tienen","Tirlemont","Arrondissement Leuven","Arrondissement de Louvain","Provincie Vlaams-Brabant","Province du Brabant flamand","Vlaams Gewest","Région flamande","5"
"2020-03-26","24109","Tremelo","Tremelo","Arrondissement Leuven","Arrondissement de Louvain","Provincie Vlaams-Brabant","Province du Brabant flamand","Vlaams Gewest","Région flamande","<5"
"2020-03-26","24134","Scherpenheuvel-Zichem","Montaigu-Zichem","Arrondissement Leuven","Arrondissement de Louvain","Provincie Vlaams-Brabant","Province du Brabant flamand","Vlaams Gewest","Région flamande","<5"
"2020-03-26","24135","Tielt-Winge","Tielt-Winge","Arrondissement Leuven","Arrondissement de Louvain","Provincie Vlaams-Brabant","Province du Brabant flamand","Vlaams Gewest","Région flamande","<5"
"2020-03-26","24137","Glabbeek","Glabbeek","Arrondissement Leuven","Arrondissement de Louvain","Provincie Vlaams-Brabant","Province du Brabant flamand","Vlaams Gewest","Région flamande","<5"
"2020-03-26","25014","Eigenbrakel","Braine-l’Alleud","Arrondissement Nijvel","Arrondissement de Nivelles","Provincie Waals-Brabant","Province du Brabant wallon","Waals Gewest","Région wallonne","<5"
"2020-03-26","25023","Court-Saint-Etienne","Court-Saint-Etienne","Arrondissement Nijvel","Arrondissement de Nivelles","Provincie Waals-Brabant","Province du Brabant wallon","Waals Gewest","Région wallonne","<5"
"2020-03-26","25031","Genepiën","Genappe","Arrondissement Nijvel","Arrondissement de Nivelles","Provincie Waals-Brabant","Province du Brabant wallon","Waals Gewest","Région wallonne","<5"
"2020-03-26","25037","Graven","Grez-Doiceau","Arrondissement Nijvel","Arrondissement de Nivelles","Provincie Waals-Brabant","Province du Brabant wallon","Waals Gewest","Région wallonne","<5"
"2020-03-26","25043","Incourt","Incourt","Arrondissement Nijvel","Arrondissement de Nivelles","Provincie Waals-Brabant","Province du Brabant wallon","Waals Gewest","Région wallonne","<5"
"2020-03-26","25048","Geldenaken","Jodoigne","Arrondissement Nijvel","Arrondissement de Nivelles","Provincie Waals-Brabant","Province du Brabant wallon","Waals Gewest","Région wallonne","<5"
"2020-03-26","25050","Terhulpen","La Hulpe","Arrondissement Nijvel","Arrondissement de Nivelles","Provincie Waals-Brabant","Province du Brabant wallon","Waals Gewest","Région wallonne","<5"
"2020-03-26","25068","Mont-Saint-Guibert","Mont-Saint-Guibert","Arrondissement Nijvel","Arrondissement de Nivelles","Provincie Waals-Brabant","Province du Brabant wallon","Waals Gewest","Région wallonne","<5"
"2020-03-26","25072","Nijvel","Nivelles","Arrondissement Nijvel","Arrondissement de Nivelles","Provincie Waals-Brabant","Province du Brabant wallon","Waals Gewest","Région wallonne","<5"
"2020-03-26","25091","Rixensart","Rixensart","Arrondissement Nijvel","Arrondissement de Nivelles","Provincie Waals-Brabant","Province du Brabant wallon","Waals Gewest","Région wallonne","<5"
"2020-03-26","25105","Tubeke","Tubize","Arrondissement Nijvel","Arrondissement de Nivelles","Provincie Waals-Brabant","Province du Brabant wallon","Waals Gewest","Région wallonne","<5"
"2020-03-26","25110","Waterloo","Waterloo","Arrondissement Nijvel","Arrondissement de Nivelles","Provincie Waals-Brabant","Province du Brabant wallon","Waals Gewest","Région wallonne","<5"
"2020-03-26","25112","Waver","Wavre","Arrondissement Nijvel","Arrondissement de Nivelles","Provincie Waals-Brabant","Province du Brabant wallon","Waals Gewest","Région wallonne","<5"
"2020-03-26","25119","Lasne","Lasne","Arrondissement Nijvel","Arrondissement de Nivelles","Provincie Waals-Brabant","Province du Brabant wallon","Waals Gewest","Région wallonne","<5"
"2020-03-26","25120","Orp-Jauche","Orp-Jauche","Arrondissement Nijvel","Arrondissement de Nivelles","Provincie Waals-Brabant","Province du Brabant wallon","Waals Gewest","Région wallonne","<5"
"2020-03-26","25121","Ottignies-Louvain-la-Neuve","Ottignies-Louvain-la-Neuve","Arrondissement Nijvel","Arrondissement de Nivelles","Provincie Waals-Brabant","Province du Brabant wallon","Waals Gewest","Région wallonne","<5"
"2020-03-26","25123","Rebecq","Rebecq","Arrondissement Nijvel","Arrondissement de Nivelles","Provincie Waals-Brabant","Province du Brabant wallon","Waals Gewest","Région wallonne","<5"
"2020-03-26","31003","Beernem","Beernem","Arrondissement Brugge","Arrondissement de Bruges","Provincie West-Vlaanderen","Province de Flandre occidentale","Vlaams Gewest","Région flamande","<5"
"2020-03-26","31004","Blankenberge","Blankenberge","Arrondissement Brugge","Arrondissement de Bruges","Provincie West-Vlaanderen","Province de Flandre occidentale","Vlaams Gewest","Région flamande","<5"
"2020-03-26","31005","Brugge","Bruges","Arrondissement Brugge","Arrondissement de Bruges","Provincie West-Vlaanderen","Province de Flandre occidentale","Vlaams Gewest","Région flamande","14"
"2020-03-26","31006","Damme","Damme","Arrondissement Brugge","Arrondissement de Bruges","Provincie West-Vlaanderen","Province de Flandre occidentale","Vlaams Gewest","Région flamande","<5"
"2020-03-26","31022","Oostkamp","Oostkamp","Arrondissement Brugge","Arrondissement de Bruges","Provincie West-Vlaanderen","Province de Flandre occidentale","Vlaams Gewest","Région flamande","<5"
"2020-03-26","31033","Torhout","Torhout","Arrondissement Brugge","Arrondissement de Bruges","Provincie West-Vlaanderen","Province de Flandre occidentale","Vlaams Gewest","Région flamande","5"
"2020-03-26","31040","Zedelgem","Zedelgem","Arrondissement Brugge","Arrondissement de Bruges","Provincie West-Vlaanderen","Province de Flandre occidentale","Vlaams Gewest","Région flamande","<5"
"2020-03-26","31043","Knokke-Heist","Knokke-Heist","Arrondissement Brugge","Arrondissement de Bruges","Provincie West-Vlaanderen","Province de Flandre occidentale","Vlaams Gewest","Région flamande","6"
"2020-03-26","32003","Diksmuide","Dixmude","Arrondissement Diksmuide","Arrondissement de Dixmude","Provincie West-Vlaanderen","Province de Flandre occidentale","Vlaams Gewest","Région flamande","<5"
"2020-03-26","32011","Kortemark","Kortemark","Arrondissement Diksmuide","Arrondissement de Dixmude","Provincie West-Vlaanderen","Province de Flandre occidentale","Vlaams Gewest","Région flamande","5"
"2020-03-26","33011","Ieper","Ypres","Arrondissement Ieper","Arrondissement d’Ypres","Provincie West-Vlaanderen","Province de Flandre occidentale","Vlaams Gewest","Région flamande","<5"
"2020-03-26","33021","Poperinge","Poperinge","Arrondissement Ieper","Arrondissement d’Ypres","Provincie West-Vlaanderen","Province de Flandre occidentale","Vlaams Gewest","Région flamande","<5"
"2020-03-26","33029","Wervik","Wervik","Arrondissement Ieper","Arrondissement d’Ypres","Provincie West-Vlaanderen","Province de Flandre occidentale","Vlaams Gewest","Région flamande","<5"
"2020-03-26","33037","Zonnebeke","Zonnebeke","Arrondissement Ieper","Arrondissement d’Ypres","Provincie West-Vlaanderen","Province de Flandre occidentale","Vlaams Gewest","Région flamande","<5"
"2020-03-26","33039","Heuvelland","Heuvelland","Arrondissement Ieper","Arrondissement d’Ypres","Provincie West-Vlaanderen","Province de Flandre occidentale","Vlaams Gewest","Région flamande","<5"
"2020-03-26","34002","Anzegem","Anzegem","Arrondissement Kortrijk","Arrondissement de Courtrai","Provincie West-Vlaanderen","Province de Flandre occidentale","Vlaams Gewest","Région flamande","<5"
"2020-03-26","34003","Avelgem","Avelgem","Arrondissement Kortrijk","Arrondissement de Courtrai","Provincie West-Vlaanderen","Province de Flandre occidentale","Vlaams Gewest","Région flamande","<5"
"2020-03-26","34009","Deerlijk","Deerlijk","Arrondissement Kortrijk","Arrondissement de Courtrai","Provincie West-Vlaanderen","Province de Flandre occidentale","Vlaams Gewest","Région flamande","<5"
"2020-03-26","34013","Harelbeke","Harelbeke","Arrondissement Kortrijk","Arrondissement de Courtrai","Provincie West-Vlaanderen","Province de Flandre occidentale","Vlaams Gewest","Région flamande","<5"
"2020-03-26","34022","Kortrijk","Courtrai","Arrondissement Kortrijk","Arrondissement de Courtrai","Provincie West-Vlaanderen","Province de Flandre occidentale","Vlaams Gewest","Région flamande","7"
"2020-03-26","34027","Menen","Menin","Arrondissement Kortrijk","Arrondissement de Courtrai","Provincie West-Vlaanderen","Province de Flandre occidentale","Vlaams Gewest","Région flamande","6"
"2020-03-26","34040","Waregem","Waregem","Arrondissement Kortrijk","Arrondissement de Courtrai","Provincie West-Vlaanderen","Province de Flandre occidentale","Vlaams Gewest","Région flamande","5"
"2020-03-26","34041","Wevelgem","Wevelgem","Arrondissement Kortrijk","Arrondissement de Courtrai","Provincie West-Vlaanderen","Province de Flandre occidentale","Vlaams Gewest","Région flamande","6"
"2020-03-26","34042","Zwevegem","Zwevegem","Arrondissement Kortrijk","Arrondissement de Courtrai","Provincie West-Vlaanderen","Province de Flandre occidentale","Vlaams Gewest","Région flamande","<5"
"2020-03-26","35002","Bredene","Bredene","Arrondissement Oostende","Arrondissement d’Ostende","Provincie West-Vlaanderen","Province de Flandre occidentale","Vlaams Gewest","Région flamande","5"
"2020-03-26","35005","Gistel","Gistel","Arrondissement Oostende","Arrondissement d’Ostende","Provincie West-Vlaanderen","Province de Flandre occidentale","Vlaams Gewest","Région flamande","<5"
"2020-03-26","35011","Middelkerke","Middelkerke","Arrondissement Oostende","Arrondissement d’Ostende","Provincie West-Vlaanderen","Province de Flandre occidentale","Vlaams Gewest","Région flamande","<5"
"2020-03-26","35013","Oostende","Ostende","Arrondissement Oostende","Arrondissement d’Ostende","Provincie West-Vlaanderen","Province de Flandre occidentale","Vlaams Gewest","Région flamande","<5"
"2020-03-26","35014","Oudenburg","Oudenburg","Arrondissement Oostende","Arrondissement d’Ostende","Provincie West-Vlaanderen","Province de Flandre occidentale","Vlaams Gewest","Région flamande","<5"
"2020-03-26","35029","De Haan","De Haan","Arrondissement Oostende","Arrondissement d’Ostende","Provincie West-Vlaanderen","Province de Flandre occidentale","Vlaams Gewest","Région flamande","<5"
"2020-03-26","36006","Hooglede","Hooglede","Arrondissement Roeselare","Arrondissement de Roulers","Provincie West-Vlaanderen","Province de Flandre occidentale","Vlaams Gewest","Région flamande","<5"
"2020-03-26","36008","Izegem","Izegem","Arrondissement Roeselare","Arrondissement de Roulers","Provincie West-Vlaanderen","Province de Flandre occidentale","Vlaams Gewest","Région flamande","7"
"2020-03-26","36010","Ledegem","Ledegem","Arrondissement Roeselare","Arrondissement de Roulers","Provincie West-Vlaanderen","Province de Flandre occidentale","Vlaams Gewest","Région flamande","<5"
"2020-03-26","36011","Lichtervelde","Lichtervelde","Arrondissement Roeselare","Arrondissement de Roulers","Provincie West-Vlaanderen","Province de Flandre occidentale","Vlaams Gewest","Région flamande","<5"
"2020-03-26","36015","Roeselare","Roulers","Arrondissement Roeselare","Arrondissement de Roulers","Provincie West-Vlaanderen","Province de Flandre occidentale","Vlaams Gewest","Région flamande","17"
"2020-03-26","37002","Dentergem","Dentergem","Arrondissement Tielt","Arrondissement de Tielt","Provincie West-Vlaanderen","Province de Flandre occidentale","Vlaams Gewest","Région flamande","<5"
"2020-03-26","37011","Pittem","Pittem","Arrondissement Tielt","Arrondissement de Tielt","Provincie West-Vlaanderen","Province de Flandre occidentale","Vlaams Gewest","Région flamande","<5"
"2020-03-26","37015","Tielt (Tielt)","Tielt (Tielt)","Arrondissement Tielt","Arrondissement de Tielt","Provincie West-Vlaanderen","Province de Flandre occidentale","Vlaams Gewest","Région flamande","7"
"2020-03-26","37017","Wielsbeke","Wielsbeke","Arrondissement Tielt","Arrondissement de Tielt","Provincie West-Vlaanderen","Province de Flandre occidentale","Vlaams Gewest","Région flamande","<5"
"2020-03-26","37018","Wingene","Wingene","Arrondissement Tielt","Arrondissement de Tielt","Provincie West-Vlaanderen","Province de Flandre occidentale","Vlaams Gewest","Région flamande","6"
"2020-03-26","37020","Ardooie","Ardooie","Arrondissement Tielt","Arrondissement de Tielt","Provincie West-Vlaanderen","Province de Flandre occidentale","Vlaams Gewest","Région flamande","<5"
"2020-03-26","38008","De Panne","La Panne","Arrondissement Veurne","Arrondissement de Furnes","Provincie West-Vlaanderen","Province de Flandre occidentale","Vlaams Gewest","Région flamande","<5"
"2020-03-26","38025","Veurne","Furnes","Arrondissement Veurne","Arrondissement de Furnes","Provincie West-Vlaanderen","Province de Flandre occidentale","Vlaams Gewest","Région flamande","<5"
"2020-03-26","41002","Aalst (Aalst)","Alost (Alost)","Arrondissement Aalst","Arrondissement d’Alost","Provincie Oost-Vlaanderen","Province de Flandre orientale","Vlaams Gewest","Région flamande","11"
"2020-03-26","41011","Denderleeuw","Denderleeuw","Arrondissement Aalst","Arrondissement d’Alost","Provincie Oost-Vlaanderen","Province de Flandre orientale","Vlaams Gewest","Région flamande","<5"
"2020-03-26","41018","Geraardsbergen","Grammont","Arrondissement Aalst","Arrondissement d’Alost","Provincie Oost-Vlaanderen","Province de Flandre orientale","Vlaams Gewest","Région flamande","<5"
"2020-03-26","41024","Haaltert","Haaltert","Arrondissement Aalst","Arrondissement d’Alost","Provincie Oost-Vlaanderen","Province de Flandre orientale","Vlaams Gewest","Région flamande","5"
"2020-03-26","41027","Herzele","Herzele","Arrondissement Aalst","Arrondissement d’Alost","Provincie Oost-Vlaanderen","Province de Flandre orientale","Vlaams Gewest","Région flamande","<5"
"2020-03-26","41034","Lede","Lede","Arrondissement Aalst","Arrondissement d’Alost","Provincie Oost-Vlaanderen","Province de Flandre orientale","Vlaams Gewest","Région flamande","<5"
"2020-03-26","41048","Ninove","Ninove","Arrondissement Aalst","Arrondissement d’Alost","Provincie Oost-Vlaanderen","Province de Flandre orientale","Vlaams Gewest","Région flamande","6"
"2020-03-26","41081","Zottegem","Zottegem","Arrondissement Aalst","Arrondissement d’Alost","Provincie Oost-Vlaanderen","Province de Flandre orientale","Vlaams Gewest","Région flamande","7"
"2020-03-26","41082","Erpe-Mere","Erpe-Mere","Arrondissement Aalst","Arrondissement d’Alost","Provincie Oost-Vlaanderen","Province de Flandre orientale","Vlaams Gewest","Région flamande","<5"
"2020-03-26","42003","Berlare","Berlare","Arrondissement Dendermonde","Arrondissement de Termonde","Provincie Oost-Vlaanderen","Province de Flandre orientale","Vlaams Gewest","Région flamande","<5"
"2020-03-26","42004","Buggenhout","Buggenhout","Arrondissement Dendermonde","Arrondissement de Termonde","Provincie Oost-Vlaanderen","Province de Flandre orientale","Vlaams Gewest","Région flamande","<5"
"2020-03-26","42006","Dendermonde","Termonde","Arrondissement Dendermonde","Arrondissement de Termonde","Provincie Oost-Vlaanderen","Province de Flandre orientale","Vlaams Gewest","Région flamande","<5"
"2020-03-26","42008","Hamme (Dendermonde)","Hamme (Termonde)","Arrondissement Dendermonde","Arrondissement de Termonde","Provincie Oost-Vlaanderen","Province de Flandre orientale","Vlaams Gewest","Région flamande","<5"
"2020-03-26","42010","Laarne","Laarne","Arrondissement Dendermonde","Arrondissement de Termonde","Provincie Oost-Vlaanderen","Province de Flandre orientale","Vlaams Gewest","Région flamande","<5"
"2020-03-26","42011","Lebbeke","Lebbeke","Arrondissement Dendermonde","Arrondissement de Termonde","Provincie Oost-Vlaanderen","Province de Flandre orientale","Vlaams Gewest","Région flamande","<5"
"2020-03-26","42023","Waasmunster","Waasmunster","Arrondissement Dendermonde","Arrondissement de Termonde","Provincie Oost-Vlaanderen","Province de Flandre orientale","Vlaams Gewest","Région flamande","<5"
"2020-03-26","42025","Wetteren","Wetteren","Arrondissement Dendermonde","Arrondissement de Termonde","Provincie Oost-Vlaanderen","Province de Flandre orientale","Vlaams Gewest","Région flamande","<5"
"2020-03-26","42026","Wichelen","Wichelen","Arrondissement Dendermonde","Arrondissement de Termonde","Provincie Oost-Vlaanderen","Province de Flandre orientale","Vlaams Gewest","Région flamande","<5"
"2020-03-26","42028","Zele","Zele","Arrondissement Dendermonde","Arrondissement de Termonde","Provincie Oost-Vlaanderen","Province de Flandre orientale","Vlaams Gewest","Région flamande","<5"
"2020-03-26","43002","Assenede","Assenede","Arrondissement Eeklo","Arrondissement d’Eeklo","Provincie Oost-Vlaanderen","Province de Flandre orientale","Vlaams Gewest","Région flamande","<5"
"2020-03-26","43005","Eeklo","Eeklo","Arrondissement Eeklo","Arrondissement d’Eeklo","Provincie Oost-Vlaanderen","Province de Flandre orientale","Vlaams Gewest","Région flamande","<5"
"2020-03-26","43010","Maldegem","Maldegem","Arrondissement Eeklo","Arrondissement d’Eeklo","Provincie Oost-Vlaanderen","Province de Flandre orientale","Vlaams Gewest","Région flamande","<5"
"2020-03-26","43014","Sint-Laureins","Sint-Laureins","Arrondissement Eeklo","Arrondissement d’Eeklo","Provincie Oost-Vlaanderen","Province de Flandre orientale","Vlaams Gewest","Région flamande","<5"
"2020-03-26","44013","Destelbergen","Destelbergen","Arrondissement Gent","Arrondissement de Gand","Provincie Oost-Vlaanderen","Province de Flandre orientale","Vlaams Gewest","Région flamande","<5"
"2020-03-26","44019","Evergem","Evergem","Arrondissement Gent","Arrondissement de Gand","Provincie Oost-Vlaanderen","Province de Flandre orientale","Vlaams Gewest","Région flamande","<5"
"2020-03-26","44020","Gavere","Gavere","Arrondissement Gent","Arrondissement de Gand","Provincie Oost-Vlaanderen","Province de Flandre orientale","Vlaams Gewest","Région flamande","<5"
"2020-03-26","44021","Gent","Gand","Arrondissement Gent","Arrondissement de Gand","Provincie Oost-Vlaanderen","Province de Flandre orientale","Vlaams Gewest","Région flamande","22"
"2020-03-26","44040","Melle","Melle","Arrondissement Gent","Arrondissement de Gand","Provincie Oost-Vlaanderen","Province de Flandre orientale","Vlaams Gewest","Région flamande","<5"
"2020-03-26","44045","Moerbeke (Gent)","Moerbeke (Gand)","Arrondissement Gent","Arrondissement de Gand","Provincie Oost-Vlaanderen","Province de Flandre orientale","Vlaams Gewest","Région flamande","<5"
"2020-03-26","44052","Oosterzele","Oosterzele","Arrondissement Gent","Arrondissement de Gand","Provincie Oost-Vlaanderen","Province de Flandre orientale","Vlaams Gewest","Région flamande","<5"
"2020-03-26","44064","Sint-Martens-Latem","Sint-Martens-Latem","Arrondissement Gent","Arrondissement de Gand","Provincie Oost-Vlaanderen","Province de Flandre orientale","Vlaams Gewest","Région flamande","<5"
"2020-03-26","44073","Wachtebeke","Wachtebeke","Arrondissement Gent","Arrondissement de Gand","Provincie Oost-Vlaanderen","Province de Flandre orientale","Vlaams Gewest","Région flamande","<5"
"2020-03-26","44081","Zulte","Zulte","Arrondissement Gent","Arrondissement de Gand","Provincie Oost-Vlaanderen","Province de Flandre orientale","Vlaams Gewest","Région flamande","<5"
"2020-03-26","44083","Deinze","Deinze","Arrondissement Gent","Arrondissement de Gand","Provincie Oost-Vlaanderen","Province de Flandre orientale","Vlaams Gewest","Région flamande","<5"
"2020-03-26","44084","Aalter","Aalter","Arrondissement Gent","Arrondissement de Gand","Provincie Oost-Vlaanderen","Province de Flandre orientale","Vlaams Gewest","Région flamande","9"
"2020-03-26","44085","Lievegem","Lievegem","Arrondissement Gent","Arrondissement de Gand","Provincie Oost-Vlaanderen","Province de Flandre orientale","Vlaams Gewest","Région flamande","7"
"2020-03-26","45035","Oudenaarde","Audenarde","Arrondissement Oudenaarde","Arrondissement d’Audenarde","Provincie Oost-Vlaanderen","Province de Flandre orientale","Vlaams Gewest","Région flamande","<5"
"2020-03-26","45041","Ronse","Renaix","Arrondissement Oudenaarde","Arrondissement d’Audenarde","Provincie Oost-Vlaanderen","Province de Flandre orientale","Vlaams Gewest","Région flamande","5"
"2020-03-26","45059","Brakel","Brakel","Arrondissement Oudenaarde","Arrondissement d’Audenarde","Provincie Oost-Vlaanderen","Province de Flandre orientale","Vlaams Gewest","Région flamande","<5"
"2020-03-26","45065","Zwalm","Zwalin","Arrondissement Oudenaarde","Arrondissement d’Audenarde","Provincie Oost-Vlaanderen","Province de Flandre orientale","Vlaams Gewest","Région flamande","<5"
"2020-03-26","46003","Beveren (Sint-Niklaas)","Beveren (Saint-Nicolas)","Arrondissement Sint-Niklaas","Arrondissement de Saint-Nicolas","Provincie Oost-Vlaanderen","Province de Flandre orientale","Vlaams Gewest","Région flamande","<5"
"2020-03-26","46013","Kruibeke","Kruibeke","Arrondissement Sint-Niklaas","Arrondissement de Saint-Nicolas","Provincie Oost-Vlaanderen","Province de Flandre orientale","Vlaams Gewest","Région flamande","<5"
"2020-03-26","46014","Lokeren","Lokeren","Arrondissement Sint-Niklaas","Arrondissement de Saint-Nicolas","Provincie Oost-Vlaanderen","Province de Flandre orientale","Vlaams Gewest","Région flamande","9"
"2020-03-26","46020","Sint-Gillis-Waas","Sint-Gillis-Waas","Arrondissement Sint-Niklaas","Arrondissement de Saint-Nicolas","Provincie Oost-Vlaanderen","Province de Flandre orientale","Vlaams Gewest","Région flamande","<5"
"2020-03-26","46021","Sint-Niklaas (Sint-Niklaas)","Saint-Nicolas (Saint-Nicolas)","Arrondissement Sint-Niklaas","Arrondissement de Saint-Nicolas","Provincie Oost-Vlaanderen","Province de Flandre orientale","Vlaams Gewest","Région flamande","<5"
"2020-03-26","46024","Stekene","Stekene","Arrondissement Sint-Niklaas","Arrondissement de Saint-Nicolas","Provincie Oost-Vlaanderen","Province de Flandre orientale","Vlaams Gewest","Région flamande","<5"
"2020-03-26","46025","Temse","Tamise","Arrondissement Sint-Niklaas","Arrondissement de Saint-Nicolas","Provincie Oost-Vlaanderen","Province de Flandre orientale","Vlaams Gewest","Région flamande","5"
"2020-03-26","51004","Aat","Ath","Arrondissement Aat","Arrondissement d’Ath","Provincie Henegouwen","Province du Hainaut","Waals Gewest","Région wallonne","<5"
"2020-03-26","51008","Beloeil","Beloeil","Arrondissement Aat","Arrondissement d’Ath","Provincie Henegouwen","Province du Hainaut","Waals Gewest","Région wallonne","<5"
"2020-03-26","51009","Bernissart","Bernissart","Arrondissement Aat","Arrondissement d’Ath","Provincie Henegouwen","Province du Hainaut","Waals Gewest","Région wallonne","<5"
"2020-03-26","51017","Elzele","Ellezelles","Arrondissement Aat","Arrondissement d’Ath","Provincie Henegouwen","Province du Hainaut","Waals Gewest","Région wallonne","<5"
"2020-03-26","51019","Vloesberg","Flobecq","Arrondissement Aat","Arrondissement d’Ath","Provincie Henegouwen","Province du Hainaut","Waals Gewest","Région wallonne","<5"
"2020-03-26","51065","Frasnes-lez-Anvaing","Frasnes-lez-Anvaing","Arrondissement Aat","Arrondissement d’Ath","Provincie Henegouwen","Province du Hainaut","Waals Gewest","Région wallonne","<5"
"2020-03-26","51067","Edingen","Enghien","Arrondissement Aat","Arrondissement d’Ath","Provincie Henegouwen","Province du Hainaut","Waals Gewest","Région wallonne","<5"
"2020-03-26","51069","Lessen","Lessines","Arrondissement Aat","Arrondissement d’Ath","Provincie Henegouwen","Province du Hainaut","Waals Gewest","Région wallonne","<5"
"2020-03-26","52010","Chapelle-lez-Herlaimont","Chapelle-lez-Herlaimont","Arrondissement Charleroi","Arrondissement de Charleroi","Provincie Henegouwen","Province du Hainaut","Waals Gewest","Région wallonne","<5"
"2020-03-26","52011","Charleroi","Charleroi","Arrondissement Charleroi","Arrondissement de Charleroi","Provincie Henegouwen","Province du Hainaut","Waals Gewest","Région wallonne","8"
"2020-03-26","52012","Châtelet","Châtelet","Arrondissement Charleroi","Arrondissement de Charleroi","Provincie Henegouwen","Province du Hainaut","Waals Gewest","Région wallonne","<5"
"2020-03-26","52021","Fleurus","Fleurus","Arrondissement Charleroi","Arrondissement de Charleroi","Provincie Henegouwen","Province du Hainaut","Waals Gewest","Région wallonne","<5"
"2020-03-26","52022","Fontaine-l’Evêque","Fontaine-l’Evêque","Arrondissement Charleroi","Arrondissement de Charleroi","Provincie Henegouwen","Province du Hainaut","Waals Gewest","Région wallonne","<5"
"2020-03-26","52025","Gerpinnes","Gerpinnes","Arrondissement Charleroi","Arrondissement de Charleroi","Provincie Henegouwen","Province du Hainaut","Waals Gewest","Région wallonne","<5"
"2020-03-26","52074","Aiseau-Presles","Aiseau-Presles","Arrondissement Charleroi","Arrondissement de Charleroi","Provincie Henegouwen","Province du Hainaut","Waals Gewest","Région wallonne","<5"
"2020-03-26","52075","Les Bons Villers","Les Bons Villers","Arrondissement Charleroi","Arrondissement de Charleroi","Provincie Henegouwen","Province du Hainaut","Waals Gewest","Région wallonne","<5"
"2020-03-26","53014","Boussu","Boussu","Arrondissement Bergen","Arrondissement de Mons","Provincie Henegouwen","Province du Hainaut","Waals Gewest","Région wallonne","<5"
"2020-03-26","53020","Dour","Dour","Arrondissement Bergen","Arrondissement de Mons","Provincie Henegouwen","Province du Hainaut","Waals Gewest","Région wallonne","<5"
"2020-03-26","53028","Frameries","Frameries","Arrondissement Bergen","Arrondissement de Mons","Provincie Henegouwen","Province du Hainaut","Waals Gewest","Région wallonne","<5"
"2020-03-26","53039","Hensies","Hensies","Arrondissement Bergen","Arrondissement de Mons","Provincie Henegouwen","Province du Hainaut","Waals Gewest","Région wallonne","<5"
"2020-03-26","53044","Jurbeke","Jurbise","Arrondissement Bergen","Arrondissement de Mons","Provincie Henegouwen","Province du Hainaut","Waals Gewest","Région wallonne","<5"
"2020-03-26","53046","Lens","Lens","Arrondissement Bergen","Arrondissement de Mons","Provincie Henegouwen","Province du Hainaut","Waals Gewest","Région wallonne","<5"
"2020-03-26","53053","Bergen","Mons","Arrondissement Bergen","Arrondissement de Mons","Provincie Henegouwen","Province du Hainaut","Waals Gewest","Région wallonne","18"
"2020-03-26","53065","Quaregnon","Quaregnon","Arrondissement Bergen","Arrondissement de Mons","Provincie Henegouwen","Province du Hainaut","Waals Gewest","Région wallonne","<5"
"2020-03-26","53070","Saint-Ghislain","Saint-Ghislain","Arrondissement Bergen","Arrondissement de Mons","Provincie Henegouwen","Province du Hainaut","Waals Gewest","Région wallonne","<5"
"2020-03-26","53082","Colfontaine","Colfontaine","Arrondissement Bergen","Arrondissement de Mons","Provincie Henegouwen","Province du Hainaut","Waals Gewest","Région wallonne","5"
"2020-03-26","53083","Honnelles","Honnelles","Arrondissement Bergen","Arrondissement de Mons","Provincie Henegouwen","Province du Hainaut","Waals Gewest","Région wallonne","<5"
"2020-03-26","55035","Le Roeulx","Le Roeulx","Arrondissement Zinnik","Arrondissement de Soignies","Provincie Henegouwen","Province du Hainaut","Waals Gewest","Région wallonne","<5"
"2020-03-26","55040","Zinnik","Soignies","Arrondissement Zinnik","Arrondissement de Soignies","Provincie Henegouwen","Province du Hainaut","Waals Gewest","Région wallonne","<5"
"2020-03-26","55086","Manage","Manage","Arrondissement Zinnik","Arrondissement de Soignies","Provincie Henegouwen","Province du Hainaut","Waals Gewest","Région wallonne","<5"
"2020-03-26","56005","Beaumont","Beaumont","Arrondissement Thuin","Arrondissement de Thuin","Provincie Henegouwen","Province du Hainaut","Waals Gewest","Région wallonne","<5"
"2020-03-26","56016","Chimay","Chimay","Arrondissement Thuin","Arrondissement de Thuin","Provincie Henegouwen","Province du Hainaut","Waals Gewest","Région wallonne","<5"
"2020-03-26","56022","Erquelinnes","Erquelinnes","Arrondissement Thuin","Arrondissement de Thuin","Provincie Henegouwen","Province du Hainaut","Waals Gewest","Région wallonne","<5"
"2020-03-26","56044","Lobbes","Lobbes","Arrondissement Thuin","Arrondissement de Thuin","Provincie Henegouwen","Province du Hainaut","Waals Gewest","Région wallonne","<5"
"2020-03-26","56078","Thuin","Thuin","Arrondissement Thuin","Arrondissement de Thuin","Provincie Henegouwen","Province du Hainaut","Waals Gewest","Région wallonne","<5"
"2020-03-26","57062","Pecq","Pecq","Arrondissement Doornik-Moeskroen","Arrondissement de Tournai-Mouscron","Provincie Henegouwen","Province du Hainaut","Waals Gewest","Région wallonne","<5"
"2020-03-26","57081","Doornik","Tournai","Arrondissement Doornik-Moeskroen","Arrondissement de Tournai-Mouscron","Provincie Henegouwen","Province du Hainaut","Waals Gewest","Région wallonne","<5"
"2020-03-26","57094","Leuze-en-Hainaut","Leuze-en-Hainaut","Arrondissement Doornik-Moeskroen","Arrondissement de Tournai-Mouscron","Provincie Henegouwen","Province du Hainaut","Waals Gewest","Région wallonne","<5"
"2020-03-26","57096","Moeskroen","Mouscron","Arrondissement Doornik-Moeskroen","Arrondissement de Tournai-Mouscron","Provincie Henegouwen","Province du Hainaut","Waals Gewest","Région wallonne","<5"
"2020-03-26","57097","Komen-Waasten","Comines-Warneton","Arrondissement Doornik-Moeskroen","Arrondissement de Tournai-Mouscron","Provincie Henegouwen","Province du Hainaut","Waals Gewest","Région wallonne","<5"
"2020-03-26","58001","La Louvière","La Louvière","Arrondissement La Louvière","Arrondissement de La Louvière","Provincie Henegouwen","Province du Hainaut","Waals Gewest","Région wallonne","<5"
"2020-03-26","58002","Binche","Binche","Arrondissement La Louvière","Arrondissement de La Louvière","Provincie Henegouwen","Province du Hainaut","Waals Gewest","Région wallonne","<5"
"2020-03-26","58003","Estinnes","Estinnes","Arrondissement La Louvière","Arrondissement de La Louvière","Provincie Henegouwen","Province du Hainaut","Waals Gewest","Région wallonne","<5"
"2020-03-26","61003","Amay","Amay","Arrondissement Hoei","Arrondissement de Huy","Provincie Luik","Province de Liège","Waals Gewest","Région wallonne","<5"
"2020-03-26","61012","Clavier","Clavier","Arrondissement Hoei","Arrondissement de Huy","Provincie Luik","Province de Liège","Waals Gewest","Région wallonne","<5"
"2020-03-26","61019","Ferrières","Ferrières","Arrondissement Hoei","Arrondissement de Huy","Provincie Luik","Province de Liège","Waals Gewest","Région wallonne","<5"
"2020-03-26","61031","Hoei","Huy","Arrondissement Hoei","Arrondissement de Huy","Provincie Luik","Province de Liège","Waals Gewest","Région wallonne","<5"
"2020-03-26","61039","Marchin","Marchin","Arrondissement Hoei","Arrondissement de Huy","Provincie Luik","Province de Liège","Waals Gewest","Région wallonne","<5"
"2020-03-26","61041","Modave","Modave","Arrondissement Hoei","Arrondissement de Huy","Provincie Luik","Province de Liège","Waals Gewest","Région wallonne","<5"
"2020-03-26","61043","Nandrin","Nandrin","Arrondissement Hoei","Arrondissement de Huy","Provincie Luik","Province de Liège","Waals Gewest","Région wallonne","<5"
"2020-03-26","61072","Wanze","Wanze","Arrondissement Hoei","Arrondissement de Huy","Provincie Luik","Province de Liège","Waals Gewest","Région wallonne","<5"
"2020-03-26","61079","Anthisnes","Anthisnes","Arrondissement Hoei","Arrondissement de Huy","Provincie Luik","Province de Liège","Waals Gewest","Région wallonne","<5"
"2020-03-26","61080","Engis","Engis","Arrondissement Hoei","Arrondissement de Huy","Provincie Luik","Province de Liège","Waals Gewest","Région wallonne","<5"
"2020-03-26","61081","Tinlot","Tinlot","Arrondissement Hoei","Arrondissement de Huy","Provincie Luik","Province de Liège","Waals Gewest","Région wallonne","<5"
"2020-03-26","62003","Ans","Ans","Arrondissement Luik","Arrondissement de Liège","Provincie Luik","Province de Liège","Waals Gewest","Région wallonne","<5"
"2020-03-26","62006","Awans","Awans","Arrondissement Luik","Arrondissement de Liège","Provincie Luik","Province de Liège","Waals Gewest","Région wallonne","<5"
"2020-03-26","62011","Bitsingen","Bassenge","Arrondissement Luik","Arrondissement de Liège","Provincie Luik","Province de Liège","Waals Gewest","Région wallonne","<5"
"2020-03-26","62015","Beyne-Heusay","Beyne-Heusay","Arrondissement Luik","Arrondissement de Liège","Provincie Luik","Province de Liège","Waals Gewest","Région wallonne","<5"
"2020-03-26","62022","Chaudfontaine","Chaudfontaine","Arrondissement Luik","Arrondissement de Liège","Provincie Luik","Province de Liège","Waals Gewest","Région wallonne","6"
"2020-03-26","62026","Comblain-au-Pont","Comblain-au-Pont","Arrondissement Luik","Arrondissement de Liège","Provincie Luik","Province de Liège","Waals Gewest","Région wallonne","<5"
"2020-03-26","62032","Esneux","Esneux","Arrondissement Luik","Arrondissement de Liège","Provincie Luik","Province de Liège","Waals Gewest","Région wallonne","<5"
"2020-03-26","62038","Fléron","Fléron","Arrondissement Luik","Arrondissement de Liège","Provincie Luik","Province de Liège","Waals Gewest","Région wallonne","<5"
"2020-03-26","62051","Herstal","Herstal","Arrondissement Luik","Arrondissement de Liège","Provincie Luik","Province de Liège","Waals Gewest","Région wallonne","<5"
"2020-03-26","62060","Juprelle","Juprelle","Arrondissement Luik","Arrondissement de Liège","Provincie Luik","Province de Liège","Waals Gewest","Région wallonne","<5"
"2020-03-26","62063","Luik","Liège","Arrondissement Luik","Arrondissement de Liège","Provincie Luik","Province de Liège","Waals Gewest","Région wallonne","26"
"2020-03-26","62079","Oupeye","Oupeye","Arrondissement Luik","Arrondissement de Liège","Provincie Luik","Province de Liège","Waals Gewest","Région wallonne","<5"
"2020-03-26","62093","Saint-Nicolas (Luik)","Saint-Nicolas (Liège)","Arrondissement Luik","Arrondissement de Liège","Provincie Luik","Province de Liège","Waals Gewest","Région wallonne","<5"
"2020-03-26","62096","Seraing","Seraing","Arrondissement Luik","Arrondissement de Liège","Provincie Luik","Province de Liège","Waals Gewest","Région wallonne","30"
"2020-03-26","62099","Soumagne","Soumagne","Arrondissement Luik","Arrondissement de Liège","Provincie Luik","Province de Liège","Waals Gewest","Région wallonne","<5"
"2020-03-26","62100","Sprimont","Sprimont","Arrondissement Luik","Arrondissement de Liège","Provincie Luik","Province de Liège","Waals Gewest","Région wallonne","<5"
"2020-03-26","62108","Wezet","Visé","Arrondissement Luik","Arrondissement de Liège","Provincie Luik","Province de Liège","Waals Gewest","Région wallonne","<5"
"2020-03-26","62118","Grâce-Hollogne","Grâce-Hollogne","Arrondissement Luik","Arrondissement de Liège","Provincie Luik","Province de Liège","Waals Gewest","Région wallonne","<5"
"2020-03-26","62119","Blegny","Blegny","Arrondissement Luik","Arrondissement de Liège","Provincie Luik","Province de Liège","Waals Gewest","Région wallonne","<5"
"2020-03-26","62120","Flémalle","Flémalle","Arrondissement Luik","Arrondissement de Liège","Provincie Luik","Province de Liège","Waals Gewest","Région wallonne","12"
"2020-03-26","62121","Neupré","Neupré","Arrondissement Luik","Arrondissement de Liège","Provincie Luik","Province de Liège","Waals Gewest","Région wallonne","<5"
"2020-03-26","63001","Amel","Amblève","Arrondissement Verviers","Arrondissement de Verviers","Provincie Luik","Province de Liège","Waals Gewest","Région wallonne","<5"
"2020-03-26","63003","Aubel","Aubel","Arrondissement Verviers","Arrondissement de Verviers","Provincie Luik","Province de Liège","Waals Gewest","Région wallonne","<5"
"2020-03-26","63020","Dison","Dison","Arrondissement Verviers","Arrondissement de Verviers","Provincie Luik","Province de Liège","Waals Gewest","Région wallonne","<5"
"2020-03-26","63023","Eupen","Eupen","Arrondissement Verviers","Arrondissement de Verviers","Provincie Luik","Province de Liège","Waals Gewest","Région wallonne","<5"
"2020-03-26","63035","Herve","Herve","Arrondissement Verviers","Arrondissement de Verviers","Provincie Luik","Province de Liège","Waals Gewest","Région wallonne","<5"
"2020-03-26","63067","Sankt Vith","Saint-Vith","Arrondissement Verviers","Arrondissement de Verviers","Provincie Luik","Province de Liège","Waals Gewest","Région wallonne","<5"
"2020-03-26","63073","Stavelot","Stavelot","Arrondissement Verviers","Arrondissement de Verviers","Provincie Luik","Province de Liège","Waals Gewest","Région wallonne","<5"
"2020-03-26","63076","Theux","Theux","Arrondissement Verviers","Arrondissement de Verviers","Provincie Luik","Province de Liège","Waals Gewest","Région wallonne","<5"
"2020-03-26","63079","Verviers","Verviers","Arrondissement Verviers","Arrondissement de Verviers","Provincie Luik","Province de Liège","Waals Gewest","Région wallonne","5"
"2020-03-26","63084","Welkenraedt","Welkenraedt","Arrondissement Verviers","Arrondissement de Verviers","Provincie Luik","Province de Liège","Waals Gewest","Région wallonne","<5"
"2020-03-26","63088","Plombières","Plombières","Arrondissement Verviers","Arrondissement de Verviers","Provincie Luik","Province de Liège","Waals Gewest","Région wallonne","<5"
"2020-03-26","64034","Hannuit","Hannut","Arrondissement Borgworm","Arrondissement de Waremme","Provincie Luik","Province de Liège","Waals Gewest","Région wallonne","<5"
"2020-03-26","64065","Saint-Georges-sur-Meuse","Saint-Georges-sur-Meuse","Arrondissement Borgworm","Arrondissement de Waremme","Provincie Luik","Province de Liège","Waals Gewest","Région wallonne","<5"
"2020-03-26","71002","As","As","Arrondissement Hasselt","Arrondissement de Hasselt","Provincie Limburg","Province du Limbourg","Vlaams Gewest","Région flamande","<5"
"2020-03-26","71004","Beringen","Beringen","Arrondissement Hasselt","Arrondissement de Hasselt","Provincie Limburg","Province du Limbourg","Vlaams Gewest","Région flamande","<5"
"2020-03-26","71011","Diepenbeek","Diepenbeek","Arrondissement Hasselt","Arrondissement de Hasselt","Provincie Limburg","Province du Limbourg","Vlaams Gewest","Région flamande","5"
"2020-03-26","71016","Genk","Genk","Arrondissement Hasselt","Arrondissement de Hasselt","Provincie Limburg","Province du Limbourg","Vlaams Gewest","Région flamande","16"
"2020-03-26","71017","Gingelom","Gingelom","Arrondissement Hasselt","Arrondissement de Hasselt","Provincie Limburg","Province du Limbourg","Vlaams Gewest","Région flamande","6"
"2020-03-26","71020","Halen","Halen","Arrondissement Hasselt","Arrondissement de Hasselt","Provincie Limburg","Province du Limbourg","Vlaams Gewest","Région flamande","6"
"2020-03-26","71022","Hasselt","Hasselt","Arrondissement Hasselt","Arrondissement de Hasselt","Provincie Limburg","Province du Limbourg","Vlaams Gewest","Région flamande","14"
"2020-03-26","71024","Herk-de-Stad","Herck-la-Ville","Arrondissement Hasselt","Arrondissement de Hasselt","Provincie Limburg","Province du Limbourg","Vlaams Gewest","Région flamande","<5"
"2020-03-26","71034","Leopoldsburg","Bourg-Léopold","Arrondissement Hasselt","Arrondissement de Hasselt","Provincie Limburg","Province du Limbourg","Vlaams Gewest","Région flamande","<5"
"2020-03-26","71037","Lummen","Lummen","Arrondissement Hasselt","Arrondissement de Hasselt","Provincie Limburg","Province du Limbourg","Vlaams Gewest","Région flamande","<5"
"2020-03-26","71045","Nieuwerkerken (Hasselt)","Nieuwerkerken (Hasselt)","Arrondissement Hasselt","Arrondissement de Hasselt","Provincie Limburg","Province du Limbourg","Vlaams Gewest","Région flamande","<5"
"2020-03-26","71053","Sint-Truiden","Saint-Trond","Arrondissement Hasselt","Arrondissement de Hasselt","Provincie Limburg","Province du Limbourg","Vlaams Gewest","Région flamande","21"
"2020-03-26","71057","Tessenderlo","Tessenderlo","Arrondissement Hasselt","Arrondissement de Hasselt","Provincie Limburg","Province du Limbourg","Vlaams Gewest","Région flamande","<5"
"2020-03-26","71066","Zonhoven","Zonhoven","Arrondissement Hasselt","Arrondissement de Hasselt","Provincie Limburg","Province du Limbourg","Vlaams Gewest","Région flamande","<5"
"2020-03-26","71069","Ham","Ham","Arrondissement Hasselt","Arrondissement de Hasselt","Provincie Limburg","Province du Limbourg","Vlaams Gewest","Région flamande","<5"
"2020-03-26","71070","Heusden-Zolder","Heusden-Zolder","Arrondissement Hasselt","Arrondissement de Hasselt","Provincie Limburg","Province du Limbourg","Vlaams Gewest","Région flamande","5"
"2020-03-26","72003","Bocholt","Bocholt","Arrondissement Maaseik","Arrondissement de Maaseik","Provincie Limburg","Province du Limbourg","Vlaams Gewest","Région flamande","<5"
"2020-03-26","72004","Bree","Bree","Arrondissement Maaseik","Arrondissement de Maaseik","Provincie Limburg","Province du Limbourg","Vlaams Gewest","Région flamande","<5"
"2020-03-26","72018","Kinrooi","Kinrooi","Arrondissement Maaseik","Arrondissement de Maaseik","Provincie Limburg","Province du Limbourg","Vlaams Gewest","Région flamande","<5"
"2020-03-26","72020","Lommel","Lommel","Arrondissement Maaseik","Arrondissement de Maaseik","Provincie Limburg","Province du Limbourg","Vlaams Gewest","Région flamande","<5"
"2020-03-26","72021","Maaseik","Maaseik","Arrondissement Maaseik","Arrondissement de Maaseik","Provincie Limburg","Province du Limbourg","Vlaams Gewest","Région flamande","5"
"2020-03-26","72030","Peer","Peer","Arrondissement Maaseik","Arrondissement de Maaseik","Provincie Limburg","Province du Limbourg","Vlaams Gewest","Région flamande","<5"
"2020-03-26","72037","Hamont-Achel","Hamont-Achel","Arrondissement Maaseik","Arrondissement de Maaseik","Provincie Limburg","Province du Limbourg","Vlaams Gewest","Région flamande","5"
"2020-03-26","72038","Hechtel-Eksel","Hechtel-Eksel","Arrondissement Maaseik","Arrondissement de Maaseik","Provincie Limburg","Province du Limbourg","Vlaams Gewest","Région flamande","<5"
"2020-03-26","72039","Houthalen-Helchteren","Houthalen-Helchteren","Arrondissement Maaseik","Arrondissement de Maaseik","Provincie Limburg","Province du Limbourg","Vlaams Gewest","Région flamande","<5"
"2020-03-26","72041","Dilsen-Stokkem","Dilsen-Stokkem","Arrondissement Maaseik","Arrondissement de Maaseik","Provincie Limburg","Province du Limbourg","Vlaams Gewest","Région flamande","<5"
"2020-03-26","72042","Oudsbergen","Oudsbergen","Arrondissement Maaseik","Arrondissement de Maaseik","Provincie Limburg","Province du Limbourg","Vlaams Gewest","Région flamande","<5"
"2020-03-26","72043","Pelt","Pelt","Arrondissement Maaseik","Arrondissement de Maaseik","Provincie Limburg","Province du Limbourg","Vlaams Gewest","Région flamande","5"
"2020-03-26","73001","Alken","Alken","Arrondissement Tongeren","Arrondissement de Tongres","Provincie Limburg","Province du Limbourg","Vlaams Gewest","Région flamande","10"
"2020-03-26","73006","Bilzen","Bilzen","Arrondissement Tongeren","Arrondissement de Tongres","Provincie Limburg","Province du Limbourg","Vlaams Gewest","Région flamande","<5"
"2020-03-26","73009","Borgloon","Looz","Arrondissement Tongeren","Arrondissement de Tongres","Provincie Limburg","Province du Limbourg","Vlaams Gewest","Région flamande","<5"
"2020-03-26","73032","Hoeselt","Hoeselt","Arrondissement Tongeren","Arrondissement de Tongres","Provincie Limburg","Province du Limbourg","Vlaams Gewest","Région flamande","<5"
"2020-03-26","73040","Kortessem","Kortessem","Arrondissement Tongeren","Arrondissement de Tongres","Provincie Limburg","Province du Limbourg","Vlaams Gewest","Région flamande","<5"
"2020-03-26","73042","Lanaken","Lanaken","Arrondissement Tongeren","Arrondissement de Tongres","Provincie Limburg","Province du Limbourg","Vlaams Gewest","Région flamande","9"
"2020-03-26","73066","Riemst","Riemst","Arrondissement Tongeren","Arrondissement de Tongres","Provincie Limburg","Province du Limbourg","Vlaams Gewest","Région flamande","<5"
"2020-03-26","73083","Tongeren","Tongres","Arrondissement Tongeren","Arrondissement de Tongres","Provincie Limburg","Province du Limbourg","Vlaams Gewest","Région flamande","9"
"2020-03-26","73098","Wellen","Wellen","Arrondissement Tongeren","Arrondissement de Tongres","Provincie Limburg","Province du Limbourg","Vlaams Gewest","Région flamande","5"
"2020-03-26","73107","Maasmechelen","Maasmechelen","Arrondissement Tongeren","Arrondissement de Tongres","Provincie Limburg","Province du Limbourg","Vlaams Gewest","Région flamande","5"
"2020-03-26","81001","Aarlen","Arlon","Arrondissement Aarlen","Arrondissement d’Arlon","Provincie Luxemburg","Province du Luxembourg","Waals Gewest","Région wallonne","7"
"2020-03-26","81004","Aubange","Aubange","Arrondissement Aarlen","Arrondissement d’Arlon","Provincie Luxemburg","Province du Luxembourg","Waals Gewest","Région wallonne","<5"
"2020-03-26","81015","Messancy","Messancy","Arrondissement Aarlen","Arrondissement d’Arlon","Provincie Luxemburg","Province du Luxembourg","Waals Gewest","Région wallonne","<5"
"2020-03-26","82003","Bastenaken","Bastogne","Arrondissement Bastenaken","Arrondissement de Bastogne","Provincie Luxemburg","Province du Luxembourg","Waals Gewest","Région wallonne","<5"
"2020-03-26","82014","Houffalize","Houffalize","Arrondissement Bastenaken","Arrondissement de Bastogne","Provincie Luxemburg","Province du Luxembourg","Waals Gewest","Région wallonne","<5"
"2020-03-26","82032","Vielsalm","Vielsalm","Arrondissement Bastenaken","Arrondissement de Bastogne","Provincie Luxemburg","Province du Luxembourg","Waals Gewest","Région wallonne","<5"
"2020-03-26","82036","Vaux-sur-Sûre","Vaux-sur-Sûre","Arrondissement Bastenaken","Arrondissement de Bastogne","Provincie Luxemburg","Province du Luxembourg","Waals Gewest","Région wallonne","<5"
"2020-03-26","82038","Sainte-Ode","Sainte-Ode","Arrondissement Bastenaken","Arrondissement de Bastogne","Provincie Luxemburg","Province du Luxembourg","Waals Gewest","Région wallonne","<5"
"2020-03-26","83013","Erezée","Erezée","Arrondissement Marche-en-Famenne","Arrondissement de Marche-en-Famenne","Provincie Luxemburg","Province du Luxembourg","Waals Gewest","Région wallonne","<5"
"2020-03-26","83028","Hotton","Hotton","Arrondissement Marche-en-Famenne","Arrondissement de Marche-en-Famenne","Provincie Luxemburg","Province du Luxembourg","Waals Gewest","Région wallonne","<5"
"2020-03-26","83034","Marche-en-Famenne","Marche-en-Famenne","Arrondissement Marche-en-Famenne","Arrondissement de Marche-en-Famenne","Provincie Luxemburg","Province du Luxembourg","Waals Gewest","Région wallonne","<5"
"2020-03-26","83055","Manhay","Manhay","Arrondissement Marche-en-Famenne","Arrondissement de Marche-en-Famenne","Provincie Luxemburg","Province du Luxembourg","Waals Gewest","Région wallonne","<5"
"2020-03-26","84009","Bertrix","Bertrix","Arrondissement Neufchâteau","Arrondissement de Neufchâteau","Provincie Luxemburg","Province du Luxembourg","Waals Gewest","Région wallonne","<5"
"2020-03-26","84010","Bouillon","Bouillon","Arrondissement Neufchâteau","Arrondissement de Neufchâteau","Provincie Luxemburg","Province du Luxembourg","Waals Gewest","Région wallonne","<5"
"2020-03-26","84033","Léglise","Léglise","Arrondissement Neufchâteau","Arrondissement de Neufchâteau","Provincie Luxemburg","Province du Luxembourg","Waals Gewest","Région wallonne","<5"
"2020-03-26","84043","Neufchâteau (Neufchâteau)","Neufchâteau (Neufchâteau)","Arrondissement Neufchâteau","Arrondissement de Neufchâteau","Provincie Luxemburg","Province du Luxembourg","Waals Gewest","Région wallonne","<5"
"2020-03-26","84050","Paliseul","Paliseul","Arrondissement Neufchâteau","Arrondissement de Neufchâteau","Provincie Luxemburg","Province du Luxembourg","Waals Gewest","Région wallonne","<5"
"2020-03-26","84077","Libramont-Chevigny","Libramont-Chevigny","Arrondissement Neufchâteau","Arrondissement de Neufchâteau","Provincie Luxemburg","Province du Luxembourg","Waals Gewest","Région wallonne","<5"
"2020-03-26","85009","Etalle","Etalle","Arrondissement Virton","Arrondissement de Virton","Provincie Luxemburg","Province du Luxembourg","Waals Gewest","Région wallonne","<5"
"2020-03-26","85011","Florenville","Florenville","Arrondissement Virton","Arrondissement de Virton","Provincie Luxemburg","Province du Luxembourg","Waals Gewest","Région wallonne","<5"
"2020-03-26","85026","Musson","Musson","Arrondissement Virton","Arrondissement de Virton","Provincie Luxemburg","Province du Luxembourg","Waals Gewest","Région wallonne","<5"
"2020-03-26","85034","Saint-Léger (Virton)","Saint-Léger (Virton)","Arrondissement Virton","Arrondissement de Virton","Provincie Luxemburg","Province du Luxembourg","Waals Gewest","Région wallonne","<5"
"2020-03-26","85045","Virton","Virton","Arrondissement Virton","Arrondissement de Virton","Provincie Luxemburg","Province du Luxembourg","Waals Gewest","Région wallonne","<5"
"2020-03-26","85046","Habay","Habay","Arrondissement Virton","Arrondissement de Virton","Provincie Luxemburg","Province du Luxembourg","Waals Gewest","Région wallonne","<5"
"2020-03-26","91005","Anhée","Anhée","Arrondissement Dinant","Arrondissement de Dinant","Provincie Namen","Province de Namur","Waals Gewest","Région wallonne","<5"
"2020-03-26","91030","Ciney","Ciney","Arrondissement Dinant","Arrondissement de Dinant","Provincie Namen","Province de Namur","Waals Gewest","Région wallonne","<5"
"2020-03-26","91034","Dinant","Dinant","Arrondissement Dinant","Arrondissement de Dinant","Provincie Namen","Province de Namur","Waals Gewest","Région wallonne","<5"
"2020-03-26","91054","Gedinne","Gedinne","Arrondissement Dinant","Arrondissement de Dinant","Provincie Namen","Province de Namur","Waals Gewest","Région wallonne","<5"
"2020-03-26","91064","Havelange","Havelange","Arrondissement Dinant","Arrondissement de Dinant","Provincie Namen","Province de Namur","Waals Gewest","Région wallonne","<5"
"2020-03-26","91103","Onhaye","Onhaye","Arrondissement Dinant","Arrondissement de Dinant","Provincie Namen","Province de Namur","Waals Gewest","Région wallonne","<5"
"2020-03-26","91141","Yvoir","Yvoir","Arrondissement Dinant","Arrondissement de Dinant","Provincie Namen","Province de Namur","Waals Gewest","Région wallonne","<5"
"2020-03-26","91142","Hastière","Hastière","Arrondissement Dinant","Arrondissement de Dinant","Provincie Namen","Province de Namur","Waals Gewest","Région wallonne","<5"
"2020-03-26","92003","Andenne","Andenne","Arrondissement Namen","Arrondissement de Namur","Provincie Namen","Province de Namur","Waals Gewest","Région wallonne","<5"
"2020-03-26","92006","Assesse","Assesse","Arrondissement Namen","Arrondissement de Namur","Provincie Namen","Province de Namur","Waals Gewest","Région wallonne","<5"
"2020-03-26","92035","Eghezée","Eghezée","Arrondissement Namen","Arrondissement de Namur","Provincie Namen","Province de Namur","Waals Gewest","Région wallonne","<5"
"2020-03-26","92045","Floreffe","Floreffe","Arrondissement Namen","Arrondissement de Namur","Provincie Namen","Province de Namur","Waals Gewest","Région wallonne","<5"
"2020-03-26","92048","Fosses-la-Ville","Fosses-la-Ville","Arrondissement Namen","Arrondissement de Namur","Provincie Namen","Province de Namur","Waals Gewest","Région wallonne","<5"
"2020-03-26","92094","Namen","Namur","Arrondissement Namen","Arrondissement de Namur","Provincie Namen","Province de Namur","Waals Gewest","Région wallonne","7"
"2020-03-26","92097","Ohey","Ohey","Arrondissement Namen","Arrondissement de Namur","Provincie Namen","Province de Namur","Waals Gewest","Région wallonne","<5"
"2020-03-26","92137","Sambreville","Sambreville","Arrondissement Namen","Arrondissement de Namur","Provincie Namen","Province de Namur","Waals Gewest","Région wallonne","<5"
"2020-03-26","92140","Jemeppe-sur-Sambre","Jemeppe-sur-Sambre","Arrondissement Namen","Arrondissement de Namur","Provincie Namen","Province de Namur","Waals Gewest","Région wallonne","<5"
"2020-03-26","93010","Cerfontaine","Cerfontaine","Arrondissement Philippeville","Arrondissement de Philippeville","Provincie Namen","Province de Namur","Waals Gewest","Région wallonne","<5"
"2020-03-26","93014","Couvin","Couvin","Arrondissement Philippeville","Arrondissement de Philippeville","Provincie Namen","Province de Namur","Waals Gewest","Région wallonne","<5"
"2020-03-26","93088","Walcourt","Walcourt","Arrondissement Philippeville","Arrondissement de Philippeville","Provincie Namen","Province de Namur","Waals Gewest","Région wallonne","<5"
"2020-03-26","93090","Viroinval","Viroinval","Arrondissement Philippeville","Arrondissement de Philippeville","Provincie Namen","Province de Namur","Waals Gewest","Région wallonne","<5"
"2020-03-26",NA,NA,NA,NA,NA,NA,NA,NA,NA,"17"
"2020-03-27","11001","Aartselaar","Aartselaar","Arrondissement Antwerpen","Arrondissement d’Anvers","Provincie Antwerpen","Province d’Anvers","Vlaams Gewest","Région flamande","<5"
"2020-03-27","11002","Antwerpen","Anvers","Arrondissement Antwerpen","Arrondissement d’Anvers","Provincie Antwerpen","Province d’Anvers","Vlaams Gewest","Région flamande","41"
"2020-03-27","11004","Boechout","Boechout","Arrondissement Antwerpen","Arrondissement d’Anvers","Provincie Antwerpen","Province d’Anvers","Vlaams Gewest","Région flamande","<5"
"2020-03-27","11005","Boom","Boom","Arrondissement Antwerpen","Arrondissement d’Anvers","Provincie Antwerpen","Province d’Anvers","Vlaams Gewest","Région flamande","<5"
"2020-03-27","11007","Borsbeek","Borsbeek","Arrondissement Antwerpen","Arrondissement d’Anvers","Provincie Antwerpen","Province d’Anvers","Vlaams Gewest","Région flamande","<5"
"2020-03-27","11008","Brasschaat","Brasschaat","Arrondissement Antwerpen","Arrondissement d’Anvers","Provincie Antwerpen","Province d’Anvers","Vlaams Gewest","Région flamande","<5"
"2020-03-27","11009","Brecht","Brecht","Arrondissement Antwerpen","Arrondissement d’Anvers","Provincie Antwerpen","Province d’Anvers","Vlaams Gewest","Région flamande","<5"
"2020-03-27","11013","Edegem","Edegem","Arrondissement Antwerpen","Arrondissement d’Anvers","Provincie Antwerpen","Province d’Anvers","Vlaams Gewest","Région flamande","6"
"2020-03-27","11016","Essen","Essen","Arrondissement Antwerpen","Arrondissement d’Anvers","Provincie Antwerpen","Province d’Anvers","Vlaams Gewest","Région flamande","<5"
"2020-03-27","11018","Hemiksem","Hemiksem","Arrondissement Antwerpen","Arrondissement d’Anvers","Provincie Antwerpen","Province d’Anvers","Vlaams Gewest","Région flamande","<5"
"2020-03-27","11021","Hove (Antwerpen)","Hove (Anvers)","Arrondissement Antwerpen","Arrondissement d’Anvers","Provincie Antwerpen","Province d’Anvers","Vlaams Gewest","Région flamande","<5"
"2020-03-27","11022","Kalmthout","Kalmthout","Arrondissement Antwerpen","Arrondissement d’Anvers","Provincie Antwerpen","Province d’Anvers","Vlaams Gewest","Région flamande","<5"
"2020-03-27","11023","Kapellen (Antwerpen)","Kapellen (Anvers)","Arrondissement Antwerpen","Arrondissement d’Anvers","Provincie Antwerpen","Province d’Anvers","Vlaams Gewest","Région flamande","<5"
"2020-03-27","11024","Kontich","Kontich","Arrondissement Antwerpen","Arrondissement d’Anvers","Provincie Antwerpen","Province d’Anvers","Vlaams Gewest","Région flamande","<5"
"2020-03-27","11035","Ranst","Ranst","Arrondissement Antwerpen","Arrondissement d’Anvers","Provincie Antwerpen","Province d’Anvers","Vlaams Gewest","Région flamande","<5"
"2020-03-27","11037","Rumst","Rumst","Arrondissement Antwerpen","Arrondissement d’Anvers","Provincie Antwerpen","Province d’Anvers","Vlaams Gewest","Région flamande","<5"
"2020-03-27","11038","Schelle","Schelle","Arrondissement Antwerpen","Arrondissement d’Anvers","Provincie Antwerpen","Province d’Anvers","Vlaams Gewest","Région flamande","<5"
"2020-03-27","11039","Schilde","Schilde","Arrondissement Antwerpen","Arrondissement d’Anvers","Provincie Antwerpen","Province d’Anvers","Vlaams Gewest","Région flamande","<5"
"2020-03-27","11040","Schoten","Schoten","Arrondissement Antwerpen","Arrondissement d’Anvers","Provincie Antwerpen","Province d’Anvers","Vlaams Gewest","Région flamande","<5"
"2020-03-27","11044","Stabroek","Stabroek","Arrondissement Antwerpen","Arrondissement d’Anvers","Provincie Antwerpen","Province d’Anvers","Vlaams Gewest","Région flamande","5"
"2020-03-27","11052","Wommelgem","Wommelgem","Arrondissement Antwerpen","Arrondissement d’Anvers","Provincie Antwerpen","Province d’Anvers","Vlaams Gewest","Région flamande","<5"
"2020-03-27","11053","Wuustwezel","Wuustwezel","Arrondissement Antwerpen","Arrondissement d’Anvers","Provincie Antwerpen","Province d’Anvers","Vlaams Gewest","Région flamande","<5"
"2020-03-27","11054","Zandhoven","Zandhoven","Arrondissement Antwerpen","Arrondissement d’Anvers","Provincie Antwerpen","Province d’Anvers","Vlaams Gewest","Région flamande","<5"
"2020-03-27","11055","Zoersel","Zoersel","Arrondissement Antwerpen","Arrondissement d’Anvers","Provincie Antwerpen","Province d’Anvers","Vlaams Gewest","Région flamande","<5"
"2020-03-27","11056","Zwijndrecht","Zwijndrecht","Arrondissement Antwerpen","Arrondissement d’Anvers","Provincie Antwerpen","Province d’Anvers","Vlaams Gewest","Région flamande","<5"
"2020-03-27","11057","Malle","Malle","Arrondissement Antwerpen","Arrondissement d’Anvers","Provincie Antwerpen","Province d’Anvers","Vlaams Gewest","Région flamande","<5"
"2020-03-27","12002","Berlaar","Berlaar","Arrondissement Mechelen","Arrondissement de Malines","Provincie Antwerpen","Province d’Anvers","Vlaams Gewest","Région flamande","<5"
"2020-03-27","12005","Bonheiden","Bonheiden","Arrondissement Mechelen","Arrondissement de Malines","Provincie Antwerpen","Province d’Anvers","Vlaams Gewest","Région flamande","<5"
"2020-03-27","12007","Bornem","Bornem","Arrondissement Mechelen","Arrondissement de Malines","Provincie Antwerpen","Province d’Anvers","Vlaams Gewest","Région flamande","<5"
"2020-03-27","12009","Duffel","Duffel","Arrondissement Mechelen","Arrondissement de Malines","Provincie Antwerpen","Province d’Anvers","Vlaams Gewest","Région flamande","<5"
"2020-03-27","12014","Heist-op-den-Berg","Heist-op-den-Berg","Arrondissement Mechelen","Arrondissement de Malines","Provincie Antwerpen","Province d’Anvers","Vlaams Gewest","Région flamande","5"
"2020-03-27","12021","Lier","Lierre","Arrondissement Mechelen","Arrondissement de Malines","Provincie Antwerpen","Province d’Anvers","Vlaams Gewest","Région flamande","<5"
"2020-03-27","12025","Mechelen","Malines","Arrondissement Mechelen","Arrondissement de Malines","Provincie Antwerpen","Province d’Anvers","Vlaams Gewest","Région flamande","9"
"2020-03-27","12026","Nijlen","Nijlen","Arrondissement Mechelen","Arrondissement de Malines","Provincie Antwerpen","Province d’Anvers","Vlaams Gewest","Région flamande","<5"
"2020-03-27","12035","Sint-Katelijne-Waver","Sint-Katelijne-Waver","Arrondissement Mechelen","Arrondissement de Malines","Provincie Antwerpen","Province d’Anvers","Vlaams Gewest","Région flamande","6"
"2020-03-27","12040","Willebroek","Willebroek","Arrondissement Mechelen","Arrondissement de Malines","Provincie Antwerpen","Province d’Anvers","Vlaams Gewest","Région flamande","<5"
"2020-03-27","12041","Puurs-Sint-Amands","Puurs-Sint-Amands","Arrondissement Mechelen","Arrondissement de Malines","Provincie Antwerpen","Province d’Anvers","Vlaams Gewest","Région flamande","<5"
"2020-03-27","13001","Arendonk","Arendonk","Arrondissement Turnhout","Arrondissement de Turnhout","Provincie Antwerpen","Province d’Anvers","Vlaams Gewest","Région flamande","<5"
"2020-03-27","13003","Balen","Balen","Arrondissement Turnhout","Arrondissement de Turnhout","Provincie Antwerpen","Province d’Anvers","Vlaams Gewest","Région flamande","<5"
"2020-03-27","13004","Beerse","Beerse","Arrondissement Turnhout","Arrondissement de Turnhout","Provincie Antwerpen","Province d’Anvers","Vlaams Gewest","Région flamande","<5"
"2020-03-27","13006","Dessel","Dessel","Arrondissement Turnhout","Arrondissement de Turnhout","Provincie Antwerpen","Province d’Anvers","Vlaams Gewest","Région flamande","<5"
"2020-03-27","13008","Geel","Geel","Arrondissement Turnhout","Arrondissement de Turnhout","Provincie Antwerpen","Province d’Anvers","Vlaams Gewest","Région flamande","7"
"2020-03-27","13010","Grobbendonk","Grobbendonk","Arrondissement Turnhout","Arrondissement de Turnhout","Provincie Antwerpen","Province d’Anvers","Vlaams Gewest","Région flamande","<5"
"2020-03-27","13011","Herentals","Herentals","Arrondissement Turnhout","Arrondissement de Turnhout","Provincie Antwerpen","Province d’Anvers","Vlaams Gewest","Région flamande","<5"
"2020-03-27","13013","Herselt","Herselt","Arrondissement Turnhout","Arrondissement de Turnhout","Provincie Antwerpen","Province d’Anvers","Vlaams Gewest","Région flamande","<5"
"2020-03-27","13014","Hoogstraten","Hoogstraten","Arrondissement Turnhout","Arrondissement de Turnhout","Provincie Antwerpen","Province d’Anvers","Vlaams Gewest","Région flamande","<5"
"2020-03-27","13016","Hulshout","Hulshout","Arrondissement Turnhout","Arrondissement de Turnhout","Provincie Antwerpen","Province d’Anvers","Vlaams Gewest","Région flamande","<5"
"2020-03-27","13017","Kasterlee","Kasterlee","Arrondissement Turnhout","Arrondissement de Turnhout","Provincie Antwerpen","Province d’Anvers","Vlaams Gewest","Région flamande","<5"
"2020-03-27","13019","Lille","Lille","Arrondissement Turnhout","Arrondissement de Turnhout","Provincie Antwerpen","Province d’Anvers","Vlaams Gewest","Région flamande","<5"
"2020-03-27","13021","Meerhout","Meerhout","Arrondissement Turnhout","Arrondissement de Turnhout","Provincie Antwerpen","Province d’Anvers","Vlaams Gewest","Région flamande","<5"
"2020-03-27","13025","Mol","Mol","Arrondissement Turnhout","Arrondissement de Turnhout","Provincie Antwerpen","Province d’Anvers","Vlaams Gewest","Région flamande","<5"
"2020-03-27","13031","Oud-Turnhout","Oud-Turnhout","Arrondissement Turnhout","Arrondissement de Turnhout","Provincie Antwerpen","Province d’Anvers","Vlaams Gewest","Région flamande","<5"
"2020-03-27","13035","Ravels","Ravels","Arrondissement Turnhout","Arrondissement de Turnhout","Provincie Antwerpen","Province d’Anvers","Vlaams Gewest","Région flamande","<5"
"2020-03-27","13036","Retie","Retie","Arrondissement Turnhout","Arrondissement de Turnhout","Provincie Antwerpen","Province d’Anvers","Vlaams Gewest","Région flamande","<5"
"2020-03-27","13037","Rijkevorsel","Rijkevorsel","Arrondissement Turnhout","Arrondissement de Turnhout","Provincie Antwerpen","Province d’Anvers","Vlaams Gewest","Région flamande","<5"
"2020-03-27","13040","Turnhout","Turnhout","Arrondissement Turnhout","Arrondissement de Turnhout","Provincie Antwerpen","Province d’Anvers","Vlaams Gewest","Région flamande","<5"
"2020-03-27","13044","Vorselaar","Vorselaar","Arrondissement Turnhout","Arrondissement de Turnhout","Provincie Antwerpen","Province d’Anvers","Vlaams Gewest","Région flamande","<5"
"2020-03-27","13046","Vosselaar","Vosselaar","Arrondissement Turnhout","Arrondissement de Turnhout","Provincie Antwerpen","Province d’Anvers","Vlaams Gewest","Région flamande","<5"
"2020-03-27","13049","Westerlo","Westerlo","Arrondissement Turnhout","Arrondissement de Turnhout","Provincie Antwerpen","Province d’Anvers","Vlaams Gewest","Région flamande","5"
"2020-03-27","13053","Laakdal","Laakdal","Arrondissement Turnhout","Arrondissement de Turnhout","Provincie Antwerpen","Province d’Anvers","Vlaams Gewest","Région flamande","<5"
"2020-03-27","21001","Anderlecht","Anderlecht","Arrondissement Brussel-Hoofdstad","Arrondissement de Bruxelles-Capitale",NA,NA,"Brussels Hoofdstedelijk Gewest","Région de Bruxelles-Capitale","31"
"2020-03-27","21002","Oudergem","Auderghem","Arrondissement Brussel-Hoofdstad","Arrondissement de Bruxelles-Capitale",NA,NA,"Brussels Hoofdstedelijk Gewest","Région de Bruxelles-Capitale","5"
"2020-03-27","21003","Sint-Agatha-Berchem","Berchem-Sainte-Agathe","Arrondissement Brussel-Hoofdstad","Arrondissement de Bruxelles-Capitale",NA,NA,"Brussels Hoofdstedelijk Gewest","Région de Bruxelles-Capitale","5"
"2020-03-27","21004","Brussel","Bruxelles","Arrondissement Brussel-Hoofdstad","Arrondissement de Bruxelles-Capitale",NA,NA,"Brussels Hoofdstedelijk Gewest","Région de Bruxelles-Capitale","13"
"2020-03-27","21005","Etterbeek","Etterbeek","Arrondissement Brussel-Hoofdstad","Arrondissement de Bruxelles-Capitale",NA,NA,"Brussels Hoofdstedelijk Gewest","Région de Bruxelles-Capitale","11"
"2020-03-27","21006","Evere","Evere","Arrondissement Brussel-Hoofdstad","Arrondissement de Bruxelles-Capitale",NA,NA,"Brussels Hoofdstedelijk Gewest","Région de Bruxelles-Capitale","<5"
"2020-03-27","21007","Vorst (Brussel-Hoofdstad)","Forest (Bruxelles-Capitale)","Arrondissement Brussel-Hoofdstad","Arrondissement de Bruxelles-Capitale",NA,NA,"Brussels Hoofdstedelijk Gewest","Région de Bruxelles-Capitale","5"
"2020-03-27","21008","Ganshoren","Ganshoren","Arrondissement Brussel-Hoofdstad","Arrondissement de Bruxelles-Capitale",NA,NA,"Brussels Hoofdstedelijk Gewest","Région de Bruxelles-Capitale","<5"
"2020-03-27","21009","Elsene","Ixelles","Arrondissement Brussel-Hoofdstad","Arrondissement de Bruxelles-Capitale",NA,NA,"Brussels Hoofdstedelijk Gewest","Région de Bruxelles-Capitale","9"
"2020-03-27","21010","Jette","Jette","Arrondissement Brussel-Hoofdstad","Arrondissement de Bruxelles-Capitale",NA,NA,"Brussels Hoofdstedelijk Gewest","Région de Bruxelles-Capitale","6"
"2020-03-27","21011","Koekelberg","Koekelberg","Arrondissement Brussel-Hoofdstad","Arrondissement de Bruxelles-Capitale",NA,NA,"Brussels Hoofdstedelijk Gewest","Région de Bruxelles-Capitale","<5"
"2020-03-27","21012","Sint-Jans-Molenbeek","Molenbeek-Saint-Jean","Arrondissement Brussel-Hoofdstad","Arrondissement de Bruxelles-Capitale",NA,NA,"Brussels Hoofdstedelijk Gewest","Région de Bruxelles-Capitale","13"
"2020-03-27","21013","Sint-Gillis","Saint-Gilles","Arrondissement Brussel-Hoofdstad","Arrondissement de Bruxelles-Capitale",NA,NA,"Brussels Hoofdstedelijk Gewest","Région de Bruxelles-Capitale","12"
"2020-03-27","21014","Sint-Joost-ten-Node","Saint-Josse-ten-Noode","Arrondissement Brussel-Hoofdstad","Arrondissement de Bruxelles-Capitale",NA,NA,"Brussels Hoofdstedelijk Gewest","Région de Bruxelles-Capitale","<5"
"2020-03-27","21015","Schaarbeek","Schaerbeek","Arrondissement Brussel-Hoofdstad","Arrondissement de Bruxelles-Capitale",NA,NA,"Brussels Hoofdstedelijk Gewest","Région de Bruxelles-Capitale","18"
"2020-03-27","21016","Ukkel","Uccle","Arrondissement Brussel-Hoofdstad","Arrondissement de Bruxelles-Capitale",NA,NA,"Brussels Hoofdstedelijk Gewest","Région de Bruxelles-Capitale","24"
"2020-03-27","21017","Watermaal-Bosvoorde","Watermael-Boitsfort","Arrondissement Brussel-Hoofdstad","Arrondissement de Bruxelles-Capitale",NA,NA,"Brussels Hoofdstedelijk Gewest","Région de Bruxelles-Capitale","<5"
"2020-03-27","21018","Sint-Lambrechts-Woluwe","Woluwe-Saint-Lambert","Arrondissement Brussel-Hoofdstad","Arrondissement de Bruxelles-Capitale",NA,NA,"Brussels Hoofdstedelijk Gewest","Région de Bruxelles-Capitale","13"
"2020-03-27","21019","Sint-Pieters-Woluwe","Woluwe-Saint-Pierre","Arrondissement Brussel-Hoofdstad","Arrondissement de Bruxelles-Capitale",NA,NA,"Brussels Hoofdstedelijk Gewest","Région de Bruxelles-Capitale","8"
"2020-03-27","23002","Asse","Asse","Arrondissement Halle-Vilvoorde","Arrondissement de Hal-Vilvorde","Provincie Vlaams-Brabant","Province du Brabant flamand","Vlaams Gewest","Région flamande","8"
"2020-03-27","23003","Beersel","Beersel","Arrondissement Halle-Vilvoorde","Arrondissement de Hal-Vilvorde","Provincie Vlaams-Brabant","Province du Brabant flamand","Vlaams Gewest","Région flamande","6"
"2020-03-27","23016","Dilbeek","Dilbeek","Arrondissement Halle-Vilvoorde","Arrondissement de Hal-Vilvorde","Provincie Vlaams-Brabant","Province du Brabant flamand","Vlaams Gewest","Région flamande","<5"
"2020-03-27","23023","Galmaarden","Gammerages","Arrondissement Halle-Vilvoorde","Arrondissement de Hal-Vilvorde","Provincie Vlaams-Brabant","Province du Brabant flamand","Vlaams Gewest","Région flamande","<5"
"2020-03-27","23025","Grimbergen","Grimbergen","Arrondissement Halle-Vilvoorde","Arrondissement de Hal-Vilvorde","Provincie Vlaams-Brabant","Province du Brabant flamand","Vlaams Gewest","Région flamande","6"
"2020-03-27","23027","Halle (Halle-Vilvoorde)","Hal (Hal-Vilvorde)","Arrondissement Halle-Vilvoorde","Arrondissement de Hal-Vilvorde","Provincie Vlaams-Brabant","Province du Brabant flamand","Vlaams Gewest","Région flamande","<5"
"2020-03-27","23033","Hoeilaart","Hoeilaart","Arrondissement Halle-Vilvoorde","Arrondissement de Hal-Vilvorde","Provincie Vlaams-Brabant","Province du Brabant flamand","Vlaams Gewest","Région flamande","<5"
"2020-03-27","23038","Kampenhout","Kampenhout","Arrondissement Halle-Vilvoorde","Arrondissement de Hal-Vilvorde","Provincie Vlaams-Brabant","Province du Brabant flamand","Vlaams Gewest","Région flamande","5"
"2020-03-27","23039","Kapelle-op-den-Bos","Kapelle-op-den-Bos","Arrondissement Halle-Vilvoorde","Arrondissement de Hal-Vilvorde","Provincie Vlaams-Brabant","Province du Brabant flamand","Vlaams Gewest","Région flamande","<5"
"2020-03-27","23045","Londerzeel","Londerzeel","Arrondissement Halle-Vilvoorde","Arrondissement de Hal-Vilvorde","Provincie Vlaams-Brabant","Province du Brabant flamand","Vlaams Gewest","Région flamande","<5"
"2020-03-27","23047","Machelen (Halle-Vilvoorde)","Machelen (Hal-Vilvorde)","Arrondissement Halle-Vilvoorde","Arrondissement de Hal-Vilvorde","Provincie Vlaams-Brabant","Province du Brabant flamand","Vlaams Gewest","Région flamande","<5"
"2020-03-27","23050","Meise","Meise","Arrondissement Halle-Vilvoorde","Arrondissement de Hal-Vilvorde","Provincie Vlaams-Brabant","Province du Brabant flamand","Vlaams Gewest","Région flamande","<5"
"2020-03-27","23052","Merchtem","Merchtem","Arrondissement Halle-Vilvoorde","Arrondissement de Hal-Vilvorde","Provincie Vlaams-Brabant","Province du Brabant flamand","Vlaams Gewest","Région flamande","<5"
"2020-03-27","23060","Opwijk","Opwijk","Arrondissement Halle-Vilvoorde","Arrondissement de Hal-Vilvorde","Provincie Vlaams-Brabant","Province du Brabant flamand","Vlaams Gewest","Région flamande","<5"
"2020-03-27","23062","Overijse","Overijse","Arrondissement Halle-Vilvoorde","Arrondissement de Hal-Vilvorde","Provincie Vlaams-Brabant","Province du Brabant flamand","Vlaams Gewest","Région flamande","<5"
"2020-03-27","23064","Pepingen","Pepingen","Arrondissement Halle-Vilvoorde","Arrondissement de Hal-Vilvorde","Provincie Vlaams-Brabant","Province du Brabant flamand","Vlaams Gewest","Région flamande","<5"
"2020-03-27","23077","Sint-Pieters-Leeuw","Sint-Pieters-Leeuw","Arrondissement Halle-Vilvoorde","Arrondissement de Hal-Vilvorde","Provincie Vlaams-Brabant","Province du Brabant flamand","Vlaams Gewest","Région flamande","<5"
"2020-03-27","23081","Steenokkerzeel","Steenokkerzeel","Arrondissement Halle-Vilvoorde","Arrondissement de Hal-Vilvorde","Provincie Vlaams-Brabant","Province du Brabant flamand","Vlaams Gewest","Région flamande","<5"
"2020-03-27","23086","Ternat","Ternat","Arrondissement Halle-Vilvoorde","Arrondissement de Hal-Vilvorde","Provincie Vlaams-Brabant","Province du Brabant flamand","Vlaams Gewest","Région flamande","<5"
"2020-03-27","23088","Vilvoorde","Vilvorde","Arrondissement Halle-Vilvoorde","Arrondissement de Hal-Vilvorde","Provincie Vlaams-Brabant","Province du Brabant flamand","Vlaams Gewest","Région flamande","6"
"2020-03-27","23094","Zaventem","Zaventem","Arrondissement Halle-Vilvoorde","Arrondissement de Hal-Vilvorde","Provincie Vlaams-Brabant","Province du Brabant flamand","Vlaams Gewest","Région flamande","<5"
"2020-03-27","23096","Zemst","Zemst","Arrondissement Halle-Vilvoorde","Arrondissement de Hal-Vilvorde","Provincie Vlaams-Brabant","Province du Brabant flamand","Vlaams Gewest","Région flamande","5"
"2020-03-27","23097","Roosdaal","Roosdaal","Arrondissement Halle-Vilvoorde","Arrondissement de Hal-Vilvorde","Provincie Vlaams-Brabant","Province du Brabant flamand","Vlaams Gewest","Région flamande","<5"
"2020-03-27","23098","Drogenbos","Drogenbos","Arrondissement Halle-Vilvoorde","Arrondissement de Hal-Vilvorde","Provincie Vlaams-Brabant","Province du Brabant flamand","Vlaams Gewest","Région flamande","<5"
"2020-03-27","23099","Kraainem","Kraainem","Arrondissement Halle-Vilvoorde","Arrondissement de Hal-Vilvorde","Provincie Vlaams-Brabant","Province du Brabant flamand","Vlaams Gewest","Région flamande","<5"
"2020-03-27","23100","Linkebeek","Linkebeek","Arrondissement Halle-Vilvoorde","Arrondissement de Hal-Vilvorde","Provincie Vlaams-Brabant","Province du Brabant flamand","Vlaams Gewest","Région flamande","<5"
"2020-03-27","23101","Sint-Genesius-Rode","Rhode-Saint-Genèse","Arrondissement Halle-Vilvoorde","Arrondissement de Hal-Vilvorde","Provincie Vlaams-Brabant","Province du Brabant flamand","Vlaams Gewest","Région flamande","<5"
"2020-03-27","23102","Wemmel","Wemmel","Arrondissement Halle-Vilvoorde","Arrondissement de Hal-Vilvorde","Provincie Vlaams-Brabant","Province du Brabant flamand","Vlaams Gewest","Région flamande","<5"
"2020-03-27","23105","Affligem","Affligem","Arrondissement Halle-Vilvoorde","Arrondissement de Hal-Vilvorde","Provincie Vlaams-Brabant","Province du Brabant flamand","Vlaams Gewest","Région flamande","<5"
"2020-03-27","24001","Aarschot","Aarschot","Arrondissement Leuven","Arrondissement de Louvain","Provincie Vlaams-Brabant","Province du Brabant flamand","Vlaams Gewest","Région flamande","5"
"2020-03-27","24007","Begijnendijk","Begijnendijk","Arrondissement Leuven","Arrondissement de Louvain","Provincie Vlaams-Brabant","Province du Brabant flamand","Vlaams Gewest","Région flamande","<5"
"2020-03-27","24009","Bertem","Bertem","Arrondissement Leuven","Arrondissement de Louvain","Provincie Vlaams-Brabant","Province du Brabant flamand","Vlaams Gewest","Région flamande","<5"
"2020-03-27","24020","Diest","Diest","Arrondissement Leuven","Arrondissement de Louvain","Provincie Vlaams-Brabant","Province du Brabant flamand","Vlaams Gewest","Région flamande","5"
"2020-03-27","24028","Geetbets","Geetbets","Arrondissement Leuven","Arrondissement de Louvain","Provincie Vlaams-Brabant","Province du Brabant flamand","Vlaams Gewest","Région flamande","<5"
"2020-03-27","24033","Haacht","Haacht","Arrondissement Leuven","Arrondissement de Louvain","Provincie Vlaams-Brabant","Province du Brabant flamand","Vlaams Gewest","Région flamande","<5"
"2020-03-27","24038","Herent","Herent","Arrondissement Leuven","Arrondissement de Louvain","Provincie Vlaams-Brabant","Province du Brabant flamand","Vlaams Gewest","Région flamande","<5"
"2020-03-27","24041","Hoegaarden","Hoegaarden","Arrondissement Leuven","Arrondissement de Louvain","Provincie Vlaams-Brabant","Province du Brabant flamand","Vlaams Gewest","Région flamande","<5"
"2020-03-27","24043","Holsbeek","Holsbeek","Arrondissement Leuven","Arrondissement de Louvain","Provincie Vlaams-Brabant","Province du Brabant flamand","Vlaams Gewest","Région flamande","<5"
"2020-03-27","24045","Huldenberg","Huldenberg","Arrondissement Leuven","Arrondissement de Louvain","Provincie Vlaams-Brabant","Province du Brabant flamand","Vlaams Gewest","Région flamande","<5"
"2020-03-27","24048","Keerbergen","Keerbergen","Arrondissement Leuven","Arrondissement de Louvain","Provincie Vlaams-Brabant","Province du Brabant flamand","Vlaams Gewest","Région flamande","<5"
"2020-03-27","24054","Kortenaken","Kortenaken","Arrondissement Leuven","Arrondissement de Louvain","Provincie Vlaams-Brabant","Province du Brabant flamand","Vlaams Gewest","Région flamande","<5"
"2020-03-27","24055","Kortenberg","Kortenberg","Arrondissement Leuven","Arrondissement de Louvain","Provincie Vlaams-Brabant","Province du Brabant flamand","Vlaams Gewest","Région flamande","<5"
"2020-03-27","24059","Landen","Landen","Arrondissement Leuven","Arrondissement de Louvain","Provincie Vlaams-Brabant","Province du Brabant flamand","Vlaams Gewest","Région flamande","<5"
"2020-03-27","24062","Leuven","Louvain","Arrondissement Leuven","Arrondissement de Louvain","Provincie Vlaams-Brabant","Province du Brabant flamand","Vlaams Gewest","Région flamande","14"
"2020-03-27","24066","Lubbeek","Lubbeek","Arrondissement Leuven","Arrondissement de Louvain","Provincie Vlaams-Brabant","Province du Brabant flamand","Vlaams Gewest","Région flamande","6"
"2020-03-27","24086","Oud-Heverlee","Oud-Heverlee","Arrondissement Leuven","Arrondissement de Louvain","Provincie Vlaams-Brabant","Province du Brabant flamand","Vlaams Gewest","Région flamande","<5"
"2020-03-27","24094","Rotselaar","Rotselaar","Arrondissement Leuven","Arrondissement de Louvain","Provincie Vlaams-Brabant","Province du Brabant flamand","Vlaams Gewest","Région flamande","5"
"2020-03-27","24104","Tervuren","Tervuren","Arrondissement Leuven","Arrondissement de Louvain","Provincie Vlaams-Brabant","Province du Brabant flamand","Vlaams Gewest","Région flamande","<5"
"2020-03-27","24107","Tienen","Tirlemont","Arrondissement Leuven","Arrondissement de Louvain","Provincie Vlaams-Brabant","Province du Brabant flamand","Vlaams Gewest","Région flamande","<5"
"2020-03-27","24109","Tremelo","Tremelo","Arrondissement Leuven","Arrondissement de Louvain","Provincie Vlaams-Brabant","Province du Brabant flamand","Vlaams Gewest","Région flamande","<5"
"2020-03-27","24130","Zoutleeuw","Léau","Arrondissement Leuven","Arrondissement de Louvain","Provincie Vlaams-Brabant","Province du Brabant flamand","Vlaams Gewest","Région flamande","5"
"2020-03-27","24133","Linter","Linter","Arrondissement Leuven","Arrondissement de Louvain","Provincie Vlaams-Brabant","Province du Brabant flamand","Vlaams Gewest","Région flamande","<5"
"2020-03-27","24134","Scherpenheuvel-Zichem","Montaigu-Zichem","Arrondissement Leuven","Arrondissement de Louvain","Provincie Vlaams-Brabant","Province du Brabant flamand","Vlaams Gewest","Région flamande","<5"
"2020-03-27","24135","Tielt-Winge","Tielt-Winge","Arrondissement Leuven","Arrondissement de Louvain","Provincie Vlaams-Brabant","Province du Brabant flamand","Vlaams Gewest","Région flamande","<5"
"2020-03-27","24137","Glabbeek","Glabbeek","Arrondissement Leuven","Arrondissement de Louvain","Provincie Vlaams-Brabant","Province du Brabant flamand","Vlaams Gewest","Région flamande","<5"
"2020-03-27","25014","Eigenbrakel","Braine-l’Alleud","Arrondissement Nijvel","Arrondissement de Nivelles","Provincie Waals-Brabant","Province du Brabant wallon","Waals Gewest","Région wallonne","<5"
"2020-03-27","25015","Kasteelbrakel","Braine-le-Château","Arrondissement Nijvel","Arrondissement de Nivelles","Provincie Waals-Brabant","Province du Brabant wallon","Waals Gewest","Région wallonne","<5"
"2020-03-27","25018","Chaumont-Gistoux","Chaumont-Gistoux","Arrondissement Nijvel","Arrondissement de Nivelles","Provincie Waals-Brabant","Province du Brabant wallon","Waals Gewest","Région wallonne","<5"
"2020-03-27","25023","Court-Saint-Etienne","Court-Saint-Etienne","Arrondissement Nijvel","Arrondissement de Nivelles","Provincie Waals-Brabant","Province du Brabant wallon","Waals Gewest","Région wallonne","<5"
"2020-03-27","25031","Genepiën","Genappe","Arrondissement Nijvel","Arrondissement de Nivelles","Provincie Waals-Brabant","Province du Brabant wallon","Waals Gewest","Région wallonne","<5"
"2020-03-27","25037","Graven","Grez-Doiceau","Arrondissement Nijvel","Arrondissement de Nivelles","Provincie Waals-Brabant","Province du Brabant wallon","Waals Gewest","Région wallonne","<5"
"2020-03-27","25043","Incourt","Incourt","Arrondissement Nijvel","Arrondissement de Nivelles","Provincie Waals-Brabant","Province du Brabant wallon","Waals Gewest","Région wallonne","<5"
"2020-03-27","25044","Itter","Ittre","Arrondissement Nijvel","Arrondissement de Nivelles","Provincie Waals-Brabant","Province du Brabant wallon","Waals Gewest","Région wallonne","<5"
"2020-03-27","25048","Geldenaken","Jodoigne","Arrondissement Nijvel","Arrondissement de Nivelles","Provincie Waals-Brabant","Province du Brabant wallon","Waals Gewest","Région wallonne","<5"
"2020-03-27","25050","Terhulpen","La Hulpe","Arrondissement Nijvel","Arrondissement de Nivelles","Provincie Waals-Brabant","Province du Brabant wallon","Waals Gewest","Région wallonne","<5"
"2020-03-27","25072","Nijvel","Nivelles","Arrondissement Nijvel","Arrondissement de Nivelles","Provincie Waals-Brabant","Province du Brabant wallon","Waals Gewest","Région wallonne","5"
"2020-03-27","25084","Perwijs (Nijvel)","Perwez (Nivelles)","Arrondissement Nijvel","Arrondissement de Nivelles","Provincie Waals-Brabant","Province du Brabant wallon","Waals Gewest","Région wallonne","<5"
"2020-03-27","25091","Rixensart","Rixensart","Arrondissement Nijvel","Arrondissement de Nivelles","Provincie Waals-Brabant","Province du Brabant wallon","Waals Gewest","Région wallonne","<5"
"2020-03-27","25105","Tubeke","Tubize","Arrondissement Nijvel","Arrondissement de Nivelles","Provincie Waals-Brabant","Province du Brabant wallon","Waals Gewest","Région wallonne","<5"
"2020-03-27","25107","Villers-la-Ville","Villers-la-Ville","Arrondissement Nijvel","Arrondissement de Nivelles","Provincie Waals-Brabant","Province du Brabant wallon","Waals Gewest","Région wallonne","<5"
"2020-03-27","25110","Waterloo","Waterloo","Arrondissement Nijvel","Arrondissement de Nivelles","Provincie Waals-Brabant","Province du Brabant wallon","Waals Gewest","Région wallonne","<5"
"2020-03-27","25112","Waver","Wavre","Arrondissement Nijvel","Arrondissement de Nivelles","Provincie Waals-Brabant","Province du Brabant wallon","Waals Gewest","Région wallonne","<5"
"2020-03-27","25118","Hélécine","Hélécine","Arrondissement Nijvel","Arrondissement de Nivelles","Provincie Waals-Brabant","Province du Brabant wallon","Waals Gewest","Région wallonne","<5"
"2020-03-27","25119","Lasne","Lasne","Arrondissement Nijvel","Arrondissement de Nivelles","Provincie Waals-Brabant","Province du Brabant wallon","Waals Gewest","Région wallonne","<5"
"2020-03-27","25121","Ottignies-Louvain-la-Neuve","Ottignies-Louvain-la-Neuve","Arrondissement Nijvel","Arrondissement de Nivelles","Provincie Waals-Brabant","Province du Brabant wallon","Waals Gewest","Région wallonne","<5"
"2020-03-27","31003","Beernem","Beernem","Arrondissement Brugge","Arrondissement de Bruges","Provincie West-Vlaanderen","Province de Flandre occidentale","Vlaams Gewest","Région flamande","<5"
"2020-03-27","31004","Blankenberge","Blankenberge","Arrondissement Brugge","Arrondissement de Bruges","Provincie West-Vlaanderen","Province de Flandre occidentale","Vlaams Gewest","Région flamande","<5"
"2020-03-27","31005","Brugge","Bruges","Arrondissement Brugge","Arrondissement de Bruges","Provincie West-Vlaanderen","Province de Flandre occidentale","Vlaams Gewest","Région flamande","13"
"2020-03-27","31006","Damme","Damme","Arrondissement Brugge","Arrondissement de Bruges","Provincie West-Vlaanderen","Province de Flandre occidentale","Vlaams Gewest","Région flamande","<5"
"2020-03-27","31033","Torhout","Torhout","Arrondissement Brugge","Arrondissement de Bruges","Provincie West-Vlaanderen","Province de Flandre occidentale","Vlaams Gewest","Région flamande","<5"
"2020-03-27","31040","Zedelgem","Zedelgem","Arrondissement Brugge","Arrondissement de Bruges","Provincie West-Vlaanderen","Province de Flandre occidentale","Vlaams Gewest","Région flamande","<5"
"2020-03-27","31043","Knokke-Heist","Knokke-Heist","Arrondissement Brugge","Arrondissement de Bruges","Provincie West-Vlaanderen","Province de Flandre occidentale","Vlaams Gewest","Région flamande","8"
"2020-03-27","32003","Diksmuide","Dixmude","Arrondissement Diksmuide","Arrondissement de Dixmude","Provincie West-Vlaanderen","Province de Flandre occidentale","Vlaams Gewest","Région flamande","<5"
"2020-03-27","32011","Kortemark","Kortemark","Arrondissement Diksmuide","Arrondissement de Dixmude","Provincie West-Vlaanderen","Province de Flandre occidentale","Vlaams Gewest","Région flamande","<5"
"2020-03-27","32030","Lo-Reninge","Lo-Reninge","Arrondissement Diksmuide","Arrondissement de Dixmude","Provincie West-Vlaanderen","Province de Flandre occidentale","Vlaams Gewest","Région flamande","<5"
"2020-03-27","33011","Ieper","Ypres","Arrondissement Ieper","Arrondissement d’Ypres","Provincie West-Vlaanderen","Province de Flandre occidentale","Vlaams Gewest","Région flamande","7"
"2020-03-27","33021","Poperinge","Poperinge","Arrondissement Ieper","Arrondissement d’Ypres","Provincie West-Vlaanderen","Province de Flandre occidentale","Vlaams Gewest","Région flamande","<5"
"2020-03-27","33029","Wervik","Wervik","Arrondissement Ieper","Arrondissement d’Ypres","Provincie West-Vlaanderen","Province de Flandre occidentale","Vlaams Gewest","Région flamande","<5"
"2020-03-27","33037","Zonnebeke","Zonnebeke","Arrondissement Ieper","Arrondissement d’Ypres","Provincie West-Vlaanderen","Province de Flandre occidentale","Vlaams Gewest","Région flamande","<5"
"2020-03-27","34002","Anzegem","Anzegem","Arrondissement Kortrijk","Arrondissement de Courtrai","Provincie West-Vlaanderen","Province de Flandre occidentale","Vlaams Gewest","Région flamande","<5"
"2020-03-27","34003","Avelgem","Avelgem","Arrondissement Kortrijk","Arrondissement de Courtrai","Provincie West-Vlaanderen","Province de Flandre occidentale","Vlaams Gewest","Région flamande","<5"
"2020-03-27","34009","Deerlijk","Deerlijk","Arrondissement Kortrijk","Arrondissement de Courtrai","Provincie West-Vlaanderen","Province de Flandre occidentale","Vlaams Gewest","Région flamande","<5"
"2020-03-27","34013","Harelbeke","Harelbeke","Arrondissement Kortrijk","Arrondissement de Courtrai","Provincie West-Vlaanderen","Province de Flandre occidentale","Vlaams Gewest","Région flamande","13"
"2020-03-27","34022","Kortrijk","Courtrai","Arrondissement Kortrijk","Arrondissement de Courtrai","Provincie West-Vlaanderen","Province de Flandre occidentale","Vlaams Gewest","Région flamande","11"
"2020-03-27","34023","Kuurne","Kuurne","Arrondissement Kortrijk","Arrondissement de Courtrai","Provincie West-Vlaanderen","Province de Flandre occidentale","Vlaams Gewest","Région flamande","<5"
"2020-03-27","34027","Menen","Menin","Arrondissement Kortrijk","Arrondissement de Courtrai","Provincie West-Vlaanderen","Province de Flandre occidentale","Vlaams Gewest","Région flamande","8"
"2020-03-27","34040","Waregem","Waregem","Arrondissement Kortrijk","Arrondissement de Courtrai","Provincie West-Vlaanderen","Province de Flandre occidentale","Vlaams Gewest","Région flamande","13"
"2020-03-27","34041","Wevelgem","Wevelgem","Arrondissement Kortrijk","Arrondissement de Courtrai","Provincie West-Vlaanderen","Province de Flandre occidentale","Vlaams Gewest","Région flamande","<5"
"2020-03-27","34042","Zwevegem","Zwevegem","Arrondissement Kortrijk","Arrondissement de Courtrai","Provincie West-Vlaanderen","Province de Flandre occidentale","Vlaams Gewest","Région flamande","6"
"2020-03-27","35002","Bredene","Bredene","Arrondissement Oostende","Arrondissement d’Ostende","Provincie West-Vlaanderen","Province de Flandre occidentale","Vlaams Gewest","Région flamande","<5"
"2020-03-27","35005","Gistel","Gistel","Arrondissement Oostende","Arrondissement d’Ostende","Provincie West-Vlaanderen","Province de Flandre occidentale","Vlaams Gewest","Région flamande","<5"
"2020-03-27","35006","Ichtegem","Ichtegem","Arrondissement Oostende","Arrondissement d’Ostende","Provincie West-Vlaanderen","Province de Flandre occidentale","Vlaams Gewest","Région flamande","<5"
"2020-03-27","35011","Middelkerke","Middelkerke","Arrondissement Oostende","Arrondissement d’Ostende","Provincie West-Vlaanderen","Province de Flandre occidentale","Vlaams Gewest","Région flamande","<5"
"2020-03-27","35013","Oostende","Ostende","Arrondissement Oostende","Arrondissement d’Ostende","Provincie West-Vlaanderen","Province de Flandre occidentale","Vlaams Gewest","Région flamande","<5"
"2020-03-27","35014","Oudenburg","Oudenburg","Arrondissement Oostende","Arrondissement d’Ostende","Provincie West-Vlaanderen","Province de Flandre occidentale","Vlaams Gewest","Région flamande","<5"
"2020-03-27","35029","De Haan","De Haan","Arrondissement Oostende","Arrondissement d’Ostende","Provincie West-Vlaanderen","Province de Flandre occidentale","Vlaams Gewest","Région flamande","<5"
"2020-03-27","36006","Hooglede","Hooglede","Arrondissement Roeselare","Arrondissement de Roulers","Provincie West-Vlaanderen","Province de Flandre occidentale","Vlaams Gewest","Région flamande","<5"
"2020-03-27","36007","Ingelmunster","Ingelmunster","Arrondissement Roeselare","Arrondissement de Roulers","Provincie West-Vlaanderen","Province de Flandre occidentale","Vlaams Gewest","Région flamande","<5"
"2020-03-27","36008","Izegem","Izegem","Arrondissement Roeselare","Arrondissement de Roulers","Provincie West-Vlaanderen","Province de Flandre occidentale","Vlaams Gewest","Région flamande","6"
"2020-03-27","36010","Ledegem","Ledegem","Arrondissement Roeselare","Arrondissement de Roulers","Provincie West-Vlaanderen","Province de Flandre occidentale","Vlaams Gewest","Région flamande","<5"
"2020-03-27","36011","Lichtervelde","Lichtervelde","Arrondissement Roeselare","Arrondissement de Roulers","Provincie West-Vlaanderen","Province de Flandre occidentale","Vlaams Gewest","Région flamande","<5"
"2020-03-27","36012","Moorslede","Moorslede","Arrondissement Roeselare","Arrondissement de Roulers","Provincie West-Vlaanderen","Province de Flandre occidentale","Vlaams Gewest","Région flamande","<5"
"2020-03-27","36015","Roeselare","Roulers","Arrondissement Roeselare","Arrondissement de Roulers","Provincie West-Vlaanderen","Province de Flandre occidentale","Vlaams Gewest","Région flamande","12"
"2020-03-27","36019","Staden","Staden","Arrondissement Roeselare","Arrondissement de Roulers","Provincie West-Vlaanderen","Province de Flandre occidentale","Vlaams Gewest","Région flamande","<5"
"2020-03-27","37002","Dentergem","Dentergem","Arrondissement Tielt","Arrondissement de Tielt","Provincie West-Vlaanderen","Province de Flandre occidentale","Vlaams Gewest","Région flamande","<5"
"2020-03-27","37007","Meulebeke","Meulebeke","Arrondissement Tielt","Arrondissement de Tielt","Provincie West-Vlaanderen","Province de Flandre occidentale","Vlaams Gewest","Région flamande","<5"
"2020-03-27","37010","Oostrozebeke","Oostrozebeke","Arrondissement Tielt","Arrondissement de Tielt","Provincie West-Vlaanderen","Province de Flandre occidentale","Vlaams Gewest","Région flamande","<5"
"2020-03-27","37011","Pittem","Pittem","Arrondissement Tielt","Arrondissement de Tielt","Provincie West-Vlaanderen","Province de Flandre occidentale","Vlaams Gewest","Région flamande","<5"
"2020-03-27","37015","Tielt (Tielt)","Tielt (Tielt)","Arrondissement Tielt","Arrondissement de Tielt","Provincie West-Vlaanderen","Province de Flandre occidentale","Vlaams Gewest","Région flamande","<5"
"2020-03-27","37017","Wielsbeke","Wielsbeke","Arrondissement Tielt","Arrondissement de Tielt","Provincie West-Vlaanderen","Province de Flandre occidentale","Vlaams Gewest","Région flamande","<5"
"2020-03-27","37018","Wingene","Wingene","Arrondissement Tielt","Arrondissement de Tielt","Provincie West-Vlaanderen","Province de Flandre occidentale","Vlaams Gewest","Région flamande","5"
"2020-03-27","37020","Ardooie","Ardooie","Arrondissement Tielt","Arrondissement de Tielt","Provincie West-Vlaanderen","Province de Flandre occidentale","Vlaams Gewest","Région flamande","<5"
"2020-03-27","38002","Alveringem","Alveringem","Arrondissement Veurne","Arrondissement de Furnes","Provincie West-Vlaanderen","Province de Flandre occidentale","Vlaams Gewest","Région flamande","<5"
"2020-03-27","38014","Koksijde","Koksijde","Arrondissement Veurne","Arrondissement de Furnes","Provincie West-Vlaanderen","Province de Flandre occidentale","Vlaams Gewest","Région flamande","<5"
"2020-03-27","38016","Nieuwpoort","Nieuport","Arrondissement Veurne","Arrondissement de Furnes","Provincie West-Vlaanderen","Province de Flandre occidentale","Vlaams Gewest","Région flamande","<5"
"2020-03-27","41002","Aalst (Aalst)","Alost (Alost)","Arrondissement Aalst","Arrondissement d’Alost","Provincie Oost-Vlaanderen","Province de Flandre orientale","Vlaams Gewest","Région flamande","16"
"2020-03-27","41011","Denderleeuw","Denderleeuw","Arrondissement Aalst","Arrondissement d’Alost","Provincie Oost-Vlaanderen","Province de Flandre orientale","Vlaams Gewest","Région flamande","5"
"2020-03-27","41018","Geraardsbergen","Grammont","Arrondissement Aalst","Arrondissement d’Alost","Provincie Oost-Vlaanderen","Province de Flandre orientale","Vlaams Gewest","Région flamande","5"
"2020-03-27","41024","Haaltert","Haaltert","Arrondissement Aalst","Arrondissement d’Alost","Provincie Oost-Vlaanderen","Province de Flandre orientale","Vlaams Gewest","Région flamande","<5"
"2020-03-27","41027","Herzele","Herzele","Arrondissement Aalst","Arrondissement d’Alost","Provincie Oost-Vlaanderen","Province de Flandre orientale","Vlaams Gewest","Région flamande","<5"
"2020-03-27","41048","Ninove","Ninove","Arrondissement Aalst","Arrondissement d’Alost","Provincie Oost-Vlaanderen","Province de Flandre orientale","Vlaams Gewest","Région flamande","8"
"2020-03-27","41063","Sint-Lievens-Houtem","Sint-Lievens-Houtem","Arrondissement Aalst","Arrondissement d’Alost","Provincie Oost-Vlaanderen","Province de Flandre orientale","Vlaams Gewest","Région flamande","<5"
"2020-03-27","41081","Zottegem","Zottegem","Arrondissement Aalst","Arrondissement d’Alost","Provincie Oost-Vlaanderen","Province de Flandre orientale","Vlaams Gewest","Région flamande","<5"
"2020-03-27","41082","Erpe-Mere","Erpe-Mere","Arrondissement Aalst","Arrondissement d’Alost","Provincie Oost-Vlaanderen","Province de Flandre orientale","Vlaams Gewest","Région flamande","<5"
"2020-03-27","42003","Berlare","Berlare","Arrondissement Dendermonde","Arrondissement de Termonde","Provincie Oost-Vlaanderen","Province de Flandre orientale","Vlaams Gewest","Région flamande","<5"
"2020-03-27","42004","Buggenhout","Buggenhout","Arrondissement Dendermonde","Arrondissement de Termonde","Provincie Oost-Vlaanderen","Province de Flandre orientale","Vlaams Gewest","Région flamande","<5"
"2020-03-27","42006","Dendermonde","Termonde","Arrondissement Dendermonde","Arrondissement de Termonde","Provincie Oost-Vlaanderen","Province de Flandre orientale","Vlaams Gewest","Région flamande","7"
"2020-03-27","42008","Hamme (Dendermonde)","Hamme (Termonde)","Arrondissement Dendermonde","Arrondissement de Termonde","Provincie Oost-Vlaanderen","Province de Flandre orientale","Vlaams Gewest","Région flamande","<5"
"2020-03-27","42010","Laarne","Laarne","Arrondissement Dendermonde","Arrondissement de Termonde","Provincie Oost-Vlaanderen","Province de Flandre orientale","Vlaams Gewest","Région flamande","<5"
"2020-03-27","42011","Lebbeke","Lebbeke","Arrondissement Dendermonde","Arrondissement de Termonde","Provincie Oost-Vlaanderen","Province de Flandre orientale","Vlaams Gewest","Région flamande","<5"
"2020-03-27","42023","Waasmunster","Waasmunster","Arrondissement Dendermonde","Arrondissement de Termonde","Provincie Oost-Vlaanderen","Province de Flandre orientale","Vlaams Gewest","Région flamande","<5"
"2020-03-27","42025","Wetteren","Wetteren","Arrondissement Dendermonde","Arrondissement de Termonde","Provincie Oost-Vlaanderen","Province de Flandre orientale","Vlaams Gewest","Région flamande","13"
"2020-03-27","42026","Wichelen","Wichelen","Arrondissement Dendermonde","Arrondissement de Termonde","Provincie Oost-Vlaanderen","Province de Flandre orientale","Vlaams Gewest","Région flamande","<5"
"2020-03-27","42028","Zele","Zele","Arrondissement Dendermonde","Arrondissement de Termonde","Provincie Oost-Vlaanderen","Province de Flandre orientale","Vlaams Gewest","Région flamande","<5"
"2020-03-27","43002","Assenede","Assenede","Arrondissement Eeklo","Arrondissement d’Eeklo","Provincie Oost-Vlaanderen","Province de Flandre orientale","Vlaams Gewest","Région flamande","<5"
"2020-03-27","43005","Eeklo","Eeklo","Arrondissement Eeklo","Arrondissement d’Eeklo","Provincie Oost-Vlaanderen","Province de Flandre orientale","Vlaams Gewest","Région flamande","<5"
"2020-03-27","43007","Kaprijke","Kaprijke","Arrondissement Eeklo","Arrondissement d’Eeklo","Provincie Oost-Vlaanderen","Province de Flandre orientale","Vlaams Gewest","Région flamande","<5"
"2020-03-27","43010","Maldegem","Maldegem","Arrondissement Eeklo","Arrondissement d’Eeklo","Provincie Oost-Vlaanderen","Province de Flandre orientale","Vlaams Gewest","Région flamande","<5"
"2020-03-27","43014","Sint-Laureins","Sint-Laureins","Arrondissement Eeklo","Arrondissement d’Eeklo","Provincie Oost-Vlaanderen","Province de Flandre orientale","Vlaams Gewest","Région flamande","<5"
"2020-03-27","44012","De Pinte","De Pinte","Arrondissement Gent","Arrondissement de Gand","Provincie Oost-Vlaanderen","Province de Flandre orientale","Vlaams Gewest","Région flamande","<5"
"2020-03-27","44013","Destelbergen","Destelbergen","Arrondissement Gent","Arrondissement de Gand","Provincie Oost-Vlaanderen","Province de Flandre orientale","Vlaams Gewest","Région flamande","<5"
"2020-03-27","44019","Evergem","Evergem","Arrondissement Gent","Arrondissement de Gand","Provincie Oost-Vlaanderen","Province de Flandre orientale","Vlaams Gewest","Région flamande","6"
"2020-03-27","44020","Gavere","Gavere","Arrondissement Gent","Arrondissement de Gand","Provincie Oost-Vlaanderen","Province de Flandre orientale","Vlaams Gewest","Région flamande","<5"
"2020-03-27","44021","Gent","Gand","Arrondissement Gent","Arrondissement de Gand","Provincie Oost-Vlaanderen","Province de Flandre orientale","Vlaams Gewest","Région flamande","21"
"2020-03-27","44040","Melle","Melle","Arrondissement Gent","Arrondissement de Gand","Provincie Oost-Vlaanderen","Province de Flandre orientale","Vlaams Gewest","Région flamande","<5"
"2020-03-27","44043","Merelbeke","Merelbeke","Arrondissement Gent","Arrondissement de Gand","Provincie Oost-Vlaanderen","Province de Flandre orientale","Vlaams Gewest","Région flamande","<5"
"2020-03-27","44045","Moerbeke (Gent)","Moerbeke (Gand)","Arrondissement Gent","Arrondissement de Gand","Provincie Oost-Vlaanderen","Province de Flandre orientale","Vlaams Gewest","Région flamande","<5"
"2020-03-27","44052","Oosterzele","Oosterzele","Arrondissement Gent","Arrondissement de Gand","Provincie Oost-Vlaanderen","Province de Flandre orientale","Vlaams Gewest","Région flamande","<5"
"2020-03-27","44064","Sint-Martens-Latem","Sint-Martens-Latem","Arrondissement Gent","Arrondissement de Gand","Provincie Oost-Vlaanderen","Province de Flandre orientale","Vlaams Gewest","Région flamande","<5"
"2020-03-27","44073","Wachtebeke","Wachtebeke","Arrondissement Gent","Arrondissement de Gand","Provincie Oost-Vlaanderen","Province de Flandre orientale","Vlaams Gewest","Région flamande","<5"
"2020-03-27","44081","Zulte","Zulte","Arrondissement Gent","Arrondissement de Gand","Provincie Oost-Vlaanderen","Province de Flandre orientale","Vlaams Gewest","Région flamande","<5"
"2020-03-27","44083","Deinze","Deinze","Arrondissement Gent","Arrondissement de Gand","Provincie Oost-Vlaanderen","Province de Flandre orientale","Vlaams Gewest","Région flamande","<5"
"2020-03-27","44084","Aalter","Aalter","Arrondissement Gent","Arrondissement de Gand","Provincie Oost-Vlaanderen","Province de Flandre orientale","Vlaams Gewest","Région flamande","<5"
"2020-03-27","44085","Lievegem","Lievegem","Arrondissement Gent","Arrondissement de Gand","Provincie Oost-Vlaanderen","Province de Flandre orientale","Vlaams Gewest","Région flamande","<5"
"2020-03-27","45035","Oudenaarde","Audenarde","Arrondissement Oudenaarde","Arrondissement d’Audenarde","Provincie Oost-Vlaanderen","Province de Flandre orientale","Vlaams Gewest","Région flamande","<5"
"2020-03-27","45041","Ronse","Renaix","Arrondissement Oudenaarde","Arrondissement d’Audenarde","Provincie Oost-Vlaanderen","Province de Flandre orientale","Vlaams Gewest","Région flamande","33"
"2020-03-27","45059","Brakel","Brakel","Arrondissement Oudenaarde","Arrondissement d’Audenarde","Provincie Oost-Vlaanderen","Province de Flandre orientale","Vlaams Gewest","Région flamande","<5"
"2020-03-27","45060","Kluisbergen","Kluisbergen","Arrondissement Oudenaarde","Arrondissement d’Audenarde","Provincie Oost-Vlaanderen","Province de Flandre orientale","Vlaams Gewest","Région flamande","<5"
"2020-03-27","45064","Maarkedal","Maarkedal","Arrondissement Oudenaarde","Arrondissement d’Audenarde","Provincie Oost-Vlaanderen","Province de Flandre orientale","Vlaams Gewest","Région flamande","<5"
"2020-03-27","45065","Zwalm","Zwalin","Arrondissement Oudenaarde","Arrondissement d’Audenarde","Provincie Oost-Vlaanderen","Province de Flandre orientale","Vlaams Gewest","Région flamande","<5"
"2020-03-27","45068","Kruisem","Kruisem","Arrondissement Oudenaarde","Arrondissement d’Audenarde","Provincie Oost-Vlaanderen","Province de Flandre orientale","Vlaams Gewest","Région flamande","<5"
"2020-03-27","46003","Beveren (Sint-Niklaas)","Beveren (Saint-Nicolas)","Arrondissement Sint-Niklaas","Arrondissement de Saint-Nicolas","Provincie Oost-Vlaanderen","Province de Flandre orientale","Vlaams Gewest","Région flamande","<5"
"2020-03-27","46013","Kruibeke","Kruibeke","Arrondissement Sint-Niklaas","Arrondissement de Saint-Nicolas","Provincie Oost-Vlaanderen","Province de Flandre orientale","Vlaams Gewest","Région flamande","<5"
"2020-03-27","46014","Lokeren","Lokeren","Arrondissement Sint-Niklaas","Arrondissement de Saint-Nicolas","Provincie Oost-Vlaanderen","Province de Flandre orientale","Vlaams Gewest","Région flamande","7"
"2020-03-27","46020","Sint-Gillis-Waas","Sint-Gillis-Waas","Arrondissement Sint-Niklaas","Arrondissement de Saint-Nicolas","Provincie Oost-Vlaanderen","Province de Flandre orientale","Vlaams Gewest","Région flamande","<5"
"2020-03-27","46021","Sint-Niklaas (Sint-Niklaas)","Saint-Nicolas (Saint-Nicolas)","Arrondissement Sint-Niklaas","Arrondissement de Saint-Nicolas","Provincie Oost-Vlaanderen","Province de Flandre orientale","Vlaams Gewest","Région flamande","16"
"2020-03-27","46024","Stekene","Stekene","Arrondissement Sint-Niklaas","Arrondissement de Saint-Nicolas","Provincie Oost-Vlaanderen","Province de Flandre orientale","Vlaams Gewest","Région flamande","5"
"2020-03-27","46025","Temse","Tamise","Arrondissement Sint-Niklaas","Arrondissement de Saint-Nicolas","Provincie Oost-Vlaanderen","Province de Flandre orientale","Vlaams Gewest","Région flamande","<5"
"2020-03-27","51004","Aat","Ath","Arrondissement Aat","Arrondissement d’Ath","Provincie Henegouwen","Province du Hainaut","Waals Gewest","Région wallonne","<5"
"2020-03-27","51012","Brugelette","Brugelette","Arrondissement Aat","Arrondissement d’Ath","Provincie Henegouwen","Province du Hainaut","Waals Gewest","Région wallonne","<5"
"2020-03-27","51017","Elzele","Ellezelles","Arrondissement Aat","Arrondissement d’Ath","Provincie Henegouwen","Province du Hainaut","Waals Gewest","Région wallonne","<5"
"2020-03-27","51065","Frasnes-lez-Anvaing","Frasnes-lez-Anvaing","Arrondissement Aat","Arrondissement d’Ath","Provincie Henegouwen","Province du Hainaut","Waals Gewest","Région wallonne","<5"
"2020-03-27","51067","Edingen","Enghien","Arrondissement Aat","Arrondissement d’Ath","Provincie Henegouwen","Province du Hainaut","Waals Gewest","Région wallonne","<5"
"2020-03-27","51069","Lessen","Lessines","Arrondissement Aat","Arrondissement d’Ath","Provincie Henegouwen","Province du Hainaut","Waals Gewest","Région wallonne","<5"
"2020-03-27","52011","Charleroi","Charleroi","Arrondissement Charleroi","Arrondissement de Charleroi","Provincie Henegouwen","Province du Hainaut","Waals Gewest","Région wallonne","15"
"2020-03-27","52012","Châtelet","Châtelet","Arrondissement Charleroi","Arrondissement de Charleroi","Provincie Henegouwen","Province du Hainaut","Waals Gewest","Région wallonne","<5"
"2020-03-27","52015","Courcelles","Courcelles","Arrondissement Charleroi","Arrondissement de Charleroi","Provincie Henegouwen","Province du Hainaut","Waals Gewest","Région wallonne","<5"
"2020-03-27","52018","Farciennes","Farciennes","Arrondissement Charleroi","Arrondissement de Charleroi","Provincie Henegouwen","Province du Hainaut","Waals Gewest","Région wallonne","<5"
"2020-03-27","52022","Fontaine-l’Evêque","Fontaine-l’Evêque","Arrondissement Charleroi","Arrondissement de Charleroi","Provincie Henegouwen","Province du Hainaut","Waals Gewest","Région wallonne","<5"
"2020-03-27","52055","Pont-à-Celles","Pont-à-Celles","Arrondissement Charleroi","Arrondissement de Charleroi","Provincie Henegouwen","Province du Hainaut","Waals Gewest","Région wallonne","<5"
"2020-03-27","52075","Les Bons Villers","Les Bons Villers","Arrondissement Charleroi","Arrondissement de Charleroi","Provincie Henegouwen","Province du Hainaut","Waals Gewest","Région wallonne","<5"
"2020-03-27","53014","Boussu","Boussu","Arrondissement Bergen","Arrondissement de Mons","Provincie Henegouwen","Province du Hainaut","Waals Gewest","Région wallonne","7"
"2020-03-27","53020","Dour","Dour","Arrondissement Bergen","Arrondissement de Mons","Provincie Henegouwen","Province du Hainaut","Waals Gewest","Région wallonne","9"
"2020-03-27","53028","Frameries","Frameries","Arrondissement Bergen","Arrondissement de Mons","Provincie Henegouwen","Province du Hainaut","Waals Gewest","Région wallonne","<5"
"2020-03-27","53039","Hensies","Hensies","Arrondissement Bergen","Arrondissement de Mons","Provincie Henegouwen","Province du Hainaut","Waals Gewest","Région wallonne","<5"
"2020-03-27","53044","Jurbeke","Jurbise","Arrondissement Bergen","Arrondissement de Mons","Provincie Henegouwen","Province du Hainaut","Waals Gewest","Région wallonne","<5"
"2020-03-27","53053","Bergen","Mons","Arrondissement Bergen","Arrondissement de Mons","Provincie Henegouwen","Province du Hainaut","Waals Gewest","Région wallonne","16"
"2020-03-27","53065","Quaregnon","Quaregnon","Arrondissement Bergen","Arrondissement de Mons","Provincie Henegouwen","Province du Hainaut","Waals Gewest","Région wallonne","<5"
"2020-03-27","53068","Quiévrain","Quiévrain","Arrondissement Bergen","Arrondissement de Mons","Provincie Henegouwen","Province du Hainaut","Waals Gewest","Région wallonne","<5"
"2020-03-27","53070","Saint-Ghislain","Saint-Ghislain","Arrondissement Bergen","Arrondissement de Mons","Provincie Henegouwen","Province du Hainaut","Waals Gewest","Région wallonne","<5"
"2020-03-27","53082","Colfontaine","Colfontaine","Arrondissement Bergen","Arrondissement de Mons","Provincie Henegouwen","Province du Hainaut","Waals Gewest","Région wallonne","<5"
"2020-03-27","53084","Quévy","Quévy","Arrondissement Bergen","Arrondissement de Mons","Provincie Henegouwen","Province du Hainaut","Waals Gewest","Région wallonne","<5"
"2020-03-27","55004","’s Gravenbrakel","Braine-le-Comte","Arrondissement Zinnik","Arrondissement de Soignies","Provincie Henegouwen","Province du Hainaut","Waals Gewest","Région wallonne","<5"
"2020-03-27","55035","Le Roeulx","Le Roeulx","Arrondissement Zinnik","Arrondissement de Soignies","Provincie Henegouwen","Province du Hainaut","Waals Gewest","Région wallonne","<5"
"2020-03-27","55040","Zinnik","Soignies","Arrondissement Zinnik","Arrondissement de Soignies","Provincie Henegouwen","Province du Hainaut","Waals Gewest","Région wallonne","<5"
"2020-03-27","55085","Seneffe","Seneffe","Arrondissement Zinnik","Arrondissement de Soignies","Provincie Henegouwen","Province du Hainaut","Waals Gewest","Région wallonne","<5"
"2020-03-27","55086","Manage","Manage","Arrondissement Zinnik","Arrondissement de Soignies","Provincie Henegouwen","Province du Hainaut","Waals Gewest","Région wallonne","<5"
"2020-03-27","56001","Anderlues","Anderlues","Arrondissement Thuin","Arrondissement de Thuin","Provincie Henegouwen","Province du Hainaut","Waals Gewest","Région wallonne","<5"
"2020-03-27","56005","Beaumont","Beaumont","Arrondissement Thuin","Arrondissement de Thuin","Provincie Henegouwen","Province du Hainaut","Waals Gewest","Région wallonne","<5"
"2020-03-27","56016","Chimay","Chimay","Arrondissement Thuin","Arrondissement de Thuin","Provincie Henegouwen","Province du Hainaut","Waals Gewest","Région wallonne","<5"
"2020-03-27","56044","Lobbes","Lobbes","Arrondissement Thuin","Arrondissement de Thuin","Provincie Henegouwen","Province du Hainaut","Waals Gewest","Région wallonne","<5"
"2020-03-27","56049","Merbes-le-Château","Merbes-le-Château","Arrondissement Thuin","Arrondissement de Thuin","Provincie Henegouwen","Province du Hainaut","Waals Gewest","Région wallonne","<5"
"2020-03-27","56051","Momignies","Momignies","Arrondissement Thuin","Arrondissement de Thuin","Provincie Henegouwen","Province du Hainaut","Waals Gewest","Région wallonne","<5"
"2020-03-27","57018","Celles (Doornik)","Celles (Tournai)","Arrondissement Doornik-Moeskroen","Arrondissement de Tournai-Mouscron","Provincie Henegouwen","Province du Hainaut","Waals Gewest","Région wallonne","<5"
"2020-03-27","57027","Estaimpuis","Estaimpuis","Arrondissement Doornik-Moeskroen","Arrondissement de Tournai-Mouscron","Provincie Henegouwen","Province du Hainaut","Waals Gewest","Région wallonne","<5"
"2020-03-27","57064","Péruwelz","Péruwelz","Arrondissement Doornik-Moeskroen","Arrondissement de Tournai-Mouscron","Provincie Henegouwen","Province du Hainaut","Waals Gewest","Région wallonne","<5"
"2020-03-27","57072","Rumes","Rumes","Arrondissement Doornik-Moeskroen","Arrondissement de Tournai-Mouscron","Provincie Henegouwen","Province du Hainaut","Waals Gewest","Région wallonne","<5"
"2020-03-27","57081","Doornik","Tournai","Arrondissement Doornik-Moeskroen","Arrondissement de Tournai-Mouscron","Provincie Henegouwen","Province du Hainaut","Waals Gewest","Région wallonne","7"
"2020-03-27","57094","Leuze-en-Hainaut","Leuze-en-Hainaut","Arrondissement Doornik-Moeskroen","Arrondissement de Tournai-Mouscron","Provincie Henegouwen","Province du Hainaut","Waals Gewest","Région wallonne","<5"
"2020-03-27","57096","Moeskroen","Mouscron","Arrondissement Doornik-Moeskroen","Arrondissement de Tournai-Mouscron","Provincie Henegouwen","Province du Hainaut","Waals Gewest","Région wallonne","<5"
"2020-03-27","57097","Komen-Waasten","Comines-Warneton","Arrondissement Doornik-Moeskroen","Arrondissement de Tournai-Mouscron","Provincie Henegouwen","Province du Hainaut","Waals Gewest","Région wallonne","<5"
"2020-03-27","58001","La Louvière","La Louvière","Arrondissement La Louvière","Arrondissement de La Louvière","Provincie Henegouwen","Province du Hainaut","Waals Gewest","Région wallonne","8"
"2020-03-27","58002","Binche","Binche","Arrondissement La Louvière","Arrondissement de La Louvière","Provincie Henegouwen","Province du Hainaut","Waals Gewest","Région wallonne","8"
"2020-03-27","58003","Estinnes","Estinnes","Arrondissement La Louvière","Arrondissement de La Louvière","Provincie Henegouwen","Province du Hainaut","Waals Gewest","Région wallonne","<5"
"2020-03-27","58004","Morlanwelz","Morlanwelz","Arrondissement La Louvière","Arrondissement de La Louvière","Provincie Henegouwen","Province du Hainaut","Waals Gewest","Région wallonne","<5"
"2020-03-27","61003","Amay","Amay","Arrondissement Hoei","Arrondissement de Huy","Provincie Luik","Province de Liège","Waals Gewest","Région wallonne","<5"
"2020-03-27","61010","Burdinne","Burdinne","Arrondissement Hoei","Arrondissement de Huy","Provincie Luik","Province de Liège","Waals Gewest","Région wallonne","<5"
"2020-03-27","61019","Ferrières","Ferrières","Arrondissement Hoei","Arrondissement de Huy","Provincie Luik","Province de Liège","Waals Gewest","Région wallonne","<5"
"2020-03-27","61031","Hoei","Huy","Arrondissement Hoei","Arrondissement de Huy","Provincie Luik","Province de Liège","Waals Gewest","Région wallonne","<5"
"2020-03-27","61039","Marchin","Marchin","Arrondissement Hoei","Arrondissement de Huy","Provincie Luik","Province de Liège","Waals Gewest","Région wallonne","<5"
"2020-03-27","61041","Modave","Modave","Arrondissement Hoei","Arrondissement de Huy","Provincie Luik","Province de Liège","Waals Gewest","Région wallonne","<5"
"2020-03-27","61048","Ouffet","Ouffet","Arrondissement Hoei","Arrondissement de Huy","Provincie Luik","Province de Liège","Waals Gewest","Région wallonne","<5"
"2020-03-27","61068","Villers-Le-Bouillet","Villers-Le-Bouillet","Arrondissement Hoei","Arrondissement de Huy","Provincie Luik","Province de Liège","Waals Gewest","Région wallonne","<5"
"2020-03-27","61072","Wanze","Wanze","Arrondissement Hoei","Arrondissement de Huy","Provincie Luik","Province de Liège","Waals Gewest","Région wallonne","<5"
"2020-03-27","62003","Ans","Ans","Arrondissement Luik","Arrondissement de Liège","Provincie Luik","Province de Liège","Waals Gewest","Région wallonne","<5"
"2020-03-27","62006","Awans","Awans","Arrondissement Luik","Arrondissement de Liège","Provincie Luik","Province de Liège","Waals Gewest","Région wallonne","<5"
"2020-03-27","62015","Beyne-Heusay","Beyne-Heusay","Arrondissement Luik","Arrondissement de Liège","Provincie Luik","Province de Liège","Waals Gewest","Région wallonne","<5"
"2020-03-27","62022","Chaudfontaine","Chaudfontaine","Arrondissement Luik","Arrondissement de Liège","Provincie Luik","Province de Liège","Waals Gewest","Région wallonne","<5"
"2020-03-27","62026","Comblain-au-Pont","Comblain-au-Pont","Arrondissement Luik","Arrondissement de Liège","Provincie Luik","Province de Liège","Waals Gewest","Région wallonne","<5"
"2020-03-27","62027","Dalhem","Dalhem","Arrondissement Luik","Arrondissement de Liège","Provincie Luik","Province de Liège","Waals Gewest","Région wallonne","<5"
"2020-03-27","62032","Esneux","Esneux","Arrondissement Luik","Arrondissement de Liège","Provincie Luik","Province de Liège","Waals Gewest","Région wallonne","<5"
"2020-03-27","62038","Fléron","Fléron","Arrondissement Luik","Arrondissement de Liège","Provincie Luik","Province de Liège","Waals Gewest","Région wallonne","<5"
"2020-03-27","62051","Herstal","Herstal","Arrondissement Luik","Arrondissement de Liège","Provincie Luik","Province de Liège","Waals Gewest","Région wallonne","<5"
"2020-03-27","62060","Juprelle","Juprelle","Arrondissement Luik","Arrondissement de Liège","Provincie Luik","Province de Liège","Waals Gewest","Région wallonne","<5"
"2020-03-27","62063","Luik","Liège","Arrondissement Luik","Arrondissement de Liège","Provincie Luik","Province de Liège","Waals Gewest","Région wallonne","20"
"2020-03-27","62079","Oupeye","Oupeye","Arrondissement Luik","Arrondissement de Liège","Provincie Luik","Province de Liège","Waals Gewest","Région wallonne","<5"
"2020-03-27","62093","Saint-Nicolas (Luik)","Saint-Nicolas (Liège)","Arrondissement Luik","Arrondissement de Liège","Provincie Luik","Province de Liège","Waals Gewest","Région wallonne","<5"
"2020-03-27","62096","Seraing","Seraing","Arrondissement Luik","Arrondissement de Liège","Provincie Luik","Province de Liège","Waals Gewest","Région wallonne","7"
"2020-03-27","62099","Soumagne","Soumagne","Arrondissement Luik","Arrondissement de Liège","Provincie Luik","Province de Liège","Waals Gewest","Région wallonne","<5"
"2020-03-27","62100","Sprimont","Sprimont","Arrondissement Luik","Arrondissement de Liège","Provincie Luik","Province de Liège","Waals Gewest","Région wallonne","<5"
"2020-03-27","62108","Wezet","Visé","Arrondissement Luik","Arrondissement de Liège","Provincie Luik","Province de Liège","Waals Gewest","Région wallonne","<5"
"2020-03-27","62118","Grâce-Hollogne","Grâce-Hollogne","Arrondissement Luik","Arrondissement de Liège","Provincie Luik","Province de Liège","Waals Gewest","Région wallonne","<5"
"2020-03-27","62120","Flémalle","Flémalle","Arrondissement Luik","Arrondissement de Liège","Provincie Luik","Province de Liège","Waals Gewest","Région wallonne","9"
"2020-03-27","62122","Trooz","Trooz","Arrondissement Luik","Arrondissement de Liège","Provincie Luik","Province de Liège","Waals Gewest","Région wallonne","<5"
"2020-03-27","63020","Dison","Dison","Arrondissement Verviers","Arrondissement de Verviers","Provincie Luik","Province de Liège","Waals Gewest","Région wallonne","<5"
"2020-03-27","63035","Herve","Herve","Arrondissement Verviers","Arrondissement de Verviers","Provincie Luik","Province de Liège","Waals Gewest","Région wallonne","<5"
"2020-03-27","63038","Jalhay","Jalhay","Arrondissement Verviers","Arrondissement de Verviers","Provincie Luik","Province de Liège","Waals Gewest","Région wallonne","<5"
"2020-03-27","63040","Kelmis","La Calamine","Arrondissement Verviers","Arrondissement de Verviers","Provincie Luik","Province de Liège","Waals Gewest","Région wallonne","<5"
"2020-03-27","63045","Lierneux","Lierneux","Arrondissement Verviers","Arrondissement de Verviers","Provincie Luik","Province de Liège","Waals Gewest","Région wallonne","<5"
"2020-03-27","63057","Olne","Olne","Arrondissement Verviers","Arrondissement de Verviers","Provincie Luik","Province de Liège","Waals Gewest","Région wallonne","<5"
"2020-03-27","63061","Raeren","Raeren","Arrondissement Verviers","Arrondissement de Verviers","Provincie Luik","Province de Liège","Waals Gewest","Région wallonne","<5"
"2020-03-27","63079","Verviers","Verviers","Arrondissement Verviers","Arrondissement de Verviers","Provincie Luik","Province de Liège","Waals Gewest","Région wallonne","<5"
"2020-03-27","63088","Plombières","Plombières","Arrondissement Verviers","Arrondissement de Verviers","Provincie Luik","Province de Liège","Waals Gewest","Région wallonne","<5"
"2020-03-27","64021","Crisnée","Crisnée","Arrondissement Borgworm","Arrondissement de Waremme","Provincie Luik","Province de Liège","Waals Gewest","Région wallonne","<5"
"2020-03-27","64034","Hannuit","Hannut","Arrondissement Borgworm","Arrondissement de Waremme","Provincie Luik","Province de Liège","Waals Gewest","Région wallonne","<5"
"2020-03-27","64074","Borgworm","Waremme","Arrondissement Borgworm","Arrondissement de Waremme","Provincie Luik","Province de Liège","Waals Gewest","Région wallonne","<5"
"2020-03-27","71004","Beringen","Beringen","Arrondissement Hasselt","Arrondissement de Hasselt","Provincie Limburg","Province du Limbourg","Vlaams Gewest","Région flamande","<5"
"2020-03-27","71011","Diepenbeek","Diepenbeek","Arrondissement Hasselt","Arrondissement de Hasselt","Provincie Limburg","Province du Limbourg","Vlaams Gewest","Région flamande","10"
"2020-03-27","71016","Genk","Genk","Arrondissement Hasselt","Arrondissement de Hasselt","Provincie Limburg","Province du Limbourg","Vlaams Gewest","Région flamande","21"
"2020-03-27","71017","Gingelom","Gingelom","Arrondissement Hasselt","Arrondissement de Hasselt","Provincie Limburg","Province du Limbourg","Vlaams Gewest","Région flamande","<5"
"2020-03-27","71020","Halen","Halen","Arrondissement Hasselt","Arrondissement de Hasselt","Provincie Limburg","Province du Limbourg","Vlaams Gewest","Région flamande","<5"
"2020-03-27","71022","Hasselt","Hasselt","Arrondissement Hasselt","Arrondissement de Hasselt","Provincie Limburg","Province du Limbourg","Vlaams Gewest","Région flamande","24"
"2020-03-27","71024","Herk-de-Stad","Herck-la-Ville","Arrondissement Hasselt","Arrondissement de Hasselt","Provincie Limburg","Province du Limbourg","Vlaams Gewest","Région flamande","<5"
"2020-03-27","71034","Leopoldsburg","Bourg-Léopold","Arrondissement Hasselt","Arrondissement de Hasselt","Provincie Limburg","Province du Limbourg","Vlaams Gewest","Région flamande","<5"
"2020-03-27","71037","Lummen","Lummen","Arrondissement Hasselt","Arrondissement de Hasselt","Provincie Limburg","Province du Limbourg","Vlaams Gewest","Région flamande","5"
"2020-03-27","71045","Nieuwerkerken (Hasselt)","Nieuwerkerken (Hasselt)","Arrondissement Hasselt","Arrondissement de Hasselt","Provincie Limburg","Province du Limbourg","Vlaams Gewest","Région flamande","<5"
"2020-03-27","71053","Sint-Truiden","Saint-Trond","Arrondissement Hasselt","Arrondissement de Hasselt","Provincie Limburg","Province du Limbourg","Vlaams Gewest","Région flamande","22"
"2020-03-27","71057","Tessenderlo","Tessenderlo","Arrondissement Hasselt","Arrondissement de Hasselt","Provincie Limburg","Province du Limbourg","Vlaams Gewest","Région flamande","<5"
"2020-03-27","71066","Zonhoven","Zonhoven","Arrondissement Hasselt","Arrondissement de Hasselt","Provincie Limburg","Province du Limbourg","Vlaams Gewest","Région flamande","8"
"2020-03-27","71069","Ham","Ham","Arrondissement Hasselt","Arrondissement de Hasselt","Provincie Limburg","Province du Limbourg","Vlaams Gewest","Région flamande","<5"
"2020-03-27","71070","Heusden-Zolder","Heusden-Zolder","Arrondissement Hasselt","Arrondissement de Hasselt","Provincie Limburg","Province du Limbourg","Vlaams Gewest","Région flamande","5"
"2020-03-27","72004","Bree","Bree","Arrondissement Maaseik","Arrondissement de Maaseik","Provincie Limburg","Province du Limbourg","Vlaams Gewest","Région flamande","<5"
"2020-03-27","72018","Kinrooi","Kinrooi","Arrondissement Maaseik","Arrondissement de Maaseik","Provincie Limburg","Province du Limbourg","Vlaams Gewest","Région flamande","<5"
"2020-03-27","72020","Lommel","Lommel","Arrondissement Maaseik","Arrondissement de Maaseik","Provincie Limburg","Province du Limbourg","Vlaams Gewest","Région flamande","6"
"2020-03-27","72021","Maaseik","Maaseik","Arrondissement Maaseik","Arrondissement de Maaseik","Provincie Limburg","Province du Limbourg","Vlaams Gewest","Région flamande","11"
"2020-03-27","72030","Peer","Peer","Arrondissement Maaseik","Arrondissement de Maaseik","Provincie Limburg","Province du Limbourg","Vlaams Gewest","Région flamande","<5"
"2020-03-27","72039","Houthalen-Helchteren","Houthalen-Helchteren","Arrondissement Maaseik","Arrondissement de Maaseik","Provincie Limburg","Province du Limbourg","Vlaams Gewest","Région flamande","<5"
"2020-03-27","72041","Dilsen-Stokkem","Dilsen-Stokkem","Arrondissement Maaseik","Arrondissement de Maaseik","Provincie Limburg","Province du Limbourg","Vlaams Gewest","Région flamande","<5"
"2020-03-27","72043","Pelt","Pelt","Arrondissement Maaseik","Arrondissement de Maaseik","Provincie Limburg","Province du Limbourg","Vlaams Gewest","Région flamande","5"
"2020-03-27","73001","Alken","Alken","Arrondissement Tongeren","Arrondissement de Tongres","Provincie Limburg","Province du Limbourg","Vlaams Gewest","Région flamande","7"
"2020-03-27","73006","Bilzen","Bilzen","Arrondissement Tongeren","Arrondissement de Tongres","Provincie Limburg","Province du Limbourg","Vlaams Gewest","Région flamande","8"
"2020-03-27","73009","Borgloon","Looz","Arrondissement Tongeren","Arrondissement de Tongres","Provincie Limburg","Province du Limbourg","Vlaams Gewest","Région flamande","<5"
"2020-03-27","73032","Hoeselt","Hoeselt","Arrondissement Tongeren","Arrondissement de Tongres","Provincie Limburg","Province du Limbourg","Vlaams Gewest","Région flamande","<5"
"2020-03-27","73042","Lanaken","Lanaken","Arrondissement Tongeren","Arrondissement de Tongres","Provincie Limburg","Province du Limbourg","Vlaams Gewest","Région flamande","9"
"2020-03-27","73066","Riemst","Riemst","Arrondissement Tongeren","Arrondissement de Tongres","Provincie Limburg","Province du Limbourg","Vlaams Gewest","Région flamande","<5"
"2020-03-27","73083","Tongeren","Tongres","Arrondissement Tongeren","Arrondissement de Tongres","Provincie Limburg","Province du Limbourg","Vlaams Gewest","Région flamande","<5"
"2020-03-27","73098","Wellen","Wellen","Arrondissement Tongeren","Arrondissement de Tongres","Provincie Limburg","Province du Limbourg","Vlaams Gewest","Région flamande","<5"
"2020-03-27","73107","Maasmechelen","Maasmechelen","Arrondissement Tongeren","Arrondissement de Tongres","Provincie Limburg","Province du Limbourg","Vlaams Gewest","Région flamande","<5"
"2020-03-27","81001","Aarlen","Arlon","Arrondissement Aarlen","Arrondissement d’Arlon","Provincie Luxemburg","Province du Luxembourg","Waals Gewest","Région wallonne","<5"
"2020-03-27","81015","Messancy","Messancy","Arrondissement Aarlen","Arrondissement d’Arlon","Provincie Luxemburg","Province du Luxembourg","Waals Gewest","Région wallonne","<5"
"2020-03-27","82032","Vielsalm","Vielsalm","Arrondissement Bastenaken","Arrondissement de Bastogne","Provincie Luxemburg","Province du Luxembourg","Waals Gewest","Région wallonne","<5"
"2020-03-27","82036","Vaux-sur-Sûre","Vaux-sur-Sûre","Arrondissement Bastenaken","Arrondissement de Bastogne","Provincie Luxemburg","Province du Luxembourg","Waals Gewest","Région wallonne","<5"
"2020-03-27","82037","Gouvy","Gouvy","Arrondissement Bastenaken","Arrondissement de Bastogne","Provincie Luxemburg","Province du Luxembourg","Waals Gewest","Région wallonne","<5"
"2020-03-27","82038","Sainte-Ode","Sainte-Ode","Arrondissement Bastenaken","Arrondissement de Bastogne","Provincie Luxemburg","Province du Luxembourg","Waals Gewest","Région wallonne","<5"
"2020-03-27","83012","Durbuy","Durbuy","Arrondissement Marche-en-Famenne","Arrondissement de Marche-en-Famenne","Provincie Luxemburg","Province du Luxembourg","Waals Gewest","Région wallonne","<5"
"2020-03-27","83028","Hotton","Hotton","Arrondissement Marche-en-Famenne","Arrondissement de Marche-en-Famenne","Provincie Luxemburg","Province du Luxembourg","Waals Gewest","Région wallonne","<5"
"2020-03-27","83034","Marche-en-Famenne","Marche-en-Famenne","Arrondissement Marche-en-Famenne","Arrondissement de Marche-en-Famenne","Provincie Luxemburg","Province du Luxembourg","Waals Gewest","Région wallonne","5"
"2020-03-27","83049","Tenneville","Tenneville","Arrondissement Marche-en-Famenne","Arrondissement de Marche-en-Famenne","Provincie Luxemburg","Province du Luxembourg","Waals Gewest","Région wallonne","<5"
"2020-03-27","83055","Manhay","Manhay","Arrondissement Marche-en-Famenne","Arrondissement de Marche-en-Famenne","Provincie Luxemburg","Province du Luxembourg","Waals Gewest","Région wallonne","<5"
"2020-03-27","84009","Bertrix","Bertrix","Arrondissement Neufchâteau","Arrondissement de Neufchâteau","Provincie Luxemburg","Province du Luxembourg","Waals Gewest","Région wallonne","<5"
"2020-03-27","84033","Léglise","Léglise","Arrondissement Neufchâteau","Arrondissement de Neufchâteau","Provincie Luxemburg","Province du Luxembourg","Waals Gewest","Région wallonne","<5"
"2020-03-27","84043","Neufchâteau (Neufchâteau)","Neufchâteau (Neufchâteau)","Arrondissement Neufchâteau","Arrondissement de Neufchâteau","Provincie Luxemburg","Province du Luxembourg","Waals Gewest","Région wallonne","<5"
"2020-03-27","84050","Paliseul","Paliseul","Arrondissement Neufchâteau","Arrondissement de Neufchâteau","Provincie Luxemburg","Province du Luxembourg","Waals Gewest","Région wallonne","<5"
"2020-03-27","84059","Saint-Hubert","Saint-Hubert","Arrondissement Neufchâteau","Arrondissement de Neufchâteau","Provincie Luxemburg","Province du Luxembourg","Waals Gewest","Région wallonne","<5"
"2020-03-27","84077","Libramont-Chevigny","Libramont-Chevigny","Arrondissement Neufchâteau","Arrondissement de Neufchâteau","Provincie Luxemburg","Province du Luxembourg","Waals Gewest","Région wallonne","<5"
"2020-03-27","85045","Virton","Virton","Arrondissement Virton","Arrondissement de Virton","Provincie Luxemburg","Province du Luxembourg","Waals Gewest","Région wallonne","<5"
"2020-03-27","91005","Anhée","Anhée","Arrondissement Dinant","Arrondissement de Dinant","Provincie Namen","Province de Namur","Waals Gewest","Région wallonne","<5"
"2020-03-27","91030","Ciney","Ciney","Arrondissement Dinant","Arrondissement de Dinant","Provincie Namen","Province de Namur","Waals Gewest","Région wallonne","<5"
"2020-03-27","91103","Onhaye","Onhaye","Arrondissement Dinant","Arrondissement de Dinant","Provincie Namen","Province de Namur","Waals Gewest","Région wallonne","<5"
"2020-03-27","91114","Rochefort","Rochefort","Arrondissement Dinant","Arrondissement de Dinant","Provincie Namen","Province de Namur","Waals Gewest","Région wallonne","<5"
"2020-03-27","91120","Somme-Leuze","Somme-Leuze","Arrondissement Dinant","Arrondissement de Dinant","Provincie Namen","Province de Namur","Waals Gewest","Région wallonne","<5"
"2020-03-27","91141","Yvoir","Yvoir","Arrondissement Dinant","Arrondissement de Dinant","Provincie Namen","Province de Namur","Waals Gewest","Région wallonne","<5"
"2020-03-27","92003","Andenne","Andenne","Arrondissement Namen","Arrondissement de Namur","Provincie Namen","Province de Namur","Waals Gewest","Région wallonne","<5"
"2020-03-27","92006","Assesse","Assesse","Arrondissement Namen","Arrondissement de Namur","Provincie Namen","Province de Namur","Waals Gewest","Région wallonne","<5"
"2020-03-27","92035","Eghezée","Eghezée","Arrondissement Namen","Arrondissement de Namur","Provincie Namen","Province de Namur","Waals Gewest","Région wallonne","<5"
"2020-03-27","92045","Floreffe","Floreffe","Arrondissement Namen","Arrondissement de Namur","Provincie Namen","Province de Namur","Waals Gewest","Région wallonne","<5"
"2020-03-27","92048","Fosses-la-Ville","Fosses-la-Ville","Arrondissement Namen","Arrondissement de Namur","Provincie Namen","Province de Namur","Waals Gewest","Région wallonne","<5"
"2020-03-27","92054","Gesves","Gesves","Arrondissement Namen","Arrondissement de Namur","Provincie Namen","Province de Namur","Waals Gewest","Région wallonne","<5"
"2020-03-27","92087","Mettet","Mettet","Arrondissement Namen","Arrondissement de Namur","Provincie Namen","Province de Namur","Waals Gewest","Région wallonne","<5"
"2020-03-27","92094","Namen","Namur","Arrondissement Namen","Arrondissement de Namur","Provincie Namen","Province de Namur","Waals Gewest","Région wallonne","11"
"2020-03-27","92101","Profondeville","Profondeville","Arrondissement Namen","Arrondissement de Namur","Provincie Namen","Province de Namur","Waals Gewest","Région wallonne","<5"
"2020-03-27","92114","Sombreffe","Sombreffe","Arrondissement Namen","Arrondissement de Namur","Provincie Namen","Province de Namur","Waals Gewest","Région wallonne","<5"
"2020-03-27","92137","Sambreville","Sambreville","Arrondissement Namen","Arrondissement de Namur","Provincie Namen","Province de Namur","Waals Gewest","Région wallonne","<5"
"2020-03-27","92141","La Bruyère","La Bruyère","Arrondissement Namen","Arrondissement de Namur","Provincie Namen","Province de Namur","Waals Gewest","Région wallonne","<5"
"2020-03-27","92142","Gembloux","Gembloux","Arrondissement Namen","Arrondissement de Namur","Provincie Namen","Province de Namur","Waals Gewest","Région wallonne","6"
"2020-03-27","93022","Florennes","Florennes","Arrondissement Philippeville","Arrondissement de Philippeville","Provincie Namen","Province de Namur","Waals Gewest","Région wallonne","<5"
"2020-03-27","93056","Philippeville","Philippeville","Arrondissement Philippeville","Arrondissement de Philippeville","Provincie Namen","Province de Namur","Waals Gewest","Région wallonne","<5"
"2020-03-27","93088","Walcourt","Walcourt","Arrondissement Philippeville","Arrondissement de Philippeville","Provincie Namen","Province de Namur","Waals Gewest","Région wallonne","<5"
"2020-03-27","93090","Viroinval","Viroinval","Arrondissement Philippeville","Arrondissement de Philippeville","Provincie Namen","Province de Namur","Waals Gewest","Région wallonne","<5"
"2020-03-27",NA,NA,NA,NA,NA,NA,NA,NA,NA,"24"
"2020-03-28","11002","Antwerpen","Anvers","Arrondissement Antwerpen","Arrondissement d’Anvers","Provincie Antwerpen","Province d’Anvers","Vlaams Gewest","Région flamande","26"
"2020-03-28","11005","Boom","Boom","Arrondissement Antwerpen","Arrondissement d’Anvers","Provincie Antwerpen","Province d’Anvers","Vlaams Gewest","Région flamande","<5"
"2020-03-28","11008","Brasschaat","Brasschaat","Arrondissement Antwerpen","Arrondissement d’Anvers","Provincie Antwerpen","Province d’Anvers","Vlaams Gewest","Région flamande","<5"
"2020-03-28","11009","Brecht","Brecht","Arrondissement Antwerpen","Arrondissement d’Anvers","Provincie Antwerpen","Province d’Anvers","Vlaams Gewest","Région flamande","<5"
"2020-03-28","11021","Hove (Antwerpen)","Hove (Anvers)","Arrondissement Antwerpen","Arrondissement d’Anvers","Provincie Antwerpen","Province d’Anvers","Vlaams Gewest","Région flamande","<5"
"2020-03-28","11022","Kalmthout","Kalmthout","Arrondissement Antwerpen","Arrondissement d’Anvers","Provincie Antwerpen","Province d’Anvers","Vlaams Gewest","Région flamande","<5"
"2020-03-28","11023","Kapellen (Antwerpen)","Kapellen (Anvers)","Arrondissement Antwerpen","Arrondissement d’Anvers","Provincie Antwerpen","Province d’Anvers","Vlaams Gewest","Région flamande","<5"
"2020-03-28","11029","Mortsel","Mortsel","Arrondissement Antwerpen","Arrondissement d’Anvers","Provincie Antwerpen","Province d’Anvers","Vlaams Gewest","Région flamande","<5"
"2020-03-28","11030","Niel","Niel","Arrondissement Antwerpen","Arrondissement d’Anvers","Provincie Antwerpen","Province d’Anvers","Vlaams Gewest","Région flamande","<5"
"2020-03-28","11040","Schoten","Schoten","Arrondissement Antwerpen","Arrondissement d’Anvers","Provincie Antwerpen","Province d’Anvers","Vlaams Gewest","Région flamande","5"
"2020-03-28","11044","Stabroek","Stabroek","Arrondissement Antwerpen","Arrondissement d’Anvers","Provincie Antwerpen","Province d’Anvers","Vlaams Gewest","Région flamande","<5"
"2020-03-28","11050","Wijnegem","Wijnegem","Arrondissement Antwerpen","Arrondissement d’Anvers","Provincie Antwerpen","Province d’Anvers","Vlaams Gewest","Région flamande","<5"
"2020-03-28","11053","Wuustwezel","Wuustwezel","Arrondissement Antwerpen","Arrondissement d’Anvers","Provincie Antwerpen","Province d’Anvers","Vlaams Gewest","Région flamande","<5"
"2020-03-28","11054","Zandhoven","Zandhoven","Arrondissement Antwerpen","Arrondissement d’Anvers","Provincie Antwerpen","Province d’Anvers","Vlaams Gewest","Région flamande","<5"
"2020-03-28","11056","Zwijndrecht","Zwijndrecht","Arrondissement Antwerpen","Arrondissement d’Anvers","Provincie Antwerpen","Province d’Anvers","Vlaams Gewest","Région flamande","<5"
"2020-03-28","11057","Malle","Malle","Arrondissement Antwerpen","Arrondissement d’Anvers","Provincie Antwerpen","Province d’Anvers","Vlaams Gewest","Région flamande","<5"
"2020-03-28","12002","Berlaar","Berlaar","Arrondissement Mechelen","Arrondissement de Malines","Provincie Antwerpen","Province d’Anvers","Vlaams Gewest","Région flamande","<5"
"2020-03-28","12007","Bornem","Bornem","Arrondissement Mechelen","Arrondissement de Malines","Provincie Antwerpen","Province d’Anvers","Vlaams Gewest","Région flamande","<5"
"2020-03-28","12009","Duffel","Duffel","Arrondissement Mechelen","Arrondissement de Malines","Provincie Antwerpen","Province d’Anvers","Vlaams Gewest","Région flamande","<5"
"2020-03-28","12014","Heist-op-den-Berg","Heist-op-den-Berg","Arrondissement Mechelen","Arrondissement de Malines","Provincie Antwerpen","Province d’Anvers","Vlaams Gewest","Région flamande","<5"
"2020-03-28","12021","Lier","Lierre","Arrondissement Mechelen","Arrondissement de Malines","Provincie Antwerpen","Province d’Anvers","Vlaams Gewest","Région flamande","<5"
"2020-03-28","12025","Mechelen","Malines","Arrondissement Mechelen","Arrondissement de Malines","Provincie Antwerpen","Province d’Anvers","Vlaams Gewest","Région flamande","<5"
"2020-03-28","12035","Sint-Katelijne-Waver","Sint-Katelijne-Waver","Arrondissement Mechelen","Arrondissement de Malines","Provincie Antwerpen","Province d’Anvers","Vlaams Gewest","Région flamande","<5"
"2020-03-28","12040","Willebroek","Willebroek","Arrondissement Mechelen","Arrondissement de Malines","Provincie Antwerpen","Province d’Anvers","Vlaams Gewest","Région flamande","<5"
"2020-03-28","12041","Puurs-Sint-Amands","Puurs-Sint-Amands","Arrondissement Mechelen","Arrondissement de Malines","Provincie Antwerpen","Province d’Anvers","Vlaams Gewest","Région flamande","<5"
"2020-03-28","13001","Arendonk","Arendonk","Arrondissement Turnhout","Arrondissement de Turnhout","Provincie Antwerpen","Province d’Anvers","Vlaams Gewest","Région flamande","<5"
"2020-03-28","13003","Balen","Balen","Arrondissement Turnhout","Arrondissement de Turnhout","Provincie Antwerpen","Province d’Anvers","Vlaams Gewest","Région flamande","<5"
"2020-03-28","13004","Beerse","Beerse","Arrondissement Turnhout","Arrondissement de Turnhout","Provincie Antwerpen","Province d’Anvers","Vlaams Gewest","Région flamande","<5"
"2020-03-28","13008","Geel","Geel","Arrondissement Turnhout","Arrondissement de Turnhout","Provincie Antwerpen","Province d’Anvers","Vlaams Gewest","Région flamande","<5"
"2020-03-28","13010","Grobbendonk","Grobbendonk","Arrondissement Turnhout","Arrondissement de Turnhout","Provincie Antwerpen","Province d’Anvers","Vlaams Gewest","Région flamande","<5"
"2020-03-28","13011","Herentals","Herentals","Arrondissement Turnhout","Arrondissement de Turnhout","Provincie Antwerpen","Province d’Anvers","Vlaams Gewest","Région flamande","<5"
"2020-03-28","13019","Lille","Lille","Arrondissement Turnhout","Arrondissement de Turnhout","Provincie Antwerpen","Province d’Anvers","Vlaams Gewest","Région flamande","<5"
"2020-03-28","13031","Oud-Turnhout","Oud-Turnhout","Arrondissement Turnhout","Arrondissement de Turnhout","Provincie Antwerpen","Province d’Anvers","Vlaams Gewest","Région flamande","<5"
"2020-03-28","13035","Ravels","Ravels","Arrondissement Turnhout","Arrondissement de Turnhout","Provincie Antwerpen","Province d’Anvers","Vlaams Gewest","Région flamande","<5"
"2020-03-28","13036","Retie","Retie","Arrondissement Turnhout","Arrondissement de Turnhout","Provincie Antwerpen","Province d’Anvers","Vlaams Gewest","Région flamande","<5"
"2020-03-28","13037","Rijkevorsel","Rijkevorsel","Arrondissement Turnhout","Arrondissement de Turnhout","Provincie Antwerpen","Province d’Anvers","Vlaams Gewest","Région flamande","<5"
"2020-03-28","13040","Turnhout","Turnhout","Arrondissement Turnhout","Arrondissement de Turnhout","Provincie Antwerpen","Province d’Anvers","Vlaams Gewest","Région flamande","<5"
"2020-03-28","13046","Vosselaar","Vosselaar","Arrondissement Turnhout","Arrondissement de Turnhout","Provincie Antwerpen","Province d’Anvers","Vlaams Gewest","Région flamande","<5"
"2020-03-28","13049","Westerlo","Westerlo","Arrondissement Turnhout","Arrondissement de Turnhout","Provincie Antwerpen","Province d’Anvers","Vlaams Gewest","Région flamande","<5"
"2020-03-28","13053","Laakdal","Laakdal","Arrondissement Turnhout","Arrondissement de Turnhout","Provincie Antwerpen","Province d’Anvers","Vlaams Gewest","Région flamande","<5"
"2020-03-28","21001","Anderlecht","Anderlecht","Arrondissement Brussel-Hoofdstad","Arrondissement de Bruxelles-Capitale",NA,NA,"Brussels Hoofdstedelijk Gewest","Région de Bruxelles-Capitale","16"
"2020-03-28","21002","Oudergem","Auderghem","Arrondissement Brussel-Hoofdstad","Arrondissement de Bruxelles-Capitale",NA,NA,"Brussels Hoofdstedelijk Gewest","Région de Bruxelles-Capitale","6"
"2020-03-28","21003","Sint-Agatha-Berchem","Berchem-Sainte-Agathe","Arrondissement Brussel-Hoofdstad","Arrondissement de Bruxelles-Capitale",NA,NA,"Brussels Hoofdstedelijk Gewest","Région de Bruxelles-Capitale","<5"
"2020-03-28","21004","Brussel","Bruxelles","Arrondissement Brussel-Hoofdstad","Arrondissement de Bruxelles-Capitale",NA,NA,"Brussels Hoofdstedelijk Gewest","Région de Bruxelles-Capitale","21"
"2020-03-28","21005","Etterbeek","Etterbeek","Arrondissement Brussel-Hoofdstad","Arrondissement de Bruxelles-Capitale",NA,NA,"Brussels Hoofdstedelijk Gewest","Région de Bruxelles-Capitale","5"
"2020-03-28","21006","Evere","Evere","Arrondissement Brussel-Hoofdstad","Arrondissement de Bruxelles-Capitale",NA,NA,"Brussels Hoofdstedelijk Gewest","Région de Bruxelles-Capitale","9"
"2020-03-28","21007","Vorst (Brussel-Hoofdstad)","Forest (Bruxelles-Capitale)","Arrondissement Brussel-Hoofdstad","Arrondissement de Bruxelles-Capitale",NA,NA,"Brussels Hoofdstedelijk Gewest","Région de Bruxelles-Capitale","6"
"2020-03-28","21008","Ganshoren","Ganshoren","Arrondissement Brussel-Hoofdstad","Arrondissement de Bruxelles-Capitale",NA,NA,"Brussels Hoofdstedelijk Gewest","Région de Bruxelles-Capitale","<5"
"2020-03-28","21009","Elsene","Ixelles","Arrondissement Brussel-Hoofdstad","Arrondissement de Bruxelles-Capitale",NA,NA,"Brussels Hoofdstedelijk Gewest","Région de Bruxelles-Capitale","5"
"2020-03-28","21010","Jette","Jette","Arrondissement Brussel-Hoofdstad","Arrondissement de Bruxelles-Capitale",NA,NA,"Brussels Hoofdstedelijk Gewest","Région de Bruxelles-Capitale","<5"
"2020-03-28","21011","Koekelberg","Koekelberg","Arrondissement Brussel-Hoofdstad","Arrondissement de Bruxelles-Capitale",NA,NA,"Brussels Hoofdstedelijk Gewest","Région de Bruxelles-Capitale","<5"
"2020-03-28","21012","Sint-Jans-Molenbeek","Molenbeek-Saint-Jean","Arrondissement Brussel-Hoofdstad","Arrondissement de Bruxelles-Capitale",NA,NA,"Brussels Hoofdstedelijk Gewest","Région de Bruxelles-Capitale","15"
"2020-03-28","21013","Sint-Gillis","Saint-Gilles","Arrondissement Brussel-Hoofdstad","Arrondissement de Bruxelles-Capitale",NA,NA,"Brussels Hoofdstedelijk Gewest","Région de Bruxelles-Capitale","10"
"2020-03-28","21014","Sint-Joost-ten-Node","Saint-Josse-ten-Noode","Arrondissement Brussel-Hoofdstad","Arrondissement de Bruxelles-Capitale",NA,NA,"Brussels Hoofdstedelijk Gewest","Région de Bruxelles-Capitale","<5"
"2020-03-28","21015","Schaarbeek","Schaerbeek","Arrondissement Brussel-Hoofdstad","Arrondissement de Bruxelles-Capitale",NA,NA,"Brussels Hoofdstedelijk Gewest","Région de Bruxelles-Capitale","18"
"2020-03-28","21016","Ukkel","Uccle","Arrondissement Brussel-Hoofdstad","Arrondissement de Bruxelles-Capitale",NA,NA,"Brussels Hoofdstedelijk Gewest","Région de Bruxelles-Capitale","5"
"2020-03-28","21017","Watermaal-Bosvoorde","Watermael-Boitsfort","Arrondissement Brussel-Hoofdstad","Arrondissement de Bruxelles-Capitale",NA,NA,"Brussels Hoofdstedelijk Gewest","Région de Bruxelles-Capitale","<5"
"2020-03-28","21018","Sint-Lambrechts-Woluwe","Woluwe-Saint-Lambert","Arrondissement Brussel-Hoofdstad","Arrondissement de Bruxelles-Capitale",NA,NA,"Brussels Hoofdstedelijk Gewest","Région de Bruxelles-Capitale","12"
"2020-03-28","21019","Sint-Pieters-Woluwe","Woluwe-Saint-Pierre","Arrondissement Brussel-Hoofdstad","Arrondissement de Bruxelles-Capitale",NA,NA,"Brussels Hoofdstedelijk Gewest","Région de Bruxelles-Capitale","<5"
"2020-03-28","23002","Asse","Asse","Arrondissement Halle-Vilvoorde","Arrondissement de Hal-Vilvorde","Provincie Vlaams-Brabant","Province du Brabant flamand","Vlaams Gewest","Région flamande","7"
"2020-03-28","23016","Dilbeek","Dilbeek","Arrondissement Halle-Vilvoorde","Arrondissement de Hal-Vilvorde","Provincie Vlaams-Brabant","Province du Brabant flamand","Vlaams Gewest","Région flamande","<5"
"2020-03-28","23023","Galmaarden","Gammerages","Arrondissement Halle-Vilvoorde","Arrondissement de Hal-Vilvorde","Provincie Vlaams-Brabant","Province du Brabant flamand","Vlaams Gewest","Région flamande","<5"
"2020-03-28","23025","Grimbergen","Grimbergen","Arrondissement Halle-Vilvoorde","Arrondissement de Hal-Vilvorde","Provincie Vlaams-Brabant","Province du Brabant flamand","Vlaams Gewest","Région flamande","5"
"2020-03-28","23027","Halle (Halle-Vilvoorde)","Hal (Hal-Vilvorde)","Arrondissement Halle-Vilvoorde","Arrondissement de Hal-Vilvorde","Provincie Vlaams-Brabant","Province du Brabant flamand","Vlaams Gewest","Région flamande","<5"
"2020-03-28","23032","Herne","Herne","Arrondissement Halle-Vilvoorde","Arrondissement de Hal-Vilvorde","Provincie Vlaams-Brabant","Province du Brabant flamand","Vlaams Gewest","Région flamande","<5"
"2020-03-28","23033","Hoeilaart","Hoeilaart","Arrondissement Halle-Vilvoorde","Arrondissement de Hal-Vilvorde","Provincie Vlaams-Brabant","Province du Brabant flamand","Vlaams Gewest","Région flamande","<5"
"2020-03-28","23038","Kampenhout","Kampenhout","Arrondissement Halle-Vilvoorde","Arrondissement de Hal-Vilvorde","Provincie Vlaams-Brabant","Province du Brabant flamand","Vlaams Gewest","Région flamande","<5"
"2020-03-28","23044","Liedekerke","Liedekerke","Arrondissement Halle-Vilvoorde","Arrondissement de Hal-Vilvorde","Provincie Vlaams-Brabant","Province du Brabant flamand","Vlaams Gewest","Région flamande","<5"
"2020-03-28","23047","Machelen (Halle-Vilvoorde)","Machelen (Hal-Vilvorde)","Arrondissement Halle-Vilvoorde","Arrondissement de Hal-Vilvorde","Provincie Vlaams-Brabant","Province du Brabant flamand","Vlaams Gewest","Région flamande","<5"
"2020-03-28","23050","Meise","Meise","Arrondissement Halle-Vilvoorde","Arrondissement de Hal-Vilvorde","Provincie Vlaams-Brabant","Province du Brabant flamand","Vlaams Gewest","Région flamande","<5"
"2020-03-28","23052","Merchtem","Merchtem","Arrondissement Halle-Vilvoorde","Arrondissement de Hal-Vilvorde","Provincie Vlaams-Brabant","Province du Brabant flamand","Vlaams Gewest","Région flamande","<5"
"2020-03-28","23060","Opwijk","Opwijk","Arrondissement Halle-Vilvoorde","Arrondissement de Hal-Vilvorde","Provincie Vlaams-Brabant","Province du Brabant flamand","Vlaams Gewest","Région flamande","<5"
"2020-03-28","23062","Overijse","Overijse","Arrondissement Halle-Vilvoorde","Arrondissement de Hal-Vilvorde","Provincie Vlaams-Brabant","Province du Brabant flamand","Vlaams Gewest","Région flamande","<5"
"2020-03-28","23081","Steenokkerzeel","Steenokkerzeel","Arrondissement Halle-Vilvoorde","Arrondissement de Hal-Vilvorde","Provincie Vlaams-Brabant","Province du Brabant flamand","Vlaams Gewest","Région flamande","<5"
"2020-03-28","23086","Ternat","Ternat","Arrondissement Halle-Vilvoorde","Arrondissement de Hal-Vilvorde","Provincie Vlaams-Brabant","Province du Brabant flamand","Vlaams Gewest","Région flamande","<5"
"2020-03-28","23088","Vilvoorde","Vilvorde","Arrondissement Halle-Vilvoorde","Arrondissement de Hal-Vilvorde","Provincie Vlaams-Brabant","Province du Brabant flamand","Vlaams Gewest","Région flamande","<5"
"2020-03-28","23094","Zaventem","Zaventem","Arrondissement Halle-Vilvoorde","Arrondissement de Hal-Vilvorde","Provincie Vlaams-Brabant","Province du Brabant flamand","Vlaams Gewest","Région flamande","<5"
"2020-03-28","23097","Roosdaal","Roosdaal","Arrondissement Halle-Vilvoorde","Arrondissement de Hal-Vilvorde","Provincie Vlaams-Brabant","Province du Brabant flamand","Vlaams Gewest","Région flamande","<5"
"2020-03-28","23098","Drogenbos","Drogenbos","Arrondissement Halle-Vilvoorde","Arrondissement de Hal-Vilvorde","Provincie Vlaams-Brabant","Province du Brabant flamand","Vlaams Gewest","Région flamande","<5"
"2020-03-28","23099","Kraainem","Kraainem","Arrondissement Halle-Vilvoorde","Arrondissement de Hal-Vilvorde","Provincie Vlaams-Brabant","Province du Brabant flamand","Vlaams Gewest","Région flamande","<5"
"2020-03-28","23101","Sint-Genesius-Rode","Rhode-Saint-Genèse","Arrondissement Halle-Vilvoorde","Arrondissement de Hal-Vilvorde","Provincie Vlaams-Brabant","Province du Brabant flamand","Vlaams Gewest","Région flamande","<5"
"2020-03-28","23103","Wezembeek-Oppem","Wezembeek-Oppem","Arrondissement Halle-Vilvoorde","Arrondissement de Hal-Vilvorde","Provincie Vlaams-Brabant","Province du Brabant flamand","Vlaams Gewest","Région flamande","<5"
"2020-03-28","23105","Affligem","Affligem","Arrondissement Halle-Vilvoorde","Arrondissement de Hal-Vilvorde","Provincie Vlaams-Brabant","Province du Brabant flamand","Vlaams Gewest","Région flamande","<5"
"2020-03-28","24001","Aarschot","Aarschot","Arrondissement Leuven","Arrondissement de Louvain","Provincie Vlaams-Brabant","Province du Brabant flamand","Vlaams Gewest","Région flamande","<5"
"2020-03-28","24007","Begijnendijk","Begijnendijk","Arrondissement Leuven","Arrondissement de Louvain","Provincie Vlaams-Brabant","Province du Brabant flamand","Vlaams Gewest","Région flamande","<5"
"2020-03-28","24016","Boutersem","Boutersem","Arrondissement Leuven","Arrondissement de Louvain","Provincie Vlaams-Brabant","Province du Brabant flamand","Vlaams Gewest","Région flamande","<5"
"2020-03-28","24020","Diest","Diest","Arrondissement Leuven","Arrondissement de Louvain","Provincie Vlaams-Brabant","Province du Brabant flamand","Vlaams Gewest","Région flamande","<5"
"2020-03-28","24028","Geetbets","Geetbets","Arrondissement Leuven","Arrondissement de Louvain","Provincie Vlaams-Brabant","Province du Brabant flamand","Vlaams Gewest","Région flamande","<5"
"2020-03-28","24038","Herent","Herent","Arrondissement Leuven","Arrondissement de Louvain","Provincie Vlaams-Brabant","Province du Brabant flamand","Vlaams Gewest","Région flamande","<5"
"2020-03-28","24043","Holsbeek","Holsbeek","Arrondissement Leuven","Arrondissement de Louvain","Provincie Vlaams-Brabant","Province du Brabant flamand","Vlaams Gewest","Région flamande","<5"
"2020-03-28","24048","Keerbergen","Keerbergen","Arrondissement Leuven","Arrondissement de Louvain","Provincie Vlaams-Brabant","Province du Brabant flamand","Vlaams Gewest","Région flamande","<5"
"2020-03-28","24054","Kortenaken","Kortenaken","Arrondissement Leuven","Arrondissement de Louvain","Provincie Vlaams-Brabant","Province du Brabant flamand","Vlaams Gewest","Région flamande","<5"
"2020-03-28","24059","Landen","Landen","Arrondissement Leuven","Arrondissement de Louvain","Provincie Vlaams-Brabant","Province du Brabant flamand","Vlaams Gewest","Région flamande","10"
"2020-03-28","24062","Leuven","Louvain","Arrondissement Leuven","Arrondissement de Louvain","Provincie Vlaams-Brabant","Province du Brabant flamand","Vlaams Gewest","Région flamande","12"
"2020-03-28","24086","Oud-Heverlee","Oud-Heverlee","Arrondissement Leuven","Arrondissement de Louvain","Provincie Vlaams-Brabant","Province du Brabant flamand","Vlaams Gewest","Région flamande","<5"
"2020-03-28","24094","Rotselaar","Rotselaar","Arrondissement Leuven","Arrondissement de Louvain","Provincie Vlaams-Brabant","Province du Brabant flamand","Vlaams Gewest","Région flamande","<5"
"2020-03-28","24107","Tienen","Tirlemont","Arrondissement Leuven","Arrondissement de Louvain","Provincie Vlaams-Brabant","Province du Brabant flamand","Vlaams Gewest","Région flamande","<5"
"2020-03-28","24130","Zoutleeuw","Léau","Arrondissement Leuven","Arrondissement de Louvain","Provincie Vlaams-Brabant","Province du Brabant flamand","Vlaams Gewest","Région flamande","<5"
"2020-03-28","24133","Linter","Linter","Arrondissement Leuven","Arrondissement de Louvain","Provincie Vlaams-Brabant","Province du Brabant flamand","Vlaams Gewest","Région flamande","<5"
"2020-03-28","24134","Scherpenheuvel-Zichem","Montaigu-Zichem","Arrondissement Leuven","Arrondissement de Louvain","Provincie Vlaams-Brabant","Province du Brabant flamand","Vlaams Gewest","Région flamande","<5"
"2020-03-28","24135","Tielt-Winge","Tielt-Winge","Arrondissement Leuven","Arrondissement de Louvain","Provincie Vlaams-Brabant","Province du Brabant flamand","Vlaams Gewest","Région flamande","<5"
"2020-03-28","24137","Glabbeek","Glabbeek","Arrondissement Leuven","Arrondissement de Louvain","Provincie Vlaams-Brabant","Province du Brabant flamand","Vlaams Gewest","Région flamande","<5"
"2020-03-28","25043","Incourt","Incourt","Arrondissement Nijvel","Arrondissement de Nivelles","Provincie Waals-Brabant","Province du Brabant wallon","Waals Gewest","Région wallonne","<5"
"2020-03-28","25044","Itter","Ittre","Arrondissement Nijvel","Arrondissement de Nivelles","Provincie Waals-Brabant","Province du Brabant wallon","Waals Gewest","Région wallonne","<5"
"2020-03-28","25050","Terhulpen","La Hulpe","Arrondissement Nijvel","Arrondissement de Nivelles","Provincie Waals-Brabant","Province du Brabant wallon","Waals Gewest","Région wallonne","<5"
"2020-03-28","25072","Nijvel","Nivelles","Arrondissement Nijvel","Arrondissement de Nivelles","Provincie Waals-Brabant","Province du Brabant wallon","Waals Gewest","Région wallonne","<5"
"2020-03-28","25091","Rixensart","Rixensart","Arrondissement Nijvel","Arrondissement de Nivelles","Provincie Waals-Brabant","Province du Brabant wallon","Waals Gewest","Région wallonne","<5"
"2020-03-28","25105","Tubeke","Tubize","Arrondissement Nijvel","Arrondissement de Nivelles","Provincie Waals-Brabant","Province du Brabant wallon","Waals Gewest","Région wallonne","<5"
"2020-03-28","25112","Waver","Wavre","Arrondissement Nijvel","Arrondissement de Nivelles","Provincie Waals-Brabant","Province du Brabant wallon","Waals Gewest","Région wallonne","<5"
"2020-03-28","25122","Ramillies","Ramillies","Arrondissement Nijvel","Arrondissement de Nivelles","Provincie Waals-Brabant","Province du Brabant wallon","Waals Gewest","Région wallonne","<5"
"2020-03-28","31003","Beernem","Beernem","Arrondissement Brugge","Arrondissement de Bruges","Provincie West-Vlaanderen","Province de Flandre occidentale","Vlaams Gewest","Région flamande","<5"
"2020-03-28","31004","Blankenberge","Blankenberge","Arrondissement Brugge","Arrondissement de Bruges","Provincie West-Vlaanderen","Province de Flandre occidentale","Vlaams Gewest","Région flamande","<5"
"2020-03-28","31005","Brugge","Bruges","Arrondissement Brugge","Arrondissement de Bruges","Provincie West-Vlaanderen","Province de Flandre occidentale","Vlaams Gewest","Région flamande","<5"
"2020-03-28","31006","Damme","Damme","Arrondissement Brugge","Arrondissement de Bruges","Provincie West-Vlaanderen","Province de Flandre occidentale","Vlaams Gewest","Région flamande","<5"
"2020-03-28","31022","Oostkamp","Oostkamp","Arrondissement Brugge","Arrondissement de Bruges","Provincie West-Vlaanderen","Province de Flandre occidentale","Vlaams Gewest","Région flamande","<5"
"2020-03-28","31033","Torhout","Torhout","Arrondissement Brugge","Arrondissement de Bruges","Provincie West-Vlaanderen","Province de Flandre occidentale","Vlaams Gewest","Région flamande","<5"
"2020-03-28","31040","Zedelgem","Zedelgem","Arrondissement Brugge","Arrondissement de Bruges","Provincie West-Vlaanderen","Province de Flandre occidentale","Vlaams Gewest","Région flamande","<5"
"2020-03-28","31043","Knokke-Heist","Knokke-Heist","Arrondissement Brugge","Arrondissement de Bruges","Provincie West-Vlaanderen","Province de Flandre occidentale","Vlaams Gewest","Région flamande","<5"
"2020-03-28","32006","Houthulst","Houthulst","Arrondissement Diksmuide","Arrondissement de Dixmude","Provincie West-Vlaanderen","Province de Flandre occidentale","Vlaams Gewest","Région flamande","<5"
"2020-03-28","32011","Kortemark","Kortemark","Arrondissement Diksmuide","Arrondissement de Dixmude","Provincie West-Vlaanderen","Province de Flandre occidentale","Vlaams Gewest","Région flamande","<5"
"2020-03-28","33011","Ieper","Ypres","Arrondissement Ieper","Arrondissement d’Ypres","Provincie West-Vlaanderen","Province de Flandre occidentale","Vlaams Gewest","Région flamande","6"
"2020-03-28","33029","Wervik","Wervik","Arrondissement Ieper","Arrondissement d’Ypres","Provincie West-Vlaanderen","Province de Flandre occidentale","Vlaams Gewest","Région flamande","<5"
"2020-03-28","33040","Langemark-Poelkapelle","Langemark-Poelkapelle","Arrondissement Ieper","Arrondissement d’Ypres","Provincie West-Vlaanderen","Province de Flandre occidentale","Vlaams Gewest","Région flamande","<5"
"2020-03-28","34003","Avelgem","Avelgem","Arrondissement Kortrijk","Arrondissement de Courtrai","Provincie West-Vlaanderen","Province de Flandre occidentale","Vlaams Gewest","Région flamande","<5"
"2020-03-28","34009","Deerlijk","Deerlijk","Arrondissement Kortrijk","Arrondissement de Courtrai","Provincie West-Vlaanderen","Province de Flandre occidentale","Vlaams Gewest","Région flamande","<5"
"2020-03-28","34013","Harelbeke","Harelbeke","Arrondissement Kortrijk","Arrondissement de Courtrai","Provincie West-Vlaanderen","Province de Flandre occidentale","Vlaams Gewest","Région flamande","<5"
"2020-03-28","34022","Kortrijk","Courtrai","Arrondissement Kortrijk","Arrondissement de Courtrai","Provincie West-Vlaanderen","Province de Flandre occidentale","Vlaams Gewest","Région flamande","<5"
"2020-03-28","34027","Menen","Menin","Arrondissement Kortrijk","Arrondissement de Courtrai","Provincie West-Vlaanderen","Province de Flandre occidentale","Vlaams Gewest","Région flamande","<5"
"2020-03-28","34040","Waregem","Waregem","Arrondissement Kortrijk","Arrondissement de Courtrai","Provincie West-Vlaanderen","Province de Flandre occidentale","Vlaams Gewest","Région flamande","<5"
"2020-03-28","34041","Wevelgem","Wevelgem","Arrondissement Kortrijk","Arrondissement de Courtrai","Provincie West-Vlaanderen","Province de Flandre occidentale","Vlaams Gewest","Région flamande","<5"
"2020-03-28","34042","Zwevegem","Zwevegem","Arrondissement Kortrijk","Arrondissement de Courtrai","Provincie West-Vlaanderen","Province de Flandre occidentale","Vlaams Gewest","Région flamande","<5"
"2020-03-28","35002","Bredene","Bredene","Arrondissement Oostende","Arrondissement d’Ostende","Provincie West-Vlaanderen","Province de Flandre occidentale","Vlaams Gewest","Région flamande","<5"
"2020-03-28","35013","Oostende","Ostende","Arrondissement Oostende","Arrondissement d’Ostende","Provincie West-Vlaanderen","Province de Flandre occidentale","Vlaams Gewest","Région flamande","<5"
"2020-03-28","35014","Oudenburg","Oudenburg","Arrondissement Oostende","Arrondissement d’Ostende","Provincie West-Vlaanderen","Province de Flandre occidentale","Vlaams Gewest","Région flamande","<5"
"2020-03-28","36006","Hooglede","Hooglede","Arrondissement Roeselare","Arrondissement de Roulers","Provincie West-Vlaanderen","Province de Flandre occidentale","Vlaams Gewest","Région flamande","<5"
"2020-03-28","36008","Izegem","Izegem","Arrondissement Roeselare","Arrondissement de Roulers","Provincie West-Vlaanderen","Province de Flandre occidentale","Vlaams Gewest","Région flamande","<5"
"2020-03-28","36010","Ledegem","Ledegem","Arrondissement Roeselare","Arrondissement de Roulers","Provincie West-Vlaanderen","Province de Flandre occidentale","Vlaams Gewest","Région flamande","<5"
"2020-03-28","36011","Lichtervelde","Lichtervelde","Arrondissement Roeselare","Arrondissement de Roulers","Provincie West-Vlaanderen","Province de Flandre occidentale","Vlaams Gewest","Région flamande","<5"
"2020-03-28","36012","Moorslede","Moorslede","Arrondissement Roeselare","Arrondissement de Roulers","Provincie West-Vlaanderen","Province de Flandre occidentale","Vlaams Gewest","Région flamande","<5"
"2020-03-28","36015","Roeselare","Roulers","Arrondissement Roeselare","Arrondissement de Roulers","Provincie West-Vlaanderen","Province de Flandre occidentale","Vlaams Gewest","Région flamande","11"
"2020-03-28","36019","Staden","Staden","Arrondissement Roeselare","Arrondissement de Roulers","Provincie West-Vlaanderen","Province de Flandre occidentale","Vlaams Gewest","Région flamande","<5"
"2020-03-28","37007","Meulebeke","Meulebeke","Arrondissement Tielt","Arrondissement de Tielt","Provincie West-Vlaanderen","Province de Flandre occidentale","Vlaams Gewest","Région flamande","<5"
"2020-03-28","37011","Pittem","Pittem","Arrondissement Tielt","Arrondissement de Tielt","Provincie West-Vlaanderen","Province de Flandre occidentale","Vlaams Gewest","Région flamande","<5"
"2020-03-28","37015","Tielt (Tielt)","Tielt (Tielt)","Arrondissement Tielt","Arrondissement de Tielt","Provincie West-Vlaanderen","Province de Flandre occidentale","Vlaams Gewest","Région flamande","<5"
"2020-03-28","37018","Wingene","Wingene","Arrondissement Tielt","Arrondissement de Tielt","Provincie West-Vlaanderen","Province de Flandre occidentale","Vlaams Gewest","Région flamande","<5"
"2020-03-28","37020","Ardooie","Ardooie","Arrondissement Tielt","Arrondissement de Tielt","Provincie West-Vlaanderen","Province de Flandre occidentale","Vlaams Gewest","Région flamande","<5"
"2020-03-28","38002","Alveringem","Alveringem","Arrondissement Veurne","Arrondissement de Furnes","Provincie West-Vlaanderen","Province de Flandre occidentale","Vlaams Gewest","Région flamande","<5"
"2020-03-28","38014","Koksijde","Koksijde","Arrondissement Veurne","Arrondissement de Furnes","Provincie West-Vlaanderen","Province de Flandre occidentale","Vlaams Gewest","Région flamande","<5"
"2020-03-28","41002","Aalst (Aalst)","Alost (Alost)","Arrondissement Aalst","Arrondissement d’Alost","Provincie Oost-Vlaanderen","Province de Flandre orientale","Vlaams Gewest","Région flamande","7"
"2020-03-28","41018","Geraardsbergen","Grammont","Arrondissement Aalst","Arrondissement d’Alost","Provincie Oost-Vlaanderen","Province de Flandre orientale","Vlaams Gewest","Région flamande","<5"
"2020-03-28","41024","Haaltert","Haaltert","Arrondissement Aalst","Arrondissement d’Alost","Provincie Oost-Vlaanderen","Province de Flandre orientale","Vlaams Gewest","Région flamande","<5"
"2020-03-28","41027","Herzele","Herzele","Arrondissement Aalst","Arrondissement d’Alost","Provincie Oost-Vlaanderen","Province de Flandre orientale","Vlaams Gewest","Région flamande","<5"
"2020-03-28","41034","Lede","Lede","Arrondissement Aalst","Arrondissement d’Alost","Provincie Oost-Vlaanderen","Province de Flandre orientale","Vlaams Gewest","Région flamande","<5"
"2020-03-28","41048","Ninove","Ninove","Arrondissement Aalst","Arrondissement d’Alost","Provincie Oost-Vlaanderen","Province de Flandre orientale","Vlaams Gewest","Région flamande","6"
"2020-03-28","41081","Zottegem","Zottegem","Arrondissement Aalst","Arrondissement d’Alost","Provincie Oost-Vlaanderen","Province de Flandre orientale","Vlaams Gewest","Région flamande","<5"
"2020-03-28","42003","Berlare","Berlare","Arrondissement Dendermonde","Arrondissement de Termonde","Provincie Oost-Vlaanderen","Province de Flandre orientale","Vlaams Gewest","Région flamande","<5"
"2020-03-28","42004","Buggenhout","Buggenhout","Arrondissement Dendermonde","Arrondissement de Termonde","Provincie Oost-Vlaanderen","Province de Flandre orientale","Vlaams Gewest","Région flamande","<5"
"2020-03-28","42006","Dendermonde","Termonde","Arrondissement Dendermonde","Arrondissement de Termonde","Provincie Oost-Vlaanderen","Province de Flandre orientale","Vlaams Gewest","Région flamande","<5"
"2020-03-28","42008","Hamme (Dendermonde)","Hamme (Termonde)","Arrondissement Dendermonde","Arrondissement de Termonde","Provincie Oost-Vlaanderen","Province de Flandre orientale","Vlaams Gewest","Région flamande","<5"
"2020-03-28","42011","Lebbeke","Lebbeke","Arrondissement Dendermonde","Arrondissement de Termonde","Provincie Oost-Vlaanderen","Province de Flandre orientale","Vlaams Gewest","Région flamande","<5"
"2020-03-28","42025","Wetteren","Wetteren","Arrondissement Dendermonde","Arrondissement de Termonde","Provincie Oost-Vlaanderen","Province de Flandre orientale","Vlaams Gewest","Région flamande","<5"
"2020-03-28","42026","Wichelen","Wichelen","Arrondissement Dendermonde","Arrondissement de Termonde","Provincie Oost-Vlaanderen","Province de Flandre orientale","Vlaams Gewest","Région flamande","<5"
"2020-03-28","42028","Zele","Zele","Arrondissement Dendermonde","Arrondissement de Termonde","Provincie Oost-Vlaanderen","Province de Flandre orientale","Vlaams Gewest","Région flamande","<5"
"2020-03-28","43010","Maldegem","Maldegem","Arrondissement Eeklo","Arrondissement d’Eeklo","Provincie Oost-Vlaanderen","Province de Flandre orientale","Vlaams Gewest","Région flamande","<5"
"2020-03-28","44012","De Pinte","De Pinte","Arrondissement Gent","Arrondissement de Gand","Provincie Oost-Vlaanderen","Province de Flandre orientale","Vlaams Gewest","Région flamande","<5"
"2020-03-28","44013","Destelbergen","Destelbergen","Arrondissement Gent","Arrondissement de Gand","Provincie Oost-Vlaanderen","Province de Flandre orientale","Vlaams Gewest","Région flamande","<5"
"2020-03-28","44019","Evergem","Evergem","Arrondissement Gent","Arrondissement de Gand","Provincie Oost-Vlaanderen","Province de Flandre orientale","Vlaams Gewest","Région flamande","<5"
"2020-03-28","44020","Gavere","Gavere","Arrondissement Gent","Arrondissement de Gand","Provincie Oost-Vlaanderen","Province de Flandre orientale","Vlaams Gewest","Région flamande","<5"
"2020-03-28","44021","Gent","Gand","Arrondissement Gent","Arrondissement de Gand","Provincie Oost-Vlaanderen","Province de Flandre orientale","Vlaams Gewest","Région flamande","16"
"2020-03-28","44034","Lochristi","Lochristi","Arrondissement Gent","Arrondissement de Gand","Provincie Oost-Vlaanderen","Province de Flandre orientale","Vlaams Gewest","Région flamande","<5"
"2020-03-28","44043","Merelbeke","Merelbeke","Arrondissement Gent","Arrondissement de Gand","Provincie Oost-Vlaanderen","Province de Flandre orientale","Vlaams Gewest","Région flamande","<5"
"2020-03-28","44048","Nazareth","Nazareth","Arrondissement Gent","Arrondissement de Gand","Provincie Oost-Vlaanderen","Province de Flandre orientale","Vlaams Gewest","Région flamande","<5"
"2020-03-28","44073","Wachtebeke","Wachtebeke","Arrondissement Gent","Arrondissement de Gand","Provincie Oost-Vlaanderen","Province de Flandre orientale","Vlaams Gewest","Région flamande","<5"
"2020-03-28","44083","Deinze","Deinze","Arrondissement Gent","Arrondissement de Gand","Provincie Oost-Vlaanderen","Province de Flandre orientale","Vlaams Gewest","Région flamande","<5"
"2020-03-28","44085","Lievegem","Lievegem","Arrondissement Gent","Arrondissement de Gand","Provincie Oost-Vlaanderen","Province de Flandre orientale","Vlaams Gewest","Région flamande","5"
"2020-03-28","45035","Oudenaarde","Audenarde","Arrondissement Oudenaarde","Arrondissement d’Audenarde","Provincie Oost-Vlaanderen","Province de Flandre orientale","Vlaams Gewest","Région flamande","7"
"2020-03-28","45059","Brakel","Brakel","Arrondissement Oudenaarde","Arrondissement d’Audenarde","Provincie Oost-Vlaanderen","Province de Flandre orientale","Vlaams Gewest","Région flamande","<5"
"2020-03-28","45062","Horebeke","Horebeke","Arrondissement Oudenaarde","Arrondissement d’Audenarde","Provincie Oost-Vlaanderen","Province de Flandre orientale","Vlaams Gewest","Région flamande","<5"
"2020-03-28","45068","Kruisem","Kruisem","Arrondissement Oudenaarde","Arrondissement d’Audenarde","Provincie Oost-Vlaanderen","Province de Flandre orientale","Vlaams Gewest","Région flamande","<5"
"2020-03-28","46003","Beveren (Sint-Niklaas)","Beveren (Saint-Nicolas)","Arrondissement Sint-Niklaas","Arrondissement de Saint-Nicolas","Provincie Oost-Vlaanderen","Province de Flandre orientale","Vlaams Gewest","Région flamande","<5"
"2020-03-28","46014","Lokeren","Lokeren","Arrondissement Sint-Niklaas","Arrondissement de Saint-Nicolas","Provincie Oost-Vlaanderen","Province de Flandre orientale","Vlaams Gewest","Région flamande","<5"
"2020-03-28","46020","Sint-Gillis-Waas","Sint-Gillis-Waas","Arrondissement Sint-Niklaas","Arrondissement de Saint-Nicolas","Provincie Oost-Vlaanderen","Province de Flandre orientale","Vlaams Gewest","Région flamande","<5"
"2020-03-28","46021","Sint-Niklaas (Sint-Niklaas)","Saint-Nicolas (Saint-Nicolas)","Arrondissement Sint-Niklaas","Arrondissement de Saint-Nicolas","Provincie Oost-Vlaanderen","Province de Flandre orientale","Vlaams Gewest","Région flamande","<5"
"2020-03-28","46024","Stekene","Stekene","Arrondissement Sint-Niklaas","Arrondissement de Saint-Nicolas","Provincie Oost-Vlaanderen","Province de Flandre orientale","Vlaams Gewest","Région flamande","<5"
"2020-03-28","46025","Temse","Tamise","Arrondissement Sint-Niklaas","Arrondissement de Saint-Nicolas","Provincie Oost-Vlaanderen","Province de Flandre orientale","Vlaams Gewest","Région flamande","5"
"2020-03-28","51004","Aat","Ath","Arrondissement Aat","Arrondissement d’Ath","Provincie Henegouwen","Province du Hainaut","Waals Gewest","Région wallonne","<5"
"2020-03-28","51012","Brugelette","Brugelette","Arrondissement Aat","Arrondissement d’Ath","Provincie Henegouwen","Province du Hainaut","Waals Gewest","Région wallonne","<5"
"2020-03-28","51019","Vloesberg","Flobecq","Arrondissement Aat","Arrondissement d’Ath","Provincie Henegouwen","Province du Hainaut","Waals Gewest","Région wallonne","<5"
"2020-03-28","51065","Frasnes-lez-Anvaing","Frasnes-lez-Anvaing","Arrondissement Aat","Arrondissement d’Ath","Provincie Henegouwen","Province du Hainaut","Waals Gewest","Région wallonne","<5"
"2020-03-28","51067","Edingen","Enghien","Arrondissement Aat","Arrondissement d’Ath","Provincie Henegouwen","Province du Hainaut","Waals Gewest","Région wallonne","<5"
"2020-03-28","52010","Chapelle-lez-Herlaimont","Chapelle-lez-Herlaimont","Arrondissement Charleroi","Arrondissement de Charleroi","Provincie Henegouwen","Province du Hainaut","Waals Gewest","Région wallonne","<5"
"2020-03-28","52011","Charleroi","Charleroi","Arrondissement Charleroi","Arrondissement de Charleroi","Provincie Henegouwen","Province du Hainaut","Waals Gewest","Région wallonne","6"
"2020-03-28","52015","Courcelles","Courcelles","Arrondissement Charleroi","Arrondissement de Charleroi","Provincie Henegouwen","Province du Hainaut","Waals Gewest","Région wallonne","5"
"2020-03-28","52018","Farciennes","Farciennes","Arrondissement Charleroi","Arrondissement de Charleroi","Provincie Henegouwen","Province du Hainaut","Waals Gewest","Région wallonne","<5"
"2020-03-28","52021","Fleurus","Fleurus","Arrondissement Charleroi","Arrondissement de Charleroi","Provincie Henegouwen","Province du Hainaut","Waals Gewest","Région wallonne","<5"
"2020-03-28","52022","Fontaine-l’Evêque","Fontaine-l’Evêque","Arrondissement Charleroi","Arrondissement de Charleroi","Provincie Henegouwen","Province du Hainaut","Waals Gewest","Région wallonne","<5"
"2020-03-28","52048","Montigny-le-Tilleul","Montigny-le-Tilleul","Arrondissement Charleroi","Arrondissement de Charleroi","Provincie Henegouwen","Province du Hainaut","Waals Gewest","Région wallonne","<5"
"2020-03-28","52055","Pont-à-Celles","Pont-à-Celles","Arrondissement Charleroi","Arrondissement de Charleroi","Provincie Henegouwen","Province du Hainaut","Waals Gewest","Région wallonne","<5"
"2020-03-28","53014","Boussu","Boussu","Arrondissement Bergen","Arrondissement de Mons","Provincie Henegouwen","Province du Hainaut","Waals Gewest","Région wallonne","<5"
"2020-03-28","53020","Dour","Dour","Arrondissement Bergen","Arrondissement de Mons","Provincie Henegouwen","Province du Hainaut","Waals Gewest","Région wallonne","<5"
"2020-03-28","53028","Frameries","Frameries","Arrondissement Bergen","Arrondissement de Mons","Provincie Henegouwen","Province du Hainaut","Waals Gewest","Région wallonne","5"
"2020-03-28","53039","Hensies","Hensies","Arrondissement Bergen","Arrondissement de Mons","Provincie Henegouwen","Province du Hainaut","Waals Gewest","Région wallonne","<5"
"2020-03-28","53044","Jurbeke","Jurbise","Arrondissement Bergen","Arrondissement de Mons","Provincie Henegouwen","Province du Hainaut","Waals Gewest","Région wallonne","<5"
"2020-03-28","53053","Bergen","Mons","Arrondissement Bergen","Arrondissement de Mons","Provincie Henegouwen","Province du Hainaut","Waals Gewest","Région wallonne","14"
"2020-03-28","53065","Quaregnon","Quaregnon","Arrondissement Bergen","Arrondissement de Mons","Provincie Henegouwen","Province du Hainaut","Waals Gewest","Région wallonne","<5"
"2020-03-28","53068","Quiévrain","Quiévrain","Arrondissement Bergen","Arrondissement de Mons","Provincie Henegouwen","Province du Hainaut","Waals Gewest","Région wallonne","<5"
"2020-03-28","53070","Saint-Ghislain","Saint-Ghislain","Arrondissement Bergen","Arrondissement de Mons","Provincie Henegouwen","Province du Hainaut","Waals Gewest","Région wallonne","<5"
"2020-03-28","53082","Colfontaine","Colfontaine","Arrondissement Bergen","Arrondissement de Mons","Provincie Henegouwen","Province du Hainaut","Waals Gewest","Région wallonne","<5"
"2020-03-28","53083","Honnelles","Honnelles","Arrondissement Bergen","Arrondissement de Mons","Provincie Henegouwen","Province du Hainaut","Waals Gewest","Région wallonne","<5"
"2020-03-28","53084","Quévy","Quévy","Arrondissement Bergen","Arrondissement de Mons","Provincie Henegouwen","Province du Hainaut","Waals Gewest","Région wallonne","<5"
"2020-03-28","55004","’s Gravenbrakel","Braine-le-Comte","Arrondissement Zinnik","Arrondissement de Soignies","Provincie Henegouwen","Province du Hainaut","Waals Gewest","Région wallonne","<5"
"2020-03-28","55035","Le Roeulx","Le Roeulx","Arrondissement Zinnik","Arrondissement de Soignies","Provincie Henegouwen","Province du Hainaut","Waals Gewest","Région wallonne","<5"
"2020-03-28","55040","Zinnik","Soignies","Arrondissement Zinnik","Arrondissement de Soignies","Provincie Henegouwen","Province du Hainaut","Waals Gewest","Région wallonne","<5"
"2020-03-28","55086","Manage","Manage","Arrondissement Zinnik","Arrondissement de Soignies","Provincie Henegouwen","Province du Hainaut","Waals Gewest","Région wallonne","<5"
"2020-03-28","56049","Merbes-le-Château","Merbes-le-Château","Arrondissement Thuin","Arrondissement de Thuin","Provincie Henegouwen","Province du Hainaut","Waals Gewest","Région wallonne","<5"
"2020-03-28","57081","Doornik","Tournai","Arrondissement Doornik-Moeskroen","Arrondissement de Tournai-Mouscron","Provincie Henegouwen","Province du Hainaut","Waals Gewest","Région wallonne","5"
"2020-03-28","57094","Leuze-en-Hainaut","Leuze-en-Hainaut","Arrondissement Doornik-Moeskroen","Arrondissement de Tournai-Mouscron","Provincie Henegouwen","Province du Hainaut","Waals Gewest","Région wallonne","<5"
"2020-03-28","57096","Moeskroen","Mouscron","Arrondissement Doornik-Moeskroen","Arrondissement de Tournai-Mouscron","Provincie Henegouwen","Province du Hainaut","Waals Gewest","Région wallonne","<5"
"2020-03-28","57097","Komen-Waasten","Comines-Warneton","Arrondissement Doornik-Moeskroen","Arrondissement de Tournai-Mouscron","Provincie Henegouwen","Province du Hainaut","Waals Gewest","Région wallonne","<5"
"2020-03-28","58001","La Louvière","La Louvière","Arrondissement La Louvière","Arrondissement de La Louvière","Provincie Henegouwen","Province du Hainaut","Waals Gewest","Région wallonne","5"
"2020-03-28","58002","Binche","Binche","Arrondissement La Louvière","Arrondissement de La Louvière","Provincie Henegouwen","Province du Hainaut","Waals Gewest","Région wallonne","<5"
"2020-03-28","58003","Estinnes","Estinnes","Arrondissement La Louvière","Arrondissement de La Louvière","Provincie Henegouwen","Province du Hainaut","Waals Gewest","Région wallonne","<5"
"2020-03-28","58004","Morlanwelz","Morlanwelz","Arrondissement La Louvière","Arrondissement de La Louvière","Provincie Henegouwen","Province du Hainaut","Waals Gewest","Région wallonne","<5"
"2020-03-28","61012","Clavier","Clavier","Arrondissement Hoei","Arrondissement de Huy","Provincie Luik","Province de Liège","Waals Gewest","Région wallonne","<5"
"2020-03-28","61031","Hoei","Huy","Arrondissement Hoei","Arrondissement de Huy","Provincie Luik","Province de Liège","Waals Gewest","Région wallonne","<5"
"2020-03-28","61039","Marchin","Marchin","Arrondissement Hoei","Arrondissement de Huy","Provincie Luik","Province de Liège","Waals Gewest","Région wallonne","<5"
"2020-03-28","61043","Nandrin","Nandrin","Arrondissement Hoei","Arrondissement de Huy","Provincie Luik","Province de Liège","Waals Gewest","Région wallonne","<5"
"2020-03-28","61072","Wanze","Wanze","Arrondissement Hoei","Arrondissement de Huy","Provincie Luik","Province de Liège","Waals Gewest","Région wallonne","<5"
"2020-03-28","62015","Beyne-Heusay","Beyne-Heusay","Arrondissement Luik","Arrondissement de Liège","Provincie Luik","Province de Liège","Waals Gewest","Région wallonne","<5"
"2020-03-28","62038","Fléron","Fléron","Arrondissement Luik","Arrondissement de Liège","Provincie Luik","Province de Liège","Waals Gewest","Région wallonne","<5"
"2020-03-28","62063","Luik","Liège","Arrondissement Luik","Arrondissement de Liège","Provincie Luik","Province de Liège","Waals Gewest","Région wallonne","12"
"2020-03-28","62096","Seraing","Seraing","Arrondissement Luik","Arrondissement de Liège","Provincie Luik","Province de Liège","Waals Gewest","Région wallonne","<5"
"2020-03-28","63001","Amel","Amblève","Arrondissement Verviers","Arrondissement de Verviers","Provincie Luik","Province de Liège","Waals Gewest","Région wallonne","<5"
"2020-03-28","63038","Jalhay","Jalhay","Arrondissement Verviers","Arrondissement de Verviers","Provincie Luik","Province de Liège","Waals Gewest","Région wallonne","<5"
"2020-03-28","63049","Malmedy","Malmedy","Arrondissement Verviers","Arrondissement de Verviers","Provincie Luik","Province de Liège","Waals Gewest","Région wallonne","<5"
"2020-03-28","63067","Sankt Vith","Saint-Vith","Arrondissement Verviers","Arrondissement de Verviers","Provincie Luik","Province de Liège","Waals Gewest","Région wallonne","<5"
"2020-03-28","63079","Verviers","Verviers","Arrondissement Verviers","Arrondissement de Verviers","Provincie Luik","Province de Liège","Waals Gewest","Région wallonne","<5"
"2020-03-28","71002","As","As","Arrondissement Hasselt","Arrondissement de Hasselt","Provincie Limburg","Province du Limbourg","Vlaams Gewest","Région flamande","<5"
"2020-03-28","71004","Beringen","Beringen","Arrondissement Hasselt","Arrondissement de Hasselt","Provincie Limburg","Province du Limbourg","Vlaams Gewest","Région flamande","5"
"2020-03-28","71016","Genk","Genk","Arrondissement Hasselt","Arrondissement de Hasselt","Provincie Limburg","Province du Limbourg","Vlaams Gewest","Région flamande","13"
"2020-03-28","71017","Gingelom","Gingelom","Arrondissement Hasselt","Arrondissement de Hasselt","Provincie Limburg","Province du Limbourg","Vlaams Gewest","Région flamande","<5"
"2020-03-28","71022","Hasselt","Hasselt","Arrondissement Hasselt","Arrondissement de Hasselt","Provincie Limburg","Province du Limbourg","Vlaams Gewest","Région flamande","8"
"2020-03-28","71024","Herk-de-Stad","Herck-la-Ville","Arrondissement Hasselt","Arrondissement de Hasselt","Provincie Limburg","Province du Limbourg","Vlaams Gewest","Région flamande","<5"
"2020-03-28","71037","Lummen","Lummen","Arrondissement Hasselt","Arrondissement de Hasselt","Provincie Limburg","Province du Limbourg","Vlaams Gewest","Région flamande","<5"
"2020-03-28","71045","Nieuwerkerken (Hasselt)","Nieuwerkerken (Hasselt)","Arrondissement Hasselt","Arrondissement de Hasselt","Provincie Limburg","Province du Limbourg","Vlaams Gewest","Région flamande","<5"
"2020-03-28","71053","Sint-Truiden","Saint-Trond","Arrondissement Hasselt","Arrondissement de Hasselt","Provincie Limburg","Province du Limbourg","Vlaams Gewest","Région flamande","7"
"2020-03-28","71057","Tessenderlo","Tessenderlo","Arrondissement Hasselt","Arrondissement de Hasselt","Provincie Limburg","Province du Limbourg","Vlaams Gewest","Région flamande","<5"
"2020-03-28","71066","Zonhoven","Zonhoven","Arrondissement Hasselt","Arrondissement de Hasselt","Provincie Limburg","Province du Limbourg","Vlaams Gewest","Région flamande","<5"
"2020-03-28","71069","Ham","Ham","Arrondissement Hasselt","Arrondissement de Hasselt","Provincie Limburg","Province du Limbourg","Vlaams Gewest","Région flamande","<5"
"2020-03-28","71070","Heusden-Zolder","Heusden-Zolder","Arrondissement Hasselt","Arrondissement de Hasselt","Provincie Limburg","Province du Limbourg","Vlaams Gewest","Région flamande","<5"
"2020-03-28","72004","Bree","Bree","Arrondissement Maaseik","Arrondissement de Maaseik","Provincie Limburg","Province du Limbourg","Vlaams Gewest","Région flamande","<5"
"2020-03-28","72018","Kinrooi","Kinrooi","Arrondissement Maaseik","Arrondissement de Maaseik","Provincie Limburg","Province du Limbourg","Vlaams Gewest","Région flamande","<5"
"2020-03-28","72020","Lommel","Lommel","Arrondissement Maaseik","Arrondissement de Maaseik","Provincie Limburg","Province du Limbourg","Vlaams Gewest","Région flamande","<5"
"2020-03-28","72021","Maaseik","Maaseik","Arrondissement Maaseik","Arrondissement de Maaseik","Provincie Limburg","Province du Limbourg","Vlaams Gewest","Région flamande","5"
"2020-03-28","72030","Peer","Peer","Arrondissement Maaseik","Arrondissement de Maaseik","Provincie Limburg","Province du Limbourg","Vlaams Gewest","Région flamande","<5"
"2020-03-28","72037","Hamont-Achel","Hamont-Achel","Arrondissement Maaseik","Arrondissement de Maaseik","Provincie Limburg","Province du Limbourg","Vlaams Gewest","Région flamande","<5"
"2020-03-28","72039","Houthalen-Helchteren","Houthalen-Helchteren","Arrondissement Maaseik","Arrondissement de Maaseik","Provincie Limburg","Province du Limbourg","Vlaams Gewest","Région flamande","<5"
"2020-03-28","72041","Dilsen-Stokkem","Dilsen-Stokkem","Arrondissement Maaseik","Arrondissement de Maaseik","Provincie Limburg","Province du Limbourg","Vlaams Gewest","Région flamande","<5"
"2020-03-28","72042","Oudsbergen","Oudsbergen","Arrondissement Maaseik","Arrondissement de Maaseik","Provincie Limburg","Province du Limbourg","Vlaams Gewest","Région flamande","<5"
"2020-03-28","72043","Pelt","Pelt","Arrondissement Maaseik","Arrondissement de Maaseik","Provincie Limburg","Province du Limbourg","Vlaams Gewest","Région flamande","<5"
"2020-03-28","73001","Alken","Alken","Arrondissement Tongeren","Arrondissement de Tongres","Provincie Limburg","Province du Limbourg","Vlaams Gewest","Région flamande","<5"
"2020-03-28","73006","Bilzen","Bilzen","Arrondissement Tongeren","Arrondissement de Tongres","Provincie Limburg","Province du Limbourg","Vlaams Gewest","Région flamande","5"
"2020-03-28","73009","Borgloon","Looz","Arrondissement Tongeren","Arrondissement de Tongres","Provincie Limburg","Province du Limbourg","Vlaams Gewest","Région flamande","<5"
"2020-03-28","73032","Hoeselt","Hoeselt","Arrondissement Tongeren","Arrondissement de Tongres","Provincie Limburg","Province du Limbourg","Vlaams Gewest","Région flamande","<5"
"2020-03-28","73040","Kortessem","Kortessem","Arrondissement Tongeren","Arrondissement de Tongres","Provincie Limburg","Province du Limbourg","Vlaams Gewest","Région flamande","<5"
"2020-03-28","73042","Lanaken","Lanaken","Arrondissement Tongeren","Arrondissement de Tongres","Provincie Limburg","Province du Limbourg","Vlaams Gewest","Région flamande","<5"
"2020-03-28","73066","Riemst","Riemst","Arrondissement Tongeren","Arrondissement de Tongres","Provincie Limburg","Province du Limbourg","Vlaams Gewest","Région flamande","<5"
"2020-03-28","73083","Tongeren","Tongres","Arrondissement Tongeren","Arrondissement de Tongres","Provincie Limburg","Province du Limbourg","Vlaams Gewest","Région flamande","<5"
"2020-03-28","73107","Maasmechelen","Maasmechelen","Arrondissement Tongeren","Arrondissement de Tongres","Provincie Limburg","Province du Limbourg","Vlaams Gewest","Région flamande","<5"
"2020-03-28","81001","Aarlen","Arlon","Arrondissement Aarlen","Arrondissement d’Arlon","Provincie Luxemburg","Province du Luxembourg","Waals Gewest","Région wallonne","<5"
"2020-03-28","81003","Attert","Attert","Arrondissement Aarlen","Arrondissement d’Arlon","Provincie Luxemburg","Province du Luxembourg","Waals Gewest","Région wallonne","<5"
"2020-03-28","81004","Aubange","Aubange","Arrondissement Aarlen","Arrondissement d’Arlon","Provincie Luxemburg","Province du Luxembourg","Waals Gewest","Région wallonne","<5"
"2020-03-28","82003","Bastenaken","Bastogne","Arrondissement Bastenaken","Arrondissement de Bastogne","Provincie Luxemburg","Province du Luxembourg","Waals Gewest","Région wallonne","<5"
"2020-03-28","82005","Bertogne","Bertogne","Arrondissement Bastenaken","Arrondissement de Bastogne","Provincie Luxemburg","Province du Luxembourg","Waals Gewest","Région wallonne","<5"
"2020-03-28","82014","Houffalize","Houffalize","Arrondissement Bastenaken","Arrondissement de Bastogne","Provincie Luxemburg","Province du Luxembourg","Waals Gewest","Région wallonne","<5"
"2020-03-28","82032","Vielsalm","Vielsalm","Arrondissement Bastenaken","Arrondissement de Bastogne","Provincie Luxemburg","Province du Luxembourg","Waals Gewest","Région wallonne","<5"
"2020-03-28","82036","Vaux-sur-Sûre","Vaux-sur-Sûre","Arrondissement Bastenaken","Arrondissement de Bastogne","Provincie Luxemburg","Province du Luxembourg","Waals Gewest","Région wallonne","<5"
"2020-03-28","82037","Gouvy","Gouvy","Arrondissement Bastenaken","Arrondissement de Bastogne","Provincie Luxemburg","Province du Luxembourg","Waals Gewest","Région wallonne","<5"
"2020-03-28","83012","Durbuy","Durbuy","Arrondissement Marche-en-Famenne","Arrondissement de Marche-en-Famenne","Provincie Luxemburg","Province du Luxembourg","Waals Gewest","Région wallonne","<5"
"2020-03-28","83031","La Roche-en-Ardenne","La Roche-en-Ardenne","Arrondissement Marche-en-Famenne","Arrondissement de Marche-en-Famenne","Provincie Luxemburg","Province du Luxembourg","Waals Gewest","Région wallonne","<5"
"2020-03-28","83034","Marche-en-Famenne","Marche-en-Famenne","Arrondissement Marche-en-Famenne","Arrondissement de Marche-en-Famenne","Provincie Luxemburg","Province du Luxembourg","Waals Gewest","Région wallonne","5"
"2020-03-28","84010","Bouillon","Bouillon","Arrondissement Neufchâteau","Arrondissement de Neufchâteau","Provincie Luxemburg","Province du Luxembourg","Waals Gewest","Région wallonne","<5"
"2020-03-28","84043","Neufchâteau (Neufchâteau)","Neufchâteau (Neufchâteau)","Arrondissement Neufchâteau","Arrondissement de Neufchâteau","Provincie Luxemburg","Province du Luxembourg","Waals Gewest","Région wallonne","<5"
"2020-03-28","84050","Paliseul","Paliseul","Arrondissement Neufchâteau","Arrondissement de Neufchâteau","Provincie Luxemburg","Province du Luxembourg","Waals Gewest","Région wallonne","<5"
"2020-03-28","85046","Habay","Habay","Arrondissement Virton","Arrondissement de Virton","Provincie Luxemburg","Province du Luxembourg","Waals Gewest","Région wallonne","<5"
"2020-03-28","91013","Beauraing","Beauraing","Arrondissement Dinant","Arrondissement de Dinant","Provincie Namen","Province de Namur","Waals Gewest","Région wallonne","<5"
"2020-03-28","91030","Ciney","Ciney","Arrondissement Dinant","Arrondissement de Dinant","Provincie Namen","Province de Namur","Waals Gewest","Région wallonne","<5"
"2020-03-28","91064","Havelange","Havelange","Arrondissement Dinant","Arrondissement de Dinant","Provincie Namen","Province de Namur","Waals Gewest","Région wallonne","<5"
"2020-03-28","91072","Houyet","Houyet","Arrondissement Dinant","Arrondissement de Dinant","Provincie Namen","Province de Namur","Waals Gewest","Région wallonne","<5"
"2020-03-28","91114","Rochefort","Rochefort","Arrondissement Dinant","Arrondissement de Dinant","Provincie Namen","Province de Namur","Waals Gewest","Région wallonne","<5"
"2020-03-28","91141","Yvoir","Yvoir","Arrondissement Dinant","Arrondissement de Dinant","Provincie Namen","Province de Namur","Waals Gewest","Région wallonne","<5"
"2020-03-28","92003","Andenne","Andenne","Arrondissement Namen","Arrondissement de Namur","Provincie Namen","Province de Namur","Waals Gewest","Région wallonne","<5"
"2020-03-28","92006","Assesse","Assesse","Arrondissement Namen","Arrondissement de Namur","Provincie Namen","Province de Namur","Waals Gewest","Région wallonne","<5"
"2020-03-28","92035","Eghezée","Eghezée","Arrondissement Namen","Arrondissement de Namur","Provincie Namen","Province de Namur","Waals Gewest","Région wallonne","<5"
"2020-03-28","92048","Fosses-la-Ville","Fosses-la-Ville","Arrondissement Namen","Arrondissement de Namur","Provincie Namen","Province de Namur","Waals Gewest","Région wallonne","<5"
"2020-03-28","92094","Namen","Namur","Arrondissement Namen","Arrondissement de Namur","Provincie Namen","Province de Namur","Waals Gewest","Région wallonne","9"
"2020-03-28","92137","Sambreville","Sambreville","Arrondissement Namen","Arrondissement de Namur","Provincie Namen","Province de Namur","Waals Gewest","Région wallonne","<5"
"2020-03-28","92142","Gembloux","Gembloux","Arrondissement Namen","Arrondissement de Namur","Provincie Namen","Province de Namur","Waals Gewest","Région wallonne","<5"
"2020-03-28","93014","Couvin","Couvin","Arrondissement Philippeville","Arrondissement de Philippeville","Provincie Namen","Province de Namur","Waals Gewest","Région wallonne","<5"
"2020-03-28",NA,NA,NA,NA,NA,NA,NA,NA,NA,"13"
"2020-03-29","11001","Aartselaar","Aartselaar","Arrondissement Antwerpen","Arrondissement d’Anvers","Provincie Antwerpen","Province d’Anvers","Vlaams Gewest","Région flamande","<5"
"2020-03-29","11002","Antwerpen","Anvers","Arrondissement Antwerpen","Arrondissement d’Anvers","Provincie Antwerpen","Province d’Anvers","Vlaams Gewest","Région flamande","27"
"2020-03-29","11004","Boechout","Boechout","Arrondissement Antwerpen","Arrondissement d’Anvers","Provincie Antwerpen","Province d’Anvers","Vlaams Gewest","Région flamande","<5"
"2020-03-29","11007","Borsbeek","Borsbeek","Arrondissement Antwerpen","Arrondissement d’Anvers","Provincie Antwerpen","Province d’Anvers","Vlaams Gewest","Région flamande","<5"
"2020-03-29","11008","Brasschaat","Brasschaat","Arrondissement Antwerpen","Arrondissement d’Anvers","Provincie Antwerpen","Province d’Anvers","Vlaams Gewest","Région flamande","<5"
"2020-03-29","11009","Brecht","Brecht","Arrondissement Antwerpen","Arrondissement d’Anvers","Provincie Antwerpen","Province d’Anvers","Vlaams Gewest","Région flamande","<5"
"2020-03-29","11013","Edegem","Edegem","Arrondissement Antwerpen","Arrondissement d’Anvers","Provincie Antwerpen","Province d’Anvers","Vlaams Gewest","Région flamande","<5"
"2020-03-29","11016","Essen","Essen","Arrondissement Antwerpen","Arrondissement d’Anvers","Provincie Antwerpen","Province d’Anvers","Vlaams Gewest","Région flamande","<5"
"2020-03-29","11018","Hemiksem","Hemiksem","Arrondissement Antwerpen","Arrondissement d’Anvers","Provincie Antwerpen","Province d’Anvers","Vlaams Gewest","Région flamande","<5"
"2020-03-29","11022","Kalmthout","Kalmthout","Arrondissement Antwerpen","Arrondissement d’Anvers","Provincie Antwerpen","Province d’Anvers","Vlaams Gewest","Région flamande","<5"
"2020-03-29","11029","Mortsel","Mortsel","Arrondissement Antwerpen","Arrondissement d’Anvers","Provincie Antwerpen","Province d’Anvers","Vlaams Gewest","Région flamande","<5"
"2020-03-29","11030","Niel","Niel","Arrondissement Antwerpen","Arrondissement d’Anvers","Provincie Antwerpen","Province d’Anvers","Vlaams Gewest","Région flamande","<5"
"2020-03-29","11035","Ranst","Ranst","Arrondissement Antwerpen","Arrondissement d’Anvers","Provincie Antwerpen","Province d’Anvers","Vlaams Gewest","Région flamande","<5"
"2020-03-29","11037","Rumst","Rumst","Arrondissement Antwerpen","Arrondissement d’Anvers","Provincie Antwerpen","Province d’Anvers","Vlaams Gewest","Région flamande","<5"
"2020-03-29","11040","Schoten","Schoten","Arrondissement Antwerpen","Arrondissement d’Anvers","Provincie Antwerpen","Province d’Anvers","Vlaams Gewest","Région flamande","<5"
"2020-03-29","11053","Wuustwezel","Wuustwezel","Arrondissement Antwerpen","Arrondissement d’Anvers","Provincie Antwerpen","Province d’Anvers","Vlaams Gewest","Région flamande","<5"
"2020-03-29","11054","Zandhoven","Zandhoven","Arrondissement Antwerpen","Arrondissement d’Anvers","Provincie Antwerpen","Province d’Anvers","Vlaams Gewest","Région flamande","<5"
"2020-03-29","11055","Zoersel","Zoersel","Arrondissement Antwerpen","Arrondissement d’Anvers","Provincie Antwerpen","Province d’Anvers","Vlaams Gewest","Région flamande","<5"
"2020-03-29","11056","Zwijndrecht","Zwijndrecht","Arrondissement Antwerpen","Arrondissement d’Anvers","Provincie Antwerpen","Province d’Anvers","Vlaams Gewest","Région flamande","<5"
"2020-03-29","11057","Malle","Malle","Arrondissement Antwerpen","Arrondissement d’Anvers","Provincie Antwerpen","Province d’Anvers","Vlaams Gewest","Région flamande","<5"
"2020-03-29","12002","Berlaar","Berlaar","Arrondissement Mechelen","Arrondissement de Malines","Provincie Antwerpen","Province d’Anvers","Vlaams Gewest","Région flamande","<5"
"2020-03-29","12007","Bornem","Bornem","Arrondissement Mechelen","Arrondissement de Malines","Provincie Antwerpen","Province d’Anvers","Vlaams Gewest","Région flamande","5"
"2020-03-29","12009","Duffel","Duffel","Arrondissement Mechelen","Arrondissement de Malines","Provincie Antwerpen","Province d’Anvers","Vlaams Gewest","Région flamande","<5"
"2020-03-29","12021","Lier","Lierre","Arrondissement Mechelen","Arrondissement de Malines","Provincie Antwerpen","Province d’Anvers","Vlaams Gewest","Région flamande","<5"
"2020-03-29","12025","Mechelen","Malines","Arrondissement Mechelen","Arrondissement de Malines","Provincie Antwerpen","Province d’Anvers","Vlaams Gewest","Région flamande","<5"
"2020-03-29","12026","Nijlen","Nijlen","Arrondissement Mechelen","Arrondissement de Malines","Provincie Antwerpen","Province d’Anvers","Vlaams Gewest","Région flamande","<5"
"2020-03-29","12029","Putte","Putte","Arrondissement Mechelen","Arrondissement de Malines","Provincie Antwerpen","Province d’Anvers","Vlaams Gewest","Région flamande","<5"
"2020-03-29","12040","Willebroek","Willebroek","Arrondissement Mechelen","Arrondissement de Malines","Provincie Antwerpen","Province d’Anvers","Vlaams Gewest","Région flamande","5"
"2020-03-29","12041","Puurs-Sint-Amands","Puurs-Sint-Amands","Arrondissement Mechelen","Arrondissement de Malines","Provincie Antwerpen","Province d’Anvers","Vlaams Gewest","Région flamande","5"
"2020-03-29","13003","Balen","Balen","Arrondissement Turnhout","Arrondissement de Turnhout","Provincie Antwerpen","Province d’Anvers","Vlaams Gewest","Région flamande","<5"
"2020-03-29","13004","Beerse","Beerse","Arrondissement Turnhout","Arrondissement de Turnhout","Provincie Antwerpen","Province d’Anvers","Vlaams Gewest","Région flamande","<5"
"2020-03-29","13008","Geel","Geel","Arrondissement Turnhout","Arrondissement de Turnhout","Provincie Antwerpen","Province d’Anvers","Vlaams Gewest","Région flamande","<5"
"2020-03-29","13013","Herselt","Herselt","Arrondissement Turnhout","Arrondissement de Turnhout","Provincie Antwerpen","Province d’Anvers","Vlaams Gewest","Région flamande","<5"
"2020-03-29","13014","Hoogstraten","Hoogstraten","Arrondissement Turnhout","Arrondissement de Turnhout","Provincie Antwerpen","Province d’Anvers","Vlaams Gewest","Région flamande","<5"
"2020-03-29","13017","Kasterlee","Kasterlee","Arrondissement Turnhout","Arrondissement de Turnhout","Provincie Antwerpen","Province d’Anvers","Vlaams Gewest","Région flamande","<5"
"2020-03-29","13031","Oud-Turnhout","Oud-Turnhout","Arrondissement Turnhout","Arrondissement de Turnhout","Provincie Antwerpen","Province d’Anvers","Vlaams Gewest","Région flamande","<5"
"2020-03-29","13037","Rijkevorsel","Rijkevorsel","Arrondissement Turnhout","Arrondissement de Turnhout","Provincie Antwerpen","Province d’Anvers","Vlaams Gewest","Région flamande","<5"
"2020-03-29","13040","Turnhout","Turnhout","Arrondissement Turnhout","Arrondissement de Turnhout","Provincie Antwerpen","Province d’Anvers","Vlaams Gewest","Région flamande","6"
"2020-03-29","13044","Vorselaar","Vorselaar","Arrondissement Turnhout","Arrondissement de Turnhout","Provincie Antwerpen","Province d’Anvers","Vlaams Gewest","Région flamande","<5"
"2020-03-29","13046","Vosselaar","Vosselaar","Arrondissement Turnhout","Arrondissement de Turnhout","Provincie Antwerpen","Province d’Anvers","Vlaams Gewest","Région flamande","<5"
"2020-03-29","13049","Westerlo","Westerlo","Arrondissement Turnhout","Arrondissement de Turnhout","Provincie Antwerpen","Province d’Anvers","Vlaams Gewest","Région flamande","<5"
"2020-03-29","21001","Anderlecht","Anderlecht","Arrondissement Brussel-Hoofdstad","Arrondissement de Bruxelles-Capitale",NA,NA,"Brussels Hoofdstedelijk Gewest","Région de Bruxelles-Capitale","9"
"2020-03-29","21003","Sint-Agatha-Berchem","Berchem-Sainte-Agathe","Arrondissement Brussel-Hoofdstad","Arrondissement de Bruxelles-Capitale",NA,NA,"Brussels Hoofdstedelijk Gewest","Région de Bruxelles-Capitale","<5"
"2020-03-29","21004","Brussel","Bruxelles","Arrondissement Brussel-Hoofdstad","Arrondissement de Bruxelles-Capitale",NA,NA,"Brussels Hoofdstedelijk Gewest","Région de Bruxelles-Capitale","11"
"2020-03-29","21005","Etterbeek","Etterbeek","Arrondissement Brussel-Hoofdstad","Arrondissement de Bruxelles-Capitale",NA,NA,"Brussels Hoofdstedelijk Gewest","Région de Bruxelles-Capitale","10"
"2020-03-29","21006","Evere","Evere","Arrondissement Brussel-Hoofdstad","Arrondissement de Bruxelles-Capitale",NA,NA,"Brussels Hoofdstedelijk Gewest","Région de Bruxelles-Capitale","8"
"2020-03-29","21007","Vorst (Brussel-Hoofdstad)","Forest (Bruxelles-Capitale)","Arrondissement Brussel-Hoofdstad","Arrondissement de Bruxelles-Capitale",NA,NA,"Brussels Hoofdstedelijk Gewest","Région de Bruxelles-Capitale","8"
"2020-03-29","21008","Ganshoren","Ganshoren","Arrondissement Brussel-Hoofdstad","Arrondissement de Bruxelles-Capitale",NA,NA,"Brussels Hoofdstedelijk Gewest","Région de Bruxelles-Capitale","<5"
"2020-03-29","21009","Elsene","Ixelles","Arrondissement Brussel-Hoofdstad","Arrondissement de Bruxelles-Capitale",NA,NA,"Brussels Hoofdstedelijk Gewest","Région de Bruxelles-Capitale","6"
"2020-03-29","21010","Jette","Jette","Arrondissement Brussel-Hoofdstad","Arrondissement de Bruxelles-Capitale",NA,NA,"Brussels Hoofdstedelijk Gewest","Région de Bruxelles-Capitale","5"
"2020-03-29","21012","Sint-Jans-Molenbeek","Molenbeek-Saint-Jean","Arrondissement Brussel-Hoofdstad","Arrondissement de Bruxelles-Capitale",NA,NA,"Brussels Hoofdstedelijk Gewest","Région de Bruxelles-Capitale","7"
"2020-03-29","21013","Sint-Gillis","Saint-Gilles","Arrondissement Brussel-Hoofdstad","Arrondissement de Bruxelles-Capitale",NA,NA,"Brussels Hoofdstedelijk Gewest","Région de Bruxelles-Capitale","<5"
"2020-03-29","21014","Sint-Joost-ten-Node","Saint-Josse-ten-Noode","Arrondissement Brussel-Hoofdstad","Arrondissement de Bruxelles-Capitale",NA,NA,"Brussels Hoofdstedelijk Gewest","Région de Bruxelles-Capitale","<5"
"2020-03-29","21015","Schaarbeek","Schaerbeek","Arrondissement Brussel-Hoofdstad","Arrondissement de Bruxelles-Capitale",NA,NA,"Brussels Hoofdstedelijk Gewest","Région de Bruxelles-Capitale","8"
"2020-03-29","21016","Ukkel","Uccle","Arrondissement Brussel-Hoofdstad","Arrondissement de Bruxelles-Capitale",NA,NA,"Brussels Hoofdstedelijk Gewest","Région de Bruxelles-Capitale","5"
"2020-03-29","21017","Watermaal-Bosvoorde","Watermael-Boitsfort","Arrondissement Brussel-Hoofdstad","Arrondissement de Bruxelles-Capitale",NA,NA,"Brussels Hoofdstedelijk Gewest","Région de Bruxelles-Capitale","<5"
"2020-03-29","21018","Sint-Lambrechts-Woluwe","Woluwe-Saint-Lambert","Arrondissement Brussel-Hoofdstad","Arrondissement de Bruxelles-Capitale",NA,NA,"Brussels Hoofdstedelijk Gewest","Région de Bruxelles-Capitale","<5"
"2020-03-29","21019","Sint-Pieters-Woluwe","Woluwe-Saint-Pierre","Arrondissement Brussel-Hoofdstad","Arrondissement de Bruxelles-Capitale",NA,NA,"Brussels Hoofdstedelijk Gewest","Région de Bruxelles-Capitale","<5"
"2020-03-29","23002","Asse","Asse","Arrondissement Halle-Vilvoorde","Arrondissement de Hal-Vilvorde","Provincie Vlaams-Brabant","Province du Brabant flamand","Vlaams Gewest","Région flamande","5"
"2020-03-29","23003","Beersel","Beersel","Arrondissement Halle-Vilvoorde","Arrondissement de Hal-Vilvorde","Provincie Vlaams-Brabant","Province du Brabant flamand","Vlaams Gewest","Région flamande","<5"
"2020-03-29","23025","Grimbergen","Grimbergen","Arrondissement Halle-Vilvoorde","Arrondissement de Hal-Vilvorde","Provincie Vlaams-Brabant","Province du Brabant flamand","Vlaams Gewest","Région flamande","<5"
"2020-03-29","23027","Halle (Halle-Vilvoorde)","Hal (Hal-Vilvorde)","Arrondissement Halle-Vilvoorde","Arrondissement de Hal-Vilvorde","Provincie Vlaams-Brabant","Province du Brabant flamand","Vlaams Gewest","Région flamande","<5"
"2020-03-29","23039","Kapelle-op-den-Bos","Kapelle-op-den-Bos","Arrondissement Halle-Vilvoorde","Arrondissement de Hal-Vilvorde","Provincie Vlaams-Brabant","Province du Brabant flamand","Vlaams Gewest","Région flamande","<5"
"2020-03-29","23052","Merchtem","Merchtem","Arrondissement Halle-Vilvoorde","Arrondissement de Hal-Vilvorde","Provincie Vlaams-Brabant","Province du Brabant flamand","Vlaams Gewest","Région flamande","<5"
"2020-03-29","23062","Overijse","Overijse","Arrondissement Halle-Vilvoorde","Arrondissement de Hal-Vilvorde","Provincie Vlaams-Brabant","Province du Brabant flamand","Vlaams Gewest","Région flamande","<5"
"2020-03-29","23077","Sint-Pieters-Leeuw","Sint-Pieters-Leeuw","Arrondissement Halle-Vilvoorde","Arrondissement de Hal-Vilvorde","Provincie Vlaams-Brabant","Province du Brabant flamand","Vlaams Gewest","Région flamande","<5"
"2020-03-29","23081","Steenokkerzeel","Steenokkerzeel","Arrondissement Halle-Vilvoorde","Arrondissement de Hal-Vilvorde","Provincie Vlaams-Brabant","Province du Brabant flamand","Vlaams Gewest","Région flamande","<5"
"2020-03-29","23086","Ternat","Ternat","Arrondissement Halle-Vilvoorde","Arrondissement de Hal-Vilvorde","Provincie Vlaams-Brabant","Province du Brabant flamand","Vlaams Gewest","Région flamande","<5"
"2020-03-29","23088","Vilvoorde","Vilvorde","Arrondissement Halle-Vilvoorde","Arrondissement de Hal-Vilvorde","Provincie Vlaams-Brabant","Province du Brabant flamand","Vlaams Gewest","Région flamande","<5"
"2020-03-29","23097","Roosdaal","Roosdaal","Arrondissement Halle-Vilvoorde","Arrondissement de Hal-Vilvorde","Provincie Vlaams-Brabant","Province du Brabant flamand","Vlaams Gewest","Région flamande","<5"
"2020-03-29","23098","Drogenbos","Drogenbos","Arrondissement Halle-Vilvoorde","Arrondissement de Hal-Vilvorde","Provincie Vlaams-Brabant","Province du Brabant flamand","Vlaams Gewest","Région flamande","<5"
"2020-03-29","23099","Kraainem","Kraainem","Arrondissement Halle-Vilvoorde","Arrondissement de Hal-Vilvorde","Provincie Vlaams-Brabant","Province du Brabant flamand","Vlaams Gewest","Région flamande","<5"
"2020-03-29","23105","Affligem","Affligem","Arrondissement Halle-Vilvoorde","Arrondissement de Hal-Vilvorde","Provincie Vlaams-Brabant","Province du Brabant flamand","Vlaams Gewest","Région flamande","<5"
"2020-03-29","24001","Aarschot","Aarschot","Arrondissement Leuven","Arrondissement de Louvain","Provincie Vlaams-Brabant","Province du Brabant flamand","Vlaams Gewest","Région flamande","<5"
"2020-03-29","24009","Bertem","Bertem","Arrondissement Leuven","Arrondissement de Louvain","Provincie Vlaams-Brabant","Province du Brabant flamand","Vlaams Gewest","Région flamande","<5"
"2020-03-29","24016","Boutersem","Boutersem","Arrondissement Leuven","Arrondissement de Louvain","Provincie Vlaams-Brabant","Province du Brabant flamand","Vlaams Gewest","Région flamande","<5"
"2020-03-29","24020","Diest","Diest","Arrondissement Leuven","Arrondissement de Louvain","Provincie Vlaams-Brabant","Province du Brabant flamand","Vlaams Gewest","Région flamande","<5"
"2020-03-29","24028","Geetbets","Geetbets","Arrondissement Leuven","Arrondissement de Louvain","Provincie Vlaams-Brabant","Province du Brabant flamand","Vlaams Gewest","Région flamande","5"
"2020-03-29","24038","Herent","Herent","Arrondissement Leuven","Arrondissement de Louvain","Provincie Vlaams-Brabant","Province du Brabant flamand","Vlaams Gewest","Région flamande","<5"
"2020-03-29","24054","Kortenaken","Kortenaken","Arrondissement Leuven","Arrondissement de Louvain","Provincie Vlaams-Brabant","Province du Brabant flamand","Vlaams Gewest","Région flamande","<5"
"2020-03-29","24055","Kortenberg","Kortenberg","Arrondissement Leuven","Arrondissement de Louvain","Provincie Vlaams-Brabant","Province du Brabant flamand","Vlaams Gewest","Région flamande","<5"
"2020-03-29","24059","Landen","Landen","Arrondissement Leuven","Arrondissement de Louvain","Provincie Vlaams-Brabant","Province du Brabant flamand","Vlaams Gewest","Région flamande","<5"
"2020-03-29","24062","Leuven","Louvain","Arrondissement Leuven","Arrondissement de Louvain","Provincie Vlaams-Brabant","Province du Brabant flamand","Vlaams Gewest","Région flamande","<5"
"2020-03-29","24066","Lubbeek","Lubbeek","Arrondissement Leuven","Arrondissement de Louvain","Provincie Vlaams-Brabant","Province du Brabant flamand","Vlaams Gewest","Région flamande","<5"
"2020-03-29","24086","Oud-Heverlee","Oud-Heverlee","Arrondissement Leuven","Arrondissement de Louvain","Provincie Vlaams-Brabant","Province du Brabant flamand","Vlaams Gewest","Région flamande","<5"
"2020-03-29","24094","Rotselaar","Rotselaar","Arrondissement Leuven","Arrondissement de Louvain","Provincie Vlaams-Brabant","Province du Brabant flamand","Vlaams Gewest","Région flamande","<5"
"2020-03-29","24104","Tervuren","Tervuren","Arrondissement Leuven","Arrondissement de Louvain","Provincie Vlaams-Brabant","Province du Brabant flamand","Vlaams Gewest","Région flamande","<5"
"2020-03-29","24107","Tienen","Tirlemont","Arrondissement Leuven","Arrondissement de Louvain","Provincie Vlaams-Brabant","Province du Brabant flamand","Vlaams Gewest","Région flamande","<5"
"2020-03-29","24130","Zoutleeuw","Léau","Arrondissement Leuven","Arrondissement de Louvain","Provincie Vlaams-Brabant","Province du Brabant flamand","Vlaams Gewest","Région flamande","<5"
"2020-03-29","24133","Linter","Linter","Arrondissement Leuven","Arrondissement de Louvain","Provincie Vlaams-Brabant","Province du Brabant flamand","Vlaams Gewest","Région flamande","<5"
"2020-03-29","25014","Eigenbrakel","Braine-l’Alleud","Arrondissement Nijvel","Arrondissement de Nivelles","Provincie Waals-Brabant","Province du Brabant wallon","Waals Gewest","Région wallonne","<5"
"2020-03-29","25018","Chaumont-Gistoux","Chaumont-Gistoux","Arrondissement Nijvel","Arrondissement de Nivelles","Provincie Waals-Brabant","Province du Brabant wallon","Waals Gewest","Région wallonne","<5"
"2020-03-29","25048","Geldenaken","Jodoigne","Arrondissement Nijvel","Arrondissement de Nivelles","Provincie Waals-Brabant","Province du Brabant wallon","Waals Gewest","Région wallonne","<5"
"2020-03-29","25068","Mont-Saint-Guibert","Mont-Saint-Guibert","Arrondissement Nijvel","Arrondissement de Nivelles","Provincie Waals-Brabant","Province du Brabant wallon","Waals Gewest","Région wallonne","<5"
"2020-03-29","25105","Tubeke","Tubize","Arrondissement Nijvel","Arrondissement de Nivelles","Provincie Waals-Brabant","Province du Brabant wallon","Waals Gewest","Région wallonne","<5"
"2020-03-29","25110","Waterloo","Waterloo","Arrondissement Nijvel","Arrondissement de Nivelles","Provincie Waals-Brabant","Province du Brabant wallon","Waals Gewest","Région wallonne","<5"
"2020-03-29","25112","Waver","Wavre","Arrondissement Nijvel","Arrondissement de Nivelles","Provincie Waals-Brabant","Province du Brabant wallon","Waals Gewest","Région wallonne","<5"
"2020-03-29","25117","Chastre","Chastre","Arrondissement Nijvel","Arrondissement de Nivelles","Provincie Waals-Brabant","Province du Brabant wallon","Waals Gewest","Région wallonne","<5"
"2020-03-29","25119","Lasne","Lasne","Arrondissement Nijvel","Arrondissement de Nivelles","Provincie Waals-Brabant","Province du Brabant wallon","Waals Gewest","Région wallonne","<5"
"2020-03-29","25123","Rebecq","Rebecq","Arrondissement Nijvel","Arrondissement de Nivelles","Provincie Waals-Brabant","Province du Brabant wallon","Waals Gewest","Région wallonne","<5"
"2020-03-29","31003","Beernem","Beernem","Arrondissement Brugge","Arrondissement de Bruges","Provincie West-Vlaanderen","Province de Flandre occidentale","Vlaams Gewest","Région flamande","<5"
"2020-03-29","31004","Blankenberge","Blankenberge","Arrondissement Brugge","Arrondissement de Bruges","Provincie West-Vlaanderen","Province de Flandre occidentale","Vlaams Gewest","Région flamande","<5"
"2020-03-29","31005","Brugge","Bruges","Arrondissement Brugge","Arrondissement de Bruges","Provincie West-Vlaanderen","Province de Flandre occidentale","Vlaams Gewest","Région flamande","9"
"2020-03-29","31012","Jabbeke","Jabbeke","Arrondissement Brugge","Arrondissement de Bruges","Provincie West-Vlaanderen","Province de Flandre occidentale","Vlaams Gewest","Région flamande","<5"
"2020-03-29","31033","Torhout","Torhout","Arrondissement Brugge","Arrondissement de Bruges","Provincie West-Vlaanderen","Province de Flandre occidentale","Vlaams Gewest","Région flamande","<5"
"2020-03-29","31040","Zedelgem","Zedelgem","Arrondissement Brugge","Arrondissement de Bruges","Provincie West-Vlaanderen","Province de Flandre occidentale","Vlaams Gewest","Région flamande","<5"
"2020-03-29","32006","Houthulst","Houthulst","Arrondissement Diksmuide","Arrondissement de Dixmude","Provincie West-Vlaanderen","Province de Flandre occidentale","Vlaams Gewest","Région flamande","<5"
"2020-03-29","32030","Lo-Reninge","Lo-Reninge","Arrondissement Diksmuide","Arrondissement de Dixmude","Provincie West-Vlaanderen","Province de Flandre occidentale","Vlaams Gewest","Région flamande","<5"
"2020-03-29","33011","Ieper","Ypres","Arrondissement Ieper","Arrondissement d’Ypres","Provincie West-Vlaanderen","Province de Flandre occidentale","Vlaams Gewest","Région flamande","<5"
"2020-03-29","33029","Wervik","Wervik","Arrondissement Ieper","Arrondissement d’Ypres","Provincie West-Vlaanderen","Province de Flandre occidentale","Vlaams Gewest","Région flamande","<5"
"2020-03-29","34003","Avelgem","Avelgem","Arrondissement Kortrijk","Arrondissement de Courtrai","Provincie West-Vlaanderen","Province de Flandre occidentale","Vlaams Gewest","Région flamande","<5"
"2020-03-29","34009","Deerlijk","Deerlijk","Arrondissement Kortrijk","Arrondissement de Courtrai","Provincie West-Vlaanderen","Province de Flandre occidentale","Vlaams Gewest","Région flamande","<5"
"2020-03-29","34022","Kortrijk","Courtrai","Arrondissement Kortrijk","Arrondissement de Courtrai","Provincie West-Vlaanderen","Province de Flandre occidentale","Vlaams Gewest","Région flamande","<5"
"2020-03-29","34027","Menen","Menin","Arrondissement Kortrijk","Arrondissement de Courtrai","Provincie West-Vlaanderen","Province de Flandre occidentale","Vlaams Gewest","Région flamande","5"
"2020-03-29","34040","Waregem","Waregem","Arrondissement Kortrijk","Arrondissement de Courtrai","Provincie West-Vlaanderen","Province de Flandre occidentale","Vlaams Gewest","Région flamande","<5"
"2020-03-29","34041","Wevelgem","Wevelgem","Arrondissement Kortrijk","Arrondissement de Courtrai","Provincie West-Vlaanderen","Province de Flandre occidentale","Vlaams Gewest","Région flamande","6"
"2020-03-29","35005","Gistel","Gistel","Arrondissement Oostende","Arrondissement d’Ostende","Provincie West-Vlaanderen","Province de Flandre occidentale","Vlaams Gewest","Région flamande","<5"
"2020-03-29","35006","Ichtegem","Ichtegem","Arrondissement Oostende","Arrondissement d’Ostende","Provincie West-Vlaanderen","Province de Flandre occidentale","Vlaams Gewest","Région flamande","<5"
"2020-03-29","35013","Oostende","Ostende","Arrondissement Oostende","Arrondissement d’Ostende","Provincie West-Vlaanderen","Province de Flandre occidentale","Vlaams Gewest","Région flamande","<5"
"2020-03-29","35029","De Haan","De Haan","Arrondissement Oostende","Arrondissement d’Ostende","Provincie West-Vlaanderen","Province de Flandre occidentale","Vlaams Gewest","Région flamande","<5"
"2020-03-29","36011","Lichtervelde","Lichtervelde","Arrondissement Roeselare","Arrondissement de Roulers","Provincie West-Vlaanderen","Province de Flandre occidentale","Vlaams Gewest","Région flamande","<5"
"2020-03-29","36015","Roeselare","Roulers","Arrondissement Roeselare","Arrondissement de Roulers","Provincie West-Vlaanderen","Province de Flandre occidentale","Vlaams Gewest","Région flamande","<5"
"2020-03-29","36019","Staden","Staden","Arrondissement Roeselare","Arrondissement de Roulers","Provincie West-Vlaanderen","Province de Flandre occidentale","Vlaams Gewest","Région flamande","<5"
"2020-03-29","37002","Dentergem","Dentergem","Arrondissement Tielt","Arrondissement de Tielt","Provincie West-Vlaanderen","Province de Flandre occidentale","Vlaams Gewest","Région flamande","<5"
"2020-03-29","37012","Ruiselede","Ruiselede","Arrondissement Tielt","Arrondissement de Tielt","Provincie West-Vlaanderen","Province de Flandre occidentale","Vlaams Gewest","Région flamande","<5"
"2020-03-29","37018","Wingene","Wingene","Arrondissement Tielt","Arrondissement de Tielt","Provincie West-Vlaanderen","Province de Flandre occidentale","Vlaams Gewest","Région flamande","<5"
"2020-03-29","37020","Ardooie","Ardooie","Arrondissement Tielt","Arrondissement de Tielt","Provincie West-Vlaanderen","Province de Flandre occidentale","Vlaams Gewest","Région flamande","<5"
"2020-03-29","38014","Koksijde","Koksijde","Arrondissement Veurne","Arrondissement de Furnes","Provincie West-Vlaanderen","Province de Flandre occidentale","Vlaams Gewest","Région flamande","<5"
"2020-03-29","38016","Nieuwpoort","Nieuport","Arrondissement Veurne","Arrondissement de Furnes","Provincie West-Vlaanderen","Province de Flandre occidentale","Vlaams Gewest","Région flamande","<5"
"2020-03-29","41002","Aalst (Aalst)","Alost (Alost)","Arrondissement Aalst","Arrondissement d’Alost","Provincie Oost-Vlaanderen","Province de Flandre orientale","Vlaams Gewest","Région flamande","<5"
"2020-03-29","41018","Geraardsbergen","Grammont","Arrondissement Aalst","Arrondissement d’Alost","Provincie Oost-Vlaanderen","Province de Flandre orientale","Vlaams Gewest","Région flamande","<5"
"2020-03-29","41024","Haaltert","Haaltert","Arrondissement Aalst","Arrondissement d’Alost","Provincie Oost-Vlaanderen","Province de Flandre orientale","Vlaams Gewest","Région flamande","<5"
"2020-03-29","41048","Ninove","Ninove","Arrondissement Aalst","Arrondissement d’Alost","Provincie Oost-Vlaanderen","Province de Flandre orientale","Vlaams Gewest","Région flamande","<5"
"2020-03-29","42004","Buggenhout","Buggenhout","Arrondissement Dendermonde","Arrondissement de Termonde","Provincie Oost-Vlaanderen","Province de Flandre orientale","Vlaams Gewest","Région flamande","<5"
"2020-03-29","42006","Dendermonde","Termonde","Arrondissement Dendermonde","Arrondissement de Termonde","Provincie Oost-Vlaanderen","Province de Flandre orientale","Vlaams Gewest","Région flamande","<5"
"2020-03-29","42008","Hamme (Dendermonde)","Hamme (Termonde)","Arrondissement Dendermonde","Arrondissement de Termonde","Provincie Oost-Vlaanderen","Province de Flandre orientale","Vlaams Gewest","Région flamande","<5"
"2020-03-29","42010","Laarne","Laarne","Arrondissement Dendermonde","Arrondissement de Termonde","Provincie Oost-Vlaanderen","Province de Flandre orientale","Vlaams Gewest","Région flamande","<5"
"2020-03-29","42011","Lebbeke","Lebbeke","Arrondissement Dendermonde","Arrondissement de Termonde","Provincie Oost-Vlaanderen","Province de Flandre orientale","Vlaams Gewest","Région flamande","<5"
"2020-03-29","42023","Waasmunster","Waasmunster","Arrondissement Dendermonde","Arrondissement de Termonde","Provincie Oost-Vlaanderen","Province de Flandre orientale","Vlaams Gewest","Région flamande","<5"
"2020-03-29","42025","Wetteren","Wetteren","Arrondissement Dendermonde","Arrondissement de Termonde","Provincie Oost-Vlaanderen","Province de Flandre orientale","Vlaams Gewest","Région flamande","<5"
"2020-03-29","42026","Wichelen","Wichelen","Arrondissement Dendermonde","Arrondissement de Termonde","Provincie Oost-Vlaanderen","Province de Flandre orientale","Vlaams Gewest","Région flamande","<5"
"2020-03-29","43010","Maldegem","Maldegem","Arrondissement Eeklo","Arrondissement d’Eeklo","Provincie Oost-Vlaanderen","Province de Flandre orientale","Vlaams Gewest","Région flamande","<5"
"2020-03-29","44013","Destelbergen","Destelbergen","Arrondissement Gent","Arrondissement de Gand","Provincie Oost-Vlaanderen","Province de Flandre orientale","Vlaams Gewest","Région flamande","<5"
"2020-03-29","44020","Gavere","Gavere","Arrondissement Gent","Arrondissement de Gand","Provincie Oost-Vlaanderen","Province de Flandre orientale","Vlaams Gewest","Région flamande","<5"
"2020-03-29","44021","Gent","Gand","Arrondissement Gent","Arrondissement de Gand","Provincie Oost-Vlaanderen","Province de Flandre orientale","Vlaams Gewest","Région flamande","18"
"2020-03-29","44034","Lochristi","Lochristi","Arrondissement Gent","Arrondissement de Gand","Provincie Oost-Vlaanderen","Province de Flandre orientale","Vlaams Gewest","Région flamande","<5"
"2020-03-29","44043","Merelbeke","Merelbeke","Arrondissement Gent","Arrondissement de Gand","Provincie Oost-Vlaanderen","Province de Flandre orientale","Vlaams Gewest","Région flamande","<5"
"2020-03-29","44048","Nazareth","Nazareth","Arrondissement Gent","Arrondissement de Gand","Provincie Oost-Vlaanderen","Province de Flandre orientale","Vlaams Gewest","Région flamande","<5"
"2020-03-29","44064","Sint-Martens-Latem","Sint-Martens-Latem","Arrondissement Gent","Arrondissement de Gand","Provincie Oost-Vlaanderen","Province de Flandre orientale","Vlaams Gewest","Région flamande","<5"
"2020-03-29","44081","Zulte","Zulte","Arrondissement Gent","Arrondissement de Gand","Provincie Oost-Vlaanderen","Province de Flandre orientale","Vlaams Gewest","Région flamande","<5"
"2020-03-29","44084","Aalter","Aalter","Arrondissement Gent","Arrondissement de Gand","Provincie Oost-Vlaanderen","Province de Flandre orientale","Vlaams Gewest","Région flamande","<5"
"2020-03-29","45035","Oudenaarde","Audenarde","Arrondissement Oudenaarde","Arrondissement d’Audenarde","Provincie Oost-Vlaanderen","Province de Flandre orientale","Vlaams Gewest","Région flamande","<5"
"2020-03-29","45041","Ronse","Renaix","Arrondissement Oudenaarde","Arrondissement d’Audenarde","Provincie Oost-Vlaanderen","Province de Flandre orientale","Vlaams Gewest","Région flamande","5"
"2020-03-29","45064","Maarkedal","Maarkedal","Arrondissement Oudenaarde","Arrondissement d’Audenarde","Provincie Oost-Vlaanderen","Province de Flandre orientale","Vlaams Gewest","Région flamande","<5"
"2020-03-29","45068","Kruisem","Kruisem","Arrondissement Oudenaarde","Arrondissement d’Audenarde","Provincie Oost-Vlaanderen","Province de Flandre orientale","Vlaams Gewest","Région flamande","<5"
"2020-03-29","46003","Beveren (Sint-Niklaas)","Beveren (Saint-Nicolas)","Arrondissement Sint-Niklaas","Arrondissement de Saint-Nicolas","Provincie Oost-Vlaanderen","Province de Flandre orientale","Vlaams Gewest","Région flamande","<5"
"2020-03-29","46013","Kruibeke","Kruibeke","Arrondissement Sint-Niklaas","Arrondissement de Saint-Nicolas","Provincie Oost-Vlaanderen","Province de Flandre orientale","Vlaams Gewest","Région flamande","<5"
"2020-03-29","46014","Lokeren","Lokeren","Arrondissement Sint-Niklaas","Arrondissement de Saint-Nicolas","Provincie Oost-Vlaanderen","Province de Flandre orientale","Vlaams Gewest","Région flamande","<5"
"2020-03-29","46020","Sint-Gillis-Waas","Sint-Gillis-Waas","Arrondissement Sint-Niklaas","Arrondissement de Saint-Nicolas","Provincie Oost-Vlaanderen","Province de Flandre orientale","Vlaams Gewest","Région flamande","<5"
"2020-03-29","46021","Sint-Niklaas (Sint-Niklaas)","Saint-Nicolas (Saint-Nicolas)","Arrondissement Sint-Niklaas","Arrondissement de Saint-Nicolas","Provincie Oost-Vlaanderen","Province de Flandre orientale","Vlaams Gewest","Région flamande","8"
"2020-03-29","46024","Stekene","Stekene","Arrondissement Sint-Niklaas","Arrondissement de Saint-Nicolas","Provincie Oost-Vlaanderen","Province de Flandre orientale","Vlaams Gewest","Région flamande","<5"
"2020-03-29","51004","Aat","Ath","Arrondissement Aat","Arrondissement d’Ath","Provincie Henegouwen","Province du Hainaut","Waals Gewest","Région wallonne","<5"
"2020-03-29","51008","Beloeil","Beloeil","Arrondissement Aat","Arrondissement d’Ath","Provincie Henegouwen","Province du Hainaut","Waals Gewest","Région wallonne","<5"
"2020-03-29","51009","Bernissart","Bernissart","Arrondissement Aat","Arrondissement d’Ath","Provincie Henegouwen","Province du Hainaut","Waals Gewest","Région wallonne","<5"
"2020-03-29","51012","Brugelette","Brugelette","Arrondissement Aat","Arrondissement d’Ath","Provincie Henegouwen","Province du Hainaut","Waals Gewest","Région wallonne","<5"
"2020-03-29","51019","Vloesberg","Flobecq","Arrondissement Aat","Arrondissement d’Ath","Provincie Henegouwen","Province du Hainaut","Waals Gewest","Région wallonne","<5"
"2020-03-29","51067","Edingen","Enghien","Arrondissement Aat","Arrondissement d’Ath","Provincie Henegouwen","Province du Hainaut","Waals Gewest","Région wallonne","<5"
"2020-03-29","51068","Opzullik","Silly","Arrondissement Aat","Arrondissement d’Ath","Provincie Henegouwen","Province du Hainaut","Waals Gewest","Région wallonne","<5"
"2020-03-29","51069","Lessen","Lessines","Arrondissement Aat","Arrondissement d’Ath","Provincie Henegouwen","Province du Hainaut","Waals Gewest","Région wallonne","<5"
"2020-03-29","52010","Chapelle-lez-Herlaimont","Chapelle-lez-Herlaimont","Arrondissement Charleroi","Arrondissement de Charleroi","Provincie Henegouwen","Province du Hainaut","Waals Gewest","Région wallonne","<5"
"2020-03-29","52011","Charleroi","Charleroi","Arrondissement Charleroi","Arrondissement de Charleroi","Provincie Henegouwen","Province du Hainaut","Waals Gewest","Région wallonne","5"
"2020-03-29","52015","Courcelles","Courcelles","Arrondissement Charleroi","Arrondissement de Charleroi","Provincie Henegouwen","Province du Hainaut","Waals Gewest","Région wallonne","<5"
"2020-03-29","52021","Fleurus","Fleurus","Arrondissement Charleroi","Arrondissement de Charleroi","Provincie Henegouwen","Province du Hainaut","Waals Gewest","Région wallonne","<5"
"2020-03-29","52022","Fontaine-l’Evêque","Fontaine-l’Evêque","Arrondissement Charleroi","Arrondissement de Charleroi","Provincie Henegouwen","Province du Hainaut","Waals Gewest","Région wallonne","<5"
"2020-03-29","52048","Montigny-le-Tilleul","Montigny-le-Tilleul","Arrondissement Charleroi","Arrondissement de Charleroi","Provincie Henegouwen","Province du Hainaut","Waals Gewest","Région wallonne","<5"
"2020-03-29","52055","Pont-à-Celles","Pont-à-Celles","Arrondissement Charleroi","Arrondissement de Charleroi","Provincie Henegouwen","Province du Hainaut","Waals Gewest","Région wallonne","<5"
"2020-03-29","52075","Les Bons Villers","Les Bons Villers","Arrondissement Charleroi","Arrondissement de Charleroi","Provincie Henegouwen","Province du Hainaut","Waals Gewest","Région wallonne","<5"
"2020-03-29","53014","Boussu","Boussu","Arrondissement Bergen","Arrondissement de Mons","Provincie Henegouwen","Province du Hainaut","Waals Gewest","Région wallonne","5"
"2020-03-29","53020","Dour","Dour","Arrondissement Bergen","Arrondissement de Mons","Provincie Henegouwen","Province du Hainaut","Waals Gewest","Région wallonne","6"
"2020-03-29","53028","Frameries","Frameries","Arrondissement Bergen","Arrondissement de Mons","Provincie Henegouwen","Province du Hainaut","Waals Gewest","Région wallonne","<5"
"2020-03-29","53046","Lens","Lens","Arrondissement Bergen","Arrondissement de Mons","Provincie Henegouwen","Province du Hainaut","Waals Gewest","Région wallonne","<5"
"2020-03-29","53053","Bergen","Mons","Arrondissement Bergen","Arrondissement de Mons","Provincie Henegouwen","Province du Hainaut","Waals Gewest","Région wallonne","14"
"2020-03-29","53065","Quaregnon","Quaregnon","Arrondissement Bergen","Arrondissement de Mons","Provincie Henegouwen","Province du Hainaut","Waals Gewest","Région wallonne","5"
"2020-03-29","53068","Quiévrain","Quiévrain","Arrondissement Bergen","Arrondissement de Mons","Provincie Henegouwen","Province du Hainaut","Waals Gewest","Région wallonne","<5"
"2020-03-29","53070","Saint-Ghislain","Saint-Ghislain","Arrondissement Bergen","Arrondissement de Mons","Provincie Henegouwen","Province du Hainaut","Waals Gewest","Région wallonne","7"
"2020-03-29","53082","Colfontaine","Colfontaine","Arrondissement Bergen","Arrondissement de Mons","Provincie Henegouwen","Province du Hainaut","Waals Gewest","Région wallonne","<5"
"2020-03-29","53084","Quévy","Quévy","Arrondissement Bergen","Arrondissement de Mons","Provincie Henegouwen","Province du Hainaut","Waals Gewest","Région wallonne","<5"
"2020-03-29","55035","Le Roeulx","Le Roeulx","Arrondissement Zinnik","Arrondissement de Soignies","Provincie Henegouwen","Province du Hainaut","Waals Gewest","Région wallonne","<5"
"2020-03-29","55040","Zinnik","Soignies","Arrondissement Zinnik","Arrondissement de Soignies","Provincie Henegouwen","Province du Hainaut","Waals Gewest","Région wallonne","<5"
"2020-03-29","55050","Ecaussinnes","Ecaussinnes","Arrondissement Zinnik","Arrondissement de Soignies","Provincie Henegouwen","Province du Hainaut","Waals Gewest","Région wallonne","<5"
"2020-03-29","55085","Seneffe","Seneffe","Arrondissement Zinnik","Arrondissement de Soignies","Provincie Henegouwen","Province du Hainaut","Waals Gewest","Région wallonne","<5"
"2020-03-29","55086","Manage","Manage","Arrondissement Zinnik","Arrondissement de Soignies","Provincie Henegouwen","Province du Hainaut","Waals Gewest","Région wallonne","<5"
"2020-03-29","56016","Chimay","Chimay","Arrondissement Thuin","Arrondissement de Thuin","Provincie Henegouwen","Province du Hainaut","Waals Gewest","Région wallonne","<5"
"2020-03-29","56078","Thuin","Thuin","Arrondissement Thuin","Arrondissement de Thuin","Provincie Henegouwen","Province du Hainaut","Waals Gewest","Région wallonne","<5"
"2020-03-29","57081","Doornik","Tournai","Arrondissement Doornik-Moeskroen","Arrondissement de Tournai-Mouscron","Provincie Henegouwen","Province du Hainaut","Waals Gewest","Région wallonne","<5"
"2020-03-29","57096","Moeskroen","Mouscron","Arrondissement Doornik-Moeskroen","Arrondissement de Tournai-Mouscron","Provincie Henegouwen","Province du Hainaut","Waals Gewest","Région wallonne","<5"
"2020-03-29","58001","La Louvière","La Louvière","Arrondissement La Louvière","Arrondissement de La Louvière","Provincie Henegouwen","Province du Hainaut","Waals Gewest","Région wallonne","10"
"2020-03-29","58002","Binche","Binche","Arrondissement La Louvière","Arrondissement de La Louvière","Provincie Henegouwen","Province du Hainaut","Waals Gewest","Région wallonne","<5"
"2020-03-29","58003","Estinnes","Estinnes","Arrondissement La Louvière","Arrondissement de La Louvière","Provincie Henegouwen","Province du Hainaut","Waals Gewest","Région wallonne","<5"
"2020-03-29","58004","Morlanwelz","Morlanwelz","Arrondissement La Louvière","Arrondissement de La Louvière","Provincie Henegouwen","Province du Hainaut","Waals Gewest","Région wallonne","<5"
"2020-03-29","61003","Amay","Amay","Arrondissement Hoei","Arrondissement de Huy","Provincie Luik","Province de Liège","Waals Gewest","Région wallonne","<5"
"2020-03-29","61031","Hoei","Huy","Arrondissement Hoei","Arrondissement de Huy","Provincie Luik","Province de Liège","Waals Gewest","Région wallonne","5"
"2020-03-29","61043","Nandrin","Nandrin","Arrondissement Hoei","Arrondissement de Huy","Provincie Luik","Province de Liège","Waals Gewest","Région wallonne","<5"
"2020-03-29","61063","Verlaine","Verlaine","Arrondissement Hoei","Arrondissement de Huy","Provincie Luik","Province de Liège","Waals Gewest","Région wallonne","<5"
"2020-03-29","61072","Wanze","Wanze","Arrondissement Hoei","Arrondissement de Huy","Provincie Luik","Province de Liège","Waals Gewest","Région wallonne","<5"
"2020-03-29","62011","Bitsingen","Bassenge","Arrondissement Luik","Arrondissement de Liège","Provincie Luik","Province de Liège","Waals Gewest","Région wallonne","<5"
"2020-03-29","62022","Chaudfontaine","Chaudfontaine","Arrondissement Luik","Arrondissement de Liège","Provincie Luik","Province de Liège","Waals Gewest","Région wallonne","<5"
"2020-03-29","62032","Esneux","Esneux","Arrondissement Luik","Arrondissement de Liège","Provincie Luik","Province de Liège","Waals Gewest","Région wallonne","<5"
"2020-03-29","62038","Fléron","Fléron","Arrondissement Luik","Arrondissement de Liège","Provincie Luik","Province de Liège","Waals Gewest","Région wallonne","<5"
"2020-03-29","62051","Herstal","Herstal","Arrondissement Luik","Arrondissement de Liège","Provincie Luik","Province de Liège","Waals Gewest","Région wallonne","<5"
"2020-03-29","62063","Luik","Liège","Arrondissement Luik","Arrondissement de Liège","Provincie Luik","Province de Liège","Waals Gewest","Région wallonne","8"
"2020-03-29","62096","Seraing","Seraing","Arrondissement Luik","Arrondissement de Liège","Provincie Luik","Province de Liège","Waals Gewest","Région wallonne","<5"
"2020-03-29","62099","Soumagne","Soumagne","Arrondissement Luik","Arrondissement de Liège","Provincie Luik","Province de Liège","Waals Gewest","Région wallonne","<5"
"2020-03-29","62108","Wezet","Visé","Arrondissement Luik","Arrondissement de Liège","Provincie Luik","Province de Liège","Waals Gewest","Région wallonne","<5"
"2020-03-29","62118","Grâce-Hollogne","Grâce-Hollogne","Arrondissement Luik","Arrondissement de Liège","Provincie Luik","Province de Liège","Waals Gewest","Région wallonne","<5"
"2020-03-29","62119","Blegny","Blegny","Arrondissement Luik","Arrondissement de Liège","Provincie Luik","Province de Liège","Waals Gewest","Région wallonne","<5"
"2020-03-29","62120","Flémalle","Flémalle","Arrondissement Luik","Arrondissement de Liège","Provincie Luik","Province de Liège","Waals Gewest","Région wallonne","<5"
"2020-03-29","62122","Trooz","Trooz","Arrondissement Luik","Arrondissement de Liège","Provincie Luik","Province de Liège","Waals Gewest","Région wallonne","<5"
"2020-03-29","63035","Herve","Herve","Arrondissement Verviers","Arrondissement de Verviers","Provincie Luik","Province de Liège","Waals Gewest","Région wallonne","<5"
"2020-03-29","63038","Jalhay","Jalhay","Arrondissement Verviers","Arrondissement de Verviers","Provincie Luik","Province de Liège","Waals Gewest","Région wallonne","<5"
"2020-03-29","63045","Lierneux","Lierneux","Arrondissement Verviers","Arrondissement de Verviers","Provincie Luik","Province de Liège","Waals Gewest","Région wallonne","<5"
"2020-03-29","63046","Limburg","Limbourg","Arrondissement Verviers","Arrondissement de Verviers","Provincie Luik","Province de Liège","Waals Gewest","Région wallonne","<5"
"2020-03-29","63048","Lontzen","Lontzen","Arrondissement Verviers","Arrondissement de Verviers","Provincie Luik","Province de Liège","Waals Gewest","Région wallonne","<5"
"2020-03-29","63049","Malmedy","Malmedy","Arrondissement Verviers","Arrondissement de Verviers","Provincie Luik","Province de Liège","Waals Gewest","Région wallonne","<5"
"2020-03-29","63058","Pepinster","Pepinster","Arrondissement Verviers","Arrondissement de Verviers","Provincie Luik","Province de Liège","Waals Gewest","Région wallonne","<5"
"2020-03-29","63072","Spa","Spa","Arrondissement Verviers","Arrondissement de Verviers","Provincie Luik","Province de Liège","Waals Gewest","Région wallonne","<5"
"2020-03-29","63073","Stavelot","Stavelot","Arrondissement Verviers","Arrondissement de Verviers","Provincie Luik","Province de Liège","Waals Gewest","Région wallonne","<5"
"2020-03-29","63076","Theux","Theux","Arrondissement Verviers","Arrondissement de Verviers","Provincie Luik","Province de Liège","Waals Gewest","Région wallonne","<5"
"2020-03-29","63079","Verviers","Verviers","Arrondissement Verviers","Arrondissement de Verviers","Provincie Luik","Province de Liège","Waals Gewest","Région wallonne","<5"
"2020-03-29","64034","Hannuit","Hannut","Arrondissement Borgworm","Arrondissement de Waremme","Provincie Luik","Province de Liège","Waals Gewest","Région wallonne","<5"
"2020-03-29","71002","As","As","Arrondissement Hasselt","Arrondissement de Hasselt","Provincie Limburg","Province du Limbourg","Vlaams Gewest","Région flamande","<5"
"2020-03-29","71004","Beringen","Beringen","Arrondissement Hasselt","Arrondissement de Hasselt","Provincie Limburg","Province du Limbourg","Vlaams Gewest","Région flamande","6"
"2020-03-29","71011","Diepenbeek","Diepenbeek","Arrondissement Hasselt","Arrondissement de Hasselt","Provincie Limburg","Province du Limbourg","Vlaams Gewest","Région flamande","<5"
"2020-03-29","71016","Genk","Genk","Arrondissement Hasselt","Arrondissement de Hasselt","Provincie Limburg","Province du Limbourg","Vlaams Gewest","Région flamande","<5"
"2020-03-29","71020","Halen","Halen","Arrondissement Hasselt","Arrondissement de Hasselt","Provincie Limburg","Province du Limbourg","Vlaams Gewest","Région flamande","<5"
"2020-03-29","71022","Hasselt","Hasselt","Arrondissement Hasselt","Arrondissement de Hasselt","Provincie Limburg","Province du Limbourg","Vlaams Gewest","Région flamande","<5"
"2020-03-29","71024","Herk-de-Stad","Herck-la-Ville","Arrondissement Hasselt","Arrondissement de Hasselt","Provincie Limburg","Province du Limbourg","Vlaams Gewest","Région flamande","<5"
"2020-03-29","71045","Nieuwerkerken (Hasselt)","Nieuwerkerken (Hasselt)","Arrondissement Hasselt","Arrondissement de Hasselt","Provincie Limburg","Province du Limbourg","Vlaams Gewest","Région flamande","<5"
"2020-03-29","71053","Sint-Truiden","Saint-Trond","Arrondissement Hasselt","Arrondissement de Hasselt","Provincie Limburg","Province du Limbourg","Vlaams Gewest","Région flamande","<5"
"2020-03-29","71057","Tessenderlo","Tessenderlo","Arrondissement Hasselt","Arrondissement de Hasselt","Provincie Limburg","Province du Limbourg","Vlaams Gewest","Région flamande","<5"
"2020-03-29","71066","Zonhoven","Zonhoven","Arrondissement Hasselt","Arrondissement de Hasselt","Provincie Limburg","Province du Limbourg","Vlaams Gewest","Région flamande","<5"
"2020-03-29","71069","Ham","Ham","Arrondissement Hasselt","Arrondissement de Hasselt","Provincie Limburg","Province du Limbourg","Vlaams Gewest","Région flamande","<5"
"2020-03-29","71070","Heusden-Zolder","Heusden-Zolder","Arrondissement Hasselt","Arrondissement de Hasselt","Provincie Limburg","Province du Limbourg","Vlaams Gewest","Région flamande","<5"
"2020-03-29","72003","Bocholt","Bocholt","Arrondissement Maaseik","Arrondissement de Maaseik","Provincie Limburg","Province du Limbourg","Vlaams Gewest","Région flamande","<5"
"2020-03-29","72004","Bree","Bree","Arrondissement Maaseik","Arrondissement de Maaseik","Provincie Limburg","Province du Limbourg","Vlaams Gewest","Région flamande","<5"
"2020-03-29","72020","Lommel","Lommel","Arrondissement Maaseik","Arrondissement de Maaseik","Provincie Limburg","Province du Limbourg","Vlaams Gewest","Région flamande","<5"
"2020-03-29","72030","Peer","Peer","Arrondissement Maaseik","Arrondissement de Maaseik","Provincie Limburg","Province du Limbourg","Vlaams Gewest","Région flamande","<5"
"2020-03-29","72041","Dilsen-Stokkem","Dilsen-Stokkem","Arrondissement Maaseik","Arrondissement de Maaseik","Provincie Limburg","Province du Limbourg","Vlaams Gewest","Région flamande","<5"
"2020-03-29","72042","Oudsbergen","Oudsbergen","Arrondissement Maaseik","Arrondissement de Maaseik","Provincie Limburg","Province du Limbourg","Vlaams Gewest","Région flamande","<5"
"2020-03-29","72043","Pelt","Pelt","Arrondissement Maaseik","Arrondissement de Maaseik","Provincie Limburg","Province du Limbourg","Vlaams Gewest","Région flamande","<5"
"2020-03-29","73001","Alken","Alken","Arrondissement Tongeren","Arrondissement de Tongres","Provincie Limburg","Province du Limbourg","Vlaams Gewest","Région flamande","<5"
"2020-03-29","73006","Bilzen","Bilzen","Arrondissement Tongeren","Arrondissement de Tongres","Provincie Limburg","Province du Limbourg","Vlaams Gewest","Région flamande","<5"
"2020-03-29","73009","Borgloon","Looz","Arrondissement Tongeren","Arrondissement de Tongres","Provincie Limburg","Province du Limbourg","Vlaams Gewest","Région flamande","<5"
"2020-03-29","73022","Heers","Heers","Arrondissement Tongeren","Arrondissement de Tongres","Provincie Limburg","Province du Limbourg","Vlaams Gewest","Région flamande","<5"
"2020-03-29","73032","Hoeselt","Hoeselt","Arrondissement Tongeren","Arrondissement de Tongres","Provincie Limburg","Province du Limbourg","Vlaams Gewest","Région flamande","<5"
"2020-03-29","73042","Lanaken","Lanaken","Arrondissement Tongeren","Arrondissement de Tongres","Provincie Limburg","Province du Limbourg","Vlaams Gewest","Région flamande","5"
"2020-03-29","73066","Riemst","Riemst","Arrondissement Tongeren","Arrondissement de Tongres","Provincie Limburg","Province du Limbourg","Vlaams Gewest","Région flamande","<5"
"2020-03-29","73083","Tongeren","Tongres","Arrondissement Tongeren","Arrondissement de Tongres","Provincie Limburg","Province du Limbourg","Vlaams Gewest","Région flamande","5"
"2020-03-29","73098","Wellen","Wellen","Arrondissement Tongeren","Arrondissement de Tongres","Provincie Limburg","Province du Limbourg","Vlaams Gewest","Région flamande","<5"
"2020-03-29","73107","Maasmechelen","Maasmechelen","Arrondissement Tongeren","Arrondissement de Tongres","Provincie Limburg","Province du Limbourg","Vlaams Gewest","Région flamande","<5"
"2020-03-29","81001","Aarlen","Arlon","Arrondissement Aarlen","Arrondissement d’Arlon","Provincie Luxemburg","Province du Luxembourg","Waals Gewest","Région wallonne","<5"
"2020-03-29","81004","Aubange","Aubange","Arrondissement Aarlen","Arrondissement d’Arlon","Provincie Luxemburg","Province du Luxembourg","Waals Gewest","Région wallonne","<5"
"2020-03-29","82003","Bastenaken","Bastogne","Arrondissement Bastenaken","Arrondissement de Bastogne","Provincie Luxemburg","Province du Luxembourg","Waals Gewest","Région wallonne","<5"
"2020-03-29","82036","Vaux-sur-Sûre","Vaux-sur-Sûre","Arrondissement Bastenaken","Arrondissement de Bastogne","Provincie Luxemburg","Province du Luxembourg","Waals Gewest","Région wallonne","<5"
"2020-03-29","83012","Durbuy","Durbuy","Arrondissement Marche-en-Famenne","Arrondissement de Marche-en-Famenne","Provincie Luxemburg","Province du Luxembourg","Waals Gewest","Région wallonne","<5"
"2020-03-29","83028","Hotton","Hotton","Arrondissement Marche-en-Famenne","Arrondissement de Marche-en-Famenne","Provincie Luxemburg","Province du Luxembourg","Waals Gewest","Région wallonne","<5"
"2020-03-29","83034","Marche-en-Famenne","Marche-en-Famenne","Arrondissement Marche-en-Famenne","Arrondissement de Marche-en-Famenne","Provincie Luxemburg","Province du Luxembourg","Waals Gewest","Région wallonne","<5"
"2020-03-29","83049","Tenneville","Tenneville","Arrondissement Marche-en-Famenne","Arrondissement de Marche-en-Famenne","Provincie Luxemburg","Province du Luxembourg","Waals Gewest","Région wallonne","<5"
"2020-03-29","84033","Léglise","Léglise","Arrondissement Neufchâteau","Arrondissement de Neufchâteau","Provincie Luxemburg","Province du Luxembourg","Waals Gewest","Région wallonne","<5"
"2020-03-29","84043","Neufchâteau (Neufchâteau)","Neufchâteau (Neufchâteau)","Arrondissement Neufchâteau","Arrondissement de Neufchâteau","Provincie Luxemburg","Province du Luxembourg","Waals Gewest","Région wallonne","<5"
"2020-03-29","84075","Wellin","Wellin","Arrondissement Neufchâteau","Arrondissement de Neufchâteau","Provincie Luxemburg","Province du Luxembourg","Waals Gewest","Région wallonne","<5"
"2020-03-29","84077","Libramont-Chevigny","Libramont-Chevigny","Arrondissement Neufchâteau","Arrondissement de Neufchâteau","Provincie Luxemburg","Province du Luxembourg","Waals Gewest","Région wallonne","<5"
"2020-03-29","85034","Saint-Léger (Virton)","Saint-Léger (Virton)","Arrondissement Virton","Arrondissement de Virton","Provincie Luxemburg","Province du Luxembourg","Waals Gewest","Région wallonne","<5"
"2020-03-29","91013","Beauraing","Beauraing","Arrondissement Dinant","Arrondissement de Dinant","Provincie Namen","Province de Namur","Waals Gewest","Région wallonne","<5"
"2020-03-29","91015","Bièvre","Bièvre","Arrondissement Dinant","Arrondissement de Dinant","Provincie Namen","Province de Namur","Waals Gewest","Région wallonne","<5"
"2020-03-29","91030","Ciney","Ciney","Arrondissement Dinant","Arrondissement de Dinant","Provincie Namen","Province de Namur","Waals Gewest","Région wallonne","<5"
"2020-03-29","91103","Onhaye","Onhaye","Arrondissement Dinant","Arrondissement de Dinant","Provincie Namen","Province de Namur","Waals Gewest","Région wallonne","<5"
"2020-03-29","91141","Yvoir","Yvoir","Arrondissement Dinant","Arrondissement de Dinant","Provincie Namen","Province de Namur","Waals Gewest","Région wallonne","<5"
"2020-03-29","91142","Hastière","Hastière","Arrondissement Dinant","Arrondissement de Dinant","Provincie Namen","Province de Namur","Waals Gewest","Région wallonne","<5"
"2020-03-29","92003","Andenne","Andenne","Arrondissement Namen","Arrondissement de Namur","Provincie Namen","Province de Namur","Waals Gewest","Région wallonne","<5"
"2020-03-29","92045","Floreffe","Floreffe","Arrondissement Namen","Arrondissement de Namur","Provincie Namen","Province de Namur","Waals Gewest","Région wallonne","<5"
"2020-03-29","92094","Namen","Namur","Arrondissement Namen","Arrondissement de Namur","Provincie Namen","Province de Namur","Waals Gewest","Région wallonne","<5"
"2020-03-29","92101","Profondeville","Profondeville","Arrondissement Namen","Arrondissement de Namur","Provincie Namen","Province de Namur","Waals Gewest","Région wallonne","<5"
"2020-03-29","92114","Sombreffe","Sombreffe","Arrondissement Namen","Arrondissement de Namur","Provincie Namen","Province de Namur","Waals Gewest","Région wallonne","<5"
"2020-03-29","92137","Sambreville","Sambreville","Arrondissement Namen","Arrondissement de Namur","Provincie Namen","Province de Namur","Waals Gewest","Région wallonne","<5"
"2020-03-29","92140","Jemeppe-sur-Sambre","Jemeppe-sur-Sambre","Arrondissement Namen","Arrondissement de Namur","Provincie Namen","Province de Namur","Waals Gewest","Région wallonne","<5"
"2020-03-29","93014","Couvin","Couvin","Arrondissement Philippeville","Arrondissement de Philippeville","Provincie Namen","Province de Namur","Waals Gewest","Région wallonne","<5"
"2020-03-29",NA,NA,NA,NA,NA,NA,NA,NA,NA,"13"
"2020-03-30","11001","Aartselaar","Aartselaar","Arrondissement Antwerpen","Arrondissement d’Anvers","Provincie Antwerpen","Province d’Anvers","Vlaams Gewest","Région flamande","<5"
"2020-03-30","11002","Antwerpen","Anvers","Arrondissement Antwerpen","Arrondissement d’Anvers","Provincie Antwerpen","Province d’Anvers","Vlaams Gewest","Région flamande","67"
"2020-03-30","11005","Boom","Boom","Arrondissement Antwerpen","Arrondissement d’Anvers","Provincie Antwerpen","Province d’Anvers","Vlaams Gewest","Région flamande","<5"
"2020-03-30","11008","Brasschaat","Brasschaat","Arrondissement Antwerpen","Arrondissement d’Anvers","Provincie Antwerpen","Province d’Anvers","Vlaams Gewest","Région flamande","13"
"2020-03-30","11009","Brecht","Brecht","Arrondissement Antwerpen","Arrondissement d’Anvers","Provincie Antwerpen","Province d’Anvers","Vlaams Gewest","Région flamande","<5"
"2020-03-30","11013","Edegem","Edegem","Arrondissement Antwerpen","Arrondissement d’Anvers","Provincie Antwerpen","Province d’Anvers","Vlaams Gewest","Région flamande","<5"
"2020-03-30","11016","Essen","Essen","Arrondissement Antwerpen","Arrondissement d’Anvers","Provincie Antwerpen","Province d’Anvers","Vlaams Gewest","Région flamande","<5"
"2020-03-30","11018","Hemiksem","Hemiksem","Arrondissement Antwerpen","Arrondissement d’Anvers","Provincie Antwerpen","Province d’Anvers","Vlaams Gewest","Région flamande","<5"
"2020-03-30","11021","Hove (Antwerpen)","Hove (Anvers)","Arrondissement Antwerpen","Arrondissement d’Anvers","Provincie Antwerpen","Province d’Anvers","Vlaams Gewest","Région flamande","<5"
"2020-03-30","11023","Kapellen (Antwerpen)","Kapellen (Anvers)","Arrondissement Antwerpen","Arrondissement d’Anvers","Provincie Antwerpen","Province d’Anvers","Vlaams Gewest","Région flamande","<5"
"2020-03-30","11029","Mortsel","Mortsel","Arrondissement Antwerpen","Arrondissement d’Anvers","Provincie Antwerpen","Province d’Anvers","Vlaams Gewest","Région flamande","<5"
"2020-03-30","11030","Niel","Niel","Arrondissement Antwerpen","Arrondissement d’Anvers","Provincie Antwerpen","Province d’Anvers","Vlaams Gewest","Région flamande","<5"
"2020-03-30","11035","Ranst","Ranst","Arrondissement Antwerpen","Arrondissement d’Anvers","Provincie Antwerpen","Province d’Anvers","Vlaams Gewest","Région flamande","<5"
"2020-03-30","11037","Rumst","Rumst","Arrondissement Antwerpen","Arrondissement d’Anvers","Provincie Antwerpen","Province d’Anvers","Vlaams Gewest","Région flamande","<5"
"2020-03-30","11039","Schilde","Schilde","Arrondissement Antwerpen","Arrondissement d’Anvers","Provincie Antwerpen","Province d’Anvers","Vlaams Gewest","Région flamande","<5"
"2020-03-30","11040","Schoten","Schoten","Arrondissement Antwerpen","Arrondissement d’Anvers","Provincie Antwerpen","Province d’Anvers","Vlaams Gewest","Région flamande","6"
"2020-03-30","11044","Stabroek","Stabroek","Arrondissement Antwerpen","Arrondissement d’Anvers","Provincie Antwerpen","Province d’Anvers","Vlaams Gewest","Région flamande","<5"
"2020-03-30","11052","Wommelgem","Wommelgem","Arrondissement Antwerpen","Arrondissement d’Anvers","Provincie Antwerpen","Province d’Anvers","Vlaams Gewest","Région flamande","<5"
"2020-03-30","11053","Wuustwezel","Wuustwezel","Arrondissement Antwerpen","Arrondissement d’Anvers","Provincie Antwerpen","Province d’Anvers","Vlaams Gewest","Région flamande","<5"
"2020-03-30","11054","Zandhoven","Zandhoven","Arrondissement Antwerpen","Arrondissement d’Anvers","Provincie Antwerpen","Province d’Anvers","Vlaams Gewest","Région flamande","5"
"2020-03-30","11055","Zoersel","Zoersel","Arrondissement Antwerpen","Arrondissement d’Anvers","Provincie Antwerpen","Province d’Anvers","Vlaams Gewest","Région flamande","<5"
"2020-03-30","11056","Zwijndrecht","Zwijndrecht","Arrondissement Antwerpen","Arrondissement d’Anvers","Provincie Antwerpen","Province d’Anvers","Vlaams Gewest","Région flamande","<5"
"2020-03-30","11057","Malle","Malle","Arrondissement Antwerpen","Arrondissement d’Anvers","Provincie Antwerpen","Province d’Anvers","Vlaams Gewest","Région flamande","<5"
"2020-03-30","12002","Berlaar","Berlaar","Arrondissement Mechelen","Arrondissement de Malines","Provincie Antwerpen","Province d’Anvers","Vlaams Gewest","Région flamande","<5"
"2020-03-30","12005","Bonheiden","Bonheiden","Arrondissement Mechelen","Arrondissement de Malines","Provincie Antwerpen","Province d’Anvers","Vlaams Gewest","Région flamande","<5"
"2020-03-30","12007","Bornem","Bornem","Arrondissement Mechelen","Arrondissement de Malines","Provincie Antwerpen","Province d’Anvers","Vlaams Gewest","Région flamande","<5"
"2020-03-30","12009","Duffel","Duffel","Arrondissement Mechelen","Arrondissement de Malines","Provincie Antwerpen","Province d’Anvers","Vlaams Gewest","Région flamande","<5"
"2020-03-30","12014","Heist-op-den-Berg","Heist-op-den-Berg","Arrondissement Mechelen","Arrondissement de Malines","Provincie Antwerpen","Province d’Anvers","Vlaams Gewest","Région flamande","<5"
"2020-03-30","12021","Lier","Lierre","Arrondissement Mechelen","Arrondissement de Malines","Provincie Antwerpen","Province d’Anvers","Vlaams Gewest","Région flamande","<5"
"2020-03-30","12025","Mechelen","Malines","Arrondissement Mechelen","Arrondissement de Malines","Provincie Antwerpen","Province d’Anvers","Vlaams Gewest","Région flamande","12"
"2020-03-30","12026","Nijlen","Nijlen","Arrondissement Mechelen","Arrondissement de Malines","Provincie Antwerpen","Province d’Anvers","Vlaams Gewest","Région flamande","<5"
"2020-03-30","12035","Sint-Katelijne-Waver","Sint-Katelijne-Waver","Arrondissement Mechelen","Arrondissement de Malines","Provincie Antwerpen","Province d’Anvers","Vlaams Gewest","Région flamande","<5"
"2020-03-30","12040","Willebroek","Willebroek","Arrondissement Mechelen","Arrondissement de Malines","Provincie Antwerpen","Province d’Anvers","Vlaams Gewest","Région flamande","6"
"2020-03-30","12041","Puurs-Sint-Amands","Puurs-Sint-Amands","Arrondissement Mechelen","Arrondissement de Malines","Provincie Antwerpen","Province d’Anvers","Vlaams Gewest","Région flamande","6"
"2020-03-30","13003","Balen","Balen","Arrondissement Turnhout","Arrondissement de Turnhout","Provincie Antwerpen","Province d’Anvers","Vlaams Gewest","Région flamande","<5"
"2020-03-30","13004","Beerse","Beerse","Arrondissement Turnhout","Arrondissement de Turnhout","Provincie Antwerpen","Province d’Anvers","Vlaams Gewest","Région flamande","<5"
"2020-03-30","13006","Dessel","Dessel","Arrondissement Turnhout","Arrondissement de Turnhout","Provincie Antwerpen","Province d’Anvers","Vlaams Gewest","Région flamande","<5"
"2020-03-30","13008","Geel","Geel","Arrondissement Turnhout","Arrondissement de Turnhout","Provincie Antwerpen","Province d’Anvers","Vlaams Gewest","Région flamande","<5"
"2020-03-30","13010","Grobbendonk","Grobbendonk","Arrondissement Turnhout","Arrondissement de Turnhout","Provincie Antwerpen","Province d’Anvers","Vlaams Gewest","Région flamande","<5"
"2020-03-30","13011","Herentals","Herentals","Arrondissement Turnhout","Arrondissement de Turnhout","Provincie Antwerpen","Province d’Anvers","Vlaams Gewest","Région flamande","7"
"2020-03-30","13012","Herenthout","Herenthout","Arrondissement Turnhout","Arrondissement de Turnhout","Provincie Antwerpen","Province d’Anvers","Vlaams Gewest","Région flamande","<5"
"2020-03-30","13013","Herselt","Herselt","Arrondissement Turnhout","Arrondissement de Turnhout","Provincie Antwerpen","Province d’Anvers","Vlaams Gewest","Région flamande","7"
"2020-03-30","13019","Lille","Lille","Arrondissement Turnhout","Arrondissement de Turnhout","Provincie Antwerpen","Province d’Anvers","Vlaams Gewest","Région flamande","<5"
"2020-03-30","13021","Meerhout","Meerhout","Arrondissement Turnhout","Arrondissement de Turnhout","Provincie Antwerpen","Province d’Anvers","Vlaams Gewest","Région flamande","<5"
"2020-03-30","13023","Merksplas","Merksplas","Arrondissement Turnhout","Arrondissement de Turnhout","Provincie Antwerpen","Province d’Anvers","Vlaams Gewest","Région flamande","<5"
"2020-03-30","13025","Mol","Mol","Arrondissement Turnhout","Arrondissement de Turnhout","Provincie Antwerpen","Province d’Anvers","Vlaams Gewest","Région flamande","<5"
"2020-03-30","13029","Olen","Olen","Arrondissement Turnhout","Arrondissement de Turnhout","Provincie Antwerpen","Province d’Anvers","Vlaams Gewest","Région flamande","<5"
"2020-03-30","13035","Ravels","Ravels","Arrondissement Turnhout","Arrondissement de Turnhout","Provincie Antwerpen","Province d’Anvers","Vlaams Gewest","Région flamande","5"
"2020-03-30","13036","Retie","Retie","Arrondissement Turnhout","Arrondissement de Turnhout","Provincie Antwerpen","Province d’Anvers","Vlaams Gewest","Région flamande","<5"
"2020-03-30","13040","Turnhout","Turnhout","Arrondissement Turnhout","Arrondissement de Turnhout","Provincie Antwerpen","Province d’Anvers","Vlaams Gewest","Région flamande","<5"
"2020-03-30","13046","Vosselaar","Vosselaar","Arrondissement Turnhout","Arrondissement de Turnhout","Provincie Antwerpen","Province d’Anvers","Vlaams Gewest","Région flamande","<5"
"2020-03-30","13049","Westerlo","Westerlo","Arrondissement Turnhout","Arrondissement de Turnhout","Provincie Antwerpen","Province d’Anvers","Vlaams Gewest","Région flamande","<5"
"2020-03-30","13053","Laakdal","Laakdal","Arrondissement Turnhout","Arrondissement de Turnhout","Provincie Antwerpen","Province d’Anvers","Vlaams Gewest","Région flamande","<5"
"2020-03-30","21001","Anderlecht","Anderlecht","Arrondissement Brussel-Hoofdstad","Arrondissement de Bruxelles-Capitale",NA,NA,"Brussels Hoofdstedelijk Gewest","Région de Bruxelles-Capitale","21"
"2020-03-30","21002","Oudergem","Auderghem","Arrondissement Brussel-Hoofdstad","Arrondissement de Bruxelles-Capitale",NA,NA,"Brussels Hoofdstedelijk Gewest","Région de Bruxelles-Capitale","5"
"2020-03-30","21003","Sint-Agatha-Berchem","Berchem-Sainte-Agathe","Arrondissement Brussel-Hoofdstad","Arrondissement de Bruxelles-Capitale",NA,NA,"Brussels Hoofdstedelijk Gewest","Région de Bruxelles-Capitale","<5"
"2020-03-30","21004","Brussel","Bruxelles","Arrondissement Brussel-Hoofdstad","Arrondissement de Bruxelles-Capitale",NA,NA,"Brussels Hoofdstedelijk Gewest","Région de Bruxelles-Capitale","19"
"2020-03-30","21005","Etterbeek","Etterbeek","Arrondissement Brussel-Hoofdstad","Arrondissement de Bruxelles-Capitale",NA,NA,"Brussels Hoofdstedelijk Gewest","Région de Bruxelles-Capitale","<5"
"2020-03-30","21006","Evere","Evere","Arrondissement Brussel-Hoofdstad","Arrondissement de Bruxelles-Capitale",NA,NA,"Brussels Hoofdstedelijk Gewest","Région de Bruxelles-Capitale","6"
"2020-03-30","21007","Vorst (Brussel-Hoofdstad)","Forest (Bruxelles-Capitale)","Arrondissement Brussel-Hoofdstad","Arrondissement de Bruxelles-Capitale",NA,NA,"Brussels Hoofdstedelijk Gewest","Région de Bruxelles-Capitale","5"
"2020-03-30","21008","Ganshoren","Ganshoren","Arrondissement Brussel-Hoofdstad","Arrondissement de Bruxelles-Capitale",NA,NA,"Brussels Hoofdstedelijk Gewest","Région de Bruxelles-Capitale","<5"
"2020-03-30","21009","Elsene","Ixelles","Arrondissement Brussel-Hoofdstad","Arrondissement de Bruxelles-Capitale",NA,NA,"Brussels Hoofdstedelijk Gewest","Région de Bruxelles-Capitale","11"
"2020-03-30","21010","Jette","Jette","Arrondissement Brussel-Hoofdstad","Arrondissement de Bruxelles-Capitale",NA,NA,"Brussels Hoofdstedelijk Gewest","Région de Bruxelles-Capitale","11"
"2020-03-30","21011","Koekelberg","Koekelberg","Arrondissement Brussel-Hoofdstad","Arrondissement de Bruxelles-Capitale",NA,NA,"Brussels Hoofdstedelijk Gewest","Région de Bruxelles-Capitale","<5"
"2020-03-30","21012","Sint-Jans-Molenbeek","Molenbeek-Saint-Jean","Arrondissement Brussel-Hoofdstad","Arrondissement de Bruxelles-Capitale",NA,NA,"Brussels Hoofdstedelijk Gewest","Région de Bruxelles-Capitale","20"
"2020-03-30","21013","Sint-Gillis","Saint-Gilles","Arrondissement Brussel-Hoofdstad","Arrondissement de Bruxelles-Capitale",NA,NA,"Brussels Hoofdstedelijk Gewest","Région de Bruxelles-Capitale","7"
"2020-03-30","21014","Sint-Joost-ten-Node","Saint-Josse-ten-Noode","Arrondissement Brussel-Hoofdstad","Arrondissement de Bruxelles-Capitale",NA,NA,"Brussels Hoofdstedelijk Gewest","Région de Bruxelles-Capitale","<5"
"2020-03-30","21015","Schaarbeek","Schaerbeek","Arrondissement Brussel-Hoofdstad","Arrondissement de Bruxelles-Capitale",NA,NA,"Brussels Hoofdstedelijk Gewest","Région de Bruxelles-Capitale","8"
"2020-03-30","21016","Ukkel","Uccle","Arrondissement Brussel-Hoofdstad","Arrondissement de Bruxelles-Capitale",NA,NA,"Brussels Hoofdstedelijk Gewest","Région de Bruxelles-Capitale","5"
"2020-03-30","21017","Watermaal-Bosvoorde","Watermael-Boitsfort","Arrondissement Brussel-Hoofdstad","Arrondissement de Bruxelles-Capitale",NA,NA,"Brussels Hoofdstedelijk Gewest","Région de Bruxelles-Capitale","<5"
"2020-03-30","21018","Sint-Lambrechts-Woluwe","Woluwe-Saint-Lambert","Arrondissement Brussel-Hoofdstad","Arrondissement de Bruxelles-Capitale",NA,NA,"Brussels Hoofdstedelijk Gewest","Région de Bruxelles-Capitale","<5"
"2020-03-30","21019","Sint-Pieters-Woluwe","Woluwe-Saint-Pierre","Arrondissement Brussel-Hoofdstad","Arrondissement de Bruxelles-Capitale",NA,NA,"Brussels Hoofdstedelijk Gewest","Région de Bruxelles-Capitale","<5"
"2020-03-30","23002","Asse","Asse","Arrondissement Halle-Vilvoorde","Arrondissement de Hal-Vilvorde","Provincie Vlaams-Brabant","Province du Brabant flamand","Vlaams Gewest","Région flamande","<5"
"2020-03-30","23003","Beersel","Beersel","Arrondissement Halle-Vilvoorde","Arrondissement de Hal-Vilvorde","Provincie Vlaams-Brabant","Province du Brabant flamand","Vlaams Gewest","Région flamande","<5"
"2020-03-30","23016","Dilbeek","Dilbeek","Arrondissement Halle-Vilvoorde","Arrondissement de Hal-Vilvorde","Provincie Vlaams-Brabant","Province du Brabant flamand","Vlaams Gewest","Région flamande","<5"
"2020-03-30","23023","Galmaarden","Gammerages","Arrondissement Halle-Vilvoorde","Arrondissement de Hal-Vilvorde","Provincie Vlaams-Brabant","Province du Brabant flamand","Vlaams Gewest","Région flamande","<5"
"2020-03-30","23027","Halle (Halle-Vilvoorde)","Hal (Hal-Vilvorde)","Arrondissement Halle-Vilvoorde","Arrondissement de Hal-Vilvorde","Provincie Vlaams-Brabant","Province du Brabant flamand","Vlaams Gewest","Région flamande","8"
"2020-03-30","23038","Kampenhout","Kampenhout","Arrondissement Halle-Vilvoorde","Arrondissement de Hal-Vilvorde","Provincie Vlaams-Brabant","Province du Brabant flamand","Vlaams Gewest","Région flamande","<5"
"2020-03-30","23039","Kapelle-op-den-Bos","Kapelle-op-den-Bos","Arrondissement Halle-Vilvoorde","Arrondissement de Hal-Vilvorde","Provincie Vlaams-Brabant","Province du Brabant flamand","Vlaams Gewest","Région flamande","<5"
"2020-03-30","23045","Londerzeel","Londerzeel","Arrondissement Halle-Vilvoorde","Arrondissement de Hal-Vilvorde","Provincie Vlaams-Brabant","Province du Brabant flamand","Vlaams Gewest","Région flamande","<5"
"2020-03-30","23047","Machelen (Halle-Vilvoorde)","Machelen (Hal-Vilvorde)","Arrondissement Halle-Vilvoorde","Arrondissement de Hal-Vilvorde","Provincie Vlaams-Brabant","Province du Brabant flamand","Vlaams Gewest","Région flamande","<5"
"2020-03-30","23052","Merchtem","Merchtem","Arrondissement Halle-Vilvoorde","Arrondissement de Hal-Vilvorde","Provincie Vlaams-Brabant","Province du Brabant flamand","Vlaams Gewest","Région flamande","<5"
"2020-03-30","23060","Opwijk","Opwijk","Arrondissement Halle-Vilvoorde","Arrondissement de Hal-Vilvorde","Provincie Vlaams-Brabant","Province du Brabant flamand","Vlaams Gewest","Région flamande","<5"
"2020-03-30","23062","Overijse","Overijse","Arrondissement Halle-Vilvoorde","Arrondissement de Hal-Vilvorde","Provincie Vlaams-Brabant","Province du Brabant flamand","Vlaams Gewest","Région flamande","<5"
"2020-03-30","23077","Sint-Pieters-Leeuw","Sint-Pieters-Leeuw","Arrondissement Halle-Vilvoorde","Arrondissement de Hal-Vilvorde","Provincie Vlaams-Brabant","Province du Brabant flamand","Vlaams Gewest","Région flamande","<5"
"2020-03-30","23081","Steenokkerzeel","Steenokkerzeel","Arrondissement Halle-Vilvoorde","Arrondissement de Hal-Vilvorde","Provincie Vlaams-Brabant","Province du Brabant flamand","Vlaams Gewest","Région flamande","6"
"2020-03-30","23086","Ternat","Ternat","Arrondissement Halle-Vilvoorde","Arrondissement de Hal-Vilvorde","Provincie Vlaams-Brabant","Province du Brabant flamand","Vlaams Gewest","Région flamande","<5"
"2020-03-30","23088","Vilvoorde","Vilvorde","Arrondissement Halle-Vilvoorde","Arrondissement de Hal-Vilvorde","Provincie Vlaams-Brabant","Province du Brabant flamand","Vlaams Gewest","Région flamande","8"
"2020-03-30","23094","Zaventem","Zaventem","Arrondissement Halle-Vilvoorde","Arrondissement de Hal-Vilvorde","Provincie Vlaams-Brabant","Province du Brabant flamand","Vlaams Gewest","Région flamande","<5"
"2020-03-30","23096","Zemst","Zemst","Arrondissement Halle-Vilvoorde","Arrondissement de Hal-Vilvorde","Provincie Vlaams-Brabant","Province du Brabant flamand","Vlaams Gewest","Région flamande","5"
"2020-03-30","23097","Roosdaal","Roosdaal","Arrondissement Halle-Vilvoorde","Arrondissement de Hal-Vilvorde","Provincie Vlaams-Brabant","Province du Brabant flamand","Vlaams Gewest","Région flamande","<5"
"2020-03-30","23099","Kraainem","Kraainem","Arrondissement Halle-Vilvoorde","Arrondissement de Hal-Vilvorde","Provincie Vlaams-Brabant","Province du Brabant flamand","Vlaams Gewest","Région flamande","<5"
"2020-03-30","23101","Sint-Genesius-Rode","Rhode-Saint-Genèse","Arrondissement Halle-Vilvoorde","Arrondissement de Hal-Vilvorde","Provincie Vlaams-Brabant","Province du Brabant flamand","Vlaams Gewest","Région flamande","<5"
"2020-03-30","23103","Wezembeek-Oppem","Wezembeek-Oppem","Arrondissement Halle-Vilvoorde","Arrondissement de Hal-Vilvorde","Provincie Vlaams-Brabant","Province du Brabant flamand","Vlaams Gewest","Région flamande","<5"
"2020-03-30","23104","Lennik","Lennik","Arrondissement Halle-Vilvoorde","Arrondissement de Hal-Vilvorde","Provincie Vlaams-Brabant","Province du Brabant flamand","Vlaams Gewest","Région flamande","<5"
"2020-03-30","24001","Aarschot","Aarschot","Arrondissement Leuven","Arrondissement de Louvain","Provincie Vlaams-Brabant","Province du Brabant flamand","Vlaams Gewest","Région flamande","6"
"2020-03-30","24009","Bertem","Bertem","Arrondissement Leuven","Arrondissement de Louvain","Provincie Vlaams-Brabant","Province du Brabant flamand","Vlaams Gewest","Région flamande","<5"
"2020-03-30","24011","Bierbeek","Bierbeek","Arrondissement Leuven","Arrondissement de Louvain","Provincie Vlaams-Brabant","Province du Brabant flamand","Vlaams Gewest","Région flamande","<5"
"2020-03-30","24014","Boortmeerbeek","Boortmeerbeek","Arrondissement Leuven","Arrondissement de Louvain","Provincie Vlaams-Brabant","Province du Brabant flamand","Vlaams Gewest","Région flamande","<5"
"2020-03-30","24016","Boutersem","Boutersem","Arrondissement Leuven","Arrondissement de Louvain","Provincie Vlaams-Brabant","Province du Brabant flamand","Vlaams Gewest","Région flamande","<5"
"2020-03-30","24020","Diest","Diest","Arrondissement Leuven","Arrondissement de Louvain","Provincie Vlaams-Brabant","Province du Brabant flamand","Vlaams Gewest","Région flamande","9"
"2020-03-30","24028","Geetbets","Geetbets","Arrondissement Leuven","Arrondissement de Louvain","Provincie Vlaams-Brabant","Province du Brabant flamand","Vlaams Gewest","Région flamande","<5"
"2020-03-30","24033","Haacht","Haacht","Arrondissement Leuven","Arrondissement de Louvain","Provincie Vlaams-Brabant","Province du Brabant flamand","Vlaams Gewest","Région flamande","<5"
"2020-03-30","24041","Hoegaarden","Hoegaarden","Arrondissement Leuven","Arrondissement de Louvain","Provincie Vlaams-Brabant","Province du Brabant flamand","Vlaams Gewest","Région flamande","<5"
"2020-03-30","24043","Holsbeek","Holsbeek","Arrondissement Leuven","Arrondissement de Louvain","Provincie Vlaams-Brabant","Province du Brabant flamand","Vlaams Gewest","Région flamande","<5"
"2020-03-30","24045","Huldenberg","Huldenberg","Arrondissement Leuven","Arrondissement de Louvain","Provincie Vlaams-Brabant","Province du Brabant flamand","Vlaams Gewest","Région flamande","<5"
"2020-03-30","24048","Keerbergen","Keerbergen","Arrondissement Leuven","Arrondissement de Louvain","Provincie Vlaams-Brabant","Province du Brabant flamand","Vlaams Gewest","Région flamande","8"
"2020-03-30","24054","Kortenaken","Kortenaken","Arrondissement Leuven","Arrondissement de Louvain","Provincie Vlaams-Brabant","Province du Brabant flamand","Vlaams Gewest","Région flamande","<5"
"2020-03-30","24055","Kortenberg","Kortenberg","Arrondissement Leuven","Arrondissement de Louvain","Provincie Vlaams-Brabant","Province du Brabant flamand","Vlaams Gewest","Région flamande","<5"
"2020-03-30","24059","Landen","Landen","Arrondissement Leuven","Arrondissement de Louvain","Provincie Vlaams-Brabant","Province du Brabant flamand","Vlaams Gewest","Région flamande","7"
"2020-03-30","24062","Leuven","Louvain","Arrondissement Leuven","Arrondissement de Louvain","Provincie Vlaams-Brabant","Province du Brabant flamand","Vlaams Gewest","Région flamande","11"
"2020-03-30","24066","Lubbeek","Lubbeek","Arrondissement Leuven","Arrondissement de Louvain","Provincie Vlaams-Brabant","Province du Brabant flamand","Vlaams Gewest","Région flamande","<5"
"2020-03-30","24086","Oud-Heverlee","Oud-Heverlee","Arrondissement Leuven","Arrondissement de Louvain","Provincie Vlaams-Brabant","Province du Brabant flamand","Vlaams Gewest","Région flamande","<5"
"2020-03-30","24094","Rotselaar","Rotselaar","Arrondissement Leuven","Arrondissement de Louvain","Provincie Vlaams-Brabant","Province du Brabant flamand","Vlaams Gewest","Région flamande","<5"
"2020-03-30","24104","Tervuren","Tervuren","Arrondissement Leuven","Arrondissement de Louvain","Provincie Vlaams-Brabant","Province du Brabant flamand","Vlaams Gewest","Région flamande","<5"
"2020-03-30","24107","Tienen","Tirlemont","Arrondissement Leuven","Arrondissement de Louvain","Provincie Vlaams-Brabant","Province du Brabant flamand","Vlaams Gewest","Région flamande","9"
"2020-03-30","24130","Zoutleeuw","Léau","Arrondissement Leuven","Arrondissement de Louvain","Provincie Vlaams-Brabant","Province du Brabant flamand","Vlaams Gewest","Région flamande","<5"
"2020-03-30","24134","Scherpenheuvel-Zichem","Montaigu-Zichem","Arrondissement Leuven","Arrondissement de Louvain","Provincie Vlaams-Brabant","Province du Brabant flamand","Vlaams Gewest","Région flamande","5"
"2020-03-30","24135","Tielt-Winge","Tielt-Winge","Arrondissement Leuven","Arrondissement de Louvain","Provincie Vlaams-Brabant","Province du Brabant flamand","Vlaams Gewest","Région flamande","<5"
"2020-03-30","25014","Eigenbrakel","Braine-l’Alleud","Arrondissement Nijvel","Arrondissement de Nivelles","Provincie Waals-Brabant","Province du Brabant wallon","Waals Gewest","Région wallonne","5"
"2020-03-30","25015","Kasteelbrakel","Braine-le-Château","Arrondissement Nijvel","Arrondissement de Nivelles","Provincie Waals-Brabant","Province du Brabant wallon","Waals Gewest","Région wallonne","<5"
"2020-03-30","25018","Chaumont-Gistoux","Chaumont-Gistoux","Arrondissement Nijvel","Arrondissement de Nivelles","Provincie Waals-Brabant","Province du Brabant wallon","Waals Gewest","Région wallonne","<5"
"2020-03-30","25031","Genepiën","Genappe","Arrondissement Nijvel","Arrondissement de Nivelles","Provincie Waals-Brabant","Province du Brabant wallon","Waals Gewest","Région wallonne","<5"
"2020-03-30","25048","Geldenaken","Jodoigne","Arrondissement Nijvel","Arrondissement de Nivelles","Provincie Waals-Brabant","Province du Brabant wallon","Waals Gewest","Région wallonne","<5"
"2020-03-30","25068","Mont-Saint-Guibert","Mont-Saint-Guibert","Arrondissement Nijvel","Arrondissement de Nivelles","Provincie Waals-Brabant","Province du Brabant wallon","Waals Gewest","Région wallonne","<5"
"2020-03-30","25072","Nijvel","Nivelles","Arrondissement Nijvel","Arrondissement de Nivelles","Provincie Waals-Brabant","Province du Brabant wallon","Waals Gewest","Région wallonne","<5"
"2020-03-30","25091","Rixensart","Rixensart","Arrondissement Nijvel","Arrondissement de Nivelles","Provincie Waals-Brabant","Province du Brabant wallon","Waals Gewest","Région wallonne","<5"
"2020-03-30","25105","Tubeke","Tubize","Arrondissement Nijvel","Arrondissement de Nivelles","Provincie Waals-Brabant","Province du Brabant wallon","Waals Gewest","Région wallonne","<5"
"2020-03-30","25110","Waterloo","Waterloo","Arrondissement Nijvel","Arrondissement de Nivelles","Provincie Waals-Brabant","Province du Brabant wallon","Waals Gewest","Région wallonne","<5"
"2020-03-30","25112","Waver","Wavre","Arrondissement Nijvel","Arrondissement de Nivelles","Provincie Waals-Brabant","Province du Brabant wallon","Waals Gewest","Région wallonne","<5"
"2020-03-30","25117","Chastre","Chastre","Arrondissement Nijvel","Arrondissement de Nivelles","Provincie Waals-Brabant","Province du Brabant wallon","Waals Gewest","Région wallonne","<5"
"2020-03-30","25118","Hélécine","Hélécine","Arrondissement Nijvel","Arrondissement de Nivelles","Provincie Waals-Brabant","Province du Brabant wallon","Waals Gewest","Région wallonne","<5"
"2020-03-30","25119","Lasne","Lasne","Arrondissement Nijvel","Arrondissement de Nivelles","Provincie Waals-Brabant","Province du Brabant wallon","Waals Gewest","Région wallonne","<5"
"2020-03-30","25121","Ottignies-Louvain-la-Neuve","Ottignies-Louvain-la-Neuve","Arrondissement Nijvel","Arrondissement de Nivelles","Provincie Waals-Brabant","Province du Brabant wallon","Waals Gewest","Région wallonne","<5"
"2020-03-30","25123","Rebecq","Rebecq","Arrondissement Nijvel","Arrondissement de Nivelles","Provincie Waals-Brabant","Province du Brabant wallon","Waals Gewest","Région wallonne","5"
"2020-03-30","31003","Beernem","Beernem","Arrondissement Brugge","Arrondissement de Bruges","Provincie West-Vlaanderen","Province de Flandre occidentale","Vlaams Gewest","Région flamande","<5"
"2020-03-30","31004","Blankenberge","Blankenberge","Arrondissement Brugge","Arrondissement de Bruges","Provincie West-Vlaanderen","Province de Flandre occidentale","Vlaams Gewest","Région flamande","<5"
"2020-03-30","31005","Brugge","Bruges","Arrondissement Brugge","Arrondissement de Bruges","Provincie West-Vlaanderen","Province de Flandre occidentale","Vlaams Gewest","Région flamande","13"
"2020-03-30","31006","Damme","Damme","Arrondissement Brugge","Arrondissement de Bruges","Provincie West-Vlaanderen","Province de Flandre occidentale","Vlaams Gewest","Région flamande","<5"
"2020-03-30","31012","Jabbeke","Jabbeke","Arrondissement Brugge","Arrondissement de Bruges","Provincie West-Vlaanderen","Province de Flandre occidentale","Vlaams Gewest","Région flamande","<5"
"2020-03-30","31022","Oostkamp","Oostkamp","Arrondissement Brugge","Arrondissement de Bruges","Provincie West-Vlaanderen","Province de Flandre occidentale","Vlaams Gewest","Région flamande","<5"
"2020-03-30","31033","Torhout","Torhout","Arrondissement Brugge","Arrondissement de Bruges","Provincie West-Vlaanderen","Province de Flandre occidentale","Vlaams Gewest","Région flamande","<5"
"2020-03-30","31040","Zedelgem","Zedelgem","Arrondissement Brugge","Arrondissement de Bruges","Provincie West-Vlaanderen","Province de Flandre occidentale","Vlaams Gewest","Région flamande","6"
"2020-03-30","31043","Knokke-Heist","Knokke-Heist","Arrondissement Brugge","Arrondissement de Bruges","Provincie West-Vlaanderen","Province de Flandre occidentale","Vlaams Gewest","Région flamande","<5"
"2020-03-30","32003","Diksmuide","Dixmude","Arrondissement Diksmuide","Arrondissement de Dixmude","Provincie West-Vlaanderen","Province de Flandre occidentale","Vlaams Gewest","Région flamande","<5"
"2020-03-30","32006","Houthulst","Houthulst","Arrondissement Diksmuide","Arrondissement de Dixmude","Provincie West-Vlaanderen","Province de Flandre occidentale","Vlaams Gewest","Région flamande","<5"
"2020-03-30","32010","Koekelare","Koekelare","Arrondissement Diksmuide","Arrondissement de Dixmude","Provincie West-Vlaanderen","Province de Flandre occidentale","Vlaams Gewest","Région flamande","<5"
"2020-03-30","32030","Lo-Reninge","Lo-Reninge","Arrondissement Diksmuide","Arrondissement de Dixmude","Provincie West-Vlaanderen","Province de Flandre occidentale","Vlaams Gewest","Région flamande","<5"
"2020-03-30","33011","Ieper","Ypres","Arrondissement Ieper","Arrondissement d’Ypres","Provincie West-Vlaanderen","Province de Flandre occidentale","Vlaams Gewest","Région flamande","7"
"2020-03-30","33021","Poperinge","Poperinge","Arrondissement Ieper","Arrondissement d’Ypres","Provincie West-Vlaanderen","Province de Flandre occidentale","Vlaams Gewest","Région flamande","7"
"2020-03-30","33029","Wervik","Wervik","Arrondissement Ieper","Arrondissement d’Ypres","Provincie West-Vlaanderen","Province de Flandre occidentale","Vlaams Gewest","Région flamande","<5"
"2020-03-30","33037","Zonnebeke","Zonnebeke","Arrondissement Ieper","Arrondissement d’Ypres","Provincie West-Vlaanderen","Province de Flandre occidentale","Vlaams Gewest","Région flamande","<5"
"2020-03-30","33040","Langemark-Poelkapelle","Langemark-Poelkapelle","Arrondissement Ieper","Arrondissement d’Ypres","Provincie West-Vlaanderen","Province de Flandre occidentale","Vlaams Gewest","Région flamande","<5"
"2020-03-30","34002","Anzegem","Anzegem","Arrondissement Kortrijk","Arrondissement de Courtrai","Provincie West-Vlaanderen","Province de Flandre occidentale","Vlaams Gewest","Région flamande","<5"
"2020-03-30","34003","Avelgem","Avelgem","Arrondissement Kortrijk","Arrondissement de Courtrai","Provincie West-Vlaanderen","Province de Flandre occidentale","Vlaams Gewest","Région flamande","<5"
"2020-03-30","34009","Deerlijk","Deerlijk","Arrondissement Kortrijk","Arrondissement de Courtrai","Provincie West-Vlaanderen","Province de Flandre occidentale","Vlaams Gewest","Région flamande","8"
"2020-03-30","34013","Harelbeke","Harelbeke","Arrondissement Kortrijk","Arrondissement de Courtrai","Provincie West-Vlaanderen","Province de Flandre occidentale","Vlaams Gewest","Région flamande","9"
"2020-03-30","34022","Kortrijk","Courtrai","Arrondissement Kortrijk","Arrondissement de Courtrai","Provincie West-Vlaanderen","Province de Flandre occidentale","Vlaams Gewest","Région flamande","18"
"2020-03-30","34023","Kuurne","Kuurne","Arrondissement Kortrijk","Arrondissement de Courtrai","Provincie West-Vlaanderen","Province de Flandre occidentale","Vlaams Gewest","Région flamande","7"
"2020-03-30","34027","Menen","Menin","Arrondissement Kortrijk","Arrondissement de Courtrai","Provincie West-Vlaanderen","Province de Flandre occidentale","Vlaams Gewest","Région flamande","9"
"2020-03-30","34040","Waregem","Waregem","Arrondissement Kortrijk","Arrondissement de Courtrai","Provincie West-Vlaanderen","Province de Flandre occidentale","Vlaams Gewest","Région flamande","9"
"2020-03-30","34041","Wevelgem","Wevelgem","Arrondissement Kortrijk","Arrondissement de Courtrai","Provincie West-Vlaanderen","Province de Flandre occidentale","Vlaams Gewest","Région flamande","5"
"2020-03-30","34042","Zwevegem","Zwevegem","Arrondissement Kortrijk","Arrondissement de Courtrai","Provincie West-Vlaanderen","Province de Flandre occidentale","Vlaams Gewest","Région flamande","6"
"2020-03-30","35002","Bredene","Bredene","Arrondissement Oostende","Arrondissement d’Ostende","Provincie West-Vlaanderen","Province de Flandre occidentale","Vlaams Gewest","Région flamande","<5"
"2020-03-30","35005","Gistel","Gistel","Arrondissement Oostende","Arrondissement d’Ostende","Provincie West-Vlaanderen","Province de Flandre occidentale","Vlaams Gewest","Région flamande","<5"
"2020-03-30","35006","Ichtegem","Ichtegem","Arrondissement Oostende","Arrondissement d’Ostende","Provincie West-Vlaanderen","Province de Flandre occidentale","Vlaams Gewest","Région flamande","<5"
"2020-03-30","35011","Middelkerke","Middelkerke","Arrondissement Oostende","Arrondissement d’Ostende","Provincie West-Vlaanderen","Province de Flandre occidentale","Vlaams Gewest","Région flamande","<5"
"2020-03-30","35013","Oostende","Ostende","Arrondissement Oostende","Arrondissement d’Ostende","Provincie West-Vlaanderen","Province de Flandre occidentale","Vlaams Gewest","Région flamande","8"
"2020-03-30","35014","Oudenburg","Oudenburg","Arrondissement Oostende","Arrondissement d’Ostende","Provincie West-Vlaanderen","Province de Flandre occidentale","Vlaams Gewest","Région flamande","<5"
"2020-03-30","35029","De Haan","De Haan","Arrondissement Oostende","Arrondissement d’Ostende","Provincie West-Vlaanderen","Province de Flandre occidentale","Vlaams Gewest","Région flamande","<5"
"2020-03-30","36006","Hooglede","Hooglede","Arrondissement Roeselare","Arrondissement de Roulers","Provincie West-Vlaanderen","Province de Flandre occidentale","Vlaams Gewest","Région flamande","<5"
"2020-03-30","36007","Ingelmunster","Ingelmunster","Arrondissement Roeselare","Arrondissement de Roulers","Provincie West-Vlaanderen","Province de Flandre occidentale","Vlaams Gewest","Région flamande","<5"
"2020-03-30","36008","Izegem","Izegem","Arrondissement Roeselare","Arrondissement de Roulers","Provincie West-Vlaanderen","Province de Flandre occidentale","Vlaams Gewest","Région flamande","<5"
"2020-03-30","36010","Ledegem","Ledegem","Arrondissement Roeselare","Arrondissement de Roulers","Provincie West-Vlaanderen","Province de Flandre occidentale","Vlaams Gewest","Région flamande","<5"
"2020-03-30","36012","Moorslede","Moorslede","Arrondissement Roeselare","Arrondissement de Roulers","Provincie West-Vlaanderen","Province de Flandre occidentale","Vlaams Gewest","Région flamande","5"
"2020-03-30","36015","Roeselare","Roulers","Arrondissement Roeselare","Arrondissement de Roulers","Provincie West-Vlaanderen","Province de Flandre occidentale","Vlaams Gewest","Région flamande","11"
"2020-03-30","37002","Dentergem","Dentergem","Arrondissement Tielt","Arrondissement de Tielt","Provincie West-Vlaanderen","Province de Flandre occidentale","Vlaams Gewest","Région flamande","<5"
"2020-03-30","37007","Meulebeke","Meulebeke","Arrondissement Tielt","Arrondissement de Tielt","Provincie West-Vlaanderen","Province de Flandre occidentale","Vlaams Gewest","Région flamande","<5"
"2020-03-30","37012","Ruiselede","Ruiselede","Arrondissement Tielt","Arrondissement de Tielt","Provincie West-Vlaanderen","Province de Flandre occidentale","Vlaams Gewest","Région flamande","<5"
"2020-03-30","37015","Tielt (Tielt)","Tielt (Tielt)","Arrondissement Tielt","Arrondissement de Tielt","Provincie West-Vlaanderen","Province de Flandre occidentale","Vlaams Gewest","Région flamande","<5"
"2020-03-30","37017","Wielsbeke","Wielsbeke","Arrondissement Tielt","Arrondissement de Tielt","Provincie West-Vlaanderen","Province de Flandre occidentale","Vlaams Gewest","Région flamande","<5"
"2020-03-30","37018","Wingene","Wingene","Arrondissement Tielt","Arrondissement de Tielt","Provincie West-Vlaanderen","Province de Flandre occidentale","Vlaams Gewest","Région flamande","7"
"2020-03-30","38002","Alveringem","Alveringem","Arrondissement Veurne","Arrondissement de Furnes","Provincie West-Vlaanderen","Province de Flandre occidentale","Vlaams Gewest","Région flamande","<5"
"2020-03-30","38008","De Panne","La Panne","Arrondissement Veurne","Arrondissement de Furnes","Provincie West-Vlaanderen","Province de Flandre occidentale","Vlaams Gewest","Région flamande","<5"
"2020-03-30","38014","Koksijde","Koksijde","Arrondissement Veurne","Arrondissement de Furnes","Provincie West-Vlaanderen","Province de Flandre occidentale","Vlaams Gewest","Région flamande","<5"
"2020-03-30","38016","Nieuwpoort","Nieuport","Arrondissement Veurne","Arrondissement de Furnes","Provincie West-Vlaanderen","Province de Flandre occidentale","Vlaams Gewest","Région flamande","<5"
"2020-03-30","38025","Veurne","Furnes","Arrondissement Veurne","Arrondissement de Furnes","Provincie West-Vlaanderen","Province de Flandre occidentale","Vlaams Gewest","Région flamande","<5"
"2020-03-30","41002","Aalst (Aalst)","Alost (Alost)","Arrondissement Aalst","Arrondissement d’Alost","Provincie Oost-Vlaanderen","Province de Flandre orientale","Vlaams Gewest","Région flamande","16"
"2020-03-30","41011","Denderleeuw","Denderleeuw","Arrondissement Aalst","Arrondissement d’Alost","Provincie Oost-Vlaanderen","Province de Flandre orientale","Vlaams Gewest","Région flamande","<5"
"2020-03-30","41018","Geraardsbergen","Grammont","Arrondissement Aalst","Arrondissement d’Alost","Provincie Oost-Vlaanderen","Province de Flandre orientale","Vlaams Gewest","Région flamande","<5"
"2020-03-30","41024","Haaltert","Haaltert","Arrondissement Aalst","Arrondissement d’Alost","Provincie Oost-Vlaanderen","Province de Flandre orientale","Vlaams Gewest","Région flamande","<5"
"2020-03-30","41034","Lede","Lede","Arrondissement Aalst","Arrondissement d’Alost","Provincie Oost-Vlaanderen","Province de Flandre orientale","Vlaams Gewest","Région flamande","<5"
"2020-03-30","41048","Ninove","Ninove","Arrondissement Aalst","Arrondissement d’Alost","Provincie Oost-Vlaanderen","Province de Flandre orientale","Vlaams Gewest","Région flamande","<5"
"2020-03-30","41081","Zottegem","Zottegem","Arrondissement Aalst","Arrondissement d’Alost","Provincie Oost-Vlaanderen","Province de Flandre orientale","Vlaams Gewest","Région flamande","<5"
"2020-03-30","41082","Erpe-Mere","Erpe-Mere","Arrondissement Aalst","Arrondissement d’Alost","Provincie Oost-Vlaanderen","Province de Flandre orientale","Vlaams Gewest","Région flamande","<5"
"2020-03-30","42006","Dendermonde","Termonde","Arrondissement Dendermonde","Arrondissement de Termonde","Provincie Oost-Vlaanderen","Province de Flandre orientale","Vlaams Gewest","Région flamande","8"
"2020-03-30","42008","Hamme (Dendermonde)","Hamme (Termonde)","Arrondissement Dendermonde","Arrondissement de Termonde","Provincie Oost-Vlaanderen","Province de Flandre orientale","Vlaams Gewest","Région flamande","5"
"2020-03-30","42010","Laarne","Laarne","Arrondissement Dendermonde","Arrondissement de Termonde","Provincie Oost-Vlaanderen","Province de Flandre orientale","Vlaams Gewest","Région flamande","<5"
"2020-03-30","42011","Lebbeke","Lebbeke","Arrondissement Dendermonde","Arrondissement de Termonde","Provincie Oost-Vlaanderen","Province de Flandre orientale","Vlaams Gewest","Région flamande","<5"
"2020-03-30","42023","Waasmunster","Waasmunster","Arrondissement Dendermonde","Arrondissement de Termonde","Provincie Oost-Vlaanderen","Province de Flandre orientale","Vlaams Gewest","Région flamande","<5"
"2020-03-30","42025","Wetteren","Wetteren","Arrondissement Dendermonde","Arrondissement de Termonde","Provincie Oost-Vlaanderen","Province de Flandre orientale","Vlaams Gewest","Région flamande","8"
"2020-03-30","42026","Wichelen","Wichelen","Arrondissement Dendermonde","Arrondissement de Termonde","Provincie Oost-Vlaanderen","Province de Flandre orientale","Vlaams Gewest","Région flamande","10"
"2020-03-30","42028","Zele","Zele","Arrondissement Dendermonde","Arrondissement de Termonde","Provincie Oost-Vlaanderen","Province de Flandre orientale","Vlaams Gewest","Région flamande","<5"
"2020-03-30","43002","Assenede","Assenede","Arrondissement Eeklo","Arrondissement d’Eeklo","Provincie Oost-Vlaanderen","Province de Flandre orientale","Vlaams Gewest","Région flamande","9"
"2020-03-30","43005","Eeklo","Eeklo","Arrondissement Eeklo","Arrondissement d’Eeklo","Provincie Oost-Vlaanderen","Province de Flandre orientale","Vlaams Gewest","Région flamande","<5"
"2020-03-30","43007","Kaprijke","Kaprijke","Arrondissement Eeklo","Arrondissement d’Eeklo","Provincie Oost-Vlaanderen","Province de Flandre orientale","Vlaams Gewest","Région flamande","<5"
"2020-03-30","43010","Maldegem","Maldegem","Arrondissement Eeklo","Arrondissement d’Eeklo","Provincie Oost-Vlaanderen","Province de Flandre orientale","Vlaams Gewest","Région flamande","<5"
"2020-03-30","43018","Zelzate","Zelzate","Arrondissement Eeklo","Arrondissement d’Eeklo","Provincie Oost-Vlaanderen","Province de Flandre orientale","Vlaams Gewest","Région flamande","<5"
"2020-03-30","44013","Destelbergen","Destelbergen","Arrondissement Gent","Arrondissement de Gand","Provincie Oost-Vlaanderen","Province de Flandre orientale","Vlaams Gewest","Région flamande","<5"
"2020-03-30","44019","Evergem","Evergem","Arrondissement Gent","Arrondissement de Gand","Provincie Oost-Vlaanderen","Province de Flandre orientale","Vlaams Gewest","Région flamande","<5"
"2020-03-30","44020","Gavere","Gavere","Arrondissement Gent","Arrondissement de Gand","Provincie Oost-Vlaanderen","Province de Flandre orientale","Vlaams Gewest","Région flamande","<5"
"2020-03-30","44021","Gent","Gand","Arrondissement Gent","Arrondissement de Gand","Provincie Oost-Vlaanderen","Province de Flandre orientale","Vlaams Gewest","Région flamande","22"
"2020-03-30","44034","Lochristi","Lochristi","Arrondissement Gent","Arrondissement de Gand","Provincie Oost-Vlaanderen","Province de Flandre orientale","Vlaams Gewest","Région flamande","<5"
"2020-03-30","44040","Melle","Melle","Arrondissement Gent","Arrondissement de Gand","Provincie Oost-Vlaanderen","Province de Flandre orientale","Vlaams Gewest","Région flamande","<5"
"2020-03-30","44043","Merelbeke","Merelbeke","Arrondissement Gent","Arrondissement de Gand","Provincie Oost-Vlaanderen","Province de Flandre orientale","Vlaams Gewest","Région flamande","<5"
"2020-03-30","44045","Moerbeke (Gent)","Moerbeke (Gand)","Arrondissement Gent","Arrondissement de Gand","Provincie Oost-Vlaanderen","Province de Flandre orientale","Vlaams Gewest","Région flamande","<5"
"2020-03-30","44052","Oosterzele","Oosterzele","Arrondissement Gent","Arrondissement de Gand","Provincie Oost-Vlaanderen","Province de Flandre orientale","Vlaams Gewest","Région flamande","<5"
"2020-03-30","44064","Sint-Martens-Latem","Sint-Martens-Latem","Arrondissement Gent","Arrondissement de Gand","Provincie Oost-Vlaanderen","Province de Flandre orientale","Vlaams Gewest","Région flamande","<5"
"2020-03-30","44073","Wachtebeke","Wachtebeke","Arrondissement Gent","Arrondissement de Gand","Provincie Oost-Vlaanderen","Province de Flandre orientale","Vlaams Gewest","Région flamande","7"
"2020-03-30","44081","Zulte","Zulte","Arrondissement Gent","Arrondissement de Gand","Provincie Oost-Vlaanderen","Province de Flandre orientale","Vlaams Gewest","Région flamande","<5"
"2020-03-30","44083","Deinze","Deinze","Arrondissement Gent","Arrondissement de Gand","Provincie Oost-Vlaanderen","Province de Flandre orientale","Vlaams Gewest","Région flamande","5"
"2020-03-30","44084","Aalter","Aalter","Arrondissement Gent","Arrondissement de Gand","Provincie Oost-Vlaanderen","Province de Flandre orientale","Vlaams Gewest","Région flamande","<5"
"2020-03-30","44085","Lievegem","Lievegem","Arrondissement Gent","Arrondissement de Gand","Provincie Oost-Vlaanderen","Province de Flandre orientale","Vlaams Gewest","Région flamande","5"
"2020-03-30","45035","Oudenaarde","Audenarde","Arrondissement Oudenaarde","Arrondissement d’Audenarde","Provincie Oost-Vlaanderen","Province de Flandre orientale","Vlaams Gewest","Région flamande","<5"
"2020-03-30","45041","Ronse","Renaix","Arrondissement Oudenaarde","Arrondissement d’Audenarde","Provincie Oost-Vlaanderen","Province de Flandre orientale","Vlaams Gewest","Région flamande","9"
"2020-03-30","45060","Kluisbergen","Kluisbergen","Arrondissement Oudenaarde","Arrondissement d’Audenarde","Provincie Oost-Vlaanderen","Province de Flandre orientale","Vlaams Gewest","Région flamande","<5"
"2020-03-30","45061","Wortegem-Petegem","Wortegem-Petegem","Arrondissement Oudenaarde","Arrondissement d’Audenarde","Provincie Oost-Vlaanderen","Province de Flandre orientale","Vlaams Gewest","Région flamande","<5"
"2020-03-30","45063","Lierde","Lierde","Arrondissement Oudenaarde","Arrondissement d’Audenarde","Provincie Oost-Vlaanderen","Province de Flandre orientale","Vlaams Gewest","Région flamande","<5"
"2020-03-30","45064","Maarkedal","Maarkedal","Arrondissement Oudenaarde","Arrondissement d’Audenarde","Provincie Oost-Vlaanderen","Province de Flandre orientale","Vlaams Gewest","Région flamande","<5"
"2020-03-30","45068","Kruisem","Kruisem","Arrondissement Oudenaarde","Arrondissement d’Audenarde","Provincie Oost-Vlaanderen","Province de Flandre orientale","Vlaams Gewest","Région flamande","<5"
"2020-03-30","46003","Beveren (Sint-Niklaas)","Beveren (Saint-Nicolas)","Arrondissement Sint-Niklaas","Arrondissement de Saint-Nicolas","Provincie Oost-Vlaanderen","Province de Flandre orientale","Vlaams Gewest","Région flamande","6"
"2020-03-30","46013","Kruibeke","Kruibeke","Arrondissement Sint-Niklaas","Arrondissement de Saint-Nicolas","Provincie Oost-Vlaanderen","Province de Flandre orientale","Vlaams Gewest","Région flamande","<5"
"2020-03-30","46014","Lokeren","Lokeren","Arrondissement Sint-Niklaas","Arrondissement de Saint-Nicolas","Provincie Oost-Vlaanderen","Province de Flandre orientale","Vlaams Gewest","Région flamande","6"
"2020-03-30","46020","Sint-Gillis-Waas","Sint-Gillis-Waas","Arrondissement Sint-Niklaas","Arrondissement de Saint-Nicolas","Provincie Oost-Vlaanderen","Province de Flandre orientale","Vlaams Gewest","Région flamande","<5"
"2020-03-30","46021","Sint-Niklaas (Sint-Niklaas)","Saint-Nicolas (Saint-Nicolas)","Arrondissement Sint-Niklaas","Arrondissement de Saint-Nicolas","Provincie Oost-Vlaanderen","Province de Flandre orientale","Vlaams Gewest","Région flamande","13"
"2020-03-30","46024","Stekene","Stekene","Arrondissement Sint-Niklaas","Arrondissement de Saint-Nicolas","Provincie Oost-Vlaanderen","Province de Flandre orientale","Vlaams Gewest","Région flamande","5"
"2020-03-30","46025","Temse","Tamise","Arrondissement Sint-Niklaas","Arrondissement de Saint-Nicolas","Provincie Oost-Vlaanderen","Province de Flandre orientale","Vlaams Gewest","Région flamande","8"
"2020-03-30","51004","Aat","Ath","Arrondissement Aat","Arrondissement d’Ath","Provincie Henegouwen","Province du Hainaut","Waals Gewest","Région wallonne","<5"
"2020-03-30","51009","Bernissart","Bernissart","Arrondissement Aat","Arrondissement d’Ath","Provincie Henegouwen","Province du Hainaut","Waals Gewest","Région wallonne","<5"
"2020-03-30","51014","Chièvres","Chièvres","Arrondissement Aat","Arrondissement d’Ath","Provincie Henegouwen","Province du Hainaut","Waals Gewest","Région wallonne","<5"
"2020-03-30","51019","Vloesberg","Flobecq","Arrondissement Aat","Arrondissement d’Ath","Provincie Henegouwen","Province du Hainaut","Waals Gewest","Région wallonne","<5"
"2020-03-30","51065","Frasnes-lez-Anvaing","Frasnes-lez-Anvaing","Arrondissement Aat","Arrondissement d’Ath","Provincie Henegouwen","Province du Hainaut","Waals Gewest","Région wallonne","<5"
"2020-03-30","51067","Edingen","Enghien","Arrondissement Aat","Arrondissement d’Ath","Provincie Henegouwen","Province du Hainaut","Waals Gewest","Région wallonne","<5"
"2020-03-30","51069","Lessen","Lessines","Arrondissement Aat","Arrondissement d’Ath","Provincie Henegouwen","Province du Hainaut","Waals Gewest","Région wallonne","<5"
"2020-03-30","52010","Chapelle-lez-Herlaimont","Chapelle-lez-Herlaimont","Arrondissement Charleroi","Arrondissement de Charleroi","Provincie Henegouwen","Province du Hainaut","Waals Gewest","Région wallonne","<5"
"2020-03-30","52011","Charleroi","Charleroi","Arrondissement Charleroi","Arrondissement de Charleroi","Provincie Henegouwen","Province du Hainaut","Waals Gewest","Région wallonne","9"
"2020-03-30","52012","Châtelet","Châtelet","Arrondissement Charleroi","Arrondissement de Charleroi","Provincie Henegouwen","Province du Hainaut","Waals Gewest","Région wallonne","<5"
"2020-03-30","52021","Fleurus","Fleurus","Arrondissement Charleroi","Arrondissement de Charleroi","Provincie Henegouwen","Province du Hainaut","Waals Gewest","Région wallonne","<5"
"2020-03-30","52022","Fontaine-l’Evêque","Fontaine-l’Evêque","Arrondissement Charleroi","Arrondissement de Charleroi","Provincie Henegouwen","Province du Hainaut","Waals Gewest","Région wallonne","<5"
"2020-03-30","52025","Gerpinnes","Gerpinnes","Arrondissement Charleroi","Arrondissement de Charleroi","Provincie Henegouwen","Province du Hainaut","Waals Gewest","Région wallonne","<5"
"2020-03-30","52048","Montigny-le-Tilleul","Montigny-le-Tilleul","Arrondissement Charleroi","Arrondissement de Charleroi","Provincie Henegouwen","Province du Hainaut","Waals Gewest","Région wallonne","<5"
"2020-03-30","52055","Pont-à-Celles","Pont-à-Celles","Arrondissement Charleroi","Arrondissement de Charleroi","Provincie Henegouwen","Province du Hainaut","Waals Gewest","Région wallonne","<5"
"2020-03-30","52074","Aiseau-Presles","Aiseau-Presles","Arrondissement Charleroi","Arrondissement de Charleroi","Provincie Henegouwen","Province du Hainaut","Waals Gewest","Région wallonne","<5"
"2020-03-30","53014","Boussu","Boussu","Arrondissement Bergen","Arrondissement de Mons","Provincie Henegouwen","Province du Hainaut","Waals Gewest","Région wallonne","<5"
"2020-03-30","53028","Frameries","Frameries","Arrondissement Bergen","Arrondissement de Mons","Provincie Henegouwen","Province du Hainaut","Waals Gewest","Région wallonne","8"
"2020-03-30","53039","Hensies","Hensies","Arrondissement Bergen","Arrondissement de Mons","Provincie Henegouwen","Province du Hainaut","Waals Gewest","Région wallonne","<5"
"2020-03-30","53046","Lens","Lens","Arrondissement Bergen","Arrondissement de Mons","Provincie Henegouwen","Province du Hainaut","Waals Gewest","Région wallonne","<5"
"2020-03-30","53053","Bergen","Mons","Arrondissement Bergen","Arrondissement de Mons","Provincie Henegouwen","Province du Hainaut","Waals Gewest","Région wallonne","18"
"2020-03-30","53065","Quaregnon","Quaregnon","Arrondissement Bergen","Arrondissement de Mons","Provincie Henegouwen","Province du Hainaut","Waals Gewest","Région wallonne","<5"
"2020-03-30","53068","Quiévrain","Quiévrain","Arrondissement Bergen","Arrondissement de Mons","Provincie Henegouwen","Province du Hainaut","Waals Gewest","Région wallonne","<5"
"2020-03-30","53070","Saint-Ghislain","Saint-Ghislain","Arrondissement Bergen","Arrondissement de Mons","Provincie Henegouwen","Province du Hainaut","Waals Gewest","Région wallonne","10"
"2020-03-30","53082","Colfontaine","Colfontaine","Arrondissement Bergen","Arrondissement de Mons","Provincie Henegouwen","Province du Hainaut","Waals Gewest","Région wallonne","<5"
"2020-03-30","53083","Honnelles","Honnelles","Arrondissement Bergen","Arrondissement de Mons","Provincie Henegouwen","Province du Hainaut","Waals Gewest","Région wallonne","<5"
"2020-03-30","53084","Quévy","Quévy","Arrondissement Bergen","Arrondissement de Mons","Provincie Henegouwen","Province du Hainaut","Waals Gewest","Région wallonne","5"
"2020-03-30","55004","’s Gravenbrakel","Braine-le-Comte","Arrondissement Zinnik","Arrondissement de Soignies","Provincie Henegouwen","Province du Hainaut","Waals Gewest","Région wallonne","<5"
"2020-03-30","55040","Zinnik","Soignies","Arrondissement Zinnik","Arrondissement de Soignies","Provincie Henegouwen","Province du Hainaut","Waals Gewest","Région wallonne","6"
"2020-03-30","55050","Ecaussinnes","Ecaussinnes","Arrondissement Zinnik","Arrondissement de Soignies","Provincie Henegouwen","Province du Hainaut","Waals Gewest","Région wallonne","<5"
"2020-03-30","55085","Seneffe","Seneffe","Arrondissement Zinnik","Arrondissement de Soignies","Provincie Henegouwen","Province du Hainaut","Waals Gewest","Région wallonne","<5"
"2020-03-30","55086","Manage","Manage","Arrondissement Zinnik","Arrondissement de Soignies","Provincie Henegouwen","Province du Hainaut","Waals Gewest","Région wallonne","<5"
"2020-03-30","56001","Anderlues","Anderlues","Arrondissement Thuin","Arrondissement de Thuin","Provincie Henegouwen","Province du Hainaut","Waals Gewest","Région wallonne","<5"
"2020-03-30","56044","Lobbes","Lobbes","Arrondissement Thuin","Arrondissement de Thuin","Provincie Henegouwen","Province du Hainaut","Waals Gewest","Région wallonne","<5"
"2020-03-30","56086","Ham-sur-Heure-Nalinnes","Ham-sur-Heure-Nalinnes","Arrondissement Thuin","Arrondissement de Thuin","Provincie Henegouwen","Province du Hainaut","Waals Gewest","Région wallonne","<5"
"2020-03-30","57003","Antoing","Antoing","Arrondissement Doornik-Moeskroen","Arrondissement de Tournai-Mouscron","Provincie Henegouwen","Province du Hainaut","Waals Gewest","Région wallonne","<5"
"2020-03-30","57018","Celles (Doornik)","Celles (Tournai)","Arrondissement Doornik-Moeskroen","Arrondissement de Tournai-Mouscron","Provincie Henegouwen","Province du Hainaut","Waals Gewest","Région wallonne","<5"
"2020-03-30","57064","Péruwelz","Péruwelz","Arrondissement Doornik-Moeskroen","Arrondissement de Tournai-Mouscron","Provincie Henegouwen","Province du Hainaut","Waals Gewest","Région wallonne","<5"
"2020-03-30","57081","Doornik","Tournai","Arrondissement Doornik-Moeskroen","Arrondissement de Tournai-Mouscron","Provincie Henegouwen","Province du Hainaut","Waals Gewest","Région wallonne","9"
"2020-03-30","57094","Leuze-en-Hainaut","Leuze-en-Hainaut","Arrondissement Doornik-Moeskroen","Arrondissement de Tournai-Mouscron","Provincie Henegouwen","Province du Hainaut","Waals Gewest","Région wallonne","<5"
"2020-03-30","57095","Mont-de-l’Enclus","Mont-de-l’Enclus","Arrondissement Doornik-Moeskroen","Arrondissement de Tournai-Mouscron","Provincie Henegouwen","Province du Hainaut","Waals Gewest","Région wallonne","<5"
"2020-03-30","57096","Moeskroen","Mouscron","Arrondissement Doornik-Moeskroen","Arrondissement de Tournai-Mouscron","Provincie Henegouwen","Province du Hainaut","Waals Gewest","Région wallonne","8"
"2020-03-30","57097","Komen-Waasten","Comines-Warneton","Arrondissement Doornik-Moeskroen","Arrondissement de Tournai-Mouscron","Provincie Henegouwen","Province du Hainaut","Waals Gewest","Région wallonne","7"
"2020-03-30","58001","La Louvière","La Louvière","Arrondissement La Louvière","Arrondissement de La Louvière","Provincie Henegouwen","Province du Hainaut","Waals Gewest","Région wallonne","13"
"2020-03-30","58004","Morlanwelz","Morlanwelz","Arrondissement La Louvière","Arrondissement de La Louvière","Provincie Henegouwen","Province du Hainaut","Waals Gewest","Région wallonne","<5"
"2020-03-30","61003","Amay","Amay","Arrondissement Hoei","Arrondissement de Huy","Provincie Luik","Province de Liège","Waals Gewest","Région wallonne","<5"
"2020-03-30","61012","Clavier","Clavier","Arrondissement Hoei","Arrondissement de Huy","Provincie Luik","Province de Liège","Waals Gewest","Région wallonne","<5"
"2020-03-30","61028","Héron","Héron","Arrondissement Hoei","Arrondissement de Huy","Provincie Luik","Province de Liège","Waals Gewest","Région wallonne","<5"
"2020-03-30","61031","Hoei","Huy","Arrondissement Hoei","Arrondissement de Huy","Provincie Luik","Province de Liège","Waals Gewest","Région wallonne","<5"
"2020-03-30","61039","Marchin","Marchin","Arrondissement Hoei","Arrondissement de Huy","Provincie Luik","Province de Liège","Waals Gewest","Région wallonne","<5"
"2020-03-30","61041","Modave","Modave","Arrondissement Hoei","Arrondissement de Huy","Provincie Luik","Province de Liège","Waals Gewest","Région wallonne","<5"
"2020-03-30","61043","Nandrin","Nandrin","Arrondissement Hoei","Arrondissement de Huy","Provincie Luik","Province de Liège","Waals Gewest","Région wallonne","<5"
"2020-03-30","61063","Verlaine","Verlaine","Arrondissement Hoei","Arrondissement de Huy","Provincie Luik","Province de Liège","Waals Gewest","Région wallonne","<5"
"2020-03-30","61072","Wanze","Wanze","Arrondissement Hoei","Arrondissement de Huy","Provincie Luik","Province de Liège","Waals Gewest","Région wallonne","<5"
"2020-03-30","61079","Anthisnes","Anthisnes","Arrondissement Hoei","Arrondissement de Huy","Provincie Luik","Province de Liège","Waals Gewest","Région wallonne","<5"
"2020-03-30","61080","Engis","Engis","Arrondissement Hoei","Arrondissement de Huy","Provincie Luik","Province de Liège","Waals Gewest","Région wallonne","<5"
"2020-03-30","62003","Ans","Ans","Arrondissement Luik","Arrondissement de Liège","Provincie Luik","Province de Liège","Waals Gewest","Région wallonne","11"
"2020-03-30","62006","Awans","Awans","Arrondissement Luik","Arrondissement de Liège","Provincie Luik","Province de Liège","Waals Gewest","Région wallonne","<5"
"2020-03-30","62009","Aywaille","Aywaille","Arrondissement Luik","Arrondissement de Liège","Provincie Luik","Province de Liège","Waals Gewest","Région wallonne","<5"
"2020-03-30","62011","Bitsingen","Bassenge","Arrondissement Luik","Arrondissement de Liège","Provincie Luik","Province de Liège","Waals Gewest","Région wallonne","<5"
"2020-03-30","62015","Beyne-Heusay","Beyne-Heusay","Arrondissement Luik","Arrondissement de Liège","Provincie Luik","Province de Liège","Waals Gewest","Région wallonne","6"
"2020-03-30","62022","Chaudfontaine","Chaudfontaine","Arrondissement Luik","Arrondissement de Liège","Provincie Luik","Province de Liège","Waals Gewest","Région wallonne","5"
"2020-03-30","62026","Comblain-au-Pont","Comblain-au-Pont","Arrondissement Luik","Arrondissement de Liège","Provincie Luik","Province de Liège","Waals Gewest","Région wallonne","<5"
"2020-03-30","62027","Dalhem","Dalhem","Arrondissement Luik","Arrondissement de Liège","Provincie Luik","Province de Liège","Waals Gewest","Région wallonne","<5"
"2020-03-30","62032","Esneux","Esneux","Arrondissement Luik","Arrondissement de Liège","Provincie Luik","Province de Liège","Waals Gewest","Région wallonne","5"
"2020-03-30","62038","Fléron","Fléron","Arrondissement Luik","Arrondissement de Liège","Provincie Luik","Province de Liège","Waals Gewest","Région wallonne","<5"
"2020-03-30","62051","Herstal","Herstal","Arrondissement Luik","Arrondissement de Liège","Provincie Luik","Province de Liège","Waals Gewest","Région wallonne","12"
"2020-03-30","62060","Juprelle","Juprelle","Arrondissement Luik","Arrondissement de Liège","Provincie Luik","Province de Liège","Waals Gewest","Région wallonne","<5"
"2020-03-30","62063","Luik","Liège","Arrondissement Luik","Arrondissement de Liège","Provincie Luik","Province de Liège","Waals Gewest","Région wallonne","48"
"2020-03-30","62079","Oupeye","Oupeye","Arrondissement Luik","Arrondissement de Liège","Provincie Luik","Province de Liège","Waals Gewest","Région wallonne","<5"
"2020-03-30","62093","Saint-Nicolas (Luik)","Saint-Nicolas (Liège)","Arrondissement Luik","Arrondissement de Liège","Provincie Luik","Province de Liège","Waals Gewest","Région wallonne","<5"
"2020-03-30","62096","Seraing","Seraing","Arrondissement Luik","Arrondissement de Liège","Provincie Luik","Province de Liège","Waals Gewest","Région wallonne","15"
"2020-03-30","62100","Sprimont","Sprimont","Arrondissement Luik","Arrondissement de Liège","Provincie Luik","Province de Liège","Waals Gewest","Région wallonne","<5"
"2020-03-30","62108","Wezet","Visé","Arrondissement Luik","Arrondissement de Liège","Provincie Luik","Province de Liège","Waals Gewest","Région wallonne","<5"
"2020-03-30","62118","Grâce-Hollogne","Grâce-Hollogne","Arrondissement Luik","Arrondissement de Liège","Provincie Luik","Province de Liège","Waals Gewest","Région wallonne","<5"
"2020-03-30","62119","Blegny","Blegny","Arrondissement Luik","Arrondissement de Liège","Provincie Luik","Province de Liège","Waals Gewest","Région wallonne","<5"
"2020-03-30","62120","Flémalle","Flémalle","Arrondissement Luik","Arrondissement de Liège","Provincie Luik","Province de Liège","Waals Gewest","Région wallonne","15"
"2020-03-30","62121","Neupré","Neupré","Arrondissement Luik","Arrondissement de Liège","Provincie Luik","Province de Liège","Waals Gewest","Région wallonne","<5"
"2020-03-30","62122","Trooz","Trooz","Arrondissement Luik","Arrondissement de Liège","Provincie Luik","Province de Liège","Waals Gewest","Région wallonne","<5"
"2020-03-30","63001","Amel","Amblève","Arrondissement Verviers","Arrondissement de Verviers","Provincie Luik","Province de Liège","Waals Gewest","Région wallonne","<5"
"2020-03-30","63012","Büllingen","Bullange","Arrondissement Verviers","Arrondissement de Verviers","Provincie Luik","Province de Liège","Waals Gewest","Région wallonne","<5"
"2020-03-30","63020","Dison","Dison","Arrondissement Verviers","Arrondissement de Verviers","Provincie Luik","Province de Liège","Waals Gewest","Région wallonne","<5"
"2020-03-30","63023","Eupen","Eupen","Arrondissement Verviers","Arrondissement de Verviers","Provincie Luik","Province de Liège","Waals Gewest","Région wallonne","<5"
"2020-03-30","63035","Herve","Herve","Arrondissement Verviers","Arrondissement de Verviers","Provincie Luik","Province de Liège","Waals Gewest","Région wallonne","<5"
"2020-03-30","63038","Jalhay","Jalhay","Arrondissement Verviers","Arrondissement de Verviers","Provincie Luik","Province de Liège","Waals Gewest","Région wallonne","<5"
"2020-03-30","63045","Lierneux","Lierneux","Arrondissement Verviers","Arrondissement de Verviers","Provincie Luik","Province de Liège","Waals Gewest","Région wallonne","5"
"2020-03-30","63046","Limburg","Limbourg","Arrondissement Verviers","Arrondissement de Verviers","Provincie Luik","Province de Liège","Waals Gewest","Région wallonne","<5"
"2020-03-30","63049","Malmedy","Malmedy","Arrondissement Verviers","Arrondissement de Verviers","Provincie Luik","Province de Liège","Waals Gewest","Région wallonne","<5"
"2020-03-30","63057","Olne","Olne","Arrondissement Verviers","Arrondissement de Verviers","Provincie Luik","Province de Liège","Waals Gewest","Région wallonne","<5"
"2020-03-30","63058","Pepinster","Pepinster","Arrondissement Verviers","Arrondissement de Verviers","Provincie Luik","Province de Liège","Waals Gewest","Région wallonne","<5"
"2020-03-30","63067","Sankt Vith","Saint-Vith","Arrondissement Verviers","Arrondissement de Verviers","Provincie Luik","Province de Liège","Waals Gewest","Région wallonne","<5"
"2020-03-30","63072","Spa","Spa","Arrondissement Verviers","Arrondissement de Verviers","Provincie Luik","Province de Liège","Waals Gewest","Région wallonne","<5"
"2020-03-30","63075","Stoumont","Stoumont","Arrondissement Verviers","Arrondissement de Verviers","Provincie Luik","Province de Liège","Waals Gewest","Région wallonne","<5"
"2020-03-30","63076","Theux","Theux","Arrondissement Verviers","Arrondissement de Verviers","Provincie Luik","Province de Liège","Waals Gewest","Région wallonne","<5"
"2020-03-30","63079","Verviers","Verviers","Arrondissement Verviers","Arrondissement de Verviers","Provincie Luik","Province de Liège","Waals Gewest","Région wallonne","12"
"2020-03-30","63080","Weismes","Waimes","Arrondissement Verviers","Arrondissement de Verviers","Provincie Luik","Province de Liège","Waals Gewest","Région wallonne","<5"
"2020-03-30","63088","Plombières","Plombières","Arrondissement Verviers","Arrondissement de Verviers","Provincie Luik","Province de Liège","Waals Gewest","Région wallonne","<5"
"2020-03-30","64008","Berloz","Berloz","Arrondissement Borgworm","Arrondissement de Waremme","Provincie Luik","Province de Liège","Waals Gewest","Région wallonne","<5"
"2020-03-30","64015","Braives","Braives","Arrondissement Borgworm","Arrondissement de Waremme","Provincie Luik","Province de Liège","Waals Gewest","Région wallonne","<5"
"2020-03-30","64021","Crisnée","Crisnée","Arrondissement Borgworm","Arrondissement de Waremme","Provincie Luik","Province de Liège","Waals Gewest","Région wallonne","<5"
"2020-03-30","64034","Hannuit","Hannut","Arrondissement Borgworm","Arrondissement de Waremme","Provincie Luik","Province de Liège","Waals Gewest","Région wallonne","<5"
"2020-03-30","64063","Remicourt","Remicourt","Arrondissement Borgworm","Arrondissement de Waremme","Provincie Luik","Province de Liège","Waals Gewest","Région wallonne","<5"
"2020-03-30","64074","Borgworm","Waremme","Arrondissement Borgworm","Arrondissement de Waremme","Provincie Luik","Province de Liège","Waals Gewest","Région wallonne","<5"
"2020-03-30","64075","Wasseiges","Wasseiges","Arrondissement Borgworm","Arrondissement de Waremme","Provincie Luik","Province de Liège","Waals Gewest","Région wallonne","<5"
"2020-03-30","71002","As","As","Arrondissement Hasselt","Arrondissement de Hasselt","Provincie Limburg","Province du Limbourg","Vlaams Gewest","Région flamande","<5"
"2020-03-30","71004","Beringen","Beringen","Arrondissement Hasselt","Arrondissement de Hasselt","Provincie Limburg","Province du Limbourg","Vlaams Gewest","Région flamande","10"
"2020-03-30","71011","Diepenbeek","Diepenbeek","Arrondissement Hasselt","Arrondissement de Hasselt","Provincie Limburg","Province du Limbourg","Vlaams Gewest","Région flamande","10"
"2020-03-30","71016","Genk","Genk","Arrondissement Hasselt","Arrondissement de Hasselt","Provincie Limburg","Province du Limbourg","Vlaams Gewest","Région flamande","27"
"2020-03-30","71017","Gingelom","Gingelom","Arrondissement Hasselt","Arrondissement de Hasselt","Provincie Limburg","Province du Limbourg","Vlaams Gewest","Région flamande","<5"
"2020-03-30","71020","Halen","Halen","Arrondissement Hasselt","Arrondissement de Hasselt","Provincie Limburg","Province du Limbourg","Vlaams Gewest","Région flamande","<5"
"2020-03-30","71022","Hasselt","Hasselt","Arrondissement Hasselt","Arrondissement de Hasselt","Provincie Limburg","Province du Limbourg","Vlaams Gewest","Région flamande","30"
"2020-03-30","71024","Herk-de-Stad","Herck-la-Ville","Arrondissement Hasselt","Arrondissement de Hasselt","Provincie Limburg","Province du Limbourg","Vlaams Gewest","Région flamande","<5"
"2020-03-30","71034","Leopoldsburg","Bourg-Léopold","Arrondissement Hasselt","Arrondissement de Hasselt","Provincie Limburg","Province du Limbourg","Vlaams Gewest","Région flamande","<5"
"2020-03-30","71037","Lummen","Lummen","Arrondissement Hasselt","Arrondissement de Hasselt","Provincie Limburg","Province du Limbourg","Vlaams Gewest","Région flamande","<5"
"2020-03-30","71045","Nieuwerkerken (Hasselt)","Nieuwerkerken (Hasselt)","Arrondissement Hasselt","Arrondissement de Hasselt","Provincie Limburg","Province du Limbourg","Vlaams Gewest","Région flamande","<5"
"2020-03-30","71053","Sint-Truiden","Saint-Trond","Arrondissement Hasselt","Arrondissement de Hasselt","Provincie Limburg","Province du Limbourg","Vlaams Gewest","Région flamande","24"
"2020-03-30","71057","Tessenderlo","Tessenderlo","Arrondissement Hasselt","Arrondissement de Hasselt","Provincie Limburg","Province du Limbourg","Vlaams Gewest","Région flamande","6"
"2020-03-30","71066","Zonhoven","Zonhoven","Arrondissement Hasselt","Arrondissement de Hasselt","Provincie Limburg","Province du Limbourg","Vlaams Gewest","Région flamande","7"
"2020-03-30","71067","Zutendaal","Zutendaal","Arrondissement Hasselt","Arrondissement de Hasselt","Provincie Limburg","Province du Limbourg","Vlaams Gewest","Région flamande","<5"
"2020-03-30","71069","Ham","Ham","Arrondissement Hasselt","Arrondissement de Hasselt","Provincie Limburg","Province du Limbourg","Vlaams Gewest","Région flamande","<5"
"2020-03-30","71070","Heusden-Zolder","Heusden-Zolder","Arrondissement Hasselt","Arrondissement de Hasselt","Provincie Limburg","Province du Limbourg","Vlaams Gewest","Région flamande","6"
"2020-03-30","72003","Bocholt","Bocholt","Arrondissement Maaseik","Arrondissement de Maaseik","Provincie Limburg","Province du Limbourg","Vlaams Gewest","Région flamande","<5"
"2020-03-30","72004","Bree","Bree","Arrondissement Maaseik","Arrondissement de Maaseik","Provincie Limburg","Province du Limbourg","Vlaams Gewest","Région flamande","<5"
"2020-03-30","72018","Kinrooi","Kinrooi","Arrondissement Maaseik","Arrondissement de Maaseik","Provincie Limburg","Province du Limbourg","Vlaams Gewest","Région flamande","<5"
"2020-03-30","72020","Lommel","Lommel","Arrondissement Maaseik","Arrondissement de Maaseik","Provincie Limburg","Province du Limbourg","Vlaams Gewest","Région flamande","<5"
"2020-03-30","72021","Maaseik","Maaseik","Arrondissement Maaseik","Arrondissement de Maaseik","Provincie Limburg","Province du Limbourg","Vlaams Gewest","Région flamande","<5"
"2020-03-30","72030","Peer","Peer","Arrondissement Maaseik","Arrondissement de Maaseik","Provincie Limburg","Province du Limbourg","Vlaams Gewest","Région flamande","<5"
"2020-03-30","72037","Hamont-Achel","Hamont-Achel","Arrondissement Maaseik","Arrondissement de Maaseik","Provincie Limburg","Province du Limbourg","Vlaams Gewest","Région flamande","<5"
"2020-03-30","72038","Hechtel-Eksel","Hechtel-Eksel","Arrondissement Maaseik","Arrondissement de Maaseik","Provincie Limburg","Province du Limbourg","Vlaams Gewest","Région flamande","<5"
"2020-03-30","72039","Houthalen-Helchteren","Houthalen-Helchteren","Arrondissement Maaseik","Arrondissement de Maaseik","Provincie Limburg","Province du Limbourg","Vlaams Gewest","Région flamande","<5"
"2020-03-30","72041","Dilsen-Stokkem","Dilsen-Stokkem","Arrondissement Maaseik","Arrondissement de Maaseik","Provincie Limburg","Province du Limbourg","Vlaams Gewest","Région flamande","5"
"2020-03-30","72042","Oudsbergen","Oudsbergen","Arrondissement Maaseik","Arrondissement de Maaseik","Provincie Limburg","Province du Limbourg","Vlaams Gewest","Région flamande","6"
"2020-03-30","72043","Pelt","Pelt","Arrondissement Maaseik","Arrondissement de Maaseik","Provincie Limburg","Province du Limbourg","Vlaams Gewest","Région flamande","8"
"2020-03-30","73001","Alken","Alken","Arrondissement Tongeren","Arrondissement de Tongres","Provincie Limburg","Province du Limbourg","Vlaams Gewest","Région flamande","7"
"2020-03-30","73006","Bilzen","Bilzen","Arrondissement Tongeren","Arrondissement de Tongres","Provincie Limburg","Province du Limbourg","Vlaams Gewest","Région flamande","7"
"2020-03-30","73009","Borgloon","Looz","Arrondissement Tongeren","Arrondissement de Tongres","Provincie Limburg","Province du Limbourg","Vlaams Gewest","Région flamande","<5"
"2020-03-30","73022","Heers","Heers","Arrondissement Tongeren","Arrondissement de Tongres","Provincie Limburg","Province du Limbourg","Vlaams Gewest","Région flamande","<5"
"2020-03-30","73032","Hoeselt","Hoeselt","Arrondissement Tongeren","Arrondissement de Tongres","Provincie Limburg","Province du Limbourg","Vlaams Gewest","Région flamande","<5"
"2020-03-30","73040","Kortessem","Kortessem","Arrondissement Tongeren","Arrondissement de Tongres","Provincie Limburg","Province du Limbourg","Vlaams Gewest","Région flamande","<5"
"2020-03-30","73042","Lanaken","Lanaken","Arrondissement Tongeren","Arrondissement de Tongres","Provincie Limburg","Province du Limbourg","Vlaams Gewest","Région flamande","14"
"2020-03-30","73066","Riemst","Riemst","Arrondissement Tongeren","Arrondissement de Tongres","Provincie Limburg","Province du Limbourg","Vlaams Gewest","Région flamande","5"
"2020-03-30","73083","Tongeren","Tongres","Arrondissement Tongeren","Arrondissement de Tongres","Provincie Limburg","Province du Limbourg","Vlaams Gewest","Région flamande","<5"
"2020-03-30","73098","Wellen","Wellen","Arrondissement Tongeren","Arrondissement de Tongres","Provincie Limburg","Province du Limbourg","Vlaams Gewest","Région flamande","<5"
"2020-03-30","73107","Maasmechelen","Maasmechelen","Arrondissement Tongeren","Arrondissement de Tongres","Provincie Limburg","Province du Limbourg","Vlaams Gewest","Région flamande","<5"
"2020-03-30","81001","Aarlen","Arlon","Arrondissement Aarlen","Arrondissement d’Arlon","Provincie Luxemburg","Province du Luxembourg","Waals Gewest","Région wallonne","7"
"2020-03-30","81004","Aubange","Aubange","Arrondissement Aarlen","Arrondissement d’Arlon","Provincie Luxemburg","Province du Luxembourg","Waals Gewest","Région wallonne","<5"
"2020-03-30","82003","Bastenaken","Bastogne","Arrondissement Bastenaken","Arrondissement de Bastogne","Provincie Luxemburg","Province du Luxembourg","Waals Gewest","Région wallonne","5"
"2020-03-30","82032","Vielsalm","Vielsalm","Arrondissement Bastenaken","Arrondissement de Bastogne","Provincie Luxemburg","Province du Luxembourg","Waals Gewest","Région wallonne","6"
"2020-03-30","82037","Gouvy","Gouvy","Arrondissement Bastenaken","Arrondissement de Bastogne","Provincie Luxemburg","Province du Luxembourg","Waals Gewest","Région wallonne","<5"
"2020-03-30","83012","Durbuy","Durbuy","Arrondissement Marche-en-Famenne","Arrondissement de Marche-en-Famenne","Provincie Luxemburg","Province du Luxembourg","Waals Gewest","Région wallonne","<5"
"2020-03-30","83028","Hotton","Hotton","Arrondissement Marche-en-Famenne","Arrondissement de Marche-en-Famenne","Provincie Luxemburg","Province du Luxembourg","Waals Gewest","Région wallonne","<5"
"2020-03-30","83034","Marche-en-Famenne","Marche-en-Famenne","Arrondissement Marche-en-Famenne","Arrondissement de Marche-en-Famenne","Provincie Luxemburg","Province du Luxembourg","Waals Gewest","Région wallonne","8"
"2020-03-30","83040","Nassogne","Nassogne","Arrondissement Marche-en-Famenne","Arrondissement de Marche-en-Famenne","Provincie Luxemburg","Province du Luxembourg","Waals Gewest","Région wallonne","<5"
"2020-03-30","83044","Rendeux","Rendeux","Arrondissement Marche-en-Famenne","Arrondissement de Marche-en-Famenne","Provincie Luxemburg","Province du Luxembourg","Waals Gewest","Région wallonne","<5"
"2020-03-30","84009","Bertrix","Bertrix","Arrondissement Neufchâteau","Arrondissement de Neufchâteau","Provincie Luxemburg","Province du Luxembourg","Waals Gewest","Région wallonne","<5"
"2020-03-30","84016","Daverdisse","Daverdisse","Arrondissement Neufchâteau","Arrondissement de Neufchâteau","Provincie Luxemburg","Province du Luxembourg","Waals Gewest","Région wallonne","<5"
"2020-03-30","84059","Saint-Hubert","Saint-Hubert","Arrondissement Neufchâteau","Arrondissement de Neufchâteau","Provincie Luxemburg","Province du Luxembourg","Waals Gewest","Région wallonne","<5"
"2020-03-30","84068","Tellin","Tellin","Arrondissement Neufchâteau","Arrondissement de Neufchâteau","Provincie Luxemburg","Province du Luxembourg","Waals Gewest","Région wallonne","<5"
"2020-03-30","84075","Wellin","Wellin","Arrondissement Neufchâteau","Arrondissement de Neufchâteau","Provincie Luxemburg","Province du Luxembourg","Waals Gewest","Région wallonne","<5"
"2020-03-30","85007","Chiny","Chiny","Arrondissement Virton","Arrondissement de Virton","Provincie Luxemburg","Province du Luxembourg","Waals Gewest","Région wallonne","<5"
"2020-03-30","85009","Etalle","Etalle","Arrondissement Virton","Arrondissement de Virton","Provincie Luxemburg","Province du Luxembourg","Waals Gewest","Région wallonne","<5"
"2020-03-30","85026","Musson","Musson","Arrondissement Virton","Arrondissement de Virton","Provincie Luxemburg","Province du Luxembourg","Waals Gewest","Région wallonne","<5"
"2020-03-30","85046","Habay","Habay","Arrondissement Virton","Arrondissement de Virton","Provincie Luxemburg","Province du Luxembourg","Waals Gewest","Région wallonne","<5"
"2020-03-30","91005","Anhée","Anhée","Arrondissement Dinant","Arrondissement de Dinant","Provincie Namen","Province de Namur","Waals Gewest","Région wallonne","<5"
"2020-03-30","91015","Bièvre","Bièvre","Arrondissement Dinant","Arrondissement de Dinant","Provincie Namen","Province de Namur","Waals Gewest","Région wallonne","<5"
"2020-03-30","91030","Ciney","Ciney","Arrondissement Dinant","Arrondissement de Dinant","Provincie Namen","Province de Namur","Waals Gewest","Région wallonne","<5"
"2020-03-30","91059","Hamois","Hamois","Arrondissement Dinant","Arrondissement de Dinant","Provincie Namen","Province de Namur","Waals Gewest","Région wallonne","<5"
"2020-03-30","91064","Havelange","Havelange","Arrondissement Dinant","Arrondissement de Dinant","Provincie Namen","Province de Namur","Waals Gewest","Région wallonne","<5"
"2020-03-30","91103","Onhaye","Onhaye","Arrondissement Dinant","Arrondissement de Dinant","Provincie Namen","Province de Namur","Waals Gewest","Région wallonne","<5"
"2020-03-30","91141","Yvoir","Yvoir","Arrondissement Dinant","Arrondissement de Dinant","Provincie Namen","Province de Namur","Waals Gewest","Région wallonne","<5"
"2020-03-30","92003","Andenne","Andenne","Arrondissement Namen","Arrondissement de Namur","Provincie Namen","Province de Namur","Waals Gewest","Région wallonne","<5"
"2020-03-30","92035","Eghezée","Eghezée","Arrondissement Namen","Arrondissement de Namur","Provincie Namen","Province de Namur","Waals Gewest","Région wallonne","<5"
"2020-03-30","92045","Floreffe","Floreffe","Arrondissement Namen","Arrondissement de Namur","Provincie Namen","Province de Namur","Waals Gewest","Région wallonne","<5"
"2020-03-30","92048","Fosses-la-Ville","Fosses-la-Ville","Arrondissement Namen","Arrondissement de Namur","Provincie Namen","Province de Namur","Waals Gewest","Région wallonne","<5"
"2020-03-30","92054","Gesves","Gesves","Arrondissement Namen","Arrondissement de Namur","Provincie Namen","Province de Namur","Waals Gewest","Région wallonne","<5"
"2020-03-30","92087","Mettet","Mettet","Arrondissement Namen","Arrondissement de Namur","Provincie Namen","Province de Namur","Waals Gewest","Région wallonne","<5"
"2020-03-30","92094","Namen","Namur","Arrondissement Namen","Arrondissement de Namur","Provincie Namen","Province de Namur","Waals Gewest","Région wallonne","15"
"2020-03-30","92137","Sambreville","Sambreville","Arrondissement Namen","Arrondissement de Namur","Provincie Namen","Province de Namur","Waals Gewest","Région wallonne","<5"
"2020-03-30","92141","La Bruyère","La Bruyère","Arrondissement Namen","Arrondissement de Namur","Provincie Namen","Province de Namur","Waals Gewest","Région wallonne","<5"
"2020-03-30","92142","Gembloux","Gembloux","Arrondissement Namen","Arrondissement de Namur","Provincie Namen","Province de Namur","Waals Gewest","Région wallonne","<5"
"2020-03-30","93014","Couvin","Couvin","Arrondissement Philippeville","Arrondissement de Philippeville","Provincie Namen","Province de Namur","Waals Gewest","Région wallonne","<5"
"2020-03-30","93018","Doische","Doische","Arrondissement Philippeville","Arrondissement de Philippeville","Provincie Namen","Province de Namur","Waals Gewest","Région wallonne","<5"
"2020-03-30","93088","Walcourt","Walcourt","Arrondissement Philippeville","Arrondissement de Philippeville","Provincie Namen","Province de Namur","Waals Gewest","Région wallonne","<5"
"2020-03-30","93090","Viroinval","Viroinval","Arrondissement Philippeville","Arrondissement de Philippeville","Provincie Namen","Province de Namur","Waals Gewest","Région wallonne","<5"
"2020-03-30",NA,NA,NA,NA,NA,NA,NA,NA,NA,"28"
"2020-03-31","11002","Antwerpen","Anvers","Arrondissement Antwerpen","Arrondissement d’Anvers","Provincie Antwerpen","Province d’Anvers","Vlaams Gewest","Région flamande","37"
"2020-03-31","11005","Boom","Boom","Arrondissement Antwerpen","Arrondissement d’Anvers","Provincie Antwerpen","Province d’Anvers","Vlaams Gewest","Région flamande","<5"
"2020-03-31","11007","Borsbeek","Borsbeek","Arrondissement Antwerpen","Arrondissement d’Anvers","Provincie Antwerpen","Province d’Anvers","Vlaams Gewest","Région flamande","<5"
"2020-03-31","11008","Brasschaat","Brasschaat","Arrondissement Antwerpen","Arrondissement d’Anvers","Provincie Antwerpen","Province d’Anvers","Vlaams Gewest","Région flamande","5"
"2020-03-31","11009","Brecht","Brecht","Arrondissement Antwerpen","Arrondissement d’Anvers","Provincie Antwerpen","Province d’Anvers","Vlaams Gewest","Région flamande","<5"
"2020-03-31","11013","Edegem","Edegem","Arrondissement Antwerpen","Arrondissement d’Anvers","Provincie Antwerpen","Province d’Anvers","Vlaams Gewest","Région flamande","<5"
"2020-03-31","11018","Hemiksem","Hemiksem","Arrondissement Antwerpen","Arrondissement d’Anvers","Provincie Antwerpen","Province d’Anvers","Vlaams Gewest","Région flamande","<5"
"2020-03-31","11021","Hove (Antwerpen)","Hove (Anvers)","Arrondissement Antwerpen","Arrondissement d’Anvers","Provincie Antwerpen","Province d’Anvers","Vlaams Gewest","Région flamande","<5"
"2020-03-31","11023","Kapellen (Antwerpen)","Kapellen (Anvers)","Arrondissement Antwerpen","Arrondissement d’Anvers","Provincie Antwerpen","Province d’Anvers","Vlaams Gewest","Région flamande","<5"
"2020-03-31","11024","Kontich","Kontich","Arrondissement Antwerpen","Arrondissement d’Anvers","Provincie Antwerpen","Province d’Anvers","Vlaams Gewest","Région flamande","<5"
"2020-03-31","11025","Lint","Lint","Arrondissement Antwerpen","Arrondissement d’Anvers","Provincie Antwerpen","Province d’Anvers","Vlaams Gewest","Région flamande","<5"
"2020-03-31","11029","Mortsel","Mortsel","Arrondissement Antwerpen","Arrondissement d’Anvers","Provincie Antwerpen","Province d’Anvers","Vlaams Gewest","Région flamande","<5"
"2020-03-31","11030","Niel","Niel","Arrondissement Antwerpen","Arrondissement d’Anvers","Provincie Antwerpen","Province d’Anvers","Vlaams Gewest","Région flamande","<5"
"2020-03-31","11035","Ranst","Ranst","Arrondissement Antwerpen","Arrondissement d’Anvers","Provincie Antwerpen","Province d’Anvers","Vlaams Gewest","Région flamande","<5"
"2020-03-31","11038","Schelle","Schelle","Arrondissement Antwerpen","Arrondissement d’Anvers","Provincie Antwerpen","Province d’Anvers","Vlaams Gewest","Région flamande","<5"
"2020-03-31","11039","Schilde","Schilde","Arrondissement Antwerpen","Arrondissement d’Anvers","Provincie Antwerpen","Province d’Anvers","Vlaams Gewest","Région flamande","<5"
"2020-03-31","11040","Schoten","Schoten","Arrondissement Antwerpen","Arrondissement d’Anvers","Provincie Antwerpen","Province d’Anvers","Vlaams Gewest","Région flamande","<5"
"2020-03-31","11050","Wijnegem","Wijnegem","Arrondissement Antwerpen","Arrondissement d’Anvers","Provincie Antwerpen","Province d’Anvers","Vlaams Gewest","Région flamande","<5"
"2020-03-31","11052","Wommelgem","Wommelgem","Arrondissement Antwerpen","Arrondissement d’Anvers","Provincie Antwerpen","Province d’Anvers","Vlaams Gewest","Région flamande","<5"
"2020-03-31","11053","Wuustwezel","Wuustwezel","Arrondissement Antwerpen","Arrondissement d’Anvers","Provincie Antwerpen","Province d’Anvers","Vlaams Gewest","Région flamande","<5"
"2020-03-31","11054","Zandhoven","Zandhoven","Arrondissement Antwerpen","Arrondissement d’Anvers","Provincie Antwerpen","Province d’Anvers","Vlaams Gewest","Région flamande","<5"
"2020-03-31","11056","Zwijndrecht","Zwijndrecht","Arrondissement Antwerpen","Arrondissement d’Anvers","Provincie Antwerpen","Province d’Anvers","Vlaams Gewest","Région flamande","<5"
"2020-03-31","11057","Malle","Malle","Arrondissement Antwerpen","Arrondissement d’Anvers","Provincie Antwerpen","Province d’Anvers","Vlaams Gewest","Région flamande","<5"
"2020-03-31","12002","Berlaar","Berlaar","Arrondissement Mechelen","Arrondissement de Malines","Provincie Antwerpen","Province d’Anvers","Vlaams Gewest","Région flamande","<5"
"2020-03-31","12007","Bornem","Bornem","Arrondissement Mechelen","Arrondissement de Malines","Provincie Antwerpen","Province d’Anvers","Vlaams Gewest","Région flamande","<5"
"2020-03-31","12009","Duffel","Duffel","Arrondissement Mechelen","Arrondissement de Malines","Provincie Antwerpen","Province d’Anvers","Vlaams Gewest","Région flamande","<5"
"2020-03-31","12014","Heist-op-den-Berg","Heist-op-den-Berg","Arrondissement Mechelen","Arrondissement de Malines","Provincie Antwerpen","Province d’Anvers","Vlaams Gewest","Région flamande","<5"
"2020-03-31","12021","Lier","Lierre","Arrondissement Mechelen","Arrondissement de Malines","Provincie Antwerpen","Province d’Anvers","Vlaams Gewest","Région flamande","6"
"2020-03-31","12025","Mechelen","Malines","Arrondissement Mechelen","Arrondissement de Malines","Provincie Antwerpen","Province d’Anvers","Vlaams Gewest","Région flamande","11"
"2020-03-31","12026","Nijlen","Nijlen","Arrondissement Mechelen","Arrondissement de Malines","Provincie Antwerpen","Province d’Anvers","Vlaams Gewest","Région flamande","<5"
"2020-03-31","12029","Putte","Putte","Arrondissement Mechelen","Arrondissement de Malines","Provincie Antwerpen","Province d’Anvers","Vlaams Gewest","Région flamande","<5"
"2020-03-31","12035","Sint-Katelijne-Waver","Sint-Katelijne-Waver","Arrondissement Mechelen","Arrondissement de Malines","Provincie Antwerpen","Province d’Anvers","Vlaams Gewest","Région flamande","<5"
"2020-03-31","12040","Willebroek","Willebroek","Arrondissement Mechelen","Arrondissement de Malines","Provincie Antwerpen","Province d’Anvers","Vlaams Gewest","Région flamande","<5"
"2020-03-31","12041","Puurs-Sint-Amands","Puurs-Sint-Amands","Arrondissement Mechelen","Arrondissement de Malines","Provincie Antwerpen","Province d’Anvers","Vlaams Gewest","Région flamande","<5"
"2020-03-31","13001","Arendonk","Arendonk","Arrondissement Turnhout","Arrondissement de Turnhout","Provincie Antwerpen","Province d’Anvers","Vlaams Gewest","Région flamande","<5"
"2020-03-31","13002","Baarle-Hertog","Baerle-Duc","Arrondissement Turnhout","Arrondissement de Turnhout","Provincie Antwerpen","Province d’Anvers","Vlaams Gewest","Région flamande","<5"
"2020-03-31","13003","Balen","Balen","Arrondissement Turnhout","Arrondissement de Turnhout","Provincie Antwerpen","Province d’Anvers","Vlaams Gewest","Région flamande","<5"
"2020-03-31","13004","Beerse","Beerse","Arrondissement Turnhout","Arrondissement de Turnhout","Provincie Antwerpen","Province d’Anvers","Vlaams Gewest","Région flamande","<5"
"2020-03-31","13006","Dessel","Dessel","Arrondissement Turnhout","Arrondissement de Turnhout","Provincie Antwerpen","Province d’Anvers","Vlaams Gewest","Région flamande","<5"
"2020-03-31","13008","Geel","Geel","Arrondissement Turnhout","Arrondissement de Turnhout","Provincie Antwerpen","Province d’Anvers","Vlaams Gewest","Région flamande","7"
"2020-03-31","13010","Grobbendonk","Grobbendonk","Arrondissement Turnhout","Arrondissement de Turnhout","Provincie Antwerpen","Province d’Anvers","Vlaams Gewest","Région flamande","5"
"2020-03-31","13011","Herentals","Herentals","Arrondissement Turnhout","Arrondissement de Turnhout","Provincie Antwerpen","Province d’Anvers","Vlaams Gewest","Région flamande","6"
"2020-03-31","13013","Herselt","Herselt","Arrondissement Turnhout","Arrondissement de Turnhout","Provincie Antwerpen","Province d’Anvers","Vlaams Gewest","Région flamande","7"
"2020-03-31","13014","Hoogstraten","Hoogstraten","Arrondissement Turnhout","Arrondissement de Turnhout","Provincie Antwerpen","Province d’Anvers","Vlaams Gewest","Région flamande","<5"
"2020-03-31","13017","Kasterlee","Kasterlee","Arrondissement Turnhout","Arrondissement de Turnhout","Provincie Antwerpen","Province d’Anvers","Vlaams Gewest","Région flamande","<5"
"2020-03-31","13019","Lille","Lille","Arrondissement Turnhout","Arrondissement de Turnhout","Provincie Antwerpen","Province d’Anvers","Vlaams Gewest","Région flamande","<5"
"2020-03-31","13021","Meerhout","Meerhout","Arrondissement Turnhout","Arrondissement de Turnhout","Provincie Antwerpen","Province d’Anvers","Vlaams Gewest","Région flamande","<5"
"2020-03-31","13025","Mol","Mol","Arrondissement Turnhout","Arrondissement de Turnhout","Provincie Antwerpen","Province d’Anvers","Vlaams Gewest","Région flamande","<5"
"2020-03-31","13029","Olen","Olen","Arrondissement Turnhout","Arrondissement de Turnhout","Provincie Antwerpen","Province d’Anvers","Vlaams Gewest","Région flamande","<5"
"2020-03-31","13031","Oud-Turnhout","Oud-Turnhout","Arrondissement Turnhout","Arrondissement de Turnhout","Provincie Antwerpen","Province d’Anvers","Vlaams Gewest","Région flamande","<5"
"2020-03-31","13035","Ravels","Ravels","Arrondissement Turnhout","Arrondissement de Turnhout","Provincie Antwerpen","Province d’Anvers","Vlaams Gewest","Région flamande","<5"
"2020-03-31","13036","Retie","Retie","Arrondissement Turnhout","Arrondissement de Turnhout","Provincie Antwerpen","Province d’Anvers","Vlaams Gewest","Région flamande","<5"
"2020-03-31","13040","Turnhout","Turnhout","Arrondissement Turnhout","Arrondissement de Turnhout","Provincie Antwerpen","Province d’Anvers","Vlaams Gewest","Région flamande","<5"
"2020-03-31","13049","Westerlo","Westerlo","Arrondissement Turnhout","Arrondissement de Turnhout","Provincie Antwerpen","Province d’Anvers","Vlaams Gewest","Région flamande","5"
"2020-03-31","13053","Laakdal","Laakdal","Arrondissement Turnhout","Arrondissement de Turnhout","Provincie Antwerpen","Province d’Anvers","Vlaams Gewest","Région flamande","<5"
"2020-03-31","21001","Anderlecht","Anderlecht","Arrondissement Brussel-Hoofdstad","Arrondissement de Bruxelles-Capitale",NA,NA,"Brussels Hoofdstedelijk Gewest","Région de Bruxelles-Capitale","34"
"2020-03-31","21002","Oudergem","Auderghem","Arrondissement Brussel-Hoofdstad","Arrondissement de Bruxelles-Capitale",NA,NA,"Brussels Hoofdstedelijk Gewest","Région de Bruxelles-Capitale","<5"
"2020-03-31","21003","Sint-Agatha-Berchem","Berchem-Sainte-Agathe","Arrondissement Brussel-Hoofdstad","Arrondissement de Bruxelles-Capitale",NA,NA,"Brussels Hoofdstedelijk Gewest","Région de Bruxelles-Capitale","6"
"2020-03-31","21004","Brussel","Bruxelles","Arrondissement Brussel-Hoofdstad","Arrondissement de Bruxelles-Capitale",NA,NA,"Brussels Hoofdstedelijk Gewest","Région de Bruxelles-Capitale","27"
"2020-03-31","21005","Etterbeek","Etterbeek","Arrondissement Brussel-Hoofdstad","Arrondissement de Bruxelles-Capitale",NA,NA,"Brussels Hoofdstedelijk Gewest","Région de Bruxelles-Capitale","<5"
"2020-03-31","21006","Evere","Evere","Arrondissement Brussel-Hoofdstad","Arrondissement de Bruxelles-Capitale",NA,NA,"Brussels Hoofdstedelijk Gewest","Région de Bruxelles-Capitale","<5"
"2020-03-31","21007","Vorst (Brussel-Hoofdstad)","Forest (Bruxelles-Capitale)","Arrondissement Brussel-Hoofdstad","Arrondissement de Bruxelles-Capitale",NA,NA,"Brussels Hoofdstedelijk Gewest","Région de Bruxelles-Capitale","11"
"2020-03-31","21008","Ganshoren","Ganshoren","Arrondissement Brussel-Hoofdstad","Arrondissement de Bruxelles-Capitale",NA,NA,"Brussels Hoofdstedelijk Gewest","Région de Bruxelles-Capitale","<5"
"2020-03-31","21009","Elsene","Ixelles","Arrondissement Brussel-Hoofdstad","Arrondissement de Bruxelles-Capitale",NA,NA,"Brussels Hoofdstedelijk Gewest","Région de Bruxelles-Capitale","7"
"2020-03-31","21010","Jette","Jette","Arrondissement Brussel-Hoofdstad","Arrondissement de Bruxelles-Capitale",NA,NA,"Brussels Hoofdstedelijk Gewest","Région de Bruxelles-Capitale","5"
"2020-03-31","21011","Koekelberg","Koekelberg","Arrondissement Brussel-Hoofdstad","Arrondissement de Bruxelles-Capitale",NA,NA,"Brussels Hoofdstedelijk Gewest","Région de Bruxelles-Capitale","5"
"2020-03-31","21012","Sint-Jans-Molenbeek","Molenbeek-Saint-Jean","Arrondissement Brussel-Hoofdstad","Arrondissement de Bruxelles-Capitale",NA,NA,"Brussels Hoofdstedelijk Gewest","Région de Bruxelles-Capitale","18"
"2020-03-31","21013","Sint-Gillis","Saint-Gilles","Arrondissement Brussel-Hoofdstad","Arrondissement de Bruxelles-Capitale",NA,NA,"Brussels Hoofdstedelijk Gewest","Région de Bruxelles-Capitale","11"
"2020-03-31","21014","Sint-Joost-ten-Node","Saint-Josse-ten-Noode","Arrondissement Brussel-Hoofdstad","Arrondissement de Bruxelles-Capitale",NA,NA,"Brussels Hoofdstedelijk Gewest","Région de Bruxelles-Capitale","<5"
"2020-03-31","21015","Schaarbeek","Schaerbeek","Arrondissement Brussel-Hoofdstad","Arrondissement de Bruxelles-Capitale",NA,NA,"Brussels Hoofdstedelijk Gewest","Région de Bruxelles-Capitale","14"
"2020-03-31","21016","Ukkel","Uccle","Arrondissement Brussel-Hoofdstad","Arrondissement de Bruxelles-Capitale",NA,NA,"Brussels Hoofdstedelijk Gewest","Région de Bruxelles-Capitale","13"
"2020-03-31","21017","Watermaal-Bosvoorde","Watermael-Boitsfort","Arrondissement Brussel-Hoofdstad","Arrondissement de Bruxelles-Capitale",NA,NA,"Brussels Hoofdstedelijk Gewest","Région de Bruxelles-Capitale","<5"
"2020-03-31","21018","Sint-Lambrechts-Woluwe","Woluwe-Saint-Lambert","Arrondissement Brussel-Hoofdstad","Arrondissement de Bruxelles-Capitale",NA,NA,"Brussels Hoofdstedelijk Gewest","Région de Bruxelles-Capitale","<5"
"2020-03-31","21019","Sint-Pieters-Woluwe","Woluwe-Saint-Pierre","Arrondissement Brussel-Hoofdstad","Arrondissement de Bruxelles-Capitale",NA,NA,"Brussels Hoofdstedelijk Gewest","Région de Bruxelles-Capitale","6"
"2020-03-31","23002","Asse","Asse","Arrondissement Halle-Vilvoorde","Arrondissement de Hal-Vilvorde","Provincie Vlaams-Brabant","Province du Brabant flamand","Vlaams Gewest","Région flamande","9"
"2020-03-31","23003","Beersel","Beersel","Arrondissement Halle-Vilvoorde","Arrondissement de Hal-Vilvorde","Provincie Vlaams-Brabant","Province du Brabant flamand","Vlaams Gewest","Région flamande","<5"
"2020-03-31","23016","Dilbeek","Dilbeek","Arrondissement Halle-Vilvoorde","Arrondissement de Hal-Vilvorde","Provincie Vlaams-Brabant","Province du Brabant flamand","Vlaams Gewest","Région flamande","7"
"2020-03-31","23025","Grimbergen","Grimbergen","Arrondissement Halle-Vilvoorde","Arrondissement de Hal-Vilvorde","Provincie Vlaams-Brabant","Province du Brabant flamand","Vlaams Gewest","Région flamande","6"
"2020-03-31","23027","Halle (Halle-Vilvoorde)","Hal (Hal-Vilvorde)","Arrondissement Halle-Vilvoorde","Arrondissement de Hal-Vilvorde","Provincie Vlaams-Brabant","Province du Brabant flamand","Vlaams Gewest","Région flamande","6"
"2020-03-31","23033","Hoeilaart","Hoeilaart","Arrondissement Halle-Vilvoorde","Arrondissement de Hal-Vilvorde","Provincie Vlaams-Brabant","Province du Brabant flamand","Vlaams Gewest","Région flamande","<5"
"2020-03-31","23044","Liedekerke","Liedekerke","Arrondissement Halle-Vilvoorde","Arrondissement de Hal-Vilvorde","Provincie Vlaams-Brabant","Province du Brabant flamand","Vlaams Gewest","Région flamande","<5"
"2020-03-31","23045","Londerzeel","Londerzeel","Arrondissement Halle-Vilvoorde","Arrondissement de Hal-Vilvorde","Provincie Vlaams-Brabant","Province du Brabant flamand","Vlaams Gewest","Région flamande","<5"
"2020-03-31","23047","Machelen (Halle-Vilvoorde)","Machelen (Hal-Vilvorde)","Arrondissement Halle-Vilvoorde","Arrondissement de Hal-Vilvorde","Provincie Vlaams-Brabant","Province du Brabant flamand","Vlaams Gewest","Région flamande","<5"
"2020-03-31","23050","Meise","Meise","Arrondissement Halle-Vilvoorde","Arrondissement de Hal-Vilvorde","Provincie Vlaams-Brabant","Province du Brabant flamand","Vlaams Gewest","Région flamande","<5"
"2020-03-31","23052","Merchtem","Merchtem","Arrondissement Halle-Vilvoorde","Arrondissement de Hal-Vilvorde","Provincie Vlaams-Brabant","Province du Brabant flamand","Vlaams Gewest","Région flamande","<5"
"2020-03-31","23060","Opwijk","Opwijk","Arrondissement Halle-Vilvoorde","Arrondissement de Hal-Vilvorde","Provincie Vlaams-Brabant","Province du Brabant flamand","Vlaams Gewest","Région flamande","<5"
"2020-03-31","23077","Sint-Pieters-Leeuw","Sint-Pieters-Leeuw","Arrondissement Halle-Vilvoorde","Arrondissement de Hal-Vilvorde","Provincie Vlaams-Brabant","Province du Brabant flamand","Vlaams Gewest","Région flamande","<5"
"2020-03-31","23088","Vilvoorde","Vilvorde","Arrondissement Halle-Vilvoorde","Arrondissement de Hal-Vilvorde","Provincie Vlaams-Brabant","Province du Brabant flamand","Vlaams Gewest","Région flamande","8"
"2020-03-31","23094","Zaventem","Zaventem","Arrondissement Halle-Vilvoorde","Arrondissement de Hal-Vilvorde","Provincie Vlaams-Brabant","Province du Brabant flamand","Vlaams Gewest","Région flamande","5"
"2020-03-31","23096","Zemst","Zemst","Arrondissement Halle-Vilvoorde","Arrondissement de Hal-Vilvorde","Provincie Vlaams-Brabant","Province du Brabant flamand","Vlaams Gewest","Région flamande","<5"
"2020-03-31","23099","Kraainem","Kraainem","Arrondissement Halle-Vilvoorde","Arrondissement de Hal-Vilvorde","Provincie Vlaams-Brabant","Province du Brabant flamand","Vlaams Gewest","Région flamande","<5"
"2020-03-31","23100","Linkebeek","Linkebeek","Arrondissement Halle-Vilvoorde","Arrondissement de Hal-Vilvorde","Provincie Vlaams-Brabant","Province du Brabant flamand","Vlaams Gewest","Région flamande","<5"
"2020-03-31","23101","Sint-Genesius-Rode","Rhode-Saint-Genèse","Arrondissement Halle-Vilvoorde","Arrondissement de Hal-Vilvorde","Provincie Vlaams-Brabant","Province du Brabant flamand","Vlaams Gewest","Région flamande","<5"
"2020-03-31","23103","Wezembeek-Oppem","Wezembeek-Oppem","Arrondissement Halle-Vilvoorde","Arrondissement de Hal-Vilvorde","Provincie Vlaams-Brabant","Province du Brabant flamand","Vlaams Gewest","Région flamande","<5"
"2020-03-31","23104","Lennik","Lennik","Arrondissement Halle-Vilvoorde","Arrondissement de Hal-Vilvorde","Provincie Vlaams-Brabant","Province du Brabant flamand","Vlaams Gewest","Région flamande","<5"
"2020-03-31","23105","Affligem","Affligem","Arrondissement Halle-Vilvoorde","Arrondissement de Hal-Vilvorde","Provincie Vlaams-Brabant","Province du Brabant flamand","Vlaams Gewest","Région flamande","<5"
"2020-03-31","24001","Aarschot","Aarschot","Arrondissement Leuven","Arrondissement de Louvain","Provincie Vlaams-Brabant","Province du Brabant flamand","Vlaams Gewest","Région flamande","5"
"2020-03-31","24007","Begijnendijk","Begijnendijk","Arrondissement Leuven","Arrondissement de Louvain","Provincie Vlaams-Brabant","Province du Brabant flamand","Vlaams Gewest","Région flamande","<5"
"2020-03-31","24016","Boutersem","Boutersem","Arrondissement Leuven","Arrondissement de Louvain","Provincie Vlaams-Brabant","Province du Brabant flamand","Vlaams Gewest","Région flamande","<5"
"2020-03-31","24020","Diest","Diest","Arrondissement Leuven","Arrondissement de Louvain","Provincie Vlaams-Brabant","Province du Brabant flamand","Vlaams Gewest","Région flamande","<5"
"2020-03-31","24028","Geetbets","Geetbets","Arrondissement Leuven","Arrondissement de Louvain","Provincie Vlaams-Brabant","Province du Brabant flamand","Vlaams Gewest","Région flamande","8"
"2020-03-31","24033","Haacht","Haacht","Arrondissement Leuven","Arrondissement de Louvain","Provincie Vlaams-Brabant","Province du Brabant flamand","Vlaams Gewest","Région flamande","<5"
"2020-03-31","24038","Herent","Herent","Arrondissement Leuven","Arrondissement de Louvain","Provincie Vlaams-Brabant","Province du Brabant flamand","Vlaams Gewest","Région flamande","7"
"2020-03-31","24048","Keerbergen","Keerbergen","Arrondissement Leuven","Arrondissement de Louvain","Provincie Vlaams-Brabant","Province du Brabant flamand","Vlaams Gewest","Région flamande","<5"
"2020-03-31","24054","Kortenaken","Kortenaken","Arrondissement Leuven","Arrondissement de Louvain","Provincie Vlaams-Brabant","Province du Brabant flamand","Vlaams Gewest","Région flamande","<5"
"2020-03-31","24055","Kortenberg","Kortenberg","Arrondissement Leuven","Arrondissement de Louvain","Provincie Vlaams-Brabant","Province du Brabant flamand","Vlaams Gewest","Région flamande","<5"
"2020-03-31","24059","Landen","Landen","Arrondissement Leuven","Arrondissement de Louvain","Provincie Vlaams-Brabant","Province du Brabant flamand","Vlaams Gewest","Région flamande","11"
"2020-03-31","24062","Leuven","Louvain","Arrondissement Leuven","Arrondissement de Louvain","Provincie Vlaams-Brabant","Province du Brabant flamand","Vlaams Gewest","Région flamande","19"
"2020-03-31","24066","Lubbeek","Lubbeek","Arrondissement Leuven","Arrondissement de Louvain","Provincie Vlaams-Brabant","Province du Brabant flamand","Vlaams Gewest","Région flamande","<5"
"2020-03-31","24094","Rotselaar","Rotselaar","Arrondissement Leuven","Arrondissement de Louvain","Provincie Vlaams-Brabant","Province du Brabant flamand","Vlaams Gewest","Région flamande","<5"
"2020-03-31","24107","Tienen","Tirlemont","Arrondissement Leuven","Arrondissement de Louvain","Provincie Vlaams-Brabant","Province du Brabant flamand","Vlaams Gewest","Région flamande","5"
"2020-03-31","24109","Tremelo","Tremelo","Arrondissement Leuven","Arrondissement de Louvain","Provincie Vlaams-Brabant","Province du Brabant flamand","Vlaams Gewest","Région flamande","<5"
"2020-03-31","24130","Zoutleeuw","Léau","Arrondissement Leuven","Arrondissement de Louvain","Provincie Vlaams-Brabant","Province du Brabant flamand","Vlaams Gewest","Région flamande","<5"
"2020-03-31","24133","Linter","Linter","Arrondissement Leuven","Arrondissement de Louvain","Provincie Vlaams-Brabant","Province du Brabant flamand","Vlaams Gewest","Région flamande","<5"
"2020-03-31","24134","Scherpenheuvel-Zichem","Montaigu-Zichem","Arrondissement Leuven","Arrondissement de Louvain","Provincie Vlaams-Brabant","Province du Brabant flamand","Vlaams Gewest","Région flamande","<5"
"2020-03-31","24135","Tielt-Winge","Tielt-Winge","Arrondissement Leuven","Arrondissement de Louvain","Provincie Vlaams-Brabant","Province du Brabant flamand","Vlaams Gewest","Région flamande","<5"
"2020-03-31","24137","Glabbeek","Glabbeek","Arrondissement Leuven","Arrondissement de Louvain","Provincie Vlaams-Brabant","Province du Brabant flamand","Vlaams Gewest","Région flamande","<5"
"2020-03-31","25014","Eigenbrakel","Braine-l’Alleud","Arrondissement Nijvel","Arrondissement de Nivelles","Provincie Waals-Brabant","Province du Brabant wallon","Waals Gewest","Région wallonne","5"
"2020-03-31","25037","Graven","Grez-Doiceau","Arrondissement Nijvel","Arrondissement de Nivelles","Provincie Waals-Brabant","Province du Brabant wallon","Waals Gewest","Région wallonne","<5"
"2020-03-31","25043","Incourt","Incourt","Arrondissement Nijvel","Arrondissement de Nivelles","Provincie Waals-Brabant","Province du Brabant wallon","Waals Gewest","Région wallonne","<5"
"2020-03-31","25048","Geldenaken","Jodoigne","Arrondissement Nijvel","Arrondissement de Nivelles","Provincie Waals-Brabant","Province du Brabant wallon","Waals Gewest","Région wallonne","<5"
"2020-03-31","25068","Mont-Saint-Guibert","Mont-Saint-Guibert","Arrondissement Nijvel","Arrondissement de Nivelles","Provincie Waals-Brabant","Province du Brabant wallon","Waals Gewest","Région wallonne","<5"
"2020-03-31","25072","Nijvel","Nivelles","Arrondissement Nijvel","Arrondissement de Nivelles","Provincie Waals-Brabant","Province du Brabant wallon","Waals Gewest","Région wallonne","<5"
"2020-03-31","25091","Rixensart","Rixensart","Arrondissement Nijvel","Arrondissement de Nivelles","Provincie Waals-Brabant","Province du Brabant wallon","Waals Gewest","Région wallonne","<5"
"2020-03-31","25105","Tubeke","Tubize","Arrondissement Nijvel","Arrondissement de Nivelles","Provincie Waals-Brabant","Province du Brabant wallon","Waals Gewest","Région wallonne","<5"
"2020-03-31","25110","Waterloo","Waterloo","Arrondissement Nijvel","Arrondissement de Nivelles","Provincie Waals-Brabant","Province du Brabant wallon","Waals Gewest","Région wallonne","<5"
"2020-03-31","25112","Waver","Wavre","Arrondissement Nijvel","Arrondissement de Nivelles","Provincie Waals-Brabant","Province du Brabant wallon","Waals Gewest","Région wallonne","<5"
"2020-03-31","25118","Hélécine","Hélécine","Arrondissement Nijvel","Arrondissement de Nivelles","Provincie Waals-Brabant","Province du Brabant wallon","Waals Gewest","Région wallonne","<5"
"2020-03-31","25122","Ramillies","Ramillies","Arrondissement Nijvel","Arrondissement de Nivelles","Provincie Waals-Brabant","Province du Brabant wallon","Waals Gewest","Région wallonne","<5"
"2020-03-31","25123","Rebecq","Rebecq","Arrondissement Nijvel","Arrondissement de Nivelles","Provincie Waals-Brabant","Province du Brabant wallon","Waals Gewest","Région wallonne","<5"
"2020-03-31","25124","Walhain","Walhain","Arrondissement Nijvel","Arrondissement de Nivelles","Provincie Waals-Brabant","Province du Brabant wallon","Waals Gewest","Région wallonne","<5"
"2020-03-31","31003","Beernem","Beernem","Arrondissement Brugge","Arrondissement de Bruges","Provincie West-Vlaanderen","Province de Flandre occidentale","Vlaams Gewest","Région flamande","<5"
"2020-03-31","31004","Blankenberge","Blankenberge","Arrondissement Brugge","Arrondissement de Bruges","Provincie West-Vlaanderen","Province de Flandre occidentale","Vlaams Gewest","Région flamande","<5"
"2020-03-31","31005","Brugge","Bruges","Arrondissement Brugge","Arrondissement de Bruges","Provincie West-Vlaanderen","Province de Flandre occidentale","Vlaams Gewest","Région flamande","7"
"2020-03-31","31006","Damme","Damme","Arrondissement Brugge","Arrondissement de Bruges","Provincie West-Vlaanderen","Province de Flandre occidentale","Vlaams Gewest","Région flamande","<5"
"2020-03-31","31022","Oostkamp","Oostkamp","Arrondissement Brugge","Arrondissement de Bruges","Provincie West-Vlaanderen","Province de Flandre occidentale","Vlaams Gewest","Région flamande","5"
"2020-03-31","31033","Torhout","Torhout","Arrondissement Brugge","Arrondissement de Bruges","Provincie West-Vlaanderen","Province de Flandre occidentale","Vlaams Gewest","Région flamande","<5"
"2020-03-31","31040","Zedelgem","Zedelgem","Arrondissement Brugge","Arrondissement de Bruges","Provincie West-Vlaanderen","Province de Flandre occidentale","Vlaams Gewest","Région flamande","<5"
"2020-03-31","31043","Knokke-Heist","Knokke-Heist","Arrondissement Brugge","Arrondissement de Bruges","Provincie West-Vlaanderen","Province de Flandre occidentale","Vlaams Gewest","Région flamande","6"
"2020-03-31","32006","Houthulst","Houthulst","Arrondissement Diksmuide","Arrondissement de Dixmude","Provincie West-Vlaanderen","Province de Flandre occidentale","Vlaams Gewest","Région flamande","<5"
"2020-03-31","32010","Koekelare","Koekelare","Arrondissement Diksmuide","Arrondissement de Dixmude","Provincie West-Vlaanderen","Province de Flandre occidentale","Vlaams Gewest","Région flamande","<5"
"2020-03-31","32030","Lo-Reninge","Lo-Reninge","Arrondissement Diksmuide","Arrondissement de Dixmude","Provincie West-Vlaanderen","Province de Flandre occidentale","Vlaams Gewest","Région flamande","<5"
"2020-03-31","33011","Ieper","Ypres","Arrondissement Ieper","Arrondissement d’Ypres","Provincie West-Vlaanderen","Province de Flandre occidentale","Vlaams Gewest","Région flamande","5"
"2020-03-31","33021","Poperinge","Poperinge","Arrondissement Ieper","Arrondissement d’Ypres","Provincie West-Vlaanderen","Province de Flandre occidentale","Vlaams Gewest","Région flamande","<5"
"2020-03-31","33029","Wervik","Wervik","Arrondissement Ieper","Arrondissement d’Ypres","Provincie West-Vlaanderen","Province de Flandre occidentale","Vlaams Gewest","Région flamande","5"
"2020-03-31","33037","Zonnebeke","Zonnebeke","Arrondissement Ieper","Arrondissement d’Ypres","Provincie West-Vlaanderen","Province de Flandre occidentale","Vlaams Gewest","Région flamande","<5"
"2020-03-31","33040","Langemark-Poelkapelle","Langemark-Poelkapelle","Arrondissement Ieper","Arrondissement d’Ypres","Provincie West-Vlaanderen","Province de Flandre occidentale","Vlaams Gewest","Région flamande","<5"
"2020-03-31","34002","Anzegem","Anzegem","Arrondissement Kortrijk","Arrondissement de Courtrai","Provincie West-Vlaanderen","Province de Flandre occidentale","Vlaams Gewest","Région flamande","<5"
"2020-03-31","34003","Avelgem","Avelgem","Arrondissement Kortrijk","Arrondissement de Courtrai","Provincie West-Vlaanderen","Province de Flandre occidentale","Vlaams Gewest","Région flamande","<5"
"2020-03-31","34009","Deerlijk","Deerlijk","Arrondissement Kortrijk","Arrondissement de Courtrai","Provincie West-Vlaanderen","Province de Flandre occidentale","Vlaams Gewest","Région flamande","6"
"2020-03-31","34013","Harelbeke","Harelbeke","Arrondissement Kortrijk","Arrondissement de Courtrai","Provincie West-Vlaanderen","Province de Flandre occidentale","Vlaams Gewest","Région flamande","8"
"2020-03-31","34022","Kortrijk","Courtrai","Arrondissement Kortrijk","Arrondissement de Courtrai","Provincie West-Vlaanderen","Province de Flandre occidentale","Vlaams Gewest","Région flamande","12"
"2020-03-31","34023","Kuurne","Kuurne","Arrondissement Kortrijk","Arrondissement de Courtrai","Provincie West-Vlaanderen","Province de Flandre occidentale","Vlaams Gewest","Région flamande","<5"
"2020-03-31","34027","Menen","Menin","Arrondissement Kortrijk","Arrondissement de Courtrai","Provincie West-Vlaanderen","Province de Flandre occidentale","Vlaams Gewest","Région flamande","<5"
"2020-03-31","34040","Waregem","Waregem","Arrondissement Kortrijk","Arrondissement de Courtrai","Provincie West-Vlaanderen","Province de Flandre occidentale","Vlaams Gewest","Région flamande","9"
"2020-03-31","34041","Wevelgem","Wevelgem","Arrondissement Kortrijk","Arrondissement de Courtrai","Provincie West-Vlaanderen","Province de Flandre occidentale","Vlaams Gewest","Région flamande","<5"
"2020-03-31","34042","Zwevegem","Zwevegem","Arrondissement Kortrijk","Arrondissement de Courtrai","Provincie West-Vlaanderen","Province de Flandre occidentale","Vlaams Gewest","Région flamande","<5"
"2020-03-31","34043","Spiere-Helkijn","Espierres-Helchin","Arrondissement Kortrijk","Arrondissement de Courtrai","Provincie West-Vlaanderen","Province de Flandre occidentale","Vlaams Gewest","Région flamande","<5"
"2020-03-31","35002","Bredene","Bredene","Arrondissement Oostende","Arrondissement d’Ostende","Provincie West-Vlaanderen","Province de Flandre occidentale","Vlaams Gewest","Région flamande","<5"
"2020-03-31","35013","Oostende","Ostende","Arrondissement Oostende","Arrondissement d’Ostende","Provincie West-Vlaanderen","Province de Flandre occidentale","Vlaams Gewest","Région flamande","6"
"2020-03-31","35014","Oudenburg","Oudenburg","Arrondissement Oostende","Arrondissement d’Ostende","Provincie West-Vlaanderen","Province de Flandre occidentale","Vlaams Gewest","Région flamande","<5"
"2020-03-31","35029","De Haan","De Haan","Arrondissement Oostende","Arrondissement d’Ostende","Provincie West-Vlaanderen","Province de Flandre occidentale","Vlaams Gewest","Région flamande","<5"
"2020-03-31","36006","Hooglede","Hooglede","Arrondissement Roeselare","Arrondissement de Roulers","Provincie West-Vlaanderen","Province de Flandre occidentale","Vlaams Gewest","Région flamande","<5"
"2020-03-31","36007","Ingelmunster","Ingelmunster","Arrondissement Roeselare","Arrondissement de Roulers","Provincie West-Vlaanderen","Province de Flandre occidentale","Vlaams Gewest","Région flamande","<5"
"2020-03-31","36008","Izegem","Izegem","Arrondissement Roeselare","Arrondissement de Roulers","Provincie West-Vlaanderen","Province de Flandre occidentale","Vlaams Gewest","Région flamande","<5"
"2020-03-31","36010","Ledegem","Ledegem","Arrondissement Roeselare","Arrondissement de Roulers","Provincie West-Vlaanderen","Province de Flandre occidentale","Vlaams Gewest","Région flamande","<5"
"2020-03-31","36012","Moorslede","Moorslede","Arrondissement Roeselare","Arrondissement de Roulers","Provincie West-Vlaanderen","Province de Flandre occidentale","Vlaams Gewest","Région flamande","<5"
"2020-03-31","36015","Roeselare","Roulers","Arrondissement Roeselare","Arrondissement de Roulers","Provincie West-Vlaanderen","Province de Flandre occidentale","Vlaams Gewest","Région flamande","13"
"2020-03-31","36019","Staden","Staden","Arrondissement Roeselare","Arrondissement de Roulers","Provincie West-Vlaanderen","Province de Flandre occidentale","Vlaams Gewest","Région flamande","<5"
"2020-03-31","37002","Dentergem","Dentergem","Arrondissement Tielt","Arrondissement de Tielt","Provincie West-Vlaanderen","Province de Flandre occidentale","Vlaams Gewest","Région flamande","<5"
"2020-03-31","37007","Meulebeke","Meulebeke","Arrondissement Tielt","Arrondissement de Tielt","Provincie West-Vlaanderen","Province de Flandre occidentale","Vlaams Gewest","Région flamande","<5"
"2020-03-31","37010","Oostrozebeke","Oostrozebeke","Arrondissement Tielt","Arrondissement de Tielt","Provincie West-Vlaanderen","Province de Flandre occidentale","Vlaams Gewest","Région flamande","<5"
"2020-03-31","37011","Pittem","Pittem","Arrondissement Tielt","Arrondissement de Tielt","Provincie West-Vlaanderen","Province de Flandre occidentale","Vlaams Gewest","Région flamande","<5"
"2020-03-31","37012","Ruiselede","Ruiselede","Arrondissement Tielt","Arrondissement de Tielt","Provincie West-Vlaanderen","Province de Flandre occidentale","Vlaams Gewest","Région flamande","<5"
"2020-03-31","37015","Tielt (Tielt)","Tielt (Tielt)","Arrondissement Tielt","Arrondissement de Tielt","Provincie West-Vlaanderen","Province de Flandre occidentale","Vlaams Gewest","Région flamande","<5"
"2020-03-31","37017","Wielsbeke","Wielsbeke","Arrondissement Tielt","Arrondissement de Tielt","Provincie West-Vlaanderen","Province de Flandre occidentale","Vlaams Gewest","Région flamande","<5"
"2020-03-31","37018","Wingene","Wingene","Arrondissement Tielt","Arrondissement de Tielt","Provincie West-Vlaanderen","Province de Flandre occidentale","Vlaams Gewest","Région flamande","<5"
"2020-03-31","37020","Ardooie","Ardooie","Arrondissement Tielt","Arrondissement de Tielt","Provincie West-Vlaanderen","Province de Flandre occidentale","Vlaams Gewest","Région flamande","<5"
"2020-03-31","38002","Alveringem","Alveringem","Arrondissement Veurne","Arrondissement de Furnes","Provincie West-Vlaanderen","Province de Flandre occidentale","Vlaams Gewest","Région flamande","<5"
"2020-03-31","38014","Koksijde","Koksijde","Arrondissement Veurne","Arrondissement de Furnes","Provincie West-Vlaanderen","Province de Flandre occidentale","Vlaams Gewest","Région flamande","<5"
"2020-03-31","41002","Aalst (Aalst)","Alost (Alost)","Arrondissement Aalst","Arrondissement d’Alost","Provincie Oost-Vlaanderen","Province de Flandre orientale","Vlaams Gewest","Région flamande","11"
"2020-03-31","41011","Denderleeuw","Denderleeuw","Arrondissement Aalst","Arrondissement d’Alost","Provincie Oost-Vlaanderen","Province de Flandre orientale","Vlaams Gewest","Région flamande","<5"
"2020-03-31","41018","Geraardsbergen","Grammont","Arrondissement Aalst","Arrondissement d’Alost","Provincie Oost-Vlaanderen","Province de Flandre orientale","Vlaams Gewest","Région flamande","5"
"2020-03-31","41024","Haaltert","Haaltert","Arrondissement Aalst","Arrondissement d’Alost","Provincie Oost-Vlaanderen","Province de Flandre orientale","Vlaams Gewest","Région flamande","12"
"2020-03-31","41027","Herzele","Herzele","Arrondissement Aalst","Arrondissement d’Alost","Provincie Oost-Vlaanderen","Province de Flandre orientale","Vlaams Gewest","Région flamande","<5"
"2020-03-31","41034","Lede","Lede","Arrondissement Aalst","Arrondissement d’Alost","Provincie Oost-Vlaanderen","Province de Flandre orientale","Vlaams Gewest","Région flamande","<5"
"2020-03-31","41048","Ninove","Ninove","Arrondissement Aalst","Arrondissement d’Alost","Provincie Oost-Vlaanderen","Province de Flandre orientale","Vlaams Gewest","Région flamande","7"
"2020-03-31","41082","Erpe-Mere","Erpe-Mere","Arrondissement Aalst","Arrondissement d’Alost","Provincie Oost-Vlaanderen","Province de Flandre orientale","Vlaams Gewest","Région flamande","<5"
"2020-03-31","42003","Berlare","Berlare","Arrondissement Dendermonde","Arrondissement de Termonde","Provincie Oost-Vlaanderen","Province de Flandre orientale","Vlaams Gewest","Région flamande","<5"
"2020-03-31","42004","Buggenhout","Buggenhout","Arrondissement Dendermonde","Arrondissement de Termonde","Provincie Oost-Vlaanderen","Province de Flandre orientale","Vlaams Gewest","Région flamande","<5"
"2020-03-31","42006","Dendermonde","Termonde","Arrondissement Dendermonde","Arrondissement de Termonde","Provincie Oost-Vlaanderen","Province de Flandre orientale","Vlaams Gewest","Région flamande","<5"
"2020-03-31","42008","Hamme (Dendermonde)","Hamme (Termonde)","Arrondissement Dendermonde","Arrondissement de Termonde","Provincie Oost-Vlaanderen","Province de Flandre orientale","Vlaams Gewest","Région flamande","<5"
"2020-03-31","42010","Laarne","Laarne","Arrondissement Dendermonde","Arrondissement de Termonde","Provincie Oost-Vlaanderen","Province de Flandre orientale","Vlaams Gewest","Région flamande","<5"
"2020-03-31","42011","Lebbeke","Lebbeke","Arrondissement Dendermonde","Arrondissement de Termonde","Provincie Oost-Vlaanderen","Province de Flandre orientale","Vlaams Gewest","Région flamande","<5"
"2020-03-31","42023","Waasmunster","Waasmunster","Arrondissement Dendermonde","Arrondissement de Termonde","Provincie Oost-Vlaanderen","Province de Flandre orientale","Vlaams Gewest","Région flamande","<5"
"2020-03-31","42025","Wetteren","Wetteren","Arrondissement Dendermonde","Arrondissement de Termonde","Provincie Oost-Vlaanderen","Province de Flandre orientale","Vlaams Gewest","Région flamande","5"
"2020-03-31","42026","Wichelen","Wichelen","Arrondissement Dendermonde","Arrondissement de Termonde","Provincie Oost-Vlaanderen","Province de Flandre orientale","Vlaams Gewest","Région flamande","5"
"2020-03-31","42028","Zele","Zele","Arrondissement Dendermonde","Arrondissement de Termonde","Provincie Oost-Vlaanderen","Province de Flandre orientale","Vlaams Gewest","Région flamande","<5"
"2020-03-31","43002","Assenede","Assenede","Arrondissement Eeklo","Arrondissement d’Eeklo","Provincie Oost-Vlaanderen","Province de Flandre orientale","Vlaams Gewest","Région flamande","5"
"2020-03-31","43007","Kaprijke","Kaprijke","Arrondissement Eeklo","Arrondissement d’Eeklo","Provincie Oost-Vlaanderen","Province de Flandre orientale","Vlaams Gewest","Région flamande","<5"
"2020-03-31","43010","Maldegem","Maldegem","Arrondissement Eeklo","Arrondissement d’Eeklo","Provincie Oost-Vlaanderen","Province de Flandre orientale","Vlaams Gewest","Région flamande","<5"
"2020-03-31","44013","Destelbergen","Destelbergen","Arrondissement Gent","Arrondissement de Gand","Provincie Oost-Vlaanderen","Province de Flandre orientale","Vlaams Gewest","Région flamande","<5"
"2020-03-31","44019","Evergem","Evergem","Arrondissement Gent","Arrondissement de Gand","Provincie Oost-Vlaanderen","Province de Flandre orientale","Vlaams Gewest","Région flamande","12"
"2020-03-31","44020","Gavere","Gavere","Arrondissement Gent","Arrondissement de Gand","Provincie Oost-Vlaanderen","Province de Flandre orientale","Vlaams Gewest","Région flamande","<5"
"2020-03-31","44021","Gent","Gand","Arrondissement Gent","Arrondissement de Gand","Provincie Oost-Vlaanderen","Province de Flandre orientale","Vlaams Gewest","Région flamande","27"
"2020-03-31","44034","Lochristi","Lochristi","Arrondissement Gent","Arrondissement de Gand","Provincie Oost-Vlaanderen","Province de Flandre orientale","Vlaams Gewest","Région flamande","<5"
"2020-03-31","44040","Melle","Melle","Arrondissement Gent","Arrondissement de Gand","Provincie Oost-Vlaanderen","Province de Flandre orientale","Vlaams Gewest","Région flamande","<5"
"2020-03-31","44043","Merelbeke","Merelbeke","Arrondissement Gent","Arrondissement de Gand","Provincie Oost-Vlaanderen","Province de Flandre orientale","Vlaams Gewest","Région flamande","<5"
"2020-03-31","44045","Moerbeke (Gent)","Moerbeke (Gand)","Arrondissement Gent","Arrondissement de Gand","Provincie Oost-Vlaanderen","Province de Flandre orientale","Vlaams Gewest","Région flamande","<5"
"2020-03-31","44048","Nazareth","Nazareth","Arrondissement Gent","Arrondissement de Gand","Provincie Oost-Vlaanderen","Province de Flandre orientale","Vlaams Gewest","Région flamande","<5"
"2020-03-31","44052","Oosterzele","Oosterzele","Arrondissement Gent","Arrondissement de Gand","Provincie Oost-Vlaanderen","Province de Flandre orientale","Vlaams Gewest","Région flamande","<5"
"2020-03-31","44064","Sint-Martens-Latem","Sint-Martens-Latem","Arrondissement Gent","Arrondissement de Gand","Provincie Oost-Vlaanderen","Province de Flandre orientale","Vlaams Gewest","Région flamande","<5"
"2020-03-31","44073","Wachtebeke","Wachtebeke","Arrondissement Gent","Arrondissement de Gand","Provincie Oost-Vlaanderen","Province de Flandre orientale","Vlaams Gewest","Région flamande","<5"
"2020-03-31","44081","Zulte","Zulte","Arrondissement Gent","Arrondissement de Gand","Provincie Oost-Vlaanderen","Province de Flandre orientale","Vlaams Gewest","Région flamande","<5"
"2020-03-31","44083","Deinze","Deinze","Arrondissement Gent","Arrondissement de Gand","Provincie Oost-Vlaanderen","Province de Flandre orientale","Vlaams Gewest","Région flamande","<5"
"2020-03-31","44084","Aalter","Aalter","Arrondissement Gent","Arrondissement de Gand","Provincie Oost-Vlaanderen","Province de Flandre orientale","Vlaams Gewest","Région flamande","<5"
"2020-03-31","44085","Lievegem","Lievegem","Arrondissement Gent","Arrondissement de Gand","Provincie Oost-Vlaanderen","Province de Flandre orientale","Vlaams Gewest","Région flamande","7"
"2020-03-31","45035","Oudenaarde","Audenarde","Arrondissement Oudenaarde","Arrondissement d’Audenarde","Provincie Oost-Vlaanderen","Province de Flandre orientale","Vlaams Gewest","Région flamande","<5"
"2020-03-31","45041","Ronse","Renaix","Arrondissement Oudenaarde","Arrondissement d’Audenarde","Provincie Oost-Vlaanderen","Province de Flandre orientale","Vlaams Gewest","Région flamande","5"
"2020-03-31","45060","Kluisbergen","Kluisbergen","Arrondissement Oudenaarde","Arrondissement d’Audenarde","Provincie Oost-Vlaanderen","Province de Flandre orientale","Vlaams Gewest","Région flamande","<5"
"2020-03-31","45061","Wortegem-Petegem","Wortegem-Petegem","Arrondissement Oudenaarde","Arrondissement d’Audenarde","Provincie Oost-Vlaanderen","Province de Flandre orientale","Vlaams Gewest","Région flamande","<5"
"2020-03-31","45062","Horebeke","Horebeke","Arrondissement Oudenaarde","Arrondissement d’Audenarde","Provincie Oost-Vlaanderen","Province de Flandre orientale","Vlaams Gewest","Région flamande","<5"
"2020-03-31","45063","Lierde","Lierde","Arrondissement Oudenaarde","Arrondissement d’Audenarde","Provincie Oost-Vlaanderen","Province de Flandre orientale","Vlaams Gewest","Région flamande","<5"
"2020-03-31","45064","Maarkedal","Maarkedal","Arrondissement Oudenaarde","Arrondissement d’Audenarde","Provincie Oost-Vlaanderen","Province de Flandre orientale","Vlaams Gewest","Région flamande","<5"
"2020-03-31","45068","Kruisem","Kruisem","Arrondissement Oudenaarde","Arrondissement d’Audenarde","Provincie Oost-Vlaanderen","Province de Flandre orientale","Vlaams Gewest","Région flamande","<5"
"2020-03-31","46003","Beveren (Sint-Niklaas)","Beveren (Saint-Nicolas)","Arrondissement Sint-Niklaas","Arrondissement de Saint-Nicolas","Provincie Oost-Vlaanderen","Province de Flandre orientale","Vlaams Gewest","Région flamande","7"
"2020-03-31","46013","Kruibeke","Kruibeke","Arrondissement Sint-Niklaas","Arrondissement de Saint-Nicolas","Provincie Oost-Vlaanderen","Province de Flandre orientale","Vlaams Gewest","Région flamande","<5"
"2020-03-31","46014","Lokeren","Lokeren","Arrondissement Sint-Niklaas","Arrondissement de Saint-Nicolas","Provincie Oost-Vlaanderen","Province de Flandre orientale","Vlaams Gewest","Région flamande","8"
"2020-03-31","46020","Sint-Gillis-Waas","Sint-Gillis-Waas","Arrondissement Sint-Niklaas","Arrondissement de Saint-Nicolas","Provincie Oost-Vlaanderen","Province de Flandre orientale","Vlaams Gewest","Région flamande","<5"
"2020-03-31","46021","Sint-Niklaas (Sint-Niklaas)","Saint-Nicolas (Saint-Nicolas)","Arrondissement Sint-Niklaas","Arrondissement de Saint-Nicolas","Provincie Oost-Vlaanderen","Province de Flandre orientale","Vlaams Gewest","Région flamande","14"
"2020-03-31","46024","Stekene","Stekene","Arrondissement Sint-Niklaas","Arrondissement de Saint-Nicolas","Provincie Oost-Vlaanderen","Province de Flandre orientale","Vlaams Gewest","Région flamande","<5"
"2020-03-31","46025","Temse","Tamise","Arrondissement Sint-Niklaas","Arrondissement de Saint-Nicolas","Provincie Oost-Vlaanderen","Province de Flandre orientale","Vlaams Gewest","Région flamande","17"
"2020-03-31","51004","Aat","Ath","Arrondissement Aat","Arrondissement d’Ath","Provincie Henegouwen","Province du Hainaut","Waals Gewest","Région wallonne","5"
"2020-03-31","51008","Beloeil","Beloeil","Arrondissement Aat","Arrondissement d’Ath","Provincie Henegouwen","Province du Hainaut","Waals Gewest","Région wallonne","<5"
"2020-03-31","51009","Bernissart","Bernissart","Arrondissement Aat","Arrondissement d’Ath","Provincie Henegouwen","Province du Hainaut","Waals Gewest","Région wallonne","<5"
"2020-03-31","51014","Chièvres","Chièvres","Arrondissement Aat","Arrondissement d’Ath","Provincie Henegouwen","Province du Hainaut","Waals Gewest","Région wallonne","<5"
"2020-03-31","51065","Frasnes-lez-Anvaing","Frasnes-lez-Anvaing","Arrondissement Aat","Arrondissement d’Ath","Provincie Henegouwen","Province du Hainaut","Waals Gewest","Région wallonne","<5"
"2020-03-31","51067","Edingen","Enghien","Arrondissement Aat","Arrondissement d’Ath","Provincie Henegouwen","Province du Hainaut","Waals Gewest","Région wallonne","<5"
"2020-03-31","51069","Lessen","Lessines","Arrondissement Aat","Arrondissement d’Ath","Provincie Henegouwen","Province du Hainaut","Waals Gewest","Région wallonne","<5"
"2020-03-31","52010","Chapelle-lez-Herlaimont","Chapelle-lez-Herlaimont","Arrondissement Charleroi","Arrondissement de Charleroi","Provincie Henegouwen","Province du Hainaut","Waals Gewest","Région wallonne","<5"
"2020-03-31","52011","Charleroi","Charleroi","Arrondissement Charleroi","Arrondissement de Charleroi","Provincie Henegouwen","Province du Hainaut","Waals Gewest","Région wallonne","16"
"2020-03-31","52012","Châtelet","Châtelet","Arrondissement Charleroi","Arrondissement de Charleroi","Provincie Henegouwen","Province du Hainaut","Waals Gewest","Région wallonne","<5"
"2020-03-31","52015","Courcelles","Courcelles","Arrondissement Charleroi","Arrondissement de Charleroi","Provincie Henegouwen","Province du Hainaut","Waals Gewest","Région wallonne","<5"
"2020-03-31","52018","Farciennes","Farciennes","Arrondissement Charleroi","Arrondissement de Charleroi","Provincie Henegouwen","Province du Hainaut","Waals Gewest","Région wallonne","<5"
"2020-03-31","52021","Fleurus","Fleurus","Arrondissement Charleroi","Arrondissement de Charleroi","Provincie Henegouwen","Province du Hainaut","Waals Gewest","Région wallonne","<5"
"2020-03-31","52022","Fontaine-l’Evêque","Fontaine-l’Evêque","Arrondissement Charleroi","Arrondissement de Charleroi","Provincie Henegouwen","Province du Hainaut","Waals Gewest","Région wallonne","<5"
"2020-03-31","52025","Gerpinnes","Gerpinnes","Arrondissement Charleroi","Arrondissement de Charleroi","Provincie Henegouwen","Province du Hainaut","Waals Gewest","Région wallonne","<5"
"2020-03-31","52075","Les Bons Villers","Les Bons Villers","Arrondissement Charleroi","Arrondissement de Charleroi","Provincie Henegouwen","Province du Hainaut","Waals Gewest","Région wallonne","<5"
"2020-03-31","53014","Boussu","Boussu","Arrondissement Bergen","Arrondissement de Mons","Provincie Henegouwen","Province du Hainaut","Waals Gewest","Région wallonne","7"
"2020-03-31","53020","Dour","Dour","Arrondissement Bergen","Arrondissement de Mons","Provincie Henegouwen","Province du Hainaut","Waals Gewest","Région wallonne","5"
"2020-03-31","53028","Frameries","Frameries","Arrondissement Bergen","Arrondissement de Mons","Provincie Henegouwen","Province du Hainaut","Waals Gewest","Région wallonne","<5"
"2020-03-31","53039","Hensies","Hensies","Arrondissement Bergen","Arrondissement de Mons","Provincie Henegouwen","Province du Hainaut","Waals Gewest","Région wallonne","<5"
"2020-03-31","53044","Jurbeke","Jurbise","Arrondissement Bergen","Arrondissement de Mons","Provincie Henegouwen","Province du Hainaut","Waals Gewest","Région wallonne","<5"
"2020-03-31","53053","Bergen","Mons","Arrondissement Bergen","Arrondissement de Mons","Provincie Henegouwen","Province du Hainaut","Waals Gewest","Région wallonne","99"
"2020-03-31","53065","Quaregnon","Quaregnon","Arrondissement Bergen","Arrondissement de Mons","Provincie Henegouwen","Province du Hainaut","Waals Gewest","Région wallonne","<5"
"2020-03-31","53068","Quiévrain","Quiévrain","Arrondissement Bergen","Arrondissement de Mons","Provincie Henegouwen","Province du Hainaut","Waals Gewest","Région wallonne","<5"
"2020-03-31","53070","Saint-Ghislain","Saint-Ghislain","Arrondissement Bergen","Arrondissement de Mons","Provincie Henegouwen","Province du Hainaut","Waals Gewest","Région wallonne","5"
"2020-03-31","53082","Colfontaine","Colfontaine","Arrondissement Bergen","Arrondissement de Mons","Provincie Henegouwen","Province du Hainaut","Waals Gewest","Région wallonne","6"
"2020-03-31","53083","Honnelles","Honnelles","Arrondissement Bergen","Arrondissement de Mons","Provincie Henegouwen","Province du Hainaut","Waals Gewest","Région wallonne","<5"
"2020-03-31","53084","Quévy","Quévy","Arrondissement Bergen","Arrondissement de Mons","Provincie Henegouwen","Province du Hainaut","Waals Gewest","Région wallonne","<5"
"2020-03-31","55004","’s Gravenbrakel","Braine-le-Comte","Arrondissement Zinnik","Arrondissement de Soignies","Provincie Henegouwen","Province du Hainaut","Waals Gewest","Région wallonne","<5"
"2020-03-31","55035","Le Roeulx","Le Roeulx","Arrondissement Zinnik","Arrondissement de Soignies","Provincie Henegouwen","Province du Hainaut","Waals Gewest","Région wallonne","<5"
"2020-03-31","55040","Zinnik","Soignies","Arrondissement Zinnik","Arrondissement de Soignies","Provincie Henegouwen","Province du Hainaut","Waals Gewest","Région wallonne","<5"
"2020-03-31","55050","Ecaussinnes","Ecaussinnes","Arrondissement Zinnik","Arrondissement de Soignies","Provincie Henegouwen","Province du Hainaut","Waals Gewest","Région wallonne","<5"
"2020-03-31","55085","Seneffe","Seneffe","Arrondissement Zinnik","Arrondissement de Soignies","Provincie Henegouwen","Province du Hainaut","Waals Gewest","Région wallonne","<5"
"2020-03-31","56022","Erquelinnes","Erquelinnes","Arrondissement Thuin","Arrondissement de Thuin","Provincie Henegouwen","Province du Hainaut","Waals Gewest","Région wallonne","<5"
"2020-03-31","56078","Thuin","Thuin","Arrondissement Thuin","Arrondissement de Thuin","Provincie Henegouwen","Province du Hainaut","Waals Gewest","Région wallonne","<5"
"2020-03-31","56086","Ham-sur-Heure-Nalinnes","Ham-sur-Heure-Nalinnes","Arrondissement Thuin","Arrondissement de Thuin","Provincie Henegouwen","Province du Hainaut","Waals Gewest","Région wallonne","<5"
"2020-03-31","56088","Sivry-Rance","Sivry-Rance","Arrondissement Thuin","Arrondissement de Thuin","Provincie Henegouwen","Province du Hainaut","Waals Gewest","Région wallonne","<5"
"2020-03-31","57064","Péruwelz","Péruwelz","Arrondissement Doornik-Moeskroen","Arrondissement de Tournai-Mouscron","Provincie Henegouwen","Province du Hainaut","Waals Gewest","Région wallonne","<5"
"2020-03-31","57081","Doornik","Tournai","Arrondissement Doornik-Moeskroen","Arrondissement de Tournai-Mouscron","Provincie Henegouwen","Province du Hainaut","Waals Gewest","Région wallonne","5"
"2020-03-31","57093","Brunehaut","Brunehaut","Arrondissement Doornik-Moeskroen","Arrondissement de Tournai-Mouscron","Provincie Henegouwen","Province du Hainaut","Waals Gewest","Région wallonne","<5"
"2020-03-31","57095","Mont-de-l’Enclus","Mont-de-l’Enclus","Arrondissement Doornik-Moeskroen","Arrondissement de Tournai-Mouscron","Provincie Henegouwen","Province du Hainaut","Waals Gewest","Région wallonne","<5"
"2020-03-31","57097","Komen-Waasten","Comines-Warneton","Arrondissement Doornik-Moeskroen","Arrondissement de Tournai-Mouscron","Provincie Henegouwen","Province du Hainaut","Waals Gewest","Région wallonne","<5"
"2020-03-31","58001","La Louvière","La Louvière","Arrondissement La Louvière","Arrondissement de La Louvière","Provincie Henegouwen","Province du Hainaut","Waals Gewest","Région wallonne","11"
"2020-03-31","58002","Binche","Binche","Arrondissement La Louvière","Arrondissement de La Louvière","Provincie Henegouwen","Province du Hainaut","Waals Gewest","Région wallonne","6"
"2020-03-31","58003","Estinnes","Estinnes","Arrondissement La Louvière","Arrondissement de La Louvière","Provincie Henegouwen","Province du Hainaut","Waals Gewest","Région wallonne","<5"
"2020-03-31","61010","Burdinne","Burdinne","Arrondissement Hoei","Arrondissement de Huy","Provincie Luik","Province de Liège","Waals Gewest","Région wallonne","<5"
"2020-03-31","61012","Clavier","Clavier","Arrondissement Hoei","Arrondissement de Huy","Provincie Luik","Province de Liège","Waals Gewest","Région wallonne","<5"
"2020-03-31","61019","Ferrières","Ferrières","Arrondissement Hoei","Arrondissement de Huy","Provincie Luik","Province de Liège","Waals Gewest","Région wallonne","<5"
"2020-03-31","61031","Hoei","Huy","Arrondissement Hoei","Arrondissement de Huy","Provincie Luik","Province de Liège","Waals Gewest","Région wallonne","<5"
"2020-03-31","61039","Marchin","Marchin","Arrondissement Hoei","Arrondissement de Huy","Provincie Luik","Province de Liège","Waals Gewest","Région wallonne","<5"
"2020-03-31","61041","Modave","Modave","Arrondissement Hoei","Arrondissement de Huy","Provincie Luik","Province de Liège","Waals Gewest","Région wallonne","<5"
"2020-03-31","61043","Nandrin","Nandrin","Arrondissement Hoei","Arrondissement de Huy","Provincie Luik","Province de Liège","Waals Gewest","Région wallonne","<5"
"2020-03-31","61072","Wanze","Wanze","Arrondissement Hoei","Arrondissement de Huy","Provincie Luik","Province de Liège","Waals Gewest","Région wallonne","<5"
"2020-03-31","61079","Anthisnes","Anthisnes","Arrondissement Hoei","Arrondissement de Huy","Provincie Luik","Province de Liège","Waals Gewest","Région wallonne","<5"
"2020-03-31","62003","Ans","Ans","Arrondissement Luik","Arrondissement de Liège","Provincie Luik","Province de Liège","Waals Gewest","Région wallonne","<5"
"2020-03-31","62006","Awans","Awans","Arrondissement Luik","Arrondissement de Liège","Provincie Luik","Province de Liège","Waals Gewest","Région wallonne","<5"
"2020-03-31","62011","Bitsingen","Bassenge","Arrondissement Luik","Arrondissement de Liège","Provincie Luik","Province de Liège","Waals Gewest","Région wallonne","<5"
"2020-03-31","62015","Beyne-Heusay","Beyne-Heusay","Arrondissement Luik","Arrondissement de Liège","Provincie Luik","Province de Liège","Waals Gewest","Région wallonne","<5"
"2020-03-31","62022","Chaudfontaine","Chaudfontaine","Arrondissement Luik","Arrondissement de Liège","Provincie Luik","Province de Liège","Waals Gewest","Région wallonne","<5"
"2020-03-31","62032","Esneux","Esneux","Arrondissement Luik","Arrondissement de Liège","Provincie Luik","Province de Liège","Waals Gewest","Région wallonne","<5"
"2020-03-31","62038","Fléron","Fléron","Arrondissement Luik","Arrondissement de Liège","Provincie Luik","Province de Liège","Waals Gewest","Région wallonne","<5"
"2020-03-31","62051","Herstal","Herstal","Arrondissement Luik","Arrondissement de Liège","Provincie Luik","Province de Liège","Waals Gewest","Région wallonne","11"
"2020-03-31","62063","Luik","Liège","Arrondissement Luik","Arrondissement de Liège","Provincie Luik","Province de Liège","Waals Gewest","Région wallonne","54"
"2020-03-31","62079","Oupeye","Oupeye","Arrondissement Luik","Arrondissement de Liège","Provincie Luik","Province de Liège","Waals Gewest","Région wallonne","8"
"2020-03-31","62093","Saint-Nicolas (Luik)","Saint-Nicolas (Liège)","Arrondissement Luik","Arrondissement de Liège","Provincie Luik","Province de Liège","Waals Gewest","Région wallonne","<5"
"2020-03-31","62096","Seraing","Seraing","Arrondissement Luik","Arrondissement de Liège","Provincie Luik","Province de Liège","Waals Gewest","Région wallonne","25"
"2020-03-31","62099","Soumagne","Soumagne","Arrondissement Luik","Arrondissement de Liège","Provincie Luik","Province de Liège","Waals Gewest","Région wallonne","5"
"2020-03-31","62108","Wezet","Visé","Arrondissement Luik","Arrondissement de Liège","Provincie Luik","Province de Liège","Waals Gewest","Région wallonne","7"
"2020-03-31","62118","Grâce-Hollogne","Grâce-Hollogne","Arrondissement Luik","Arrondissement de Liège","Provincie Luik","Province de Liège","Waals Gewest","Région wallonne","<5"
"2020-03-31","62119","Blegny","Blegny","Arrondissement Luik","Arrondissement de Liège","Provincie Luik","Province de Liège","Waals Gewest","Région wallonne","<5"
"2020-03-31","62120","Flémalle","Flémalle","Arrondissement Luik","Arrondissement de Liège","Provincie Luik","Province de Liège","Waals Gewest","Région wallonne","5"
"2020-03-31","62121","Neupré","Neupré","Arrondissement Luik","Arrondissement de Liège","Provincie Luik","Province de Liège","Waals Gewest","Région wallonne","7"
"2020-03-31","62122","Trooz","Trooz","Arrondissement Luik","Arrondissement de Liège","Provincie Luik","Province de Liège","Waals Gewest","Région wallonne","<5"
"2020-03-31","63023","Eupen","Eupen","Arrondissement Verviers","Arrondissement de Verviers","Provincie Luik","Province de Liège","Waals Gewest","Région wallonne","<5"
"2020-03-31","63035","Herve","Herve","Arrondissement Verviers","Arrondissement de Verviers","Provincie Luik","Province de Liège","Waals Gewest","Région wallonne","5"
"2020-03-31","63038","Jalhay","Jalhay","Arrondissement Verviers","Arrondissement de Verviers","Provincie Luik","Province de Liège","Waals Gewest","Région wallonne","<5"
"2020-03-31","63045","Lierneux","Lierneux","Arrondissement Verviers","Arrondissement de Verviers","Provincie Luik","Province de Liège","Waals Gewest","Région wallonne","<5"
"2020-03-31","63049","Malmedy","Malmedy","Arrondissement Verviers","Arrondissement de Verviers","Provincie Luik","Province de Liège","Waals Gewest","Région wallonne","<5"
"2020-03-31","63057","Olne","Olne","Arrondissement Verviers","Arrondissement de Verviers","Provincie Luik","Province de Liège","Waals Gewest","Région wallonne","<5"
"2020-03-31","63072","Spa","Spa","Arrondissement Verviers","Arrondissement de Verviers","Provincie Luik","Province de Liège","Waals Gewest","Région wallonne","<5"
"2020-03-31","63073","Stavelot","Stavelot","Arrondissement Verviers","Arrondissement de Verviers","Provincie Luik","Province de Liège","Waals Gewest","Région wallonne","<5"
"2020-03-31","63076","Theux","Theux","Arrondissement Verviers","Arrondissement de Verviers","Provincie Luik","Province de Liège","Waals Gewest","Région wallonne","6"
"2020-03-31","63079","Verviers","Verviers","Arrondissement Verviers","Arrondissement de Verviers","Provincie Luik","Province de Liège","Waals Gewest","Région wallonne","9"
"2020-03-31","63080","Weismes","Waimes","Arrondissement Verviers","Arrondissement de Verviers","Provincie Luik","Province de Liège","Waals Gewest","Région wallonne","<5"
"2020-03-31","63084","Welkenraedt","Welkenraedt","Arrondissement Verviers","Arrondissement de Verviers","Provincie Luik","Province de Liège","Waals Gewest","Région wallonne","<5"
"2020-03-31","63088","Plombières","Plombières","Arrondissement Verviers","Arrondissement de Verviers","Provincie Luik","Province de Liège","Waals Gewest","Région wallonne","<5"
"2020-03-31","63089","Thimister-Clermont","Thimister-Clermont","Arrondissement Verviers","Arrondissement de Verviers","Provincie Luik","Province de Liège","Waals Gewest","Région wallonne","<5"
"2020-03-31","64008","Berloz","Berloz","Arrondissement Borgworm","Arrondissement de Waremme","Provincie Luik","Province de Liège","Waals Gewest","Région wallonne","<5"
"2020-03-31","64015","Braives","Braives","Arrondissement Borgworm","Arrondissement de Waremme","Provincie Luik","Province de Liège","Waals Gewest","Région wallonne","<5"
"2020-03-31","64021","Crisnée","Crisnée","Arrondissement Borgworm","Arrondissement de Waremme","Provincie Luik","Province de Liège","Waals Gewest","Région wallonne","<5"
"2020-03-31","64023","Donceel","Donceel","Arrondissement Borgworm","Arrondissement de Waremme","Provincie Luik","Province de Liège","Waals Gewest","Région wallonne","<5"
"2020-03-31","64025","Fexhe-le-Haut-Clocher","Fexhe-le-Haut-Clocher","Arrondissement Borgworm","Arrondissement de Waremme","Provincie Luik","Province de Liège","Waals Gewest","Région wallonne","<5"
"2020-03-31","64034","Hannuit","Hannut","Arrondissement Borgworm","Arrondissement de Waremme","Provincie Luik","Province de Liège","Waals Gewest","Région wallonne","<5"
"2020-03-31","64063","Remicourt","Remicourt","Arrondissement Borgworm","Arrondissement de Waremme","Provincie Luik","Province de Liège","Waals Gewest","Région wallonne","<5"
"2020-03-31","64065","Saint-Georges-sur-Meuse","Saint-Georges-sur-Meuse","Arrondissement Borgworm","Arrondissement de Waremme","Provincie Luik","Province de Liège","Waals Gewest","Région wallonne","<5"
"2020-03-31","64074","Borgworm","Waremme","Arrondissement Borgworm","Arrondissement de Waremme","Provincie Luik","Province de Liège","Waals Gewest","Région wallonne","<5"
"2020-03-31","64075","Wasseiges","Wasseiges","Arrondissement Borgworm","Arrondissement de Waremme","Provincie Luik","Province de Liège","Waals Gewest","Région wallonne","<5"
"2020-03-31","64076","Faimes","Faimes","Arrondissement Borgworm","Arrondissement de Waremme","Provincie Luik","Province de Liège","Waals Gewest","Région wallonne","<5"
"2020-03-31","71002","As","As","Arrondissement Hasselt","Arrondissement de Hasselt","Provincie Limburg","Province du Limbourg","Vlaams Gewest","Région flamande","<5"
"2020-03-31","71004","Beringen","Beringen","Arrondissement Hasselt","Arrondissement de Hasselt","Provincie Limburg","Province du Limbourg","Vlaams Gewest","Région flamande","8"
"2020-03-31","71011","Diepenbeek","Diepenbeek","Arrondissement Hasselt","Arrondissement de Hasselt","Provincie Limburg","Province du Limbourg","Vlaams Gewest","Région flamande","<5"
"2020-03-31","71016","Genk","Genk","Arrondissement Hasselt","Arrondissement de Hasselt","Provincie Limburg","Province du Limbourg","Vlaams Gewest","Région flamande","21"
"2020-03-31","71017","Gingelom","Gingelom","Arrondissement Hasselt","Arrondissement de Hasselt","Provincie Limburg","Province du Limbourg","Vlaams Gewest","Région flamande","8"
"2020-03-31","71020","Halen","Halen","Arrondissement Hasselt","Arrondissement de Hasselt","Provincie Limburg","Province du Limbourg","Vlaams Gewest","Région flamande","<5"
"2020-03-31","71022","Hasselt","Hasselt","Arrondissement Hasselt","Arrondissement de Hasselt","Provincie Limburg","Province du Limbourg","Vlaams Gewest","Région flamande","15"
"2020-03-31","71024","Herk-de-Stad","Herck-la-Ville","Arrondissement Hasselt","Arrondissement de Hasselt","Provincie Limburg","Province du Limbourg","Vlaams Gewest","Région flamande","<5"
"2020-03-31","71034","Leopoldsburg","Bourg-Léopold","Arrondissement Hasselt","Arrondissement de Hasselt","Provincie Limburg","Province du Limbourg","Vlaams Gewest","Région flamande","<5"
"2020-03-31","71045","Nieuwerkerken (Hasselt)","Nieuwerkerken (Hasselt)","Arrondissement Hasselt","Arrondissement de Hasselt","Provincie Limburg","Province du Limbourg","Vlaams Gewest","Région flamande","<5"
"2020-03-31","71053","Sint-Truiden","Saint-Trond","Arrondissement Hasselt","Arrondissement de Hasselt","Provincie Limburg","Province du Limbourg","Vlaams Gewest","Région flamande","13"
"2020-03-31","71057","Tessenderlo","Tessenderlo","Arrondissement Hasselt","Arrondissement de Hasselt","Provincie Limburg","Province du Limbourg","Vlaams Gewest","Région flamande","<5"
"2020-03-31","71066","Zonhoven","Zonhoven","Arrondissement Hasselt","Arrondissement de Hasselt","Provincie Limburg","Province du Limbourg","Vlaams Gewest","Région flamande","7"
"2020-03-31","71067","Zutendaal","Zutendaal","Arrondissement Hasselt","Arrondissement de Hasselt","Provincie Limburg","Province du Limbourg","Vlaams Gewest","Région flamande","<5"
"2020-03-31","71069","Ham","Ham","Arrondissement Hasselt","Arrondissement de Hasselt","Provincie Limburg","Province du Limbourg","Vlaams Gewest","Région flamande","<5"
"2020-03-31","71070","Heusden-Zolder","Heusden-Zolder","Arrondissement Hasselt","Arrondissement de Hasselt","Provincie Limburg","Province du Limbourg","Vlaams Gewest","Région flamande","<5"
"2020-03-31","72003","Bocholt","Bocholt","Arrondissement Maaseik","Arrondissement de Maaseik","Provincie Limburg","Province du Limbourg","Vlaams Gewest","Région flamande","<5"
"2020-03-31","72004","Bree","Bree","Arrondissement Maaseik","Arrondissement de Maaseik","Provincie Limburg","Province du Limbourg","Vlaams Gewest","Région flamande","<5"
"2020-03-31","72020","Lommel","Lommel","Arrondissement Maaseik","Arrondissement de Maaseik","Provincie Limburg","Province du Limbourg","Vlaams Gewest","Région flamande","<5"
"2020-03-31","72021","Maaseik","Maaseik","Arrondissement Maaseik","Arrondissement de Maaseik","Provincie Limburg","Province du Limbourg","Vlaams Gewest","Région flamande","5"
"2020-03-31","72037","Hamont-Achel","Hamont-Achel","Arrondissement Maaseik","Arrondissement de Maaseik","Provincie Limburg","Province du Limbourg","Vlaams Gewest","Région flamande","<5"
"2020-03-31","72039","Houthalen-Helchteren","Houthalen-Helchteren","Arrondissement Maaseik","Arrondissement de Maaseik","Provincie Limburg","Province du Limbourg","Vlaams Gewest","Région flamande","5"
"2020-03-31","72041","Dilsen-Stokkem","Dilsen-Stokkem","Arrondissement Maaseik","Arrondissement de Maaseik","Provincie Limburg","Province du Limbourg","Vlaams Gewest","Région flamande","7"
"2020-03-31","72042","Oudsbergen","Oudsbergen","Arrondissement Maaseik","Arrondissement de Maaseik","Provincie Limburg","Province du Limbourg","Vlaams Gewest","Région flamande","<5"
"2020-03-31","72043","Pelt","Pelt","Arrondissement Maaseik","Arrondissement de Maaseik","Provincie Limburg","Province du Limbourg","Vlaams Gewest","Région flamande","5"
"2020-03-31","73001","Alken","Alken","Arrondissement Tongeren","Arrondissement de Tongres","Provincie Limburg","Province du Limbourg","Vlaams Gewest","Région flamande","5"
"2020-03-31","73006","Bilzen","Bilzen","Arrondissement Tongeren","Arrondissement de Tongres","Provincie Limburg","Province du Limbourg","Vlaams Gewest","Région flamande","<5"
"2020-03-31","73009","Borgloon","Looz","Arrondissement Tongeren","Arrondissement de Tongres","Provincie Limburg","Province du Limbourg","Vlaams Gewest","Région flamande","<5"
"2020-03-31","73022","Heers","Heers","Arrondissement Tongeren","Arrondissement de Tongres","Provincie Limburg","Province du Limbourg","Vlaams Gewest","Région flamande","<5"
"2020-03-31","73040","Kortessem","Kortessem","Arrondissement Tongeren","Arrondissement de Tongres","Provincie Limburg","Province du Limbourg","Vlaams Gewest","Région flamande","<5"
"2020-03-31","73042","Lanaken","Lanaken","Arrondissement Tongeren","Arrondissement de Tongres","Provincie Limburg","Province du Limbourg","Vlaams Gewest","Région flamande","7"
"2020-03-31","73066","Riemst","Riemst","Arrondissement Tongeren","Arrondissement de Tongres","Provincie Limburg","Province du Limbourg","Vlaams Gewest","Région flamande","<5"
"2020-03-31","73083","Tongeren","Tongres","Arrondissement Tongeren","Arrondissement de Tongres","Provincie Limburg","Province du Limbourg","Vlaams Gewest","Région flamande","10"
"2020-03-31","73098","Wellen","Wellen","Arrondissement Tongeren","Arrondissement de Tongres","Provincie Limburg","Province du Limbourg","Vlaams Gewest","Région flamande","<5"
"2020-03-31","73107","Maasmechelen","Maasmechelen","Arrondissement Tongeren","Arrondissement de Tongres","Provincie Limburg","Province du Limbourg","Vlaams Gewest","Région flamande","6"
"2020-03-31","81001","Aarlen","Arlon","Arrondissement Aarlen","Arrondissement d’Arlon","Provincie Luxemburg","Province du Luxembourg","Waals Gewest","Région wallonne","7"
"2020-03-31","81003","Attert","Attert","Arrondissement Aarlen","Arrondissement d’Arlon","Provincie Luxemburg","Province du Luxembourg","Waals Gewest","Région wallonne","<5"
"2020-03-31","81004","Aubange","Aubange","Arrondissement Aarlen","Arrondissement d’Arlon","Provincie Luxemburg","Province du Luxembourg","Waals Gewest","Région wallonne","<5"
"2020-03-31","81015","Messancy","Messancy","Arrondissement Aarlen","Arrondissement d’Arlon","Provincie Luxemburg","Province du Luxembourg","Waals Gewest","Région wallonne","<5"
"2020-03-31","82003","Bastenaken","Bastogne","Arrondissement Bastenaken","Arrondissement de Bastogne","Provincie Luxemburg","Province du Luxembourg","Waals Gewest","Région wallonne","<5"
"2020-03-31","82005","Bertogne","Bertogne","Arrondissement Bastenaken","Arrondissement de Bastogne","Provincie Luxemburg","Province du Luxembourg","Waals Gewest","Région wallonne","<5"
"2020-03-31","82014","Houffalize","Houffalize","Arrondissement Bastenaken","Arrondissement de Bastogne","Provincie Luxemburg","Province du Luxembourg","Waals Gewest","Région wallonne","<5"
"2020-03-31","82032","Vielsalm","Vielsalm","Arrondissement Bastenaken","Arrondissement de Bastogne","Provincie Luxemburg","Province du Luxembourg","Waals Gewest","Région wallonne","10"
"2020-03-31","82036","Vaux-sur-Sûre","Vaux-sur-Sûre","Arrondissement Bastenaken","Arrondissement de Bastogne","Provincie Luxemburg","Province du Luxembourg","Waals Gewest","Région wallonne","<5"
"2020-03-31","82037","Gouvy","Gouvy","Arrondissement Bastenaken","Arrondissement de Bastogne","Provincie Luxemburg","Province du Luxembourg","Waals Gewest","Région wallonne","<5"
"2020-03-31","83028","Hotton","Hotton","Arrondissement Marche-en-Famenne","Arrondissement de Marche-en-Famenne","Provincie Luxemburg","Province du Luxembourg","Waals Gewest","Région wallonne","<5"
"2020-03-31","83034","Marche-en-Famenne","Marche-en-Famenne","Arrondissement Marche-en-Famenne","Arrondissement de Marche-en-Famenne","Provincie Luxemburg","Province du Luxembourg","Waals Gewest","Région wallonne","<5"
"2020-03-31","83055","Manhay","Manhay","Arrondissement Marche-en-Famenne","Arrondissement de Marche-en-Famenne","Provincie Luxemburg","Province du Luxembourg","Waals Gewest","Région wallonne","<5"
"2020-03-31","84009","Bertrix","Bertrix","Arrondissement Neufchâteau","Arrondissement de Neufchâteau","Provincie Luxemburg","Province du Luxembourg","Waals Gewest","Région wallonne","<5"
"2020-03-31","84010","Bouillon","Bouillon","Arrondissement Neufchâteau","Arrondissement de Neufchâteau","Provincie Luxemburg","Province du Luxembourg","Waals Gewest","Région wallonne","10"
"2020-03-31","84029","Herbeumont","Herbeumont","Arrondissement Neufchâteau","Arrondissement de Neufchâteau","Provincie Luxemburg","Province du Luxembourg","Waals Gewest","Région wallonne","<5"
"2020-03-31","84033","Léglise","Léglise","Arrondissement Neufchâteau","Arrondissement de Neufchâteau","Provincie Luxemburg","Province du Luxembourg","Waals Gewest","Région wallonne","<5"
"2020-03-31","84043","Neufchâteau (Neufchâteau)","Neufchâteau (Neufchâteau)","Arrondissement Neufchâteau","Arrondissement de Neufchâteau","Provincie Luxemburg","Province du Luxembourg","Waals Gewest","Région wallonne","6"
"2020-03-31","84050","Paliseul","Paliseul","Arrondissement Neufchâteau","Arrondissement de Neufchâteau","Provincie Luxemburg","Province du Luxembourg","Waals Gewest","Région wallonne","<5"
"2020-03-31","84059","Saint-Hubert","Saint-Hubert","Arrondissement Neufchâteau","Arrondissement de Neufchâteau","Provincie Luxemburg","Province du Luxembourg","Waals Gewest","Région wallonne","<5"
"2020-03-31","84077","Libramont-Chevigny","Libramont-Chevigny","Arrondissement Neufchâteau","Arrondissement de Neufchâteau","Provincie Luxemburg","Province du Luxembourg","Waals Gewest","Région wallonne","<5"
"2020-03-31","85026","Musson","Musson","Arrondissement Virton","Arrondissement de Virton","Provincie Luxemburg","Province du Luxembourg","Waals Gewest","Région wallonne","<5"
"2020-03-31","85039","Tintigny","Tintigny","Arrondissement Virton","Arrondissement de Virton","Provincie Luxemburg","Province du Luxembourg","Waals Gewest","Région wallonne","<5"
"2020-03-31","85045","Virton","Virton","Arrondissement Virton","Arrondissement de Virton","Provincie Luxemburg","Province du Luxembourg","Waals Gewest","Région wallonne","6"
"2020-03-31","85046","Habay","Habay","Arrondissement Virton","Arrondissement de Virton","Provincie Luxemburg","Province du Luxembourg","Waals Gewest","Région wallonne","<5"
"2020-03-31","85047","Rouvroy","Rouvroy","Arrondissement Virton","Arrondissement de Virton","Provincie Luxemburg","Province du Luxembourg","Waals Gewest","Région wallonne","6"
"2020-03-31","91005","Anhée","Anhée","Arrondissement Dinant","Arrondissement de Dinant","Provincie Namen","Province de Namur","Waals Gewest","Région wallonne","<5"
"2020-03-31","91013","Beauraing","Beauraing","Arrondissement Dinant","Arrondissement de Dinant","Provincie Namen","Province de Namur","Waals Gewest","Région wallonne","<5"
"2020-03-31","91030","Ciney","Ciney","Arrondissement Dinant","Arrondissement de Dinant","Provincie Namen","Province de Namur","Waals Gewest","Région wallonne","<5"
"2020-03-31","91054","Gedinne","Gedinne","Arrondissement Dinant","Arrondissement de Dinant","Provincie Namen","Province de Namur","Waals Gewest","Région wallonne","<5"
"2020-03-31","91059","Hamois","Hamois","Arrondissement Dinant","Arrondissement de Dinant","Provincie Namen","Province de Namur","Waals Gewest","Région wallonne","<5"
"2020-03-31","91064","Havelange","Havelange","Arrondissement Dinant","Arrondissement de Dinant","Provincie Namen","Province de Namur","Waals Gewest","Région wallonne","<5"
"2020-03-31","91120","Somme-Leuze","Somme-Leuze","Arrondissement Dinant","Arrondissement de Dinant","Provincie Namen","Province de Namur","Waals Gewest","Région wallonne","<5"
"2020-03-31","92003","Andenne","Andenne","Arrondissement Namen","Arrondissement de Namur","Provincie Namen","Province de Namur","Waals Gewest","Région wallonne","<5"
"2020-03-31","92006","Assesse","Assesse","Arrondissement Namen","Arrondissement de Namur","Provincie Namen","Province de Namur","Waals Gewest","Région wallonne","<5"
"2020-03-31","92035","Eghezée","Eghezée","Arrondissement Namen","Arrondissement de Namur","Provincie Namen","Province de Namur","Waals Gewest","Région wallonne","<5"
"2020-03-31","92045","Floreffe","Floreffe","Arrondissement Namen","Arrondissement de Namur","Provincie Namen","Province de Namur","Waals Gewest","Région wallonne","<5"
"2020-03-31","92087","Mettet","Mettet","Arrondissement Namen","Arrondissement de Namur","Provincie Namen","Province de Namur","Waals Gewest","Région wallonne","<5"
"2020-03-31","92094","Namen","Namur","Arrondissement Namen","Arrondissement de Namur","Provincie Namen","Province de Namur","Waals Gewest","Région wallonne","9"
"2020-03-31","92097","Ohey","Ohey","Arrondissement Namen","Arrondissement de Namur","Provincie Namen","Province de Namur","Waals Gewest","Région wallonne","<5"
"2020-03-31","92101","Profondeville","Profondeville","Arrondissement Namen","Arrondissement de Namur","Provincie Namen","Province de Namur","Waals Gewest","Région wallonne","<5"
"2020-03-31","92114","Sombreffe","Sombreffe","Arrondissement Namen","Arrondissement de Namur","Provincie Namen","Province de Namur","Waals Gewest","Région wallonne","<5"
"2020-03-31","92137","Sambreville","Sambreville","Arrondissement Namen","Arrondissement de Namur","Provincie Namen","Province de Namur","Waals Gewest","Région wallonne","5"
"2020-03-31","92140","Jemeppe-sur-Sambre","Jemeppe-sur-Sambre","Arrondissement Namen","Arrondissement de Namur","Provincie Namen","Province de Namur","Waals Gewest","Région wallonne","<5"
"2020-03-31","92141","La Bruyère","La Bruyère","Arrondissement Namen","Arrondissement de Namur","Provincie Namen","Province de Namur","Waals Gewest","Région wallonne","<5"
"2020-03-31","92142","Gembloux","Gembloux","Arrondissement Namen","Arrondissement de Namur","Provincie Namen","Province de Namur","Waals Gewest","Région wallonne","5"
"2020-03-31","93014","Couvin","Couvin","Arrondissement Philippeville","Arrondissement de Philippeville","Provincie Namen","Province de Namur","Waals Gewest","Région wallonne","<5"
"2020-03-31","93090","Viroinval","Viroinval","Arrondissement Philippeville","Arrondissement de Philippeville","Provincie Namen","Province de Namur","Waals Gewest","Région wallonne","<5"
"2020-03-31",NA,NA,NA,NA,NA,NA,NA,NA,NA,"18"
"2020-04-01","11002","Antwerpen","Anvers","Arrondissement Antwerpen","Arrondissement d’Anvers","Provincie Antwerpen","Province d’Anvers","Vlaams Gewest","Région flamande","54"
"2020-04-01","11004","Boechout","Boechout","Arrondissement Antwerpen","Arrondissement d’Anvers","Provincie Antwerpen","Province d’Anvers","Vlaams Gewest","Région flamande","<5"
"2020-04-01","11005","Boom","Boom","Arrondissement Antwerpen","Arrondissement d’Anvers","Provincie Antwerpen","Province d’Anvers","Vlaams Gewest","Région flamande","<5"
"2020-04-01","11007","Borsbeek","Borsbeek","Arrondissement Antwerpen","Arrondissement d’Anvers","Provincie Antwerpen","Province d’Anvers","Vlaams Gewest","Région flamande","<5"
"2020-04-01","11008","Brasschaat","Brasschaat","Arrondissement Antwerpen","Arrondissement d’Anvers","Provincie Antwerpen","Province d’Anvers","Vlaams Gewest","Région flamande","<5"
"2020-04-01","11009","Brecht","Brecht","Arrondissement Antwerpen","Arrondissement d’Anvers","Provincie Antwerpen","Province d’Anvers","Vlaams Gewest","Région flamande","<5"
"2020-04-01","11013","Edegem","Edegem","Arrondissement Antwerpen","Arrondissement d’Anvers","Provincie Antwerpen","Province d’Anvers","Vlaams Gewest","Région flamande","<5"
"2020-04-01","11018","Hemiksem","Hemiksem","Arrondissement Antwerpen","Arrondissement d’Anvers","Provincie Antwerpen","Province d’Anvers","Vlaams Gewest","Région flamande","<5"
"2020-04-01","11022","Kalmthout","Kalmthout","Arrondissement Antwerpen","Arrondissement d’Anvers","Provincie Antwerpen","Province d’Anvers","Vlaams Gewest","Région flamande","<5"
"2020-04-01","11023","Kapellen (Antwerpen)","Kapellen (Anvers)","Arrondissement Antwerpen","Arrondissement d’Anvers","Provincie Antwerpen","Province d’Anvers","Vlaams Gewest","Région flamande","7"
"2020-04-01","11025","Lint","Lint","Arrondissement Antwerpen","Arrondissement d’Anvers","Provincie Antwerpen","Province d’Anvers","Vlaams Gewest","Région flamande","<5"
"2020-04-01","11029","Mortsel","Mortsel","Arrondissement Antwerpen","Arrondissement d’Anvers","Provincie Antwerpen","Province d’Anvers","Vlaams Gewest","Région flamande","<5"
"2020-04-01","11035","Ranst","Ranst","Arrondissement Antwerpen","Arrondissement d’Anvers","Provincie Antwerpen","Province d’Anvers","Vlaams Gewest","Région flamande","<5"
"2020-04-01","11038","Schelle","Schelle","Arrondissement Antwerpen","Arrondissement d’Anvers","Provincie Antwerpen","Province d’Anvers","Vlaams Gewest","Région flamande","<5"
"2020-04-01","11039","Schilde","Schilde","Arrondissement Antwerpen","Arrondissement d’Anvers","Provincie Antwerpen","Province d’Anvers","Vlaams Gewest","Région flamande","5"
"2020-04-01","11044","Stabroek","Stabroek","Arrondissement Antwerpen","Arrondissement d’Anvers","Provincie Antwerpen","Province d’Anvers","Vlaams Gewest","Région flamande","<5"
"2020-04-01","11050","Wijnegem","Wijnegem","Arrondissement Antwerpen","Arrondissement d’Anvers","Provincie Antwerpen","Province d’Anvers","Vlaams Gewest","Région flamande","<5"
"2020-04-01","11052","Wommelgem","Wommelgem","Arrondissement Antwerpen","Arrondissement d’Anvers","Provincie Antwerpen","Province d’Anvers","Vlaams Gewest","Région flamande","<5"
"2020-04-01","11055","Zoersel","Zoersel","Arrondissement Antwerpen","Arrondissement d’Anvers","Provincie Antwerpen","Province d’Anvers","Vlaams Gewest","Région flamande","<5"
"2020-04-01","11056","Zwijndrecht","Zwijndrecht","Arrondissement Antwerpen","Arrondissement d’Anvers","Provincie Antwerpen","Province d’Anvers","Vlaams Gewest","Région flamande","<5"
"2020-04-01","12002","Berlaar","Berlaar","Arrondissement Mechelen","Arrondissement de Malines","Provincie Antwerpen","Province d’Anvers","Vlaams Gewest","Région flamande","<5"
"2020-04-01","12007","Bornem","Bornem","Arrondissement Mechelen","Arrondissement de Malines","Provincie Antwerpen","Province d’Anvers","Vlaams Gewest","Région flamande","<5"
"2020-04-01","12014","Heist-op-den-Berg","Heist-op-den-Berg","Arrondissement Mechelen","Arrondissement de Malines","Provincie Antwerpen","Province d’Anvers","Vlaams Gewest","Région flamande","5"
"2020-04-01","12021","Lier","Lierre","Arrondissement Mechelen","Arrondissement de Malines","Provincie Antwerpen","Province d’Anvers","Vlaams Gewest","Région flamande","<5"
"2020-04-01","12025","Mechelen","Malines","Arrondissement Mechelen","Arrondissement de Malines","Provincie Antwerpen","Province d’Anvers","Vlaams Gewest","Région flamande","12"
"2020-04-01","12026","Nijlen","Nijlen","Arrondissement Mechelen","Arrondissement de Malines","Provincie Antwerpen","Province d’Anvers","Vlaams Gewest","Région flamande","<5"
"2020-04-01","12035","Sint-Katelijne-Waver","Sint-Katelijne-Waver","Arrondissement Mechelen","Arrondissement de Malines","Provincie Antwerpen","Province d’Anvers","Vlaams Gewest","Région flamande","<5"
"2020-04-01","12040","Willebroek","Willebroek","Arrondissement Mechelen","Arrondissement de Malines","Provincie Antwerpen","Province d’Anvers","Vlaams Gewest","Région flamande","<5"
"2020-04-01","12041","Puurs-Sint-Amands","Puurs-Sint-Amands","Arrondissement Mechelen","Arrondissement de Malines","Provincie Antwerpen","Province d’Anvers","Vlaams Gewest","Région flamande","<5"
"2020-04-01","13001","Arendonk","Arendonk","Arrondissement Turnhout","Arrondissement de Turnhout","Provincie Antwerpen","Province d’Anvers","Vlaams Gewest","Région flamande","<5"
"2020-04-01","13003","Balen","Balen","Arrondissement Turnhout","Arrondissement de Turnhout","Provincie Antwerpen","Province d’Anvers","Vlaams Gewest","Région flamande","<5"
"2020-04-01","13004","Beerse","Beerse","Arrondissement Turnhout","Arrondissement de Turnhout","Provincie Antwerpen","Province d’Anvers","Vlaams Gewest","Région flamande","<5"
"2020-04-01","13006","Dessel","Dessel","Arrondissement Turnhout","Arrondissement de Turnhout","Provincie Antwerpen","Province d’Anvers","Vlaams Gewest","Région flamande","<5"
"2020-04-01","13008","Geel","Geel","Arrondissement Turnhout","Arrondissement de Turnhout","Provincie Antwerpen","Province d’Anvers","Vlaams Gewest","Région flamande","6"
"2020-04-01","13011","Herentals","Herentals","Arrondissement Turnhout","Arrondissement de Turnhout","Provincie Antwerpen","Province d’Anvers","Vlaams Gewest","Région flamande","6"
"2020-04-01","13012","Herenthout","Herenthout","Arrondissement Turnhout","Arrondissement de Turnhout","Provincie Antwerpen","Province d’Anvers","Vlaams Gewest","Région flamande","<5"
"2020-04-01","13013","Herselt","Herselt","Arrondissement Turnhout","Arrondissement de Turnhout","Provincie Antwerpen","Province d’Anvers","Vlaams Gewest","Région flamande","<5"
"2020-04-01","13016","Hulshout","Hulshout","Arrondissement Turnhout","Arrondissement de Turnhout","Provincie Antwerpen","Province d’Anvers","Vlaams Gewest","Région flamande","<5"
"2020-04-01","13017","Kasterlee","Kasterlee","Arrondissement Turnhout","Arrondissement de Turnhout","Provincie Antwerpen","Province d’Anvers","Vlaams Gewest","Région flamande","<5"
"2020-04-01","13019","Lille","Lille","Arrondissement Turnhout","Arrondissement de Turnhout","Provincie Antwerpen","Province d’Anvers","Vlaams Gewest","Région flamande","<5"
"2020-04-01","13025","Mol","Mol","Arrondissement Turnhout","Arrondissement de Turnhout","Provincie Antwerpen","Province d’Anvers","Vlaams Gewest","Région flamande","<5"
"2020-04-01","13029","Olen","Olen","Arrondissement Turnhout","Arrondissement de Turnhout","Provincie Antwerpen","Province d’Anvers","Vlaams Gewest","Région flamande","<5"
"2020-04-01","13035","Ravels","Ravels","Arrondissement Turnhout","Arrondissement de Turnhout","Provincie Antwerpen","Province d’Anvers","Vlaams Gewest","Région flamande","<5"
"2020-04-01","13036","Retie","Retie","Arrondissement Turnhout","Arrondissement de Turnhout","Provincie Antwerpen","Province d’Anvers","Vlaams Gewest","Région flamande","<5"
"2020-04-01","13037","Rijkevorsel","Rijkevorsel","Arrondissement Turnhout","Arrondissement de Turnhout","Provincie Antwerpen","Province d’Anvers","Vlaams Gewest","Région flamande","<5"
"2020-04-01","13040","Turnhout","Turnhout","Arrondissement Turnhout","Arrondissement de Turnhout","Provincie Antwerpen","Province d’Anvers","Vlaams Gewest","Région flamande","5"
"2020-04-01","13044","Vorselaar","Vorselaar","Arrondissement Turnhout","Arrondissement de Turnhout","Provincie Antwerpen","Province d’Anvers","Vlaams Gewest","Région flamande","<5"
"2020-04-01","13053","Laakdal","Laakdal","Arrondissement Turnhout","Arrondissement de Turnhout","Provincie Antwerpen","Province d’Anvers","Vlaams Gewest","Région flamande","<5"
"2020-04-01","21001","Anderlecht","Anderlecht","Arrondissement Brussel-Hoofdstad","Arrondissement de Bruxelles-Capitale",NA,NA,"Brussels Hoofdstedelijk Gewest","Région de Bruxelles-Capitale","26"
"2020-04-01","21003","Sint-Agatha-Berchem","Berchem-Sainte-Agathe","Arrondissement Brussel-Hoofdstad","Arrondissement de Bruxelles-Capitale",NA,NA,"Brussels Hoofdstedelijk Gewest","Région de Bruxelles-Capitale","5"
"2020-04-01","21004","Brussel","Bruxelles","Arrondissement Brussel-Hoofdstad","Arrondissement de Bruxelles-Capitale",NA,NA,"Brussels Hoofdstedelijk Gewest","Région de Bruxelles-Capitale","19"
"2020-04-01","21005","Etterbeek","Etterbeek","Arrondissement Brussel-Hoofdstad","Arrondissement de Bruxelles-Capitale",NA,NA,"Brussels Hoofdstedelijk Gewest","Région de Bruxelles-Capitale","<5"
"2020-04-01","21006","Evere","Evere","Arrondissement Brussel-Hoofdstad","Arrondissement de Bruxelles-Capitale",NA,NA,"Brussels Hoofdstedelijk Gewest","Région de Bruxelles-Capitale","5"
"2020-04-01","21007","Vorst (Brussel-Hoofdstad)","Forest (Bruxelles-Capitale)","Arrondissement Brussel-Hoofdstad","Arrondissement de Bruxelles-Capitale",NA,NA,"Brussels Hoofdstedelijk Gewest","Région de Bruxelles-Capitale","7"
"2020-04-01","21008","Ganshoren","Ganshoren","Arrondissement Brussel-Hoofdstad","Arrondissement de Bruxelles-Capitale",NA,NA,"Brussels Hoofdstedelijk Gewest","Région de Bruxelles-Capitale","8"
"2020-04-01","21009","Elsene","Ixelles","Arrondissement Brussel-Hoofdstad","Arrondissement de Bruxelles-Capitale",NA,NA,"Brussels Hoofdstedelijk Gewest","Région de Bruxelles-Capitale","18"
"2020-04-01","21010","Jette","Jette","Arrondissement Brussel-Hoofdstad","Arrondissement de Bruxelles-Capitale",NA,NA,"Brussels Hoofdstedelijk Gewest","Région de Bruxelles-Capitale","8"
"2020-04-01","21011","Koekelberg","Koekelberg","Arrondissement Brussel-Hoofdstad","Arrondissement de Bruxelles-Capitale",NA,NA,"Brussels Hoofdstedelijk Gewest","Région de Bruxelles-Capitale","<5"
"2020-04-01","21012","Sint-Jans-Molenbeek","Molenbeek-Saint-Jean","Arrondissement Brussel-Hoofdstad","Arrondissement de Bruxelles-Capitale",NA,NA,"Brussels Hoofdstedelijk Gewest","Région de Bruxelles-Capitale","8"
"2020-04-01","21013","Sint-Gillis","Saint-Gilles","Arrondissement Brussel-Hoofdstad","Arrondissement de Bruxelles-Capitale",NA,NA,"Brussels Hoofdstedelijk Gewest","Région de Bruxelles-Capitale","<5"
"2020-04-01","21014","Sint-Joost-ten-Node","Saint-Josse-ten-Noode","Arrondissement Brussel-Hoofdstad","Arrondissement de Bruxelles-Capitale",NA,NA,"Brussels Hoofdstedelijk Gewest","Région de Bruxelles-Capitale","<5"
"2020-04-01","21015","Schaarbeek","Schaerbeek","Arrondissement Brussel-Hoofdstad","Arrondissement de Bruxelles-Capitale",NA,NA,"Brussels Hoofdstedelijk Gewest","Région de Bruxelles-Capitale","15"
"2020-04-01","21016","Ukkel","Uccle","Arrondissement Brussel-Hoofdstad","Arrondissement de Bruxelles-Capitale",NA,NA,"Brussels Hoofdstedelijk Gewest","Région de Bruxelles-Capitale","<5"
"2020-04-01","21017","Watermaal-Bosvoorde","Watermael-Boitsfort","Arrondissement Brussel-Hoofdstad","Arrondissement de Bruxelles-Capitale",NA,NA,"Brussels Hoofdstedelijk Gewest","Région de Bruxelles-Capitale","6"
"2020-04-01","21018","Sint-Lambrechts-Woluwe","Woluwe-Saint-Lambert","Arrondissement Brussel-Hoofdstad","Arrondissement de Bruxelles-Capitale",NA,NA,"Brussels Hoofdstedelijk Gewest","Région de Bruxelles-Capitale","<5"
"2020-04-01","21019","Sint-Pieters-Woluwe","Woluwe-Saint-Pierre","Arrondissement Brussel-Hoofdstad","Arrondissement de Bruxelles-Capitale",NA,NA,"Brussels Hoofdstedelijk Gewest","Région de Bruxelles-Capitale","5"
"2020-04-01","23002","Asse","Asse","Arrondissement Halle-Vilvoorde","Arrondissement de Hal-Vilvorde","Provincie Vlaams-Brabant","Province du Brabant flamand","Vlaams Gewest","Région flamande","<5"
"2020-04-01","23003","Beersel","Beersel","Arrondissement Halle-Vilvoorde","Arrondissement de Hal-Vilvorde","Provincie Vlaams-Brabant","Province du Brabant flamand","Vlaams Gewest","Région flamande","6"
"2020-04-01","23016","Dilbeek","Dilbeek","Arrondissement Halle-Vilvoorde","Arrondissement de Hal-Vilvorde","Provincie Vlaams-Brabant","Province du Brabant flamand","Vlaams Gewest","Région flamande","<5"
"2020-04-01","23023","Galmaarden","Gammerages","Arrondissement Halle-Vilvoorde","Arrondissement de Hal-Vilvorde","Provincie Vlaams-Brabant","Province du Brabant flamand","Vlaams Gewest","Région flamande","<5"
"2020-04-01","23024","Gooik","Gooik","Arrondissement Halle-Vilvoorde","Arrondissement de Hal-Vilvorde","Provincie Vlaams-Brabant","Province du Brabant flamand","Vlaams Gewest","Région flamande","<5"
"2020-04-01","23025","Grimbergen","Grimbergen","Arrondissement Halle-Vilvoorde","Arrondissement de Hal-Vilvorde","Provincie Vlaams-Brabant","Province du Brabant flamand","Vlaams Gewest","Région flamande","<5"
"2020-04-01","23027","Halle (Halle-Vilvoorde)","Hal (Hal-Vilvorde)","Arrondissement Halle-Vilvoorde","Arrondissement de Hal-Vilvorde","Provincie Vlaams-Brabant","Province du Brabant flamand","Vlaams Gewest","Région flamande","10"
"2020-04-01","23033","Hoeilaart","Hoeilaart","Arrondissement Halle-Vilvoorde","Arrondissement de Hal-Vilvorde","Provincie Vlaams-Brabant","Province du Brabant flamand","Vlaams Gewest","Région flamande","<5"
"2020-04-01","23038","Kampenhout","Kampenhout","Arrondissement Halle-Vilvoorde","Arrondissement de Hal-Vilvorde","Provincie Vlaams-Brabant","Province du Brabant flamand","Vlaams Gewest","Région flamande","<5"
"2020-04-01","23039","Kapelle-op-den-Bos","Kapelle-op-den-Bos","Arrondissement Halle-Vilvoorde","Arrondissement de Hal-Vilvorde","Provincie Vlaams-Brabant","Province du Brabant flamand","Vlaams Gewest","Région flamande","<5"
"2020-04-01","23044","Liedekerke","Liedekerke","Arrondissement Halle-Vilvoorde","Arrondissement de Hal-Vilvorde","Provincie Vlaams-Brabant","Province du Brabant flamand","Vlaams Gewest","Région flamande","<5"
"2020-04-01","23045","Londerzeel","Londerzeel","Arrondissement Halle-Vilvoorde","Arrondissement de Hal-Vilvorde","Provincie Vlaams-Brabant","Province du Brabant flamand","Vlaams Gewest","Région flamande","<5"
"2020-04-01","23047","Machelen (Halle-Vilvoorde)","Machelen (Hal-Vilvorde)","Arrondissement Halle-Vilvoorde","Arrondissement de Hal-Vilvorde","Provincie Vlaams-Brabant","Province du Brabant flamand","Vlaams Gewest","Région flamande","<5"
"2020-04-01","23050","Meise","Meise","Arrondissement Halle-Vilvoorde","Arrondissement de Hal-Vilvorde","Provincie Vlaams-Brabant","Province du Brabant flamand","Vlaams Gewest","Région flamande","<5"
"2020-04-01","23052","Merchtem","Merchtem","Arrondissement Halle-Vilvoorde","Arrondissement de Hal-Vilvorde","Provincie Vlaams-Brabant","Province du Brabant flamand","Vlaams Gewest","Région flamande","<5"
"2020-04-01","23060","Opwijk","Opwijk","Arrondissement Halle-Vilvoorde","Arrondissement de Hal-Vilvorde","Provincie Vlaams-Brabant","Province du Brabant flamand","Vlaams Gewest","Région flamande","<5"
"2020-04-01","23062","Overijse","Overijse","Arrondissement Halle-Vilvoorde","Arrondissement de Hal-Vilvorde","Provincie Vlaams-Brabant","Province du Brabant flamand","Vlaams Gewest","Région flamande","<5"
"2020-04-01","23077","Sint-Pieters-Leeuw","Sint-Pieters-Leeuw","Arrondissement Halle-Vilvoorde","Arrondissement de Hal-Vilvorde","Provincie Vlaams-Brabant","Province du Brabant flamand","Vlaams Gewest","Région flamande","<5"
"2020-04-01","23086","Ternat","Ternat","Arrondissement Halle-Vilvoorde","Arrondissement de Hal-Vilvorde","Provincie Vlaams-Brabant","Province du Brabant flamand","Vlaams Gewest","Région flamande","<5"
"2020-04-01","23088","Vilvoorde","Vilvorde","Arrondissement Halle-Vilvoorde","Arrondissement de Hal-Vilvorde","Provincie Vlaams-Brabant","Province du Brabant flamand","Vlaams Gewest","Région flamande","8"
"2020-04-01","23094","Zaventem","Zaventem","Arrondissement Halle-Vilvoorde","Arrondissement de Hal-Vilvorde","Provincie Vlaams-Brabant","Province du Brabant flamand","Vlaams Gewest","Région flamande","<5"
"2020-04-01","23096","Zemst","Zemst","Arrondissement Halle-Vilvoorde","Arrondissement de Hal-Vilvorde","Provincie Vlaams-Brabant","Province du Brabant flamand","Vlaams Gewest","Région flamande","<5"
"2020-04-01","23097","Roosdaal","Roosdaal","Arrondissement Halle-Vilvoorde","Arrondissement de Hal-Vilvorde","Provincie Vlaams-Brabant","Province du Brabant flamand","Vlaams Gewest","Région flamande","<5"
"2020-04-01","23101","Sint-Genesius-Rode","Rhode-Saint-Genèse","Arrondissement Halle-Vilvoorde","Arrondissement de Hal-Vilvorde","Provincie Vlaams-Brabant","Province du Brabant flamand","Vlaams Gewest","Région flamande","<5"
"2020-04-01","23102","Wemmel","Wemmel","Arrondissement Halle-Vilvoorde","Arrondissement de Hal-Vilvorde","Provincie Vlaams-Brabant","Province du Brabant flamand","Vlaams Gewest","Région flamande","<5"
"2020-04-01","23103","Wezembeek-Oppem","Wezembeek-Oppem","Arrondissement Halle-Vilvoorde","Arrondissement de Hal-Vilvorde","Provincie Vlaams-Brabant","Province du Brabant flamand","Vlaams Gewest","Région flamande","<5"
"2020-04-01","23104","Lennik","Lennik","Arrondissement Halle-Vilvoorde","Arrondissement de Hal-Vilvorde","Provincie Vlaams-Brabant","Province du Brabant flamand","Vlaams Gewest","Région flamande","<5"
"2020-04-01","23105","Affligem","Affligem","Arrondissement Halle-Vilvoorde","Arrondissement de Hal-Vilvorde","Provincie Vlaams-Brabant","Province du Brabant flamand","Vlaams Gewest","Région flamande","<5"
"2020-04-01","24001","Aarschot","Aarschot","Arrondissement Leuven","Arrondissement de Louvain","Provincie Vlaams-Brabant","Province du Brabant flamand","Vlaams Gewest","Région flamande","<5"
"2020-04-01","24011","Bierbeek","Bierbeek","Arrondissement Leuven","Arrondissement de Louvain","Provincie Vlaams-Brabant","Province du Brabant flamand","Vlaams Gewest","Région flamande","<5"
"2020-04-01","24020","Diest","Diest","Arrondissement Leuven","Arrondissement de Louvain","Provincie Vlaams-Brabant","Province du Brabant flamand","Vlaams Gewest","Région flamande","<5"
"2020-04-01","24028","Geetbets","Geetbets","Arrondissement Leuven","Arrondissement de Louvain","Provincie Vlaams-Brabant","Province du Brabant flamand","Vlaams Gewest","Région flamande","6"
"2020-04-01","24041","Hoegaarden","Hoegaarden","Arrondissement Leuven","Arrondissement de Louvain","Provincie Vlaams-Brabant","Province du Brabant flamand","Vlaams Gewest","Région flamande","<5"
"2020-04-01","24043","Holsbeek","Holsbeek","Arrondissement Leuven","Arrondissement de Louvain","Provincie Vlaams-Brabant","Province du Brabant flamand","Vlaams Gewest","Région flamande","<5"
"2020-04-01","24045","Huldenberg","Huldenberg","Arrondissement Leuven","Arrondissement de Louvain","Provincie Vlaams-Brabant","Province du Brabant flamand","Vlaams Gewest","Région flamande","<5"
"2020-04-01","24048","Keerbergen","Keerbergen","Arrondissement Leuven","Arrondissement de Louvain","Provincie Vlaams-Brabant","Province du Brabant flamand","Vlaams Gewest","Région flamande","5"
"2020-04-01","24054","Kortenaken","Kortenaken","Arrondissement Leuven","Arrondissement de Louvain","Provincie Vlaams-Brabant","Province du Brabant flamand","Vlaams Gewest","Région flamande","7"
"2020-04-01","24055","Kortenberg","Kortenberg","Arrondissement Leuven","Arrondissement de Louvain","Provincie Vlaams-Brabant","Province du Brabant flamand","Vlaams Gewest","Région flamande","<5"
"2020-04-01","24059","Landen","Landen","Arrondissement Leuven","Arrondissement de Louvain","Provincie Vlaams-Brabant","Province du Brabant flamand","Vlaams Gewest","Région flamande","<5"
"2020-04-01","24062","Leuven","Louvain","Arrondissement Leuven","Arrondissement de Louvain","Provincie Vlaams-Brabant","Province du Brabant flamand","Vlaams Gewest","Région flamande","14"
"2020-04-01","24066","Lubbeek","Lubbeek","Arrondissement Leuven","Arrondissement de Louvain","Provincie Vlaams-Brabant","Province du Brabant flamand","Vlaams Gewest","Région flamande","<5"
"2020-04-01","24086","Oud-Heverlee","Oud-Heverlee","Arrondissement Leuven","Arrondissement de Louvain","Provincie Vlaams-Brabant","Province du Brabant flamand","Vlaams Gewest","Région flamande","<5"
"2020-04-01","24094","Rotselaar","Rotselaar","Arrondissement Leuven","Arrondissement de Louvain","Provincie Vlaams-Brabant","Province du Brabant flamand","Vlaams Gewest","Région flamande","<5"
"2020-04-01","24104","Tervuren","Tervuren","Arrondissement Leuven","Arrondissement de Louvain","Provincie Vlaams-Brabant","Province du Brabant flamand","Vlaams Gewest","Région flamande","<5"
"2020-04-01","24107","Tienen","Tirlemont","Arrondissement Leuven","Arrondissement de Louvain","Provincie Vlaams-Brabant","Province du Brabant flamand","Vlaams Gewest","Région flamande","7"
"2020-04-01","24130","Zoutleeuw","Léau","Arrondissement Leuven","Arrondissement de Louvain","Provincie Vlaams-Brabant","Province du Brabant flamand","Vlaams Gewest","Région flamande","5"
"2020-04-01","24133","Linter","Linter","Arrondissement Leuven","Arrondissement de Louvain","Provincie Vlaams-Brabant","Province du Brabant flamand","Vlaams Gewest","Région flamande","<5"
"2020-04-01","24134","Scherpenheuvel-Zichem","Montaigu-Zichem","Arrondissement Leuven","Arrondissement de Louvain","Provincie Vlaams-Brabant","Province du Brabant flamand","Vlaams Gewest","Région flamande","<5"
"2020-04-01","24137","Glabbeek","Glabbeek","Arrondissement Leuven","Arrondissement de Louvain","Provincie Vlaams-Brabant","Province du Brabant flamand","Vlaams Gewest","Région flamande","<5"
"2020-04-01","25014","Eigenbrakel","Braine-l’Alleud","Arrondissement Nijvel","Arrondissement de Nivelles","Provincie Waals-Brabant","Province du Brabant wallon","Waals Gewest","Région wallonne","<5"
"2020-04-01","25018","Chaumont-Gistoux","Chaumont-Gistoux","Arrondissement Nijvel","Arrondissement de Nivelles","Provincie Waals-Brabant","Province du Brabant wallon","Waals Gewest","Région wallonne","<5"
"2020-04-01","25031","Genepiën","Genappe","Arrondissement Nijvel","Arrondissement de Nivelles","Provincie Waals-Brabant","Province du Brabant wallon","Waals Gewest","Région wallonne","<5"
"2020-04-01","25048","Geldenaken","Jodoigne","Arrondissement Nijvel","Arrondissement de Nivelles","Provincie Waals-Brabant","Province du Brabant wallon","Waals Gewest","Région wallonne","<5"
"2020-04-01","25050","Terhulpen","La Hulpe","Arrondissement Nijvel","Arrondissement de Nivelles","Provincie Waals-Brabant","Province du Brabant wallon","Waals Gewest","Région wallonne","<5"
"2020-04-01","25072","Nijvel","Nivelles","Arrondissement Nijvel","Arrondissement de Nivelles","Provincie Waals-Brabant","Province du Brabant wallon","Waals Gewest","Région wallonne","<5"
"2020-04-01","25091","Rixensart","Rixensart","Arrondissement Nijvel","Arrondissement de Nivelles","Provincie Waals-Brabant","Province du Brabant wallon","Waals Gewest","Région wallonne","6"
"2020-04-01","25105","Tubeke","Tubize","Arrondissement Nijvel","Arrondissement de Nivelles","Provincie Waals-Brabant","Province du Brabant wallon","Waals Gewest","Région wallonne","<5"
"2020-04-01","25110","Waterloo","Waterloo","Arrondissement Nijvel","Arrondissement de Nivelles","Provincie Waals-Brabant","Province du Brabant wallon","Waals Gewest","Région wallonne","5"
"2020-04-01","25112","Waver","Wavre","Arrondissement Nijvel","Arrondissement de Nivelles","Provincie Waals-Brabant","Province du Brabant wallon","Waals Gewest","Région wallonne","7"
"2020-04-01","25122","Ramillies","Ramillies","Arrondissement Nijvel","Arrondissement de Nivelles","Provincie Waals-Brabant","Province du Brabant wallon","Waals Gewest","Région wallonne","<5"
"2020-04-01","25123","Rebecq","Rebecq","Arrondissement Nijvel","Arrondissement de Nivelles","Provincie Waals-Brabant","Province du Brabant wallon","Waals Gewest","Région wallonne","<5"
"2020-04-01","25124","Walhain","Walhain","Arrondissement Nijvel","Arrondissement de Nivelles","Provincie Waals-Brabant","Province du Brabant wallon","Waals Gewest","Région wallonne","<5"
"2020-04-01","31003","Beernem","Beernem","Arrondissement Brugge","Arrondissement de Bruges","Provincie West-Vlaanderen","Province de Flandre occidentale","Vlaams Gewest","Région flamande","<5"
"2020-04-01","31004","Blankenberge","Blankenberge","Arrondissement Brugge","Arrondissement de Bruges","Provincie West-Vlaanderen","Province de Flandre occidentale","Vlaams Gewest","Région flamande","<5"
"2020-04-01","31005","Brugge","Bruges","Arrondissement Brugge","Arrondissement de Bruges","Provincie West-Vlaanderen","Province de Flandre occidentale","Vlaams Gewest","Région flamande","15"
"2020-04-01","31006","Damme","Damme","Arrondissement Brugge","Arrondissement de Bruges","Provincie West-Vlaanderen","Province de Flandre occidentale","Vlaams Gewest","Région flamande","<5"
"2020-04-01","31022","Oostkamp","Oostkamp","Arrondissement Brugge","Arrondissement de Bruges","Provincie West-Vlaanderen","Province de Flandre occidentale","Vlaams Gewest","Région flamande","<5"
"2020-04-01","31033","Torhout","Torhout","Arrondissement Brugge","Arrondissement de Bruges","Provincie West-Vlaanderen","Province de Flandre occidentale","Vlaams Gewest","Région flamande","<5"
"2020-04-01","31040","Zedelgem","Zedelgem","Arrondissement Brugge","Arrondissement de Bruges","Provincie West-Vlaanderen","Province de Flandre occidentale","Vlaams Gewest","Région flamande","<5"
"2020-04-01","31043","Knokke-Heist","Knokke-Heist","Arrondissement Brugge","Arrondissement de Bruges","Provincie West-Vlaanderen","Province de Flandre occidentale","Vlaams Gewest","Région flamande","6"
"2020-04-01","32003","Diksmuide","Dixmude","Arrondissement Diksmuide","Arrondissement de Dixmude","Provincie West-Vlaanderen","Province de Flandre occidentale","Vlaams Gewest","Région flamande","<5"
"2020-04-01","32006","Houthulst","Houthulst","Arrondissement Diksmuide","Arrondissement de Dixmude","Provincie West-Vlaanderen","Province de Flandre occidentale","Vlaams Gewest","Région flamande","<5"
"2020-04-01","32011","Kortemark","Kortemark","Arrondissement Diksmuide","Arrondissement de Dixmude","Provincie West-Vlaanderen","Province de Flandre occidentale","Vlaams Gewest","Région flamande","<5"
"2020-04-01","32030","Lo-Reninge","Lo-Reninge","Arrondissement Diksmuide","Arrondissement de Dixmude","Provincie West-Vlaanderen","Province de Flandre occidentale","Vlaams Gewest","Région flamande","<5"
"2020-04-01","33011","Ieper","Ypres","Arrondissement Ieper","Arrondissement d’Ypres","Provincie West-Vlaanderen","Province de Flandre occidentale","Vlaams Gewest","Région flamande","<5"
"2020-04-01","33021","Poperinge","Poperinge","Arrondissement Ieper","Arrondissement d’Ypres","Provincie West-Vlaanderen","Province de Flandre occidentale","Vlaams Gewest","Région flamande","6"
"2020-04-01","33029","Wervik","Wervik","Arrondissement Ieper","Arrondissement d’Ypres","Provincie West-Vlaanderen","Province de Flandre occidentale","Vlaams Gewest","Région flamande","<5"
"2020-04-01","33037","Zonnebeke","Zonnebeke","Arrondissement Ieper","Arrondissement d’Ypres","Provincie West-Vlaanderen","Province de Flandre occidentale","Vlaams Gewest","Région flamande","<5"
"2020-04-01","33040","Langemark-Poelkapelle","Langemark-Poelkapelle","Arrondissement Ieper","Arrondissement d’Ypres","Provincie West-Vlaanderen","Province de Flandre occidentale","Vlaams Gewest","Région flamande","<5"
"2020-04-01","34002","Anzegem","Anzegem","Arrondissement Kortrijk","Arrondissement de Courtrai","Provincie West-Vlaanderen","Province de Flandre occidentale","Vlaams Gewest","Région flamande","<5"
"2020-04-01","34003","Avelgem","Avelgem","Arrondissement Kortrijk","Arrondissement de Courtrai","Provincie West-Vlaanderen","Province de Flandre occidentale","Vlaams Gewest","Région flamande","<5"
"2020-04-01","34013","Harelbeke","Harelbeke","Arrondissement Kortrijk","Arrondissement de Courtrai","Provincie West-Vlaanderen","Province de Flandre occidentale","Vlaams Gewest","Région flamande","16"
"2020-04-01","34022","Kortrijk","Courtrai","Arrondissement Kortrijk","Arrondissement de Courtrai","Provincie West-Vlaanderen","Province de Flandre occidentale","Vlaams Gewest","Région flamande","9"
"2020-04-01","34023","Kuurne","Kuurne","Arrondissement Kortrijk","Arrondissement de Courtrai","Provincie West-Vlaanderen","Province de Flandre occidentale","Vlaams Gewest","Région flamande","<5"
"2020-04-01","34025","Lendelede","Lendelede","Arrondissement Kortrijk","Arrondissement de Courtrai","Provincie West-Vlaanderen","Province de Flandre occidentale","Vlaams Gewest","Région flamande","<5"
"2020-04-01","34027","Menen","Menin","Arrondissement Kortrijk","Arrondissement de Courtrai","Provincie West-Vlaanderen","Province de Flandre occidentale","Vlaams Gewest","Région flamande","5"
"2020-04-01","34040","Waregem","Waregem","Arrondissement Kortrijk","Arrondissement de Courtrai","Provincie West-Vlaanderen","Province de Flandre occidentale","Vlaams Gewest","Région flamande","5"
"2020-04-01","34041","Wevelgem","Wevelgem","Arrondissement Kortrijk","Arrondissement de Courtrai","Provincie West-Vlaanderen","Province de Flandre occidentale","Vlaams Gewest","Région flamande","<5"
"2020-04-01","34042","Zwevegem","Zwevegem","Arrondissement Kortrijk","Arrondissement de Courtrai","Provincie West-Vlaanderen","Province de Flandre occidentale","Vlaams Gewest","Région flamande","5"
"2020-04-01","35002","Bredene","Bredene","Arrondissement Oostende","Arrondissement d’Ostende","Provincie West-Vlaanderen","Province de Flandre occidentale","Vlaams Gewest","Région flamande","<5"
"2020-04-01","35006","Ichtegem","Ichtegem","Arrondissement Oostende","Arrondissement d’Ostende","Provincie West-Vlaanderen","Province de Flandre occidentale","Vlaams Gewest","Région flamande","<5"
"2020-04-01","35011","Middelkerke","Middelkerke","Arrondissement Oostende","Arrondissement d’Ostende","Provincie West-Vlaanderen","Province de Flandre occidentale","Vlaams Gewest","Région flamande","<5"
"2020-04-01","35013","Oostende","Ostende","Arrondissement Oostende","Arrondissement d’Ostende","Provincie West-Vlaanderen","Province de Flandre occidentale","Vlaams Gewest","Région flamande","<5"
"2020-04-01","35014","Oudenburg","Oudenburg","Arrondissement Oostende","Arrondissement d’Ostende","Provincie West-Vlaanderen","Province de Flandre occidentale","Vlaams Gewest","Région flamande","<5"
"2020-04-01","35029","De Haan","De Haan","Arrondissement Oostende","Arrondissement d’Ostende","Provincie West-Vlaanderen","Province de Flandre occidentale","Vlaams Gewest","Région flamande","<5"
"2020-04-01","36007","Ingelmunster","Ingelmunster","Arrondissement Roeselare","Arrondissement de Roulers","Provincie West-Vlaanderen","Province de Flandre occidentale","Vlaams Gewest","Région flamande","<5"
"2020-04-01","36008","Izegem","Izegem","Arrondissement Roeselare","Arrondissement de Roulers","Provincie West-Vlaanderen","Province de Flandre occidentale","Vlaams Gewest","Région flamande","6"
"2020-04-01","36012","Moorslede","Moorslede","Arrondissement Roeselare","Arrondissement de Roulers","Provincie West-Vlaanderen","Province de Flandre occidentale","Vlaams Gewest","Région flamande","6"
"2020-04-01","36015","Roeselare","Roulers","Arrondissement Roeselare","Arrondissement de Roulers","Provincie West-Vlaanderen","Province de Flandre occidentale","Vlaams Gewest","Région flamande","9"
"2020-04-01","37002","Dentergem","Dentergem","Arrondissement Tielt","Arrondissement de Tielt","Provincie West-Vlaanderen","Province de Flandre occidentale","Vlaams Gewest","Région flamande","<5"
"2020-04-01","37010","Oostrozebeke","Oostrozebeke","Arrondissement Tielt","Arrondissement de Tielt","Provincie West-Vlaanderen","Province de Flandre occidentale","Vlaams Gewest","Région flamande","<5"
"2020-04-01","37012","Ruiselede","Ruiselede","Arrondissement Tielt","Arrondissement de Tielt","Provincie West-Vlaanderen","Province de Flandre occidentale","Vlaams Gewest","Région flamande","<5"
"2020-04-01","37015","Tielt (Tielt)","Tielt (Tielt)","Arrondissement Tielt","Arrondissement de Tielt","Provincie West-Vlaanderen","Province de Flandre occidentale","Vlaams Gewest","Région flamande","6"
"2020-04-01","37017","Wielsbeke","Wielsbeke","Arrondissement Tielt","Arrondissement de Tielt","Provincie West-Vlaanderen","Province de Flandre occidentale","Vlaams Gewest","Région flamande","<5"
"2020-04-01","37018","Wingene","Wingene","Arrondissement Tielt","Arrondissement de Tielt","Provincie West-Vlaanderen","Province de Flandre occidentale","Vlaams Gewest","Région flamande","<5"
"2020-04-01","37020","Ardooie","Ardooie","Arrondissement Tielt","Arrondissement de Tielt","Provincie West-Vlaanderen","Province de Flandre occidentale","Vlaams Gewest","Région flamande","<5"
"2020-04-01","38008","De Panne","La Panne","Arrondissement Veurne","Arrondissement de Furnes","Provincie West-Vlaanderen","Province de Flandre occidentale","Vlaams Gewest","Région flamande","<5"
"2020-04-01","38014","Koksijde","Koksijde","Arrondissement Veurne","Arrondissement de Furnes","Provincie West-Vlaanderen","Province de Flandre occidentale","Vlaams Gewest","Région flamande","<5"
"2020-04-01","38025","Veurne","Furnes","Arrondissement Veurne","Arrondissement de Furnes","Provincie West-Vlaanderen","Province de Flandre occidentale","Vlaams Gewest","Région flamande","<5"
"2020-04-01","41002","Aalst (Aalst)","Alost (Alost)","Arrondissement Aalst","Arrondissement d’Alost","Provincie Oost-Vlaanderen","Province de Flandre orientale","Vlaams Gewest","Région flamande","14"
"2020-04-01","41011","Denderleeuw","Denderleeuw","Arrondissement Aalst","Arrondissement d’Alost","Provincie Oost-Vlaanderen","Province de Flandre orientale","Vlaams Gewest","Région flamande","<5"
"2020-04-01","41018","Geraardsbergen","Grammont","Arrondissement Aalst","Arrondissement d’Alost","Provincie Oost-Vlaanderen","Province de Flandre orientale","Vlaams Gewest","Région flamande","<5"
"2020-04-01","41024","Haaltert","Haaltert","Arrondissement Aalst","Arrondissement d’Alost","Provincie Oost-Vlaanderen","Province de Flandre orientale","Vlaams Gewest","Région flamande","<5"
"2020-04-01","41027","Herzele","Herzele","Arrondissement Aalst","Arrondissement d’Alost","Provincie Oost-Vlaanderen","Province de Flandre orientale","Vlaams Gewest","Région flamande","<5"
"2020-04-01","41048","Ninove","Ninove","Arrondissement Aalst","Arrondissement d’Alost","Provincie Oost-Vlaanderen","Province de Flandre orientale","Vlaams Gewest","Région flamande","<5"
"2020-04-01","41081","Zottegem","Zottegem","Arrondissement Aalst","Arrondissement d’Alost","Provincie Oost-Vlaanderen","Province de Flandre orientale","Vlaams Gewest","Région flamande","<5"
"2020-04-01","41082","Erpe-Mere","Erpe-Mere","Arrondissement Aalst","Arrondissement d’Alost","Provincie Oost-Vlaanderen","Province de Flandre orientale","Vlaams Gewest","Région flamande","5"
"2020-04-01","42004","Buggenhout","Buggenhout","Arrondissement Dendermonde","Arrondissement de Termonde","Provincie Oost-Vlaanderen","Province de Flandre orientale","Vlaams Gewest","Région flamande","<5"
"2020-04-01","42006","Dendermonde","Termonde","Arrondissement Dendermonde","Arrondissement de Termonde","Provincie Oost-Vlaanderen","Province de Flandre orientale","Vlaams Gewest","Région flamande","<5"
"2020-04-01","42008","Hamme (Dendermonde)","Hamme (Termonde)","Arrondissement Dendermonde","Arrondissement de Termonde","Provincie Oost-Vlaanderen","Province de Flandre orientale","Vlaams Gewest","Région flamande","<5"
"2020-04-01","42010","Laarne","Laarne","Arrondissement Dendermonde","Arrondissement de Termonde","Provincie Oost-Vlaanderen","Province de Flandre orientale","Vlaams Gewest","Région flamande","<5"
"2020-04-01","42011","Lebbeke","Lebbeke","Arrondissement Dendermonde","Arrondissement de Termonde","Provincie Oost-Vlaanderen","Province de Flandre orientale","Vlaams Gewest","Région flamande","<5"
"2020-04-01","42025","Wetteren","Wetteren","Arrondissement Dendermonde","Arrondissement de Termonde","Provincie Oost-Vlaanderen","Province de Flandre orientale","Vlaams Gewest","Région flamande","<5"
"2020-04-01","42026","Wichelen","Wichelen","Arrondissement Dendermonde","Arrondissement de Termonde","Provincie Oost-Vlaanderen","Province de Flandre orientale","Vlaams Gewest","Région flamande","<5"
"2020-04-01","42028","Zele","Zele","Arrondissement Dendermonde","Arrondissement de Termonde","Provincie Oost-Vlaanderen","Province de Flandre orientale","Vlaams Gewest","Région flamande","<5"
"2020-04-01","43002","Assenede","Assenede","Arrondissement Eeklo","Arrondissement d’Eeklo","Provincie Oost-Vlaanderen","Province de Flandre orientale","Vlaams Gewest","Région flamande","<5"
"2020-04-01","43005","Eeklo","Eeklo","Arrondissement Eeklo","Arrondissement d’Eeklo","Provincie Oost-Vlaanderen","Province de Flandre orientale","Vlaams Gewest","Région flamande","<5"
"2020-04-01","43007","Kaprijke","Kaprijke","Arrondissement Eeklo","Arrondissement d’Eeklo","Provincie Oost-Vlaanderen","Province de Flandre orientale","Vlaams Gewest","Région flamande","<5"
"2020-04-01","43018","Zelzate","Zelzate","Arrondissement Eeklo","Arrondissement d’Eeklo","Provincie Oost-Vlaanderen","Province de Flandre orientale","Vlaams Gewest","Région flamande","<5"
"2020-04-01","44013","Destelbergen","Destelbergen","Arrondissement Gent","Arrondissement de Gand","Provincie Oost-Vlaanderen","Province de Flandre orientale","Vlaams Gewest","Région flamande","<5"
"2020-04-01","44019","Evergem","Evergem","Arrondissement Gent","Arrondissement de Gand","Provincie Oost-Vlaanderen","Province de Flandre orientale","Vlaams Gewest","Région flamande","<5"
"2020-04-01","44020","Gavere","Gavere","Arrondissement Gent","Arrondissement de Gand","Provincie Oost-Vlaanderen","Province de Flandre orientale","Vlaams Gewest","Région flamande","<5"
"2020-04-01","44021","Gent","Gand","Arrondissement Gent","Arrondissement de Gand","Provincie Oost-Vlaanderen","Province de Flandre orientale","Vlaams Gewest","Région flamande","19"
"2020-04-01","44034","Lochristi","Lochristi","Arrondissement Gent","Arrondissement de Gand","Provincie Oost-Vlaanderen","Province de Flandre orientale","Vlaams Gewest","Région flamande","<5"
"2020-04-01","44040","Melle","Melle","Arrondissement Gent","Arrondissement de Gand","Provincie Oost-Vlaanderen","Province de Flandre orientale","Vlaams Gewest","Région flamande","<5"
"2020-04-01","44043","Merelbeke","Merelbeke","Arrondissement Gent","Arrondissement de Gand","Provincie Oost-Vlaanderen","Province de Flandre orientale","Vlaams Gewest","Région flamande","<5"
"2020-04-01","44048","Nazareth","Nazareth","Arrondissement Gent","Arrondissement de Gand","Provincie Oost-Vlaanderen","Province de Flandre orientale","Vlaams Gewest","Région flamande","<5"
"2020-04-01","44052","Oosterzele","Oosterzele","Arrondissement Gent","Arrondissement de Gand","Provincie Oost-Vlaanderen","Province de Flandre orientale","Vlaams Gewest","Région flamande","<5"
"2020-04-01","44073","Wachtebeke","Wachtebeke","Arrondissement Gent","Arrondissement de Gand","Provincie Oost-Vlaanderen","Province de Flandre orientale","Vlaams Gewest","Région flamande","<5"
"2020-04-01","44081","Zulte","Zulte","Arrondissement Gent","Arrondissement de Gand","Provincie Oost-Vlaanderen","Province de Flandre orientale","Vlaams Gewest","Région flamande","<5"
"2020-04-01","44083","Deinze","Deinze","Arrondissement Gent","Arrondissement de Gand","Provincie Oost-Vlaanderen","Province de Flandre orientale","Vlaams Gewest","Région flamande","<5"
"2020-04-01","44084","Aalter","Aalter","Arrondissement Gent","Arrondissement de Gand","Provincie Oost-Vlaanderen","Province de Flandre orientale","Vlaams Gewest","Région flamande","<5"
"2020-04-01","44085","Lievegem","Lievegem","Arrondissement Gent","Arrondissement de Gand","Provincie Oost-Vlaanderen","Province de Flandre orientale","Vlaams Gewest","Région flamande","5"
"2020-04-01","45035","Oudenaarde","Audenarde","Arrondissement Oudenaarde","Arrondissement d’Audenarde","Provincie Oost-Vlaanderen","Province de Flandre orientale","Vlaams Gewest","Région flamande","<5"
"2020-04-01","45041","Ronse","Renaix","Arrondissement Oudenaarde","Arrondissement d’Audenarde","Provincie Oost-Vlaanderen","Province de Flandre orientale","Vlaams Gewest","Région flamande","7"
"2020-04-01","45059","Brakel","Brakel","Arrondissement Oudenaarde","Arrondissement d’Audenarde","Provincie Oost-Vlaanderen","Province de Flandre orientale","Vlaams Gewest","Région flamande","<5"
"2020-04-01","45060","Kluisbergen","Kluisbergen","Arrondissement Oudenaarde","Arrondissement d’Audenarde","Provincie Oost-Vlaanderen","Province de Flandre orientale","Vlaams Gewest","Région flamande","<5"
"2020-04-01","45062","Horebeke","Horebeke","Arrondissement Oudenaarde","Arrondissement d’Audenarde","Provincie Oost-Vlaanderen","Province de Flandre orientale","Vlaams Gewest","Région flamande","<5"
"2020-04-01","45064","Maarkedal","Maarkedal","Arrondissement Oudenaarde","Arrondissement d’Audenarde","Provincie Oost-Vlaanderen","Province de Flandre orientale","Vlaams Gewest","Région flamande","<5"
"2020-04-01","45068","Kruisem","Kruisem","Arrondissement Oudenaarde","Arrondissement d’Audenarde","Provincie Oost-Vlaanderen","Province de Flandre orientale","Vlaams Gewest","Région flamande","<5"
"2020-04-01","46003","Beveren (Sint-Niklaas)","Beveren (Saint-Nicolas)","Arrondissement Sint-Niklaas","Arrondissement de Saint-Nicolas","Provincie Oost-Vlaanderen","Province de Flandre orientale","Vlaams Gewest","Région flamande","<5"
"2020-04-01","46014","Lokeren","Lokeren","Arrondissement Sint-Niklaas","Arrondissement de Saint-Nicolas","Provincie Oost-Vlaanderen","Province de Flandre orientale","Vlaams Gewest","Région flamande","6"
"2020-04-01","46020","Sint-Gillis-Waas","Sint-Gillis-Waas","Arrondissement Sint-Niklaas","Arrondissement de Saint-Nicolas","Provincie Oost-Vlaanderen","Province de Flandre orientale","Vlaams Gewest","Région flamande","7"
"2020-04-01","46021","Sint-Niklaas (Sint-Niklaas)","Saint-Nicolas (Saint-Nicolas)","Arrondissement Sint-Niklaas","Arrondissement de Saint-Nicolas","Provincie Oost-Vlaanderen","Province de Flandre orientale","Vlaams Gewest","Région flamande","11"
"2020-04-01","46024","Stekene","Stekene","Arrondissement Sint-Niklaas","Arrondissement de Saint-Nicolas","Provincie Oost-Vlaanderen","Province de Flandre orientale","Vlaams Gewest","Région flamande","6"
"2020-04-01","46025","Temse","Tamise","Arrondissement Sint-Niklaas","Arrondissement de Saint-Nicolas","Provincie Oost-Vlaanderen","Province de Flandre orientale","Vlaams Gewest","Région flamande","16"
"2020-04-01","51004","Aat","Ath","Arrondissement Aat","Arrondissement d’Ath","Provincie Henegouwen","Province du Hainaut","Waals Gewest","Région wallonne","<5"
"2020-04-01","51008","Beloeil","Beloeil","Arrondissement Aat","Arrondissement d’Ath","Provincie Henegouwen","Province du Hainaut","Waals Gewest","Région wallonne","<5"
"2020-04-01","51009","Bernissart","Bernissart","Arrondissement Aat","Arrondissement d’Ath","Provincie Henegouwen","Province du Hainaut","Waals Gewest","Région wallonne","<5"
"2020-04-01","51012","Brugelette","Brugelette","Arrondissement Aat","Arrondissement d’Ath","Provincie Henegouwen","Province du Hainaut","Waals Gewest","Région wallonne","<5"
"2020-04-01","51017","Elzele","Ellezelles","Arrondissement Aat","Arrondissement d’Ath","Provincie Henegouwen","Province du Hainaut","Waals Gewest","Région wallonne","<5"
"2020-04-01","51019","Vloesberg","Flobecq","Arrondissement Aat","Arrondissement d’Ath","Provincie Henegouwen","Province du Hainaut","Waals Gewest","Région wallonne","<5"
"2020-04-01","51065","Frasnes-lez-Anvaing","Frasnes-lez-Anvaing","Arrondissement Aat","Arrondissement d’Ath","Provincie Henegouwen","Province du Hainaut","Waals Gewest","Région wallonne","<5"
"2020-04-01","51067","Edingen","Enghien","Arrondissement Aat","Arrondissement d’Ath","Provincie Henegouwen","Province du Hainaut","Waals Gewest","Région wallonne","<5"
"2020-04-01","51068","Opzullik","Silly","Arrondissement Aat","Arrondissement d’Ath","Provincie Henegouwen","Province du Hainaut","Waals Gewest","Région wallonne","<5"
"2020-04-01","52011","Charleroi","Charleroi","Arrondissement Charleroi","Arrondissement de Charleroi","Provincie Henegouwen","Province du Hainaut","Waals Gewest","Région wallonne","10"
"2020-04-01","52012","Châtelet","Châtelet","Arrondissement Charleroi","Arrondissement de Charleroi","Provincie Henegouwen","Province du Hainaut","Waals Gewest","Région wallonne","<5"
"2020-04-01","52015","Courcelles","Courcelles","Arrondissement Charleroi","Arrondissement de Charleroi","Provincie Henegouwen","Province du Hainaut","Waals Gewest","Région wallonne","<5"
"2020-04-01","52021","Fleurus","Fleurus","Arrondissement Charleroi","Arrondissement de Charleroi","Provincie Henegouwen","Province du Hainaut","Waals Gewest","Région wallonne","<5"
"2020-04-01","52025","Gerpinnes","Gerpinnes","Arrondissement Charleroi","Arrondissement de Charleroi","Provincie Henegouwen","Province du Hainaut","Waals Gewest","Région wallonne","<5"
"2020-04-01","53014","Boussu","Boussu","Arrondissement Bergen","Arrondissement de Mons","Provincie Henegouwen","Province du Hainaut","Waals Gewest","Région wallonne","<5"
"2020-04-01","53020","Dour","Dour","Arrondissement Bergen","Arrondissement de Mons","Provincie Henegouwen","Province du Hainaut","Waals Gewest","Région wallonne","<5"
"2020-04-01","53028","Frameries","Frameries","Arrondissement Bergen","Arrondissement de Mons","Provincie Henegouwen","Province du Hainaut","Waals Gewest","Région wallonne","<5"
"2020-04-01","53039","Hensies","Hensies","Arrondissement Bergen","Arrondissement de Mons","Provincie Henegouwen","Province du Hainaut","Waals Gewest","Région wallonne","<5"
"2020-04-01","53044","Jurbeke","Jurbise","Arrondissement Bergen","Arrondissement de Mons","Provincie Henegouwen","Province du Hainaut","Waals Gewest","Région wallonne","<5"
"2020-04-01","53053","Bergen","Mons","Arrondissement Bergen","Arrondissement de Mons","Provincie Henegouwen","Province du Hainaut","Waals Gewest","Région wallonne","8"
"2020-04-01","53065","Quaregnon","Quaregnon","Arrondissement Bergen","Arrondissement de Mons","Provincie Henegouwen","Province du Hainaut","Waals Gewest","Région wallonne","<5"
"2020-04-01","53068","Quiévrain","Quiévrain","Arrondissement Bergen","Arrondissement de Mons","Provincie Henegouwen","Province du Hainaut","Waals Gewest","Région wallonne","<5"
"2020-04-01","53070","Saint-Ghislain","Saint-Ghislain","Arrondissement Bergen","Arrondissement de Mons","Provincie Henegouwen","Province du Hainaut","Waals Gewest","Région wallonne","5"
"2020-04-01","53082","Colfontaine","Colfontaine","Arrondissement Bergen","Arrondissement de Mons","Provincie Henegouwen","Province du Hainaut","Waals Gewest","Région wallonne","5"
"2020-04-01","53083","Honnelles","Honnelles","Arrondissement Bergen","Arrondissement de Mons","Provincie Henegouwen","Province du Hainaut","Waals Gewest","Région wallonne","<5"
"2020-04-01","53084","Quévy","Quévy","Arrondissement Bergen","Arrondissement de Mons","Provincie Henegouwen","Province du Hainaut","Waals Gewest","Région wallonne","<5"
"2020-04-01","55004","’s Gravenbrakel","Braine-le-Comte","Arrondissement Zinnik","Arrondissement de Soignies","Provincie Henegouwen","Province du Hainaut","Waals Gewest","Région wallonne","<5"
"2020-04-01","55040","Zinnik","Soignies","Arrondissement Zinnik","Arrondissement de Soignies","Provincie Henegouwen","Province du Hainaut","Waals Gewest","Région wallonne","10"
"2020-04-01","55050","Ecaussinnes","Ecaussinnes","Arrondissement Zinnik","Arrondissement de Soignies","Provincie Henegouwen","Province du Hainaut","Waals Gewest","Région wallonne","<5"
"2020-04-01","55086","Manage","Manage","Arrondissement Zinnik","Arrondissement de Soignies","Provincie Henegouwen","Province du Hainaut","Waals Gewest","Région wallonne","<5"
"2020-04-01","56001","Anderlues","Anderlues","Arrondissement Thuin","Arrondissement de Thuin","Provincie Henegouwen","Province du Hainaut","Waals Gewest","Région wallonne","<5"
"2020-04-01","56016","Chimay","Chimay","Arrondissement Thuin","Arrondissement de Thuin","Provincie Henegouwen","Province du Hainaut","Waals Gewest","Région wallonne","<5"
"2020-04-01","56022","Erquelinnes","Erquelinnes","Arrondissement Thuin","Arrondissement de Thuin","Provincie Henegouwen","Province du Hainaut","Waals Gewest","Région wallonne","<5"
"2020-04-01","56044","Lobbes","Lobbes","Arrondissement Thuin","Arrondissement de Thuin","Provincie Henegouwen","Province du Hainaut","Waals Gewest","Région wallonne","<5"
"2020-04-01","56049","Merbes-le-Château","Merbes-le-Château","Arrondissement Thuin","Arrondissement de Thuin","Provincie Henegouwen","Province du Hainaut","Waals Gewest","Région wallonne","<5"
"2020-04-01","56078","Thuin","Thuin","Arrondissement Thuin","Arrondissement de Thuin","Provincie Henegouwen","Province du Hainaut","Waals Gewest","Région wallonne","<5"
"2020-04-01","56086","Ham-sur-Heure-Nalinnes","Ham-sur-Heure-Nalinnes","Arrondissement Thuin","Arrondissement de Thuin","Provincie Henegouwen","Province du Hainaut","Waals Gewest","Région wallonne","<5"
"2020-04-01","56088","Sivry-Rance","Sivry-Rance","Arrondissement Thuin","Arrondissement de Thuin","Provincie Henegouwen","Province du Hainaut","Waals Gewest","Région wallonne","<5"
"2020-04-01","57027","Estaimpuis","Estaimpuis","Arrondissement Doornik-Moeskroen","Arrondissement de Tournai-Mouscron","Provincie Henegouwen","Province du Hainaut","Waals Gewest","Région wallonne","<5"
"2020-04-01","57064","Péruwelz","Péruwelz","Arrondissement Doornik-Moeskroen","Arrondissement de Tournai-Mouscron","Provincie Henegouwen","Province du Hainaut","Waals Gewest","Région wallonne","<5"
"2020-04-01","57072","Rumes","Rumes","Arrondissement Doornik-Moeskroen","Arrondissement de Tournai-Mouscron","Provincie Henegouwen","Province du Hainaut","Waals Gewest","Région wallonne","<5"
"2020-04-01","57081","Doornik","Tournai","Arrondissement Doornik-Moeskroen","Arrondissement de Tournai-Mouscron","Provincie Henegouwen","Province du Hainaut","Waals Gewest","Région wallonne","11"
"2020-04-01","57096","Moeskroen","Mouscron","Arrondissement Doornik-Moeskroen","Arrondissement de Tournai-Mouscron","Provincie Henegouwen","Province du Hainaut","Waals Gewest","Région wallonne","6"
"2020-04-01","57097","Komen-Waasten","Comines-Warneton","Arrondissement Doornik-Moeskroen","Arrondissement de Tournai-Mouscron","Provincie Henegouwen","Province du Hainaut","Waals Gewest","Région wallonne","5"
"2020-04-01","58001","La Louvière","La Louvière","Arrondissement La Louvière","Arrondissement de La Louvière","Provincie Henegouwen","Province du Hainaut","Waals Gewest","Région wallonne","<5"
"2020-04-01","58002","Binche","Binche","Arrondissement La Louvière","Arrondissement de La Louvière","Provincie Henegouwen","Province du Hainaut","Waals Gewest","Région wallonne","<5"
"2020-04-01","58003","Estinnes","Estinnes","Arrondissement La Louvière","Arrondissement de La Louvière","Provincie Henegouwen","Province du Hainaut","Waals Gewest","Région wallonne","<5"
"2020-04-01","58004","Morlanwelz","Morlanwelz","Arrondissement La Louvière","Arrondissement de La Louvière","Provincie Henegouwen","Province du Hainaut","Waals Gewest","Région wallonne","<5"
"2020-04-01","61003","Amay","Amay","Arrondissement Hoei","Arrondissement de Huy","Provincie Luik","Province de Liège","Waals Gewest","Région wallonne","5"
"2020-04-01","61012","Clavier","Clavier","Arrondissement Hoei","Arrondissement de Huy","Provincie Luik","Province de Liège","Waals Gewest","Région wallonne","<5"
"2020-04-01","61031","Hoei","Huy","Arrondissement Hoei","Arrondissement de Huy","Provincie Luik","Province de Liège","Waals Gewest","Région wallonne","5"
"2020-04-01","61039","Marchin","Marchin","Arrondissement Hoei","Arrondissement de Huy","Provincie Luik","Province de Liège","Waals Gewest","Région wallonne","<5"
"2020-04-01","61068","Villers-Le-Bouillet","Villers-Le-Bouillet","Arrondissement Hoei","Arrondissement de Huy","Provincie Luik","Province de Liège","Waals Gewest","Région wallonne","<5"
"2020-04-01","61072","Wanze","Wanze","Arrondissement Hoei","Arrondissement de Huy","Provincie Luik","Province de Liège","Waals Gewest","Région wallonne","<5"
"2020-04-01","61079","Anthisnes","Anthisnes","Arrondissement Hoei","Arrondissement de Huy","Provincie Luik","Province de Liège","Waals Gewest","Région wallonne","<5"
"2020-04-01","61080","Engis","Engis","Arrondissement Hoei","Arrondissement de Huy","Provincie Luik","Province de Liège","Waals Gewest","Région wallonne","<5"
"2020-04-01","62003","Ans","Ans","Arrondissement Luik","Arrondissement de Liège","Provincie Luik","Province de Liège","Waals Gewest","Région wallonne","<5"
"2020-04-01","62006","Awans","Awans","Arrondissement Luik","Arrondissement de Liège","Provincie Luik","Province de Liège","Waals Gewest","Région wallonne","<5"
"2020-04-01","62009","Aywaille","Aywaille","Arrondissement Luik","Arrondissement de Liège","Provincie Luik","Province de Liège","Waals Gewest","Région wallonne","<5"
"2020-04-01","62011","Bitsingen","Bassenge","Arrondissement Luik","Arrondissement de Liège","Provincie Luik","Province de Liège","Waals Gewest","Région wallonne","<5"
"2020-04-01","62015","Beyne-Heusay","Beyne-Heusay","Arrondissement Luik","Arrondissement de Liège","Provincie Luik","Province de Liège","Waals Gewest","Région wallonne","5"
"2020-04-01","62022","Chaudfontaine","Chaudfontaine","Arrondissement Luik","Arrondissement de Liège","Provincie Luik","Province de Liège","Waals Gewest","Région wallonne","5"
"2020-04-01","62026","Comblain-au-Pont","Comblain-au-Pont","Arrondissement Luik","Arrondissement de Liège","Provincie Luik","Province de Liège","Waals Gewest","Région wallonne","<5"
"2020-04-01","62032","Esneux","Esneux","Arrondissement Luik","Arrondissement de Liège","Provincie Luik","Province de Liège","Waals Gewest","Région wallonne","6"
"2020-04-01","62038","Fléron","Fléron","Arrondissement Luik","Arrondissement de Liège","Provincie Luik","Province de Liège","Waals Gewest","Région wallonne","<5"
"2020-04-01","62051","Herstal","Herstal","Arrondissement Luik","Arrondissement de Liège","Provincie Luik","Province de Liège","Waals Gewest","Région wallonne","11"
"2020-04-01","62060","Juprelle","Juprelle","Arrondissement Luik","Arrondissement de Liège","Provincie Luik","Province de Liège","Waals Gewest","Région wallonne","<5"
"2020-04-01","62063","Luik","Liège","Arrondissement Luik","Arrondissement de Liège","Provincie Luik","Province de Liège","Waals Gewest","Région wallonne","29"
"2020-04-01","62079","Oupeye","Oupeye","Arrondissement Luik","Arrondissement de Liège","Provincie Luik","Province de Liège","Waals Gewest","Région wallonne","<5"
"2020-04-01","62093","Saint-Nicolas (Luik)","Saint-Nicolas (Liège)","Arrondissement Luik","Arrondissement de Liège","Provincie Luik","Province de Liège","Waals Gewest","Région wallonne","6"
"2020-04-01","62096","Seraing","Seraing","Arrondissement Luik","Arrondissement de Liège","Provincie Luik","Province de Liège","Waals Gewest","Région wallonne","12"
"2020-04-01","62099","Soumagne","Soumagne","Arrondissement Luik","Arrondissement de Liège","Provincie Luik","Province de Liège","Waals Gewest","Région wallonne","<5"
"2020-04-01","62100","Sprimont","Sprimont","Arrondissement Luik","Arrondissement de Liège","Provincie Luik","Province de Liège","Waals Gewest","Région wallonne","<5"
"2020-04-01","62108","Wezet","Visé","Arrondissement Luik","Arrondissement de Liège","Provincie Luik","Province de Liège","Waals Gewest","Région wallonne","<5"
"2020-04-01","62118","Grâce-Hollogne","Grâce-Hollogne","Arrondissement Luik","Arrondissement de Liège","Provincie Luik","Province de Liège","Waals Gewest","Région wallonne","<5"
"2020-04-01","62119","Blegny","Blegny","Arrondissement Luik","Arrondissement de Liège","Provincie Luik","Province de Liège","Waals Gewest","Région wallonne","<5"
"2020-04-01","62120","Flémalle","Flémalle","Arrondissement Luik","Arrondissement de Liège","Provincie Luik","Province de Liège","Waals Gewest","Région wallonne","<5"
"2020-04-01","62121","Neupré","Neupré","Arrondissement Luik","Arrondissement de Liège","Provincie Luik","Province de Liège","Waals Gewest","Région wallonne","<5"
"2020-04-01","63003","Aubel","Aubel","Arrondissement Verviers","Arrondissement de Verviers","Provincie Luik","Province de Liège","Waals Gewest","Région wallonne","<5"
"2020-04-01","63012","Büllingen","Bullange","Arrondissement Verviers","Arrondissement de Verviers","Provincie Luik","Province de Liège","Waals Gewest","Région wallonne","<5"
"2020-04-01","63013","Bütgenbach","Butgenbach","Arrondissement Verviers","Arrondissement de Verviers","Provincie Luik","Province de Liège","Waals Gewest","Région wallonne","<5"
"2020-04-01","63020","Dison","Dison","Arrondissement Verviers","Arrondissement de Verviers","Provincie Luik","Province de Liège","Waals Gewest","Région wallonne","<5"
"2020-04-01","63023","Eupen","Eupen","Arrondissement Verviers","Arrondissement de Verviers","Provincie Luik","Province de Liège","Waals Gewest","Région wallonne","<5"
"2020-04-01","63035","Herve","Herve","Arrondissement Verviers","Arrondissement de Verviers","Provincie Luik","Province de Liège","Waals Gewest","Région wallonne","<5"
"2020-04-01","63038","Jalhay","Jalhay","Arrondissement Verviers","Arrondissement de Verviers","Provincie Luik","Province de Liège","Waals Gewest","Région wallonne","<5"
"2020-04-01","63045","Lierneux","Lierneux","Arrondissement Verviers","Arrondissement de Verviers","Provincie Luik","Province de Liège","Waals Gewest","Région wallonne","<5"
"2020-04-01","63048","Lontzen","Lontzen","Arrondissement Verviers","Arrondissement de Verviers","Provincie Luik","Province de Liège","Waals Gewest","Région wallonne","<5"
"2020-04-01","63049","Malmedy","Malmedy","Arrondissement Verviers","Arrondissement de Verviers","Provincie Luik","Province de Liège","Waals Gewest","Région wallonne","<5"
"2020-04-01","63058","Pepinster","Pepinster","Arrondissement Verviers","Arrondissement de Verviers","Provincie Luik","Province de Liège","Waals Gewest","Région wallonne","<5"
"2020-04-01","63067","Sankt Vith","Saint-Vith","Arrondissement Verviers","Arrondissement de Verviers","Provincie Luik","Province de Liège","Waals Gewest","Région wallonne","<5"
"2020-04-01","63072","Spa","Spa","Arrondissement Verviers","Arrondissement de Verviers","Provincie Luik","Province de Liège","Waals Gewest","Région wallonne","<5"
"2020-04-01","63075","Stoumont","Stoumont","Arrondissement Verviers","Arrondissement de Verviers","Provincie Luik","Province de Liège","Waals Gewest","Région wallonne","<5"
"2020-04-01","63079","Verviers","Verviers","Arrondissement Verviers","Arrondissement de Verviers","Provincie Luik","Province de Liège","Waals Gewest","Région wallonne","<5"
"2020-04-01","63088","Plombières","Plombières","Arrondissement Verviers","Arrondissement de Verviers","Provincie Luik","Province de Liège","Waals Gewest","Région wallonne","<5"
"2020-04-01","64015","Braives","Braives","Arrondissement Borgworm","Arrondissement de Waremme","Provincie Luik","Province de Liège","Waals Gewest","Région wallonne","<5"
"2020-04-01","64021","Crisnée","Crisnée","Arrondissement Borgworm","Arrondissement de Waremme","Provincie Luik","Province de Liège","Waals Gewest","Région wallonne","<5"
"2020-04-01","64034","Hannuit","Hannut","Arrondissement Borgworm","Arrondissement de Waremme","Provincie Luik","Province de Liège","Waals Gewest","Région wallonne","<5"
"2020-04-01","64047","Lijsem","Lincent","Arrondissement Borgworm","Arrondissement de Waremme","Provincie Luik","Province de Liège","Waals Gewest","Région wallonne","<5"
"2020-04-01","64063","Remicourt","Remicourt","Arrondissement Borgworm","Arrondissement de Waremme","Provincie Luik","Province de Liège","Waals Gewest","Région wallonne","<5"
"2020-04-01","64065","Saint-Georges-sur-Meuse","Saint-Georges-sur-Meuse","Arrondissement Borgworm","Arrondissement de Waremme","Provincie Luik","Province de Liège","Waals Gewest","Région wallonne","<5"
"2020-04-01","64074","Borgworm","Waremme","Arrondissement Borgworm","Arrondissement de Waremme","Provincie Luik","Province de Liège","Waals Gewest","Région wallonne","<5"
"2020-04-01","71002","As","As","Arrondissement Hasselt","Arrondissement de Hasselt","Provincie Limburg","Province du Limbourg","Vlaams Gewest","Région flamande","<5"
"2020-04-01","71004","Beringen","Beringen","Arrondissement Hasselt","Arrondissement de Hasselt","Provincie Limburg","Province du Limbourg","Vlaams Gewest","Région flamande","8"
"2020-04-01","71011","Diepenbeek","Diepenbeek","Arrondissement Hasselt","Arrondissement de Hasselt","Provincie Limburg","Province du Limbourg","Vlaams Gewest","Région flamande","9"
"2020-04-01","71016","Genk","Genk","Arrondissement Hasselt","Arrondissement de Hasselt","Provincie Limburg","Province du Limbourg","Vlaams Gewest","Région flamande","9"
"2020-04-01","71017","Gingelom","Gingelom","Arrondissement Hasselt","Arrondissement de Hasselt","Provincie Limburg","Province du Limbourg","Vlaams Gewest","Région flamande","<5"
"2020-04-01","71020","Halen","Halen","Arrondissement Hasselt","Arrondissement de Hasselt","Provincie Limburg","Province du Limbourg","Vlaams Gewest","Région flamande","<5"
"2020-04-01","71022","Hasselt","Hasselt","Arrondissement Hasselt","Arrondissement de Hasselt","Provincie Limburg","Province du Limbourg","Vlaams Gewest","Région flamande","11"
"2020-04-01","71024","Herk-de-Stad","Herck-la-Ville","Arrondissement Hasselt","Arrondissement de Hasselt","Provincie Limburg","Province du Limbourg","Vlaams Gewest","Région flamande","<5"
"2020-04-01","71034","Leopoldsburg","Bourg-Léopold","Arrondissement Hasselt","Arrondissement de Hasselt","Provincie Limburg","Province du Limbourg","Vlaams Gewest","Région flamande","7"
"2020-04-01","71037","Lummen","Lummen","Arrondissement Hasselt","Arrondissement de Hasselt","Provincie Limburg","Province du Limbourg","Vlaams Gewest","Région flamande","<5"
"2020-04-01","71045","Nieuwerkerken (Hasselt)","Nieuwerkerken (Hasselt)","Arrondissement Hasselt","Arrondissement de Hasselt","Provincie Limburg","Province du Limbourg","Vlaams Gewest","Région flamande","<5"
"2020-04-01","71053","Sint-Truiden","Saint-Trond","Arrondissement Hasselt","Arrondissement de Hasselt","Provincie Limburg","Province du Limbourg","Vlaams Gewest","Région flamande","14"
"2020-04-01","71057","Tessenderlo","Tessenderlo","Arrondissement Hasselt","Arrondissement de Hasselt","Provincie Limburg","Province du Limbourg","Vlaams Gewest","Région flamande","<5"
"2020-04-01","71066","Zonhoven","Zonhoven","Arrondissement Hasselt","Arrondissement de Hasselt","Provincie Limburg","Province du Limbourg","Vlaams Gewest","Région flamande","<5"
"2020-04-01","71067","Zutendaal","Zutendaal","Arrondissement Hasselt","Arrondissement de Hasselt","Provincie Limburg","Province du Limbourg","Vlaams Gewest","Région flamande","<5"
"2020-04-01","71069","Ham","Ham","Arrondissement Hasselt","Arrondissement de Hasselt","Provincie Limburg","Province du Limbourg","Vlaams Gewest","Région flamande","<5"
"2020-04-01","71070","Heusden-Zolder","Heusden-Zolder","Arrondissement Hasselt","Arrondissement de Hasselt","Provincie Limburg","Province du Limbourg","Vlaams Gewest","Région flamande","5"
"2020-04-01","72003","Bocholt","Bocholt","Arrondissement Maaseik","Arrondissement de Maaseik","Provincie Limburg","Province du Limbourg","Vlaams Gewest","Région flamande","<5"
"2020-04-01","72018","Kinrooi","Kinrooi","Arrondissement Maaseik","Arrondissement de Maaseik","Provincie Limburg","Province du Limbourg","Vlaams Gewest","Région flamande","<5"
"2020-04-01","72020","Lommel","Lommel","Arrondissement Maaseik","Arrondissement de Maaseik","Provincie Limburg","Province du Limbourg","Vlaams Gewest","Région flamande","<5"
"2020-04-01","72021","Maaseik","Maaseik","Arrondissement Maaseik","Arrondissement de Maaseik","Provincie Limburg","Province du Limbourg","Vlaams Gewest","Région flamande","9"
"2020-04-01","72030","Peer","Peer","Arrondissement Maaseik","Arrondissement de Maaseik","Provincie Limburg","Province du Limbourg","Vlaams Gewest","Région flamande","<5"
"2020-04-01","72037","Hamont-Achel","Hamont-Achel","Arrondissement Maaseik","Arrondissement de Maaseik","Provincie Limburg","Province du Limbourg","Vlaams Gewest","Région flamande","<5"
"2020-04-01","72039","Houthalen-Helchteren","Houthalen-Helchteren","Arrondissement Maaseik","Arrondissement de Maaseik","Provincie Limburg","Province du Limbourg","Vlaams Gewest","Région flamande","8"
"2020-04-01","72041","Dilsen-Stokkem","Dilsen-Stokkem","Arrondissement Maaseik","Arrondissement de Maaseik","Provincie Limburg","Province du Limbourg","Vlaams Gewest","Région flamande","7"
"2020-04-01","72042","Oudsbergen","Oudsbergen","Arrondissement Maaseik","Arrondissement de Maaseik","Provincie Limburg","Province du Limbourg","Vlaams Gewest","Région flamande","<5"
"2020-04-01","72043","Pelt","Pelt","Arrondissement Maaseik","Arrondissement de Maaseik","Provincie Limburg","Province du Limbourg","Vlaams Gewest","Région flamande","<5"
"2020-04-01","73001","Alken","Alken","Arrondissement Tongeren","Arrondissement de Tongres","Provincie Limburg","Province du Limbourg","Vlaams Gewest","Région flamande","<5"
"2020-04-01","73006","Bilzen","Bilzen","Arrondissement Tongeren","Arrondissement de Tongres","Provincie Limburg","Province du Limbourg","Vlaams Gewest","Région flamande","6"
"2020-04-01","73009","Borgloon","Looz","Arrondissement Tongeren","Arrondissement de Tongres","Provincie Limburg","Province du Limbourg","Vlaams Gewest","Région flamande","<5"
"2020-04-01","73022","Heers","Heers","Arrondissement Tongeren","Arrondissement de Tongres","Provincie Limburg","Province du Limbourg","Vlaams Gewest","Région flamande","<5"
"2020-04-01","73032","Hoeselt","Hoeselt","Arrondissement Tongeren","Arrondissement de Tongres","Provincie Limburg","Province du Limbourg","Vlaams Gewest","Région flamande","<5"
"2020-04-01","73040","Kortessem","Kortessem","Arrondissement Tongeren","Arrondissement de Tongres","Provincie Limburg","Province du Limbourg","Vlaams Gewest","Région flamande","<5"
"2020-04-01","73042","Lanaken","Lanaken","Arrondissement Tongeren","Arrondissement de Tongres","Provincie Limburg","Province du Limbourg","Vlaams Gewest","Région flamande","10"
"2020-04-01","73066","Riemst","Riemst","Arrondissement Tongeren","Arrondissement de Tongres","Provincie Limburg","Province du Limbourg","Vlaams Gewest","Région flamande","<5"
"2020-04-01","73083","Tongeren","Tongres","Arrondissement Tongeren","Arrondissement de Tongres","Provincie Limburg","Province du Limbourg","Vlaams Gewest","Région flamande","<5"
"2020-04-01","73107","Maasmechelen","Maasmechelen","Arrondissement Tongeren","Arrondissement de Tongres","Provincie Limburg","Province du Limbourg","Vlaams Gewest","Région flamande","9"
"2020-04-01","73109","Voeren","Fourons","Arrondissement Tongeren","Arrondissement de Tongres","Provincie Limburg","Province du Limbourg","Vlaams Gewest","Région flamande","<5"
"2020-04-01","81001","Aarlen","Arlon","Arrondissement Aarlen","Arrondissement d’Arlon","Provincie Luxemburg","Province du Luxembourg","Waals Gewest","Région wallonne","5"
"2020-04-01","81003","Attert","Attert","Arrondissement Aarlen","Arrondissement d’Arlon","Provincie Luxemburg","Province du Luxembourg","Waals Gewest","Région wallonne","<5"
"2020-04-01","81004","Aubange","Aubange","Arrondissement Aarlen","Arrondissement d’Arlon","Provincie Luxemburg","Province du Luxembourg","Waals Gewest","Région wallonne","5"
"2020-04-01","81013","Martelange","Martelange","Arrondissement Aarlen","Arrondissement d’Arlon","Provincie Luxemburg","Province du Luxembourg","Waals Gewest","Région wallonne","<5"
"2020-04-01","81015","Messancy","Messancy","Arrondissement Aarlen","Arrondissement d’Arlon","Provincie Luxemburg","Province du Luxembourg","Waals Gewest","Région wallonne","21"
"2020-04-01","82003","Bastenaken","Bastogne","Arrondissement Bastenaken","Arrondissement de Bastogne","Provincie Luxemburg","Province du Luxembourg","Waals Gewest","Région wallonne","<5"
"2020-04-01","82014","Houffalize","Houffalize","Arrondissement Bastenaken","Arrondissement de Bastogne","Provincie Luxemburg","Province du Luxembourg","Waals Gewest","Région wallonne","<5"
"2020-04-01","82032","Vielsalm","Vielsalm","Arrondissement Bastenaken","Arrondissement de Bastogne","Provincie Luxemburg","Province du Luxembourg","Waals Gewest","Région wallonne","5"
"2020-04-01","82037","Gouvy","Gouvy","Arrondissement Bastenaken","Arrondissement de Bastogne","Provincie Luxemburg","Province du Luxembourg","Waals Gewest","Région wallonne","<5"
"2020-04-01","83012","Durbuy","Durbuy","Arrondissement Marche-en-Famenne","Arrondissement de Marche-en-Famenne","Provincie Luxemburg","Province du Luxembourg","Waals Gewest","Région wallonne","<5"
"2020-04-01","83028","Hotton","Hotton","Arrondissement Marche-en-Famenne","Arrondissement de Marche-en-Famenne","Provincie Luxemburg","Province du Luxembourg","Waals Gewest","Région wallonne","<5"
"2020-04-01","83034","Marche-en-Famenne","Marche-en-Famenne","Arrondissement Marche-en-Famenne","Arrondissement de Marche-en-Famenne","Provincie Luxemburg","Province du Luxembourg","Waals Gewest","Région wallonne","12"
"2020-04-01","83040","Nassogne","Nassogne","Arrondissement Marche-en-Famenne","Arrondissement de Marche-en-Famenne","Provincie Luxemburg","Province du Luxembourg","Waals Gewest","Région wallonne","<5"
"2020-04-01","83044","Rendeux","Rendeux","Arrondissement Marche-en-Famenne","Arrondissement de Marche-en-Famenne","Provincie Luxemburg","Province du Luxembourg","Waals Gewest","Région wallonne","<5"
"2020-04-01","83049","Tenneville","Tenneville","Arrondissement Marche-en-Famenne","Arrondissement de Marche-en-Famenne","Provincie Luxemburg","Province du Luxembourg","Waals Gewest","Région wallonne","<5"
"2020-04-01","84010","Bouillon","Bouillon","Arrondissement Neufchâteau","Arrondissement de Neufchâteau","Provincie Luxemburg","Province du Luxembourg","Waals Gewest","Région wallonne","9"
"2020-04-01","84029","Herbeumont","Herbeumont","Arrondissement Neufchâteau","Arrondissement de Neufchâteau","Provincie Luxemburg","Province du Luxembourg","Waals Gewest","Région wallonne","<5"
"2020-04-01","84033","Léglise","Léglise","Arrondissement Neufchâteau","Arrondissement de Neufchâteau","Provincie Luxemburg","Province du Luxembourg","Waals Gewest","Région wallonne","<5"
"2020-04-01","84043","Neufchâteau (Neufchâteau)","Neufchâteau (Neufchâteau)","Arrondissement Neufchâteau","Arrondissement de Neufchâteau","Provincie Luxemburg","Province du Luxembourg","Waals Gewest","Région wallonne","<5"
"2020-04-01","84050","Paliseul","Paliseul","Arrondissement Neufchâteau","Arrondissement de Neufchâteau","Provincie Luxemburg","Province du Luxembourg","Waals Gewest","Région wallonne","<5"
"2020-04-01","84075","Wellin","Wellin","Arrondissement Neufchâteau","Arrondissement de Neufchâteau","Provincie Luxemburg","Province du Luxembourg","Waals Gewest","Région wallonne","<5"
"2020-04-01","84077","Libramont-Chevigny","Libramont-Chevigny","Arrondissement Neufchâteau","Arrondissement de Neufchâteau","Provincie Luxemburg","Province du Luxembourg","Waals Gewest","Région wallonne","<5"
"2020-04-01","85011","Florenville","Florenville","Arrondissement Virton","Arrondissement de Virton","Provincie Luxemburg","Province du Luxembourg","Waals Gewest","Région wallonne","<5"
"2020-04-01","85024","Meix-devant-Virton","Meix-devant-Virton","Arrondissement Virton","Arrondissement de Virton","Provincie Luxemburg","Province du Luxembourg","Waals Gewest","Région wallonne","<5"
"2020-04-01","85026","Musson","Musson","Arrondissement Virton","Arrondissement de Virton","Provincie Luxemburg","Province du Luxembourg","Waals Gewest","Région wallonne","<5"
"2020-04-01","85034","Saint-Léger (Virton)","Saint-Léger (Virton)","Arrondissement Virton","Arrondissement de Virton","Provincie Luxemburg","Province du Luxembourg","Waals Gewest","Région wallonne","<5"
"2020-04-01","85039","Tintigny","Tintigny","Arrondissement Virton","Arrondissement de Virton","Provincie Luxemburg","Province du Luxembourg","Waals Gewest","Région wallonne","<5"
"2020-04-01","85045","Virton","Virton","Arrondissement Virton","Arrondissement de Virton","Provincie Luxemburg","Province du Luxembourg","Waals Gewest","Région wallonne","<5"
"2020-04-01","85046","Habay","Habay","Arrondissement Virton","Arrondissement de Virton","Provincie Luxemburg","Province du Luxembourg","Waals Gewest","Région wallonne","<5"
"2020-04-01","85047","Rouvroy","Rouvroy","Arrondissement Virton","Arrondissement de Virton","Provincie Luxemburg","Province du Luxembourg","Waals Gewest","Région wallonne","<5"
"2020-04-01","91005","Anhée","Anhée","Arrondissement Dinant","Arrondissement de Dinant","Provincie Namen","Province de Namur","Waals Gewest","Région wallonne","<5"
"2020-04-01","91015","Bièvre","Bièvre","Arrondissement Dinant","Arrondissement de Dinant","Provincie Namen","Province de Namur","Waals Gewest","Région wallonne","<5"
"2020-04-01","91030","Ciney","Ciney","Arrondissement Dinant","Arrondissement de Dinant","Provincie Namen","Province de Namur","Waals Gewest","Région wallonne","<5"
"2020-04-01","91059","Hamois","Hamois","Arrondissement Dinant","Arrondissement de Dinant","Provincie Namen","Province de Namur","Waals Gewest","Région wallonne","<5"
"2020-04-01","91114","Rochefort","Rochefort","Arrondissement Dinant","Arrondissement de Dinant","Provincie Namen","Province de Namur","Waals Gewest","Région wallonne","<5"
"2020-04-01","91120","Somme-Leuze","Somme-Leuze","Arrondissement Dinant","Arrondissement de Dinant","Provincie Namen","Province de Namur","Waals Gewest","Région wallonne","<5"
"2020-04-01","91141","Yvoir","Yvoir","Arrondissement Dinant","Arrondissement de Dinant","Provincie Namen","Province de Namur","Waals Gewest","Région wallonne","<5"
"2020-04-01","92003","Andenne","Andenne","Arrondissement Namen","Arrondissement de Namur","Provincie Namen","Province de Namur","Waals Gewest","Région wallonne","6"
"2020-04-01","92006","Assesse","Assesse","Arrondissement Namen","Arrondissement de Namur","Provincie Namen","Province de Namur","Waals Gewest","Région wallonne","<5"
"2020-04-01","92035","Eghezée","Eghezée","Arrondissement Namen","Arrondissement de Namur","Provincie Namen","Province de Namur","Waals Gewest","Région wallonne","<5"
"2020-04-01","92045","Floreffe","Floreffe","Arrondissement Namen","Arrondissement de Namur","Provincie Namen","Province de Namur","Waals Gewest","Région wallonne","<5"
"2020-04-01","92094","Namen","Namur","Arrondissement Namen","Arrondissement de Namur","Provincie Namen","Province de Namur","Waals Gewest","Région wallonne","12"
"2020-04-01","92101","Profondeville","Profondeville","Arrondissement Namen","Arrondissement de Namur","Provincie Namen","Province de Namur","Waals Gewest","Région wallonne","<5"
"2020-04-01","92114","Sombreffe","Sombreffe","Arrondissement Namen","Arrondissement de Namur","Provincie Namen","Province de Namur","Waals Gewest","Région wallonne","<5"
"2020-04-01","92137","Sambreville","Sambreville","Arrondissement Namen","Arrondissement de Namur","Provincie Namen","Province de Namur","Waals Gewest","Région wallonne","<5"
"2020-04-01","92138","Fernelmont","Fernelmont","Arrondissement Namen","Arrondissement de Namur","Provincie Namen","Province de Namur","Waals Gewest","Région wallonne","<5"
"2020-04-01","92141","La Bruyère","La Bruyère","Arrondissement Namen","Arrondissement de Namur","Provincie Namen","Province de Namur","Waals Gewest","Région wallonne","<5"
"2020-04-01","92142","Gembloux","Gembloux","Arrondissement Namen","Arrondissement de Namur","Provincie Namen","Province de Namur","Waals Gewest","Région wallonne","10"
"2020-04-01","93014","Couvin","Couvin","Arrondissement Philippeville","Arrondissement de Philippeville","Provincie Namen","Province de Namur","Waals Gewest","Région wallonne","<5"
"2020-04-01","93056","Philippeville","Philippeville","Arrondissement Philippeville","Arrondissement de Philippeville","Provincie Namen","Province de Namur","Waals Gewest","Région wallonne","<5"
"2020-04-01","93088","Walcourt","Walcourt","Arrondissement Philippeville","Arrondissement de Philippeville","Provincie Namen","Province de Namur","Waals Gewest","Région wallonne","<5"
"2020-04-01",NA,NA,NA,NA,NA,NA,NA,NA,NA,"24"
"2020-04-02","11001","Aartselaar","Aartselaar","Arrondissement Antwerpen","Arrondissement d’Anvers","Provincie Antwerpen","Province d’Anvers","Vlaams Gewest","Région flamande","<5"
"2020-04-02","11002","Antwerpen","Anvers","Arrondissement Antwerpen","Arrondissement d’Anvers","Provincie Antwerpen","Province d’Anvers","Vlaams Gewest","Région flamande","55"
"2020-04-02","11007","Borsbeek","Borsbeek","Arrondissement Antwerpen","Arrondissement d’Anvers","Provincie Antwerpen","Province d’Anvers","Vlaams Gewest","Région flamande","<5"
"2020-04-02","11008","Brasschaat","Brasschaat","Arrondissement Antwerpen","Arrondissement d’Anvers","Provincie Antwerpen","Province d’Anvers","Vlaams Gewest","Région flamande","5"
"2020-04-02","11009","Brecht","Brecht","Arrondissement Antwerpen","Arrondissement d’Anvers","Provincie Antwerpen","Province d’Anvers","Vlaams Gewest","Région flamande","<5"
"2020-04-02","11013","Edegem","Edegem","Arrondissement Antwerpen","Arrondissement d’Anvers","Provincie Antwerpen","Province d’Anvers","Vlaams Gewest","Région flamande","<5"
"2020-04-02","11016","Essen","Essen","Arrondissement Antwerpen","Arrondissement d’Anvers","Provincie Antwerpen","Province d’Anvers","Vlaams Gewest","Région flamande","<5"
"2020-04-02","11018","Hemiksem","Hemiksem","Arrondissement Antwerpen","Arrondissement d’Anvers","Provincie Antwerpen","Province d’Anvers","Vlaams Gewest","Région flamande","<5"
"2020-04-02","11022","Kalmthout","Kalmthout","Arrondissement Antwerpen","Arrondissement d’Anvers","Provincie Antwerpen","Province d’Anvers","Vlaams Gewest","Région flamande","<5"
"2020-04-02","11023","Kapellen (Antwerpen)","Kapellen (Anvers)","Arrondissement Antwerpen","Arrondissement d’Anvers","Provincie Antwerpen","Province d’Anvers","Vlaams Gewest","Région flamande","<5"
"2020-04-02","11024","Kontich","Kontich","Arrondissement Antwerpen","Arrondissement d’Anvers","Provincie Antwerpen","Province d’Anvers","Vlaams Gewest","Région flamande","<5"
"2020-04-02","11035","Ranst","Ranst","Arrondissement Antwerpen","Arrondissement d’Anvers","Provincie Antwerpen","Province d’Anvers","Vlaams Gewest","Région flamande","<5"
"2020-04-02","11037","Rumst","Rumst","Arrondissement Antwerpen","Arrondissement d’Anvers","Provincie Antwerpen","Province d’Anvers","Vlaams Gewest","Région flamande","<5"
"2020-04-02","11039","Schilde","Schilde","Arrondissement Antwerpen","Arrondissement d’Anvers","Provincie Antwerpen","Province d’Anvers","Vlaams Gewest","Région flamande","<5"
"2020-04-02","11040","Schoten","Schoten","Arrondissement Antwerpen","Arrondissement d’Anvers","Provincie Antwerpen","Province d’Anvers","Vlaams Gewest","Région flamande","<5"
"2020-04-02","11044","Stabroek","Stabroek","Arrondissement Antwerpen","Arrondissement d’Anvers","Provincie Antwerpen","Province d’Anvers","Vlaams Gewest","Région flamande","<5"
"2020-04-02","11053","Wuustwezel","Wuustwezel","Arrondissement Antwerpen","Arrondissement d’Anvers","Provincie Antwerpen","Province d’Anvers","Vlaams Gewest","Région flamande","<5"
"2020-04-02","11054","Zandhoven","Zandhoven","Arrondissement Antwerpen","Arrondissement d’Anvers","Provincie Antwerpen","Province d’Anvers","Vlaams Gewest","Région flamande","<5"
"2020-04-02","11056","Zwijndrecht","Zwijndrecht","Arrondissement Antwerpen","Arrondissement d’Anvers","Provincie Antwerpen","Province d’Anvers","Vlaams Gewest","Région flamande","<5"
"2020-04-02","11057","Malle","Malle","Arrondissement Antwerpen","Arrondissement d’Anvers","Provincie Antwerpen","Province d’Anvers","Vlaams Gewest","Région flamande","<5"
"2020-04-02","12002","Berlaar","Berlaar","Arrondissement Mechelen","Arrondissement de Malines","Provincie Antwerpen","Province d’Anvers","Vlaams Gewest","Région flamande","<5"
"2020-04-02","12007","Bornem","Bornem","Arrondissement Mechelen","Arrondissement de Malines","Provincie Antwerpen","Province d’Anvers","Vlaams Gewest","Région flamande","<5"
"2020-04-02","12014","Heist-op-den-Berg","Heist-op-den-Berg","Arrondissement Mechelen","Arrondissement de Malines","Provincie Antwerpen","Province d’Anvers","Vlaams Gewest","Région flamande","<5"
"2020-04-02","12021","Lier","Lierre","Arrondissement Mechelen","Arrondissement de Malines","Provincie Antwerpen","Province d’Anvers","Vlaams Gewest","Région flamande","<5"
"2020-04-02","12025","Mechelen","Malines","Arrondissement Mechelen","Arrondissement de Malines","Provincie Antwerpen","Province d’Anvers","Vlaams Gewest","Région flamande","6"
"2020-04-02","12026","Nijlen","Nijlen","Arrondissement Mechelen","Arrondissement de Malines","Provincie Antwerpen","Province d’Anvers","Vlaams Gewest","Région flamande","5"
"2020-04-02","12035","Sint-Katelijne-Waver","Sint-Katelijne-Waver","Arrondissement Mechelen","Arrondissement de Malines","Provincie Antwerpen","Province d’Anvers","Vlaams Gewest","Région flamande","9"
"2020-04-02","12040","Willebroek","Willebroek","Arrondissement Mechelen","Arrondissement de Malines","Provincie Antwerpen","Province d’Anvers","Vlaams Gewest","Région flamande","<5"
"2020-04-02","12041","Puurs-Sint-Amands","Puurs-Sint-Amands","Arrondissement Mechelen","Arrondissement de Malines","Provincie Antwerpen","Province d’Anvers","Vlaams Gewest","Région flamande","8"
"2020-04-02","13001","Arendonk","Arendonk","Arrondissement Turnhout","Arrondissement de Turnhout","Provincie Antwerpen","Province d’Anvers","Vlaams Gewest","Région flamande","<5"
"2020-04-02","13003","Balen","Balen","Arrondissement Turnhout","Arrondissement de Turnhout","Provincie Antwerpen","Province d’Anvers","Vlaams Gewest","Région flamande","<5"
"2020-04-02","13008","Geel","Geel","Arrondissement Turnhout","Arrondissement de Turnhout","Provincie Antwerpen","Province d’Anvers","Vlaams Gewest","Région flamande","5"
"2020-04-02","13011","Herentals","Herentals","Arrondissement Turnhout","Arrondissement de Turnhout","Provincie Antwerpen","Province d’Anvers","Vlaams Gewest","Région flamande","<5"
"2020-04-02","13013","Herselt","Herselt","Arrondissement Turnhout","Arrondissement de Turnhout","Provincie Antwerpen","Province d’Anvers","Vlaams Gewest","Région flamande","<5"
"2020-04-02","13016","Hulshout","Hulshout","Arrondissement Turnhout","Arrondissement de Turnhout","Provincie Antwerpen","Province d’Anvers","Vlaams Gewest","Région flamande","<5"
"2020-04-02","13019","Lille","Lille","Arrondissement Turnhout","Arrondissement de Turnhout","Provincie Antwerpen","Province d’Anvers","Vlaams Gewest","Région flamande","<5"
"2020-04-02","13031","Oud-Turnhout","Oud-Turnhout","Arrondissement Turnhout","Arrondissement de Turnhout","Provincie Antwerpen","Province d’Anvers","Vlaams Gewest","Région flamande","<5"
"2020-04-02","13035","Ravels","Ravels","Arrondissement Turnhout","Arrondissement de Turnhout","Provincie Antwerpen","Province d’Anvers","Vlaams Gewest","Région flamande","<5"
"2020-04-02","13036","Retie","Retie","Arrondissement Turnhout","Arrondissement de Turnhout","Provincie Antwerpen","Province d’Anvers","Vlaams Gewest","Région flamande","<5"
"2020-04-02","13037","Rijkevorsel","Rijkevorsel","Arrondissement Turnhout","Arrondissement de Turnhout","Provincie Antwerpen","Province d’Anvers","Vlaams Gewest","Région flamande","<5"
"2020-04-02","13040","Turnhout","Turnhout","Arrondissement Turnhout","Arrondissement de Turnhout","Provincie Antwerpen","Province d’Anvers","Vlaams Gewest","Région flamande","<5"
"2020-04-02","13044","Vorselaar","Vorselaar","Arrondissement Turnhout","Arrondissement de Turnhout","Provincie Antwerpen","Province d’Anvers","Vlaams Gewest","Région flamande","<5"
"2020-04-02","13046","Vosselaar","Vosselaar","Arrondissement Turnhout","Arrondissement de Turnhout","Provincie Antwerpen","Province d’Anvers","Vlaams Gewest","Région flamande","<5"
"2020-04-02","13049","Westerlo","Westerlo","Arrondissement Turnhout","Arrondissement de Turnhout","Provincie Antwerpen","Province d’Anvers","Vlaams Gewest","Région flamande","<5"
"2020-04-02","21001","Anderlecht","Anderlecht","Arrondissement Brussel-Hoofdstad","Arrondissement de Bruxelles-Capitale",NA,NA,"Brussels Hoofdstedelijk Gewest","Région de Bruxelles-Capitale","19"
"2020-04-02","21002","Oudergem","Auderghem","Arrondissement Brussel-Hoofdstad","Arrondissement de Bruxelles-Capitale",NA,NA,"Brussels Hoofdstedelijk Gewest","Région de Bruxelles-Capitale","8"
"2020-04-02","21003","Sint-Agatha-Berchem","Berchem-Sainte-Agathe","Arrondissement Brussel-Hoofdstad","Arrondissement de Bruxelles-Capitale",NA,NA,"Brussels Hoofdstedelijk Gewest","Région de Bruxelles-Capitale","<5"
"2020-04-02","21004","Brussel","Bruxelles","Arrondissement Brussel-Hoofdstad","Arrondissement de Bruxelles-Capitale",NA,NA,"Brussels Hoofdstedelijk Gewest","Région de Bruxelles-Capitale","28"
"2020-04-02","21005","Etterbeek","Etterbeek","Arrondissement Brussel-Hoofdstad","Arrondissement de Bruxelles-Capitale",NA,NA,"Brussels Hoofdstedelijk Gewest","Région de Bruxelles-Capitale","6"
"2020-04-02","21006","Evere","Evere","Arrondissement Brussel-Hoofdstad","Arrondissement de Bruxelles-Capitale",NA,NA,"Brussels Hoofdstedelijk Gewest","Région de Bruxelles-Capitale","6"
"2020-04-02","21007","Vorst (Brussel-Hoofdstad)","Forest (Bruxelles-Capitale)","Arrondissement Brussel-Hoofdstad","Arrondissement de Bruxelles-Capitale",NA,NA,"Brussels Hoofdstedelijk Gewest","Région de Bruxelles-Capitale","9"
"2020-04-02","21008","Ganshoren","Ganshoren","Arrondissement Brussel-Hoofdstad","Arrondissement de Bruxelles-Capitale",NA,NA,"Brussels Hoofdstedelijk Gewest","Région de Bruxelles-Capitale","<5"
"2020-04-02","21009","Elsene","Ixelles","Arrondissement Brussel-Hoofdstad","Arrondissement de Bruxelles-Capitale",NA,NA,"Brussels Hoofdstedelijk Gewest","Région de Bruxelles-Capitale","8"
"2020-04-02","21010","Jette","Jette","Arrondissement Brussel-Hoofdstad","Arrondissement de Bruxelles-Capitale",NA,NA,"Brussels Hoofdstedelijk Gewest","Région de Bruxelles-Capitale","13"
"2020-04-02","21011","Koekelberg","Koekelberg","Arrondissement Brussel-Hoofdstad","Arrondissement de Bruxelles-Capitale",NA,NA,"Brussels Hoofdstedelijk Gewest","Région de Bruxelles-Capitale","<5"
"2020-04-02","21012","Sint-Jans-Molenbeek","Molenbeek-Saint-Jean","Arrondissement Brussel-Hoofdstad","Arrondissement de Bruxelles-Capitale",NA,NA,"Brussels Hoofdstedelijk Gewest","Région de Bruxelles-Capitale","13"
"2020-04-02","21013","Sint-Gillis","Saint-Gilles","Arrondissement Brussel-Hoofdstad","Arrondissement de Bruxelles-Capitale",NA,NA,"Brussels Hoofdstedelijk Gewest","Région de Bruxelles-Capitale","<5"
"2020-04-02","21014","Sint-Joost-ten-Node","Saint-Josse-ten-Noode","Arrondissement Brussel-Hoofdstad","Arrondissement de Bruxelles-Capitale",NA,NA,"Brussels Hoofdstedelijk Gewest","Région de Bruxelles-Capitale","<5"
"2020-04-02","21015","Schaarbeek","Schaerbeek","Arrondissement Brussel-Hoofdstad","Arrondissement de Bruxelles-Capitale",NA,NA,"Brussels Hoofdstedelijk Gewest","Région de Bruxelles-Capitale","12"
"2020-04-02","21016","Ukkel","Uccle","Arrondissement Brussel-Hoofdstad","Arrondissement de Bruxelles-Capitale",NA,NA,"Brussels Hoofdstedelijk Gewest","Région de Bruxelles-Capitale","11"
"2020-04-02","21018","Sint-Lambrechts-Woluwe","Woluwe-Saint-Lambert","Arrondissement Brussel-Hoofdstad","Arrondissement de Bruxelles-Capitale",NA,NA,"Brussels Hoofdstedelijk Gewest","Région de Bruxelles-Capitale","6"
"2020-04-02","21019","Sint-Pieters-Woluwe","Woluwe-Saint-Pierre","Arrondissement Brussel-Hoofdstad","Arrondissement de Bruxelles-Capitale",NA,NA,"Brussels Hoofdstedelijk Gewest","Région de Bruxelles-Capitale","<5"
"2020-04-02","23002","Asse","Asse","Arrondissement Halle-Vilvoorde","Arrondissement de Hal-Vilvorde","Provincie Vlaams-Brabant","Province du Brabant flamand","Vlaams Gewest","Région flamande","5"
"2020-04-02","23003","Beersel","Beersel","Arrondissement Halle-Vilvoorde","Arrondissement de Hal-Vilvorde","Provincie Vlaams-Brabant","Province du Brabant flamand","Vlaams Gewest","Région flamande","<5"
"2020-04-02","23016","Dilbeek","Dilbeek","Arrondissement Halle-Vilvoorde","Arrondissement de Hal-Vilvorde","Provincie Vlaams-Brabant","Province du Brabant flamand","Vlaams Gewest","Région flamande","<5"
"2020-04-02","23023","Galmaarden","Gammerages","Arrondissement Halle-Vilvoorde","Arrondissement de Hal-Vilvorde","Provincie Vlaams-Brabant","Province du Brabant flamand","Vlaams Gewest","Région flamande","<5"
"2020-04-02","23025","Grimbergen","Grimbergen","Arrondissement Halle-Vilvoorde","Arrondissement de Hal-Vilvorde","Provincie Vlaams-Brabant","Province du Brabant flamand","Vlaams Gewest","Région flamande","<5"
"2020-04-02","23027","Halle (Halle-Vilvoorde)","Hal (Hal-Vilvorde)","Arrondissement Halle-Vilvoorde","Arrondissement de Hal-Vilvorde","Provincie Vlaams-Brabant","Province du Brabant flamand","Vlaams Gewest","Région flamande","5"
"2020-04-02","23032","Herne","Herne","Arrondissement Halle-Vilvoorde","Arrondissement de Hal-Vilvorde","Provincie Vlaams-Brabant","Province du Brabant flamand","Vlaams Gewest","Région flamande","<5"
"2020-04-02","23033","Hoeilaart","Hoeilaart","Arrondissement Halle-Vilvoorde","Arrondissement de Hal-Vilvorde","Provincie Vlaams-Brabant","Province du Brabant flamand","Vlaams Gewest","Région flamande","<5"
"2020-04-02","23038","Kampenhout","Kampenhout","Arrondissement Halle-Vilvoorde","Arrondissement de Hal-Vilvorde","Provincie Vlaams-Brabant","Province du Brabant flamand","Vlaams Gewest","Région flamande","<5"
"2020-04-02","23039","Kapelle-op-den-Bos","Kapelle-op-den-Bos","Arrondissement Halle-Vilvoorde","Arrondissement de Hal-Vilvorde","Provincie Vlaams-Brabant","Province du Brabant flamand","Vlaams Gewest","Région flamande","<5"
"2020-04-02","23044","Liedekerke","Liedekerke","Arrondissement Halle-Vilvoorde","Arrondissement de Hal-Vilvorde","Provincie Vlaams-Brabant","Province du Brabant flamand","Vlaams Gewest","Région flamande","<5"
"2020-04-02","23045","Londerzeel","Londerzeel","Arrondissement Halle-Vilvoorde","Arrondissement de Hal-Vilvorde","Provincie Vlaams-Brabant","Province du Brabant flamand","Vlaams Gewest","Région flamande","5"
"2020-04-02","23047","Machelen (Halle-Vilvoorde)","Machelen (Hal-Vilvorde)","Arrondissement Halle-Vilvoorde","Arrondissement de Hal-Vilvorde","Provincie Vlaams-Brabant","Province du Brabant flamand","Vlaams Gewest","Région flamande","<5"
"2020-04-02","23050","Meise","Meise","Arrondissement Halle-Vilvoorde","Arrondissement de Hal-Vilvorde","Provincie Vlaams-Brabant","Province du Brabant flamand","Vlaams Gewest","Région flamande","<5"
"2020-04-02","23062","Overijse","Overijse","Arrondissement Halle-Vilvoorde","Arrondissement de Hal-Vilvorde","Provincie Vlaams-Brabant","Province du Brabant flamand","Vlaams Gewest","Région flamande","<5"
"2020-04-02","23077","Sint-Pieters-Leeuw","Sint-Pieters-Leeuw","Arrondissement Halle-Vilvoorde","Arrondissement de Hal-Vilvorde","Provincie Vlaams-Brabant","Province du Brabant flamand","Vlaams Gewest","Région flamande","<5"
"2020-04-02","23086","Ternat","Ternat","Arrondissement Halle-Vilvoorde","Arrondissement de Hal-Vilvorde","Provincie Vlaams-Brabant","Province du Brabant flamand","Vlaams Gewest","Région flamande","<5"
"2020-04-02","23088","Vilvoorde","Vilvorde","Arrondissement Halle-Vilvoorde","Arrondissement de Hal-Vilvorde","Provincie Vlaams-Brabant","Province du Brabant flamand","Vlaams Gewest","Région flamande","5"
"2020-04-02","23094","Zaventem","Zaventem","Arrondissement Halle-Vilvoorde","Arrondissement de Hal-Vilvorde","Provincie Vlaams-Brabant","Province du Brabant flamand","Vlaams Gewest","Région flamande","7"
"2020-04-02","23097","Roosdaal","Roosdaal","Arrondissement Halle-Vilvoorde","Arrondissement de Hal-Vilvorde","Provincie Vlaams-Brabant","Province du Brabant flamand","Vlaams Gewest","Région flamande","<5"
"2020-04-02","23099","Kraainem","Kraainem","Arrondissement Halle-Vilvoorde","Arrondissement de Hal-Vilvorde","Provincie Vlaams-Brabant","Province du Brabant flamand","Vlaams Gewest","Région flamande","<5"
"2020-04-02","23101","Sint-Genesius-Rode","Rhode-Saint-Genèse","Arrondissement Halle-Vilvoorde","Arrondissement de Hal-Vilvorde","Provincie Vlaams-Brabant","Province du Brabant flamand","Vlaams Gewest","Région flamande","<5"
"2020-04-02","23102","Wemmel","Wemmel","Arrondissement Halle-Vilvoorde","Arrondissement de Hal-Vilvorde","Provincie Vlaams-Brabant","Province du Brabant flamand","Vlaams Gewest","Région flamande","<5"
"2020-04-02","23105","Affligem","Affligem","Arrondissement Halle-Vilvoorde","Arrondissement de Hal-Vilvorde","Provincie Vlaams-Brabant","Province du Brabant flamand","Vlaams Gewest","Région flamande","<5"
"2020-04-02","24001","Aarschot","Aarschot","Arrondissement Leuven","Arrondissement de Louvain","Provincie Vlaams-Brabant","Province du Brabant flamand","Vlaams Gewest","Région flamande","<5"
"2020-04-02","24007","Begijnendijk","Begijnendijk","Arrondissement Leuven","Arrondissement de Louvain","Provincie Vlaams-Brabant","Province du Brabant flamand","Vlaams Gewest","Région flamande","<5"
"2020-04-02","24009","Bertem","Bertem","Arrondissement Leuven","Arrondissement de Louvain","Provincie Vlaams-Brabant","Province du Brabant flamand","Vlaams Gewest","Région flamande","<5"
"2020-04-02","24014","Boortmeerbeek","Boortmeerbeek","Arrondissement Leuven","Arrondissement de Louvain","Provincie Vlaams-Brabant","Province du Brabant flamand","Vlaams Gewest","Région flamande","<5"
"2020-04-02","24020","Diest","Diest","Arrondissement Leuven","Arrondissement de Louvain","Provincie Vlaams-Brabant","Province du Brabant flamand","Vlaams Gewest","Région flamande","<5"
"2020-04-02","24028","Geetbets","Geetbets","Arrondissement Leuven","Arrondissement de Louvain","Provincie Vlaams-Brabant","Province du Brabant flamand","Vlaams Gewest","Région flamande","7"
"2020-04-02","24038","Herent","Herent","Arrondissement Leuven","Arrondissement de Louvain","Provincie Vlaams-Brabant","Province du Brabant flamand","Vlaams Gewest","Région flamande","<5"
"2020-04-02","24043","Holsbeek","Holsbeek","Arrondissement Leuven","Arrondissement de Louvain","Provincie Vlaams-Brabant","Province du Brabant flamand","Vlaams Gewest","Région flamande","<5"
"2020-04-02","24048","Keerbergen","Keerbergen","Arrondissement Leuven","Arrondissement de Louvain","Provincie Vlaams-Brabant","Province du Brabant flamand","Vlaams Gewest","Région flamande","<5"
"2020-04-02","24054","Kortenaken","Kortenaken","Arrondissement Leuven","Arrondissement de Louvain","Provincie Vlaams-Brabant","Province du Brabant flamand","Vlaams Gewest","Région flamande","<5"
"2020-04-02","24055","Kortenberg","Kortenberg","Arrondissement Leuven","Arrondissement de Louvain","Provincie Vlaams-Brabant","Province du Brabant flamand","Vlaams Gewest","Région flamande","<5"
"2020-04-02","24059","Landen","Landen","Arrondissement Leuven","Arrondissement de Louvain","Provincie Vlaams-Brabant","Province du Brabant flamand","Vlaams Gewest","Région flamande","6"
"2020-04-02","24062","Leuven","Louvain","Arrondissement Leuven","Arrondissement de Louvain","Provincie Vlaams-Brabant","Province du Brabant flamand","Vlaams Gewest","Région flamande","9"
"2020-04-02","24066","Lubbeek","Lubbeek","Arrondissement Leuven","Arrondissement de Louvain","Provincie Vlaams-Brabant","Province du Brabant flamand","Vlaams Gewest","Région flamande","6"
"2020-04-02","24086","Oud-Heverlee","Oud-Heverlee","Arrondissement Leuven","Arrondissement de Louvain","Provincie Vlaams-Brabant","Province du Brabant flamand","Vlaams Gewest","Région flamande","<5"
"2020-04-02","24094","Rotselaar","Rotselaar","Arrondissement Leuven","Arrondissement de Louvain","Provincie Vlaams-Brabant","Province du Brabant flamand","Vlaams Gewest","Région flamande","<5"
"2020-04-02","24104","Tervuren","Tervuren","Arrondissement Leuven","Arrondissement de Louvain","Provincie Vlaams-Brabant","Province du Brabant flamand","Vlaams Gewest","Région flamande","<5"
"2020-04-02","24107","Tienen","Tirlemont","Arrondissement Leuven","Arrondissement de Louvain","Provincie Vlaams-Brabant","Province du Brabant flamand","Vlaams Gewest","Région flamande","6"
"2020-04-02","24109","Tremelo","Tremelo","Arrondissement Leuven","Arrondissement de Louvain","Provincie Vlaams-Brabant","Province du Brabant flamand","Vlaams Gewest","Région flamande","<5"
"2020-04-02","24130","Zoutleeuw","Léau","Arrondissement Leuven","Arrondissement de Louvain","Provincie Vlaams-Brabant","Province du Brabant flamand","Vlaams Gewest","Région flamande","5"
"2020-04-02","24133","Linter","Linter","Arrondissement Leuven","Arrondissement de Louvain","Provincie Vlaams-Brabant","Province du Brabant flamand","Vlaams Gewest","Région flamande","<5"
"2020-04-02","24134","Scherpenheuvel-Zichem","Montaigu-Zichem","Arrondissement Leuven","Arrondissement de Louvain","Provincie Vlaams-Brabant","Province du Brabant flamand","Vlaams Gewest","Région flamande","11"
"2020-04-02","24135","Tielt-Winge","Tielt-Winge","Arrondissement Leuven","Arrondissement de Louvain","Provincie Vlaams-Brabant","Province du Brabant flamand","Vlaams Gewest","Région flamande","<5"
"2020-04-02","24137","Glabbeek","Glabbeek","Arrondissement Leuven","Arrondissement de Louvain","Provincie Vlaams-Brabant","Province du Brabant flamand","Vlaams Gewest","Région flamande","<5"
"2020-04-02","25014","Eigenbrakel","Braine-l’Alleud","Arrondissement Nijvel","Arrondissement de Nivelles","Provincie Waals-Brabant","Province du Brabant wallon","Waals Gewest","Région wallonne","<5"
"2020-04-02","25015","Kasteelbrakel","Braine-le-Château","Arrondissement Nijvel","Arrondissement de Nivelles","Provincie Waals-Brabant","Province du Brabant wallon","Waals Gewest","Région wallonne","<5"
"2020-04-02","25031","Genepiën","Genappe","Arrondissement Nijvel","Arrondissement de Nivelles","Provincie Waals-Brabant","Province du Brabant wallon","Waals Gewest","Région wallonne","<5"
"2020-04-02","25048","Geldenaken","Jodoigne","Arrondissement Nijvel","Arrondissement de Nivelles","Provincie Waals-Brabant","Province du Brabant wallon","Waals Gewest","Région wallonne","<5"
"2020-04-02","25050","Terhulpen","La Hulpe","Arrondissement Nijvel","Arrondissement de Nivelles","Provincie Waals-Brabant","Province du Brabant wallon","Waals Gewest","Région wallonne","<5"
"2020-04-02","25072","Nijvel","Nivelles","Arrondissement Nijvel","Arrondissement de Nivelles","Provincie Waals-Brabant","Province du Brabant wallon","Waals Gewest","Région wallonne","<5"
"2020-04-02","25091","Rixensart","Rixensart","Arrondissement Nijvel","Arrondissement de Nivelles","Provincie Waals-Brabant","Province du Brabant wallon","Waals Gewest","Région wallonne","<5"
"2020-04-02","25105","Tubeke","Tubize","Arrondissement Nijvel","Arrondissement de Nivelles","Provincie Waals-Brabant","Province du Brabant wallon","Waals Gewest","Région wallonne","<5"
"2020-04-02","25110","Waterloo","Waterloo","Arrondissement Nijvel","Arrondissement de Nivelles","Provincie Waals-Brabant","Province du Brabant wallon","Waals Gewest","Région wallonne","<5"
"2020-04-02","25112","Waver","Wavre","Arrondissement Nijvel","Arrondissement de Nivelles","Provincie Waals-Brabant","Province du Brabant wallon","Waals Gewest","Région wallonne","<5"
"2020-04-02","25118","Hélécine","Hélécine","Arrondissement Nijvel","Arrondissement de Nivelles","Provincie Waals-Brabant","Province du Brabant wallon","Waals Gewest","Région wallonne","<5"
"2020-04-02","25121","Ottignies-Louvain-la-Neuve","Ottignies-Louvain-la-Neuve","Arrondissement Nijvel","Arrondissement de Nivelles","Provincie Waals-Brabant","Province du Brabant wallon","Waals Gewest","Région wallonne","<5"
"2020-04-02","25122","Ramillies","Ramillies","Arrondissement Nijvel","Arrondissement de Nivelles","Provincie Waals-Brabant","Province du Brabant wallon","Waals Gewest","Région wallonne","<5"
"2020-04-02","25123","Rebecq","Rebecq","Arrondissement Nijvel","Arrondissement de Nivelles","Provincie Waals-Brabant","Province du Brabant wallon","Waals Gewest","Région wallonne","<5"
"2020-04-02","25124","Walhain","Walhain","Arrondissement Nijvel","Arrondissement de Nivelles","Provincie Waals-Brabant","Province du Brabant wallon","Waals Gewest","Région wallonne","<5"
"2020-04-02","31005","Brugge","Bruges","Arrondissement Brugge","Arrondissement de Bruges","Provincie West-Vlaanderen","Province de Flandre occidentale","Vlaams Gewest","Région flamande","18"
"2020-04-02","31006","Damme","Damme","Arrondissement Brugge","Arrondissement de Bruges","Provincie West-Vlaanderen","Province de Flandre occidentale","Vlaams Gewest","Région flamande","<5"
"2020-04-02","31012","Jabbeke","Jabbeke","Arrondissement Brugge","Arrondissement de Bruges","Provincie West-Vlaanderen","Province de Flandre occidentale","Vlaams Gewest","Région flamande","<5"
"2020-04-02","31022","Oostkamp","Oostkamp","Arrondissement Brugge","Arrondissement de Bruges","Provincie West-Vlaanderen","Province de Flandre occidentale","Vlaams Gewest","Région flamande","<5"
"2020-04-02","31033","Torhout","Torhout","Arrondissement Brugge","Arrondissement de Bruges","Provincie West-Vlaanderen","Province de Flandre occidentale","Vlaams Gewest","Région flamande","<5"
"2020-04-02","31040","Zedelgem","Zedelgem","Arrondissement Brugge","Arrondissement de Bruges","Provincie West-Vlaanderen","Province de Flandre occidentale","Vlaams Gewest","Région flamande","5"
"2020-04-02","31043","Knokke-Heist","Knokke-Heist","Arrondissement Brugge","Arrondissement de Bruges","Provincie West-Vlaanderen","Province de Flandre occidentale","Vlaams Gewest","Région flamande","<5"
"2020-04-02","32003","Diksmuide","Dixmude","Arrondissement Diksmuide","Arrondissement de Dixmude","Provincie West-Vlaanderen","Province de Flandre occidentale","Vlaams Gewest","Région flamande","<5"
"2020-04-02","32006","Houthulst","Houthulst","Arrondissement Diksmuide","Arrondissement de Dixmude","Provincie West-Vlaanderen","Province de Flandre occidentale","Vlaams Gewest","Région flamande","5"
"2020-04-02","32011","Kortemark","Kortemark","Arrondissement Diksmuide","Arrondissement de Dixmude","Provincie West-Vlaanderen","Province de Flandre occidentale","Vlaams Gewest","Région flamande","<5"
"2020-04-02","33011","Ieper","Ypres","Arrondissement Ieper","Arrondissement d’Ypres","Provincie West-Vlaanderen","Province de Flandre occidentale","Vlaams Gewest","Région flamande","9"
"2020-04-02","33021","Poperinge","Poperinge","Arrondissement Ieper","Arrondissement d’Ypres","Provincie West-Vlaanderen","Province de Flandre occidentale","Vlaams Gewest","Région flamande","<5"
"2020-04-02","33029","Wervik","Wervik","Arrondissement Ieper","Arrondissement d’Ypres","Provincie West-Vlaanderen","Province de Flandre occidentale","Vlaams Gewest","Région flamande","5"
"2020-04-02","33037","Zonnebeke","Zonnebeke","Arrondissement Ieper","Arrondissement d’Ypres","Provincie West-Vlaanderen","Province de Flandre occidentale","Vlaams Gewest","Région flamande","<5"
"2020-04-02","34002","Anzegem","Anzegem","Arrondissement Kortrijk","Arrondissement de Courtrai","Provincie West-Vlaanderen","Province de Flandre occidentale","Vlaams Gewest","Région flamande","<5"
"2020-04-02","34013","Harelbeke","Harelbeke","Arrondissement Kortrijk","Arrondissement de Courtrai","Provincie West-Vlaanderen","Province de Flandre occidentale","Vlaams Gewest","Région flamande","<5"
"2020-04-02","34022","Kortrijk","Courtrai","Arrondissement Kortrijk","Arrondissement de Courtrai","Provincie West-Vlaanderen","Province de Flandre occidentale","Vlaams Gewest","Région flamande","11"
"2020-04-02","34023","Kuurne","Kuurne","Arrondissement Kortrijk","Arrondissement de Courtrai","Provincie West-Vlaanderen","Province de Flandre occidentale","Vlaams Gewest","Région flamande","<5"
"2020-04-02","34025","Lendelede","Lendelede","Arrondissement Kortrijk","Arrondissement de Courtrai","Provincie West-Vlaanderen","Province de Flandre occidentale","Vlaams Gewest","Région flamande","<5"
"2020-04-02","34027","Menen","Menin","Arrondissement Kortrijk","Arrondissement de Courtrai","Provincie West-Vlaanderen","Province de Flandre occidentale","Vlaams Gewest","Région flamande","8"
"2020-04-02","34040","Waregem","Waregem","Arrondissement Kortrijk","Arrondissement de Courtrai","Provincie West-Vlaanderen","Province de Flandre occidentale","Vlaams Gewest","Région flamande","8"
"2020-04-02","34041","Wevelgem","Wevelgem","Arrondissement Kortrijk","Arrondissement de Courtrai","Provincie West-Vlaanderen","Province de Flandre occidentale","Vlaams Gewest","Région flamande","<5"
"2020-04-02","34042","Zwevegem","Zwevegem","Arrondissement Kortrijk","Arrondissement de Courtrai","Provincie West-Vlaanderen","Province de Flandre occidentale","Vlaams Gewest","Région flamande","<5"
"2020-04-02","34043","Spiere-Helkijn","Espierres-Helchin","Arrondissement Kortrijk","Arrondissement de Courtrai","Provincie West-Vlaanderen","Province de Flandre occidentale","Vlaams Gewest","Région flamande","<5"
"2020-04-02","35002","Bredene","Bredene","Arrondissement Oostende","Arrondissement d’Ostende","Provincie West-Vlaanderen","Province de Flandre occidentale","Vlaams Gewest","Région flamande","<5"
"2020-04-02","35005","Gistel","Gistel","Arrondissement Oostende","Arrondissement d’Ostende","Provincie West-Vlaanderen","Province de Flandre occidentale","Vlaams Gewest","Région flamande","<5"
"2020-04-02","35011","Middelkerke","Middelkerke","Arrondissement Oostende","Arrondissement d’Ostende","Provincie West-Vlaanderen","Province de Flandre occidentale","Vlaams Gewest","Région flamande","<5"
"2020-04-02","35013","Oostende","Ostende","Arrondissement Oostende","Arrondissement d’Ostende","Provincie West-Vlaanderen","Province de Flandre occidentale","Vlaams Gewest","Région flamande","12"
"2020-04-02","35029","De Haan","De Haan","Arrondissement Oostende","Arrondissement d’Ostende","Provincie West-Vlaanderen","Province de Flandre occidentale","Vlaams Gewest","Région flamande","<5"
"2020-04-02","36007","Ingelmunster","Ingelmunster","Arrondissement Roeselare","Arrondissement de Roulers","Provincie West-Vlaanderen","Province de Flandre occidentale","Vlaams Gewest","Région flamande","<5"
"2020-04-02","36008","Izegem","Izegem","Arrondissement Roeselare","Arrondissement de Roulers","Provincie West-Vlaanderen","Province de Flandre occidentale","Vlaams Gewest","Région flamande","<5"
"2020-04-02","36010","Ledegem","Ledegem","Arrondissement Roeselare","Arrondissement de Roulers","Provincie West-Vlaanderen","Province de Flandre occidentale","Vlaams Gewest","Région flamande","<5"
"2020-04-02","36011","Lichtervelde","Lichtervelde","Arrondissement Roeselare","Arrondissement de Roulers","Provincie West-Vlaanderen","Province de Flandre occidentale","Vlaams Gewest","Région flamande","<5"
"2020-04-02","36012","Moorslede","Moorslede","Arrondissement Roeselare","Arrondissement de Roulers","Provincie West-Vlaanderen","Province de Flandre occidentale","Vlaams Gewest","Région flamande","<5"
"2020-04-02","36015","Roeselare","Roulers","Arrondissement Roeselare","Arrondissement de Roulers","Provincie West-Vlaanderen","Province de Flandre occidentale","Vlaams Gewest","Région flamande","17"
"2020-04-02","36019","Staden","Staden","Arrondissement Roeselare","Arrondissement de Roulers","Provincie West-Vlaanderen","Province de Flandre occidentale","Vlaams Gewest","Région flamande","<5"
"2020-04-02","37007","Meulebeke","Meulebeke","Arrondissement Tielt","Arrondissement de Tielt","Provincie West-Vlaanderen","Province de Flandre occidentale","Vlaams Gewest","Région flamande","<5"
"2020-04-02","37011","Pittem","Pittem","Arrondissement Tielt","Arrondissement de Tielt","Provincie West-Vlaanderen","Province de Flandre occidentale","Vlaams Gewest","Région flamande","<5"
"2020-04-02","37012","Ruiselede","Ruiselede","Arrondissement Tielt","Arrondissement de Tielt","Provincie West-Vlaanderen","Province de Flandre occidentale","Vlaams Gewest","Région flamande","<5"
"2020-04-02","37015","Tielt (Tielt)","Tielt (Tielt)","Arrondissement Tielt","Arrondissement de Tielt","Provincie West-Vlaanderen","Province de Flandre occidentale","Vlaams Gewest","Région flamande","<5"
"2020-04-02","37018","Wingene","Wingene","Arrondissement Tielt","Arrondissement de Tielt","Provincie West-Vlaanderen","Province de Flandre occidentale","Vlaams Gewest","Région flamande","6"
"2020-04-02","38008","De Panne","La Panne","Arrondissement Veurne","Arrondissement de Furnes","Provincie West-Vlaanderen","Province de Flandre occidentale","Vlaams Gewest","Région flamande","5"
"2020-04-02","38014","Koksijde","Koksijde","Arrondissement Veurne","Arrondissement de Furnes","Provincie West-Vlaanderen","Province de Flandre occidentale","Vlaams Gewest","Région flamande","<5"
"2020-04-02","38016","Nieuwpoort","Nieuport","Arrondissement Veurne","Arrondissement de Furnes","Provincie West-Vlaanderen","Province de Flandre occidentale","Vlaams Gewest","Région flamande","<5"
"2020-04-02","41002","Aalst (Aalst)","Alost (Alost)","Arrondissement Aalst","Arrondissement d’Alost","Provincie Oost-Vlaanderen","Province de Flandre orientale","Vlaams Gewest","Région flamande","6"
"2020-04-02","41018","Geraardsbergen","Grammont","Arrondissement Aalst","Arrondissement d’Alost","Provincie Oost-Vlaanderen","Province de Flandre orientale","Vlaams Gewest","Région flamande","5"
"2020-04-02","41024","Haaltert","Haaltert","Arrondissement Aalst","Arrondissement d’Alost","Provincie Oost-Vlaanderen","Province de Flandre orientale","Vlaams Gewest","Région flamande","<5"
"2020-04-02","41027","Herzele","Herzele","Arrondissement Aalst","Arrondissement d’Alost","Provincie Oost-Vlaanderen","Province de Flandre orientale","Vlaams Gewest","Région flamande","<5"
"2020-04-02","41034","Lede","Lede","Arrondissement Aalst","Arrondissement d’Alost","Provincie Oost-Vlaanderen","Province de Flandre orientale","Vlaams Gewest","Région flamande","<5"
"2020-04-02","41048","Ninove","Ninove","Arrondissement Aalst","Arrondissement d’Alost","Provincie Oost-Vlaanderen","Province de Flandre orientale","Vlaams Gewest","Région flamande","7"
"2020-04-02","41081","Zottegem","Zottegem","Arrondissement Aalst","Arrondissement d’Alost","Provincie Oost-Vlaanderen","Province de Flandre orientale","Vlaams Gewest","Région flamande","<5"
"2020-04-02","41082","Erpe-Mere","Erpe-Mere","Arrondissement Aalst","Arrondissement d’Alost","Provincie Oost-Vlaanderen","Province de Flandre orientale","Vlaams Gewest","Région flamande","<5"
"2020-04-02","42003","Berlare","Berlare","Arrondissement Dendermonde","Arrondissement de Termonde","Provincie Oost-Vlaanderen","Province de Flandre orientale","Vlaams Gewest","Région flamande","<5"
"2020-04-02","42004","Buggenhout","Buggenhout","Arrondissement Dendermonde","Arrondissement de Termonde","Provincie Oost-Vlaanderen","Province de Flandre orientale","Vlaams Gewest","Région flamande","<5"
"2020-04-02","42006","Dendermonde","Termonde","Arrondissement Dendermonde","Arrondissement de Termonde","Provincie Oost-Vlaanderen","Province de Flandre orientale","Vlaams Gewest","Région flamande","5"
"2020-04-02","42008","Hamme (Dendermonde)","Hamme (Termonde)","Arrondissement Dendermonde","Arrondissement de Termonde","Provincie Oost-Vlaanderen","Province de Flandre orientale","Vlaams Gewest","Région flamande","<5"
"2020-04-02","42010","Laarne","Laarne","Arrondissement Dendermonde","Arrondissement de Termonde","Provincie Oost-Vlaanderen","Province de Flandre orientale","Vlaams Gewest","Région flamande","<5"
"2020-04-02","42011","Lebbeke","Lebbeke","Arrondissement Dendermonde","Arrondissement de Termonde","Provincie Oost-Vlaanderen","Province de Flandre orientale","Vlaams Gewest","Région flamande","<5"
"2020-04-02","42025","Wetteren","Wetteren","Arrondissement Dendermonde","Arrondissement de Termonde","Provincie Oost-Vlaanderen","Province de Flandre orientale","Vlaams Gewest","Région flamande","9"
"2020-04-02","42028","Zele","Zele","Arrondissement Dendermonde","Arrondissement de Termonde","Provincie Oost-Vlaanderen","Province de Flandre orientale","Vlaams Gewest","Région flamande","<5"
"2020-04-02","43005","Eeklo","Eeklo","Arrondissement Eeklo","Arrondissement d’Eeklo","Provincie Oost-Vlaanderen","Province de Flandre orientale","Vlaams Gewest","Région flamande","<5"
"2020-04-02","43010","Maldegem","Maldegem","Arrondissement Eeklo","Arrondissement d’Eeklo","Provincie Oost-Vlaanderen","Province de Flandre orientale","Vlaams Gewest","Région flamande","<5"
"2020-04-02","43018","Zelzate","Zelzate","Arrondissement Eeklo","Arrondissement d’Eeklo","Provincie Oost-Vlaanderen","Province de Flandre orientale","Vlaams Gewest","Région flamande","<5"
"2020-04-02","44012","De Pinte","De Pinte","Arrondissement Gent","Arrondissement de Gand","Provincie Oost-Vlaanderen","Province de Flandre orientale","Vlaams Gewest","Région flamande","<5"
"2020-04-02","44013","Destelbergen","Destelbergen","Arrondissement Gent","Arrondissement de Gand","Provincie Oost-Vlaanderen","Province de Flandre orientale","Vlaams Gewest","Région flamande","<5"
"2020-04-02","44019","Evergem","Evergem","Arrondissement Gent","Arrondissement de Gand","Provincie Oost-Vlaanderen","Province de Flandre orientale","Vlaams Gewest","Région flamande","<5"
"2020-04-02","44021","Gent","Gand","Arrondissement Gent","Arrondissement de Gand","Provincie Oost-Vlaanderen","Province de Flandre orientale","Vlaams Gewest","Région flamande","18"
"2020-04-02","44034","Lochristi","Lochristi","Arrondissement Gent","Arrondissement de Gand","Provincie Oost-Vlaanderen","Province de Flandre orientale","Vlaams Gewest","Région flamande","<5"
"2020-04-02","44043","Merelbeke","Merelbeke","Arrondissement Gent","Arrondissement de Gand","Provincie Oost-Vlaanderen","Province de Flandre orientale","Vlaams Gewest","Région flamande","<5"
"2020-04-02","44073","Wachtebeke","Wachtebeke","Arrondissement Gent","Arrondissement de Gand","Provincie Oost-Vlaanderen","Province de Flandre orientale","Vlaams Gewest","Région flamande","<5"
"2020-04-02","44083","Deinze","Deinze","Arrondissement Gent","Arrondissement de Gand","Provincie Oost-Vlaanderen","Province de Flandre orientale","Vlaams Gewest","Région flamande","7"
"2020-04-02","44084","Aalter","Aalter","Arrondissement Gent","Arrondissement de Gand","Provincie Oost-Vlaanderen","Province de Flandre orientale","Vlaams Gewest","Région flamande","<5"
"2020-04-02","44085","Lievegem","Lievegem","Arrondissement Gent","Arrondissement de Gand","Provincie Oost-Vlaanderen","Province de Flandre orientale","Vlaams Gewest","Région flamande","<5"
"2020-04-02","45035","Oudenaarde","Audenarde","Arrondissement Oudenaarde","Arrondissement d’Audenarde","Provincie Oost-Vlaanderen","Province de Flandre orientale","Vlaams Gewest","Région flamande","<5"
"2020-04-02","45041","Ronse","Renaix","Arrondissement Oudenaarde","Arrondissement d’Audenarde","Provincie Oost-Vlaanderen","Province de Flandre orientale","Vlaams Gewest","Région flamande","9"
"2020-04-02","45061","Wortegem-Petegem","Wortegem-Petegem","Arrondissement Oudenaarde","Arrondissement d’Audenarde","Provincie Oost-Vlaanderen","Province de Flandre orientale","Vlaams Gewest","Région flamande","<5"
"2020-04-02","45062","Horebeke","Horebeke","Arrondissement Oudenaarde","Arrondissement d’Audenarde","Provincie Oost-Vlaanderen","Province de Flandre orientale","Vlaams Gewest","Région flamande","<5"
"2020-04-02","45064","Maarkedal","Maarkedal","Arrondissement Oudenaarde","Arrondissement d’Audenarde","Provincie Oost-Vlaanderen","Province de Flandre orientale","Vlaams Gewest","Région flamande","<5"
"2020-04-02","45068","Kruisem","Kruisem","Arrondissement Oudenaarde","Arrondissement d’Audenarde","Provincie Oost-Vlaanderen","Province de Flandre orientale","Vlaams Gewest","Région flamande","<5"
"2020-04-02","46003","Beveren (Sint-Niklaas)","Beveren (Saint-Nicolas)","Arrondissement Sint-Niklaas","Arrondissement de Saint-Nicolas","Provincie Oost-Vlaanderen","Province de Flandre orientale","Vlaams Gewest","Région flamande","<5"
"2020-04-02","46013","Kruibeke","Kruibeke","Arrondissement Sint-Niklaas","Arrondissement de Saint-Nicolas","Provincie Oost-Vlaanderen","Province de Flandre orientale","Vlaams Gewest","Région flamande","<5"
"2020-04-02","46014","Lokeren","Lokeren","Arrondissement Sint-Niklaas","Arrondissement de Saint-Nicolas","Provincie Oost-Vlaanderen","Province de Flandre orientale","Vlaams Gewest","Région flamande","8"
"2020-04-02","46020","Sint-Gillis-Waas","Sint-Gillis-Waas","Arrondissement Sint-Niklaas","Arrondissement de Saint-Nicolas","Provincie Oost-Vlaanderen","Province de Flandre orientale","Vlaams Gewest","Région flamande","<5"
"2020-04-02","46021","Sint-Niklaas (Sint-Niklaas)","Saint-Nicolas (Saint-Nicolas)","Arrondissement Sint-Niklaas","Arrondissement de Saint-Nicolas","Provincie Oost-Vlaanderen","Province de Flandre orientale","Vlaams Gewest","Région flamande","6"
"2020-04-02","46024","Stekene","Stekene","Arrondissement Sint-Niklaas","Arrondissement de Saint-Nicolas","Provincie Oost-Vlaanderen","Province de Flandre orientale","Vlaams Gewest","Région flamande","<5"
"2020-04-02","46025","Temse","Tamise","Arrondissement Sint-Niklaas","Arrondissement de Saint-Nicolas","Provincie Oost-Vlaanderen","Province de Flandre orientale","Vlaams Gewest","Région flamande","5"
"2020-04-02","51004","Aat","Ath","Arrondissement Aat","Arrondissement d’Ath","Provincie Henegouwen","Province du Hainaut","Waals Gewest","Région wallonne","6"
"2020-04-02","51008","Beloeil","Beloeil","Arrondissement Aat","Arrondissement d’Ath","Provincie Henegouwen","Province du Hainaut","Waals Gewest","Région wallonne","<5"
"2020-04-02","51009","Bernissart","Bernissart","Arrondissement Aat","Arrondissement d’Ath","Provincie Henegouwen","Province du Hainaut","Waals Gewest","Région wallonne","<5"
"2020-04-02","51014","Chièvres","Chièvres","Arrondissement Aat","Arrondissement d’Ath","Provincie Henegouwen","Province du Hainaut","Waals Gewest","Région wallonne","<5"
"2020-04-02","51065","Frasnes-lez-Anvaing","Frasnes-lez-Anvaing","Arrondissement Aat","Arrondissement d’Ath","Provincie Henegouwen","Province du Hainaut","Waals Gewest","Région wallonne","<5"
"2020-04-02","51067","Edingen","Enghien","Arrondissement Aat","Arrondissement d’Ath","Provincie Henegouwen","Province du Hainaut","Waals Gewest","Région wallonne","<5"
"2020-04-02","52010","Chapelle-lez-Herlaimont","Chapelle-lez-Herlaimont","Arrondissement Charleroi","Arrondissement de Charleroi","Provincie Henegouwen","Province du Hainaut","Waals Gewest","Région wallonne","<5"
"2020-04-02","52011","Charleroi","Charleroi","Arrondissement Charleroi","Arrondissement de Charleroi","Provincie Henegouwen","Province du Hainaut","Waals Gewest","Région wallonne","10"
"2020-04-02","52012","Châtelet","Châtelet","Arrondissement Charleroi","Arrondissement de Charleroi","Provincie Henegouwen","Province du Hainaut","Waals Gewest","Région wallonne","<5"
"2020-04-02","52015","Courcelles","Courcelles","Arrondissement Charleroi","Arrondissement de Charleroi","Provincie Henegouwen","Province du Hainaut","Waals Gewest","Région wallonne","<5"
"2020-04-02","52022","Fontaine-l’Evêque","Fontaine-l’Evêque","Arrondissement Charleroi","Arrondissement de Charleroi","Provincie Henegouwen","Province du Hainaut","Waals Gewest","Région wallonne","<5"
"2020-04-02","52025","Gerpinnes","Gerpinnes","Arrondissement Charleroi","Arrondissement de Charleroi","Provincie Henegouwen","Province du Hainaut","Waals Gewest","Région wallonne","<5"
"2020-04-02","52048","Montigny-le-Tilleul","Montigny-le-Tilleul","Arrondissement Charleroi","Arrondissement de Charleroi","Provincie Henegouwen","Province du Hainaut","Waals Gewest","Région wallonne","<5"
"2020-04-02","52055","Pont-à-Celles","Pont-à-Celles","Arrondissement Charleroi","Arrondissement de Charleroi","Provincie Henegouwen","Province du Hainaut","Waals Gewest","Région wallonne","<5"
"2020-04-02","52074","Aiseau-Presles","Aiseau-Presles","Arrondissement Charleroi","Arrondissement de Charleroi","Provincie Henegouwen","Province du Hainaut","Waals Gewest","Région wallonne","<5"
"2020-04-02","52075","Les Bons Villers","Les Bons Villers","Arrondissement Charleroi","Arrondissement de Charleroi","Provincie Henegouwen","Province du Hainaut","Waals Gewest","Région wallonne","<5"
"2020-04-02","53014","Boussu","Boussu","Arrondissement Bergen","Arrondissement de Mons","Provincie Henegouwen","Province du Hainaut","Waals Gewest","Région wallonne","<5"
"2020-04-02","53020","Dour","Dour","Arrondissement Bergen","Arrondissement de Mons","Provincie Henegouwen","Province du Hainaut","Waals Gewest","Région wallonne","5"
"2020-04-02","53028","Frameries","Frameries","Arrondissement Bergen","Arrondissement de Mons","Provincie Henegouwen","Province du Hainaut","Waals Gewest","Région wallonne","<5"
"2020-04-02","53044","Jurbeke","Jurbise","Arrondissement Bergen","Arrondissement de Mons","Provincie Henegouwen","Province du Hainaut","Waals Gewest","Région wallonne","<5"
"2020-04-02","53053","Bergen","Mons","Arrondissement Bergen","Arrondissement de Mons","Provincie Henegouwen","Province du Hainaut","Waals Gewest","Région wallonne","13"
"2020-04-02","53065","Quaregnon","Quaregnon","Arrondissement Bergen","Arrondissement de Mons","Provincie Henegouwen","Province du Hainaut","Waals Gewest","Région wallonne","<5"
"2020-04-02","53070","Saint-Ghislain","Saint-Ghislain","Arrondissement Bergen","Arrondissement de Mons","Provincie Henegouwen","Province du Hainaut","Waals Gewest","Région wallonne","<5"
"2020-04-02","53082","Colfontaine","Colfontaine","Arrondissement Bergen","Arrondissement de Mons","Provincie Henegouwen","Province du Hainaut","Waals Gewest","Région wallonne","<5"
"2020-04-02","53084","Quévy","Quévy","Arrondissement Bergen","Arrondissement de Mons","Provincie Henegouwen","Province du Hainaut","Waals Gewest","Région wallonne","<5"
"2020-04-02","55004","’s Gravenbrakel","Braine-le-Comte","Arrondissement Zinnik","Arrondissement de Soignies","Provincie Henegouwen","Province du Hainaut","Waals Gewest","Région wallonne","<5"
"2020-04-02","55035","Le Roeulx","Le Roeulx","Arrondissement Zinnik","Arrondissement de Soignies","Provincie Henegouwen","Province du Hainaut","Waals Gewest","Région wallonne","<5"
"2020-04-02","55040","Zinnik","Soignies","Arrondissement Zinnik","Arrondissement de Soignies","Provincie Henegouwen","Province du Hainaut","Waals Gewest","Région wallonne","<5"
"2020-04-02","55050","Ecaussinnes","Ecaussinnes","Arrondissement Zinnik","Arrondissement de Soignies","Provincie Henegouwen","Province du Hainaut","Waals Gewest","Région wallonne","<5"
"2020-04-02","55085","Seneffe","Seneffe","Arrondissement Zinnik","Arrondissement de Soignies","Provincie Henegouwen","Province du Hainaut","Waals Gewest","Région wallonne","<5"
"2020-04-02","56016","Chimay","Chimay","Arrondissement Thuin","Arrondissement de Thuin","Provincie Henegouwen","Province du Hainaut","Waals Gewest","Région wallonne","<5"
"2020-04-02","56022","Erquelinnes","Erquelinnes","Arrondissement Thuin","Arrondissement de Thuin","Provincie Henegouwen","Province du Hainaut","Waals Gewest","Région wallonne","<5"
"2020-04-02","56049","Merbes-le-Château","Merbes-le-Château","Arrondissement Thuin","Arrondissement de Thuin","Provincie Henegouwen","Province du Hainaut","Waals Gewest","Région wallonne","<5"
"2020-04-02","56086","Ham-sur-Heure-Nalinnes","Ham-sur-Heure-Nalinnes","Arrondissement Thuin","Arrondissement de Thuin","Provincie Henegouwen","Province du Hainaut","Waals Gewest","Région wallonne","<5"
"2020-04-02","57003","Antoing","Antoing","Arrondissement Doornik-Moeskroen","Arrondissement de Tournai-Mouscron","Provincie Henegouwen","Province du Hainaut","Waals Gewest","Région wallonne","<5"
"2020-04-02","57064","Péruwelz","Péruwelz","Arrondissement Doornik-Moeskroen","Arrondissement de Tournai-Mouscron","Provincie Henegouwen","Province du Hainaut","Waals Gewest","Région wallonne","<5"
"2020-04-02","57081","Doornik","Tournai","Arrondissement Doornik-Moeskroen","Arrondissement de Tournai-Mouscron","Provincie Henegouwen","Province du Hainaut","Waals Gewest","Région wallonne","7"
"2020-04-02","57096","Moeskroen","Mouscron","Arrondissement Doornik-Moeskroen","Arrondissement de Tournai-Mouscron","Provincie Henegouwen","Province du Hainaut","Waals Gewest","Région wallonne","<5"
"2020-04-02","57097","Komen-Waasten","Comines-Warneton","Arrondissement Doornik-Moeskroen","Arrondissement de Tournai-Mouscron","Provincie Henegouwen","Province du Hainaut","Waals Gewest","Région wallonne","<5"
"2020-04-02","58001","La Louvière","La Louvière","Arrondissement La Louvière","Arrondissement de La Louvière","Provincie Henegouwen","Province du Hainaut","Waals Gewest","Région wallonne","6"
"2020-04-02","58002","Binche","Binche","Arrondissement La Louvière","Arrondissement de La Louvière","Provincie Henegouwen","Province du Hainaut","Waals Gewest","Région wallonne","<5"
"2020-04-02","58004","Morlanwelz","Morlanwelz","Arrondissement La Louvière","Arrondissement de La Louvière","Provincie Henegouwen","Province du Hainaut","Waals Gewest","Région wallonne","<5"
"2020-04-02","61031","Hoei","Huy","Arrondissement Hoei","Arrondissement de Huy","Provincie Luik","Province de Liège","Waals Gewest","Région wallonne","<5"
"2020-04-02","61043","Nandrin","Nandrin","Arrondissement Hoei","Arrondissement de Huy","Provincie Luik","Province de Liège","Waals Gewest","Région wallonne","<5"
"2020-04-02","61068","Villers-Le-Bouillet","Villers-Le-Bouillet","Arrondissement Hoei","Arrondissement de Huy","Provincie Luik","Province de Liège","Waals Gewest","Région wallonne","<5"
"2020-04-02","61072","Wanze","Wanze","Arrondissement Hoei","Arrondissement de Huy","Provincie Luik","Province de Liège","Waals Gewest","Région wallonne","<5"
"2020-04-02","61080","Engis","Engis","Arrondissement Hoei","Arrondissement de Huy","Provincie Luik","Province de Liège","Waals Gewest","Région wallonne","<5"
"2020-04-02","61081","Tinlot","Tinlot","Arrondissement Hoei","Arrondissement de Huy","Provincie Luik","Province de Liège","Waals Gewest","Région wallonne","<5"
"2020-04-02","62003","Ans","Ans","Arrondissement Luik","Arrondissement de Liège","Provincie Luik","Province de Liège","Waals Gewest","Région wallonne","5"
"2020-04-02","62009","Aywaille","Aywaille","Arrondissement Luik","Arrondissement de Liège","Provincie Luik","Province de Liège","Waals Gewest","Région wallonne","5"
"2020-04-02","62011","Bitsingen","Bassenge","Arrondissement Luik","Arrondissement de Liège","Provincie Luik","Province de Liège","Waals Gewest","Région wallonne","<5"
"2020-04-02","62015","Beyne-Heusay","Beyne-Heusay","Arrondissement Luik","Arrondissement de Liège","Provincie Luik","Province de Liège","Waals Gewest","Région wallonne","<5"
"2020-04-02","62022","Chaudfontaine","Chaudfontaine","Arrondissement Luik","Arrondissement de Liège","Provincie Luik","Province de Liège","Waals Gewest","Région wallonne","<5"
"2020-04-02","62026","Comblain-au-Pont","Comblain-au-Pont","Arrondissement Luik","Arrondissement de Liège","Provincie Luik","Province de Liège","Waals Gewest","Région wallonne","<5"
"2020-04-02","62027","Dalhem","Dalhem","Arrondissement Luik","Arrondissement de Liège","Provincie Luik","Province de Liège","Waals Gewest","Région wallonne","<5"
"2020-04-02","62032","Esneux","Esneux","Arrondissement Luik","Arrondissement de Liège","Provincie Luik","Province de Liège","Waals Gewest","Région wallonne","<5"
"2020-04-02","62038","Fléron","Fléron","Arrondissement Luik","Arrondissement de Liège","Provincie Luik","Province de Liège","Waals Gewest","Région wallonne","<5"
"2020-04-02","62051","Herstal","Herstal","Arrondissement Luik","Arrondissement de Liège","Provincie Luik","Province de Liège","Waals Gewest","Région wallonne","24"
"2020-04-02","62063","Luik","Liège","Arrondissement Luik","Arrondissement de Liège","Provincie Luik","Province de Liège","Waals Gewest","Région wallonne","40"
"2020-04-02","62079","Oupeye","Oupeye","Arrondissement Luik","Arrondissement de Liège","Provincie Luik","Province de Liège","Waals Gewest","Région wallonne","<5"
"2020-04-02","62093","Saint-Nicolas (Luik)","Saint-Nicolas (Liège)","Arrondissement Luik","Arrondissement de Liège","Provincie Luik","Province de Liège","Waals Gewest","Région wallonne","5"
"2020-04-02","62096","Seraing","Seraing","Arrondissement Luik","Arrondissement de Liège","Provincie Luik","Province de Liège","Waals Gewest","Région wallonne","23"
"2020-04-02","62099","Soumagne","Soumagne","Arrondissement Luik","Arrondissement de Liège","Provincie Luik","Province de Liège","Waals Gewest","Région wallonne","5"
"2020-04-02","62100","Sprimont","Sprimont","Arrondissement Luik","Arrondissement de Liège","Provincie Luik","Province de Liège","Waals Gewest","Région wallonne","<5"
"2020-04-02","62108","Wezet","Visé","Arrondissement Luik","Arrondissement de Liège","Provincie Luik","Province de Liège","Waals Gewest","Région wallonne","<5"
"2020-04-02","62118","Grâce-Hollogne","Grâce-Hollogne","Arrondissement Luik","Arrondissement de Liège","Provincie Luik","Province de Liège","Waals Gewest","Région wallonne","<5"
"2020-04-02","62119","Blegny","Blegny","Arrondissement Luik","Arrondissement de Liège","Provincie Luik","Province de Liège","Waals Gewest","Région wallonne","5"
"2020-04-02","62120","Flémalle","Flémalle","Arrondissement Luik","Arrondissement de Liège","Provincie Luik","Province de Liège","Waals Gewest","Région wallonne","5"
"2020-04-02","62121","Neupré","Neupré","Arrondissement Luik","Arrondissement de Liège","Provincie Luik","Province de Liège","Waals Gewest","Région wallonne","<5"
"2020-04-02","63020","Dison","Dison","Arrondissement Verviers","Arrondissement de Verviers","Provincie Luik","Province de Liège","Waals Gewest","Région wallonne","<5"
"2020-04-02","63023","Eupen","Eupen","Arrondissement Verviers","Arrondissement de Verviers","Provincie Luik","Province de Liège","Waals Gewest","Région wallonne","6"
"2020-04-02","63035","Herve","Herve","Arrondissement Verviers","Arrondissement de Verviers","Provincie Luik","Province de Liège","Waals Gewest","Région wallonne","<5"
"2020-04-02","63040","Kelmis","La Calamine","Arrondissement Verviers","Arrondissement de Verviers","Provincie Luik","Province de Liège","Waals Gewest","Région wallonne","<5"
"2020-04-02","63045","Lierneux","Lierneux","Arrondissement Verviers","Arrondissement de Verviers","Provincie Luik","Province de Liège","Waals Gewest","Région wallonne","<5"
"2020-04-02","63046","Limburg","Limbourg","Arrondissement Verviers","Arrondissement de Verviers","Provincie Luik","Province de Liège","Waals Gewest","Région wallonne","<5"
"2020-04-02","63049","Malmedy","Malmedy","Arrondissement Verviers","Arrondissement de Verviers","Provincie Luik","Province de Liège","Waals Gewest","Région wallonne","<5"
"2020-04-02","63067","Sankt Vith","Saint-Vith","Arrondissement Verviers","Arrondissement de Verviers","Provincie Luik","Province de Liège","Waals Gewest","Région wallonne","<5"
"2020-04-02","63073","Stavelot","Stavelot","Arrondissement Verviers","Arrondissement de Verviers","Provincie Luik","Province de Liège","Waals Gewest","Région wallonne","<5"
"2020-04-02","63076","Theux","Theux","Arrondissement Verviers","Arrondissement de Verviers","Provincie Luik","Province de Liège","Waals Gewest","Région wallonne","<5"
"2020-04-02","63079","Verviers","Verviers","Arrondissement Verviers","Arrondissement de Verviers","Provincie Luik","Province de Liège","Waals Gewest","Région wallonne","6"
"2020-04-02","63084","Welkenraedt","Welkenraedt","Arrondissement Verviers","Arrondissement de Verviers","Provincie Luik","Province de Liège","Waals Gewest","Région wallonne","<5"
"2020-04-02","64021","Crisnée","Crisnée","Arrondissement Borgworm","Arrondissement de Waremme","Provincie Luik","Province de Liège","Waals Gewest","Région wallonne","<5"
"2020-04-02","64029","Geer","Geer","Arrondissement Borgworm","Arrondissement de Waremme","Provincie Luik","Province de Liège","Waals Gewest","Région wallonne","<5"
"2020-04-02","64034","Hannuit","Hannut","Arrondissement Borgworm","Arrondissement de Waremme","Provincie Luik","Province de Liège","Waals Gewest","Région wallonne","<5"
"2020-04-02","64063","Remicourt","Remicourt","Arrondissement Borgworm","Arrondissement de Waremme","Provincie Luik","Province de Liège","Waals Gewest","Région wallonne","<5"
"2020-04-02","64074","Borgworm","Waremme","Arrondissement Borgworm","Arrondissement de Waremme","Provincie Luik","Province de Liège","Waals Gewest","Région wallonne","<5"
"2020-04-02","71002","As","As","Arrondissement Hasselt","Arrondissement de Hasselt","Provincie Limburg","Province du Limbourg","Vlaams Gewest","Région flamande","<5"
"2020-04-02","71004","Beringen","Beringen","Arrondissement Hasselt","Arrondissement de Hasselt","Provincie Limburg","Province du Limbourg","Vlaams Gewest","Région flamande","5"
"2020-04-02","71011","Diepenbeek","Diepenbeek","Arrondissement Hasselt","Arrondissement de Hasselt","Provincie Limburg","Province du Limbourg","Vlaams Gewest","Région flamande","7"
"2020-04-02","71016","Genk","Genk","Arrondissement Hasselt","Arrondissement de Hasselt","Provincie Limburg","Province du Limbourg","Vlaams Gewest","Région flamande","18"
"2020-04-02","71017","Gingelom","Gingelom","Arrondissement Hasselt","Arrondissement de Hasselt","Provincie Limburg","Province du Limbourg","Vlaams Gewest","Région flamande","<5"
"2020-04-02","71020","Halen","Halen","Arrondissement Hasselt","Arrondissement de Hasselt","Provincie Limburg","Province du Limbourg","Vlaams Gewest","Région flamande","<5"
"2020-04-02","71022","Hasselt","Hasselt","Arrondissement Hasselt","Arrondissement de Hasselt","Provincie Limburg","Province du Limbourg","Vlaams Gewest","Région flamande","15"
"2020-04-02","71034","Leopoldsburg","Bourg-Léopold","Arrondissement Hasselt","Arrondissement de Hasselt","Provincie Limburg","Province du Limbourg","Vlaams Gewest","Région flamande","<5"
"2020-04-02","71037","Lummen","Lummen","Arrondissement Hasselt","Arrondissement de Hasselt","Provincie Limburg","Province du Limbourg","Vlaams Gewest","Région flamande","<5"
"2020-04-02","71045","Nieuwerkerken (Hasselt)","Nieuwerkerken (Hasselt)","Arrondissement Hasselt","Arrondissement de Hasselt","Provincie Limburg","Province du Limbourg","Vlaams Gewest","Région flamande","<5"
"2020-04-02","71053","Sint-Truiden","Saint-Trond","Arrondissement Hasselt","Arrondissement de Hasselt","Provincie Limburg","Province du Limbourg","Vlaams Gewest","Région flamande","13"
"2020-04-02","71057","Tessenderlo","Tessenderlo","Arrondissement Hasselt","Arrondissement de Hasselt","Provincie Limburg","Province du Limbourg","Vlaams Gewest","Région flamande","<5"
"2020-04-02","71066","Zonhoven","Zonhoven","Arrondissement Hasselt","Arrondissement de Hasselt","Provincie Limburg","Province du Limbourg","Vlaams Gewest","Région flamande","5"
"2020-04-02","71067","Zutendaal","Zutendaal","Arrondissement Hasselt","Arrondissement de Hasselt","Provincie Limburg","Province du Limbourg","Vlaams Gewest","Région flamande","<5"
"2020-04-02","71069","Ham","Ham","Arrondissement Hasselt","Arrondissement de Hasselt","Provincie Limburg","Province du Limbourg","Vlaams Gewest","Région flamande","<5"
"2020-04-02","71070","Heusden-Zolder","Heusden-Zolder","Arrondissement Hasselt","Arrondissement de Hasselt","Provincie Limburg","Province du Limbourg","Vlaams Gewest","Région flamande","<5"
"2020-04-02","72003","Bocholt","Bocholt","Arrondissement Maaseik","Arrondissement de Maaseik","Provincie Limburg","Province du Limbourg","Vlaams Gewest","Région flamande","<5"
"2020-04-02","72004","Bree","Bree","Arrondissement Maaseik","Arrondissement de Maaseik","Provincie Limburg","Province du Limbourg","Vlaams Gewest","Région flamande","6"
"2020-04-02","72018","Kinrooi","Kinrooi","Arrondissement Maaseik","Arrondissement de Maaseik","Provincie Limburg","Province du Limbourg","Vlaams Gewest","Région flamande","<5"
"2020-04-02","72020","Lommel","Lommel","Arrondissement Maaseik","Arrondissement de Maaseik","Provincie Limburg","Province du Limbourg","Vlaams Gewest","Région flamande","<5"
"2020-04-02","72021","Maaseik","Maaseik","Arrondissement Maaseik","Arrondissement de Maaseik","Provincie Limburg","Province du Limbourg","Vlaams Gewest","Région flamande","<5"
"2020-04-02","72030","Peer","Peer","Arrondissement Maaseik","Arrondissement de Maaseik","Provincie Limburg","Province du Limbourg","Vlaams Gewest","Région flamande","<5"
"2020-04-02","72039","Houthalen-Helchteren","Houthalen-Helchteren","Arrondissement Maaseik","Arrondissement de Maaseik","Provincie Limburg","Province du Limbourg","Vlaams Gewest","Région flamande","<5"
"2020-04-02","72041","Dilsen-Stokkem","Dilsen-Stokkem","Arrondissement Maaseik","Arrondissement de Maaseik","Provincie Limburg","Province du Limbourg","Vlaams Gewest","Région flamande","7"
"2020-04-02","72042","Oudsbergen","Oudsbergen","Arrondissement Maaseik","Arrondissement de Maaseik","Provincie Limburg","Province du Limbourg","Vlaams Gewest","Région flamande","<5"
"2020-04-02","72043","Pelt","Pelt","Arrondissement Maaseik","Arrondissement de Maaseik","Provincie Limburg","Province du Limbourg","Vlaams Gewest","Région flamande","<5"
"2020-04-02","73001","Alken","Alken","Arrondissement Tongeren","Arrondissement de Tongres","Provincie Limburg","Province du Limbourg","Vlaams Gewest","Région flamande","8"
"2020-04-02","73006","Bilzen","Bilzen","Arrondissement Tongeren","Arrondissement de Tongres","Provincie Limburg","Province du Limbourg","Vlaams Gewest","Région flamande","11"
"2020-04-02","73009","Borgloon","Looz","Arrondissement Tongeren","Arrondissement de Tongres","Provincie Limburg","Province du Limbourg","Vlaams Gewest","Région flamande","<5"
"2020-04-02","73032","Hoeselt","Hoeselt","Arrondissement Tongeren","Arrondissement de Tongres","Provincie Limburg","Province du Limbourg","Vlaams Gewest","Région flamande","<5"
"2020-04-02","73040","Kortessem","Kortessem","Arrondissement Tongeren","Arrondissement de Tongres","Provincie Limburg","Province du Limbourg","Vlaams Gewest","Région flamande","<5"
"2020-04-02","73042","Lanaken","Lanaken","Arrondissement Tongeren","Arrondissement de Tongres","Provincie Limburg","Province du Limbourg","Vlaams Gewest","Région flamande","9"
"2020-04-02","73066","Riemst","Riemst","Arrondissement Tongeren","Arrondissement de Tongres","Provincie Limburg","Province du Limbourg","Vlaams Gewest","Région flamande","<5"
"2020-04-02","73083","Tongeren","Tongres","Arrondissement Tongeren","Arrondissement de Tongres","Provincie Limburg","Province du Limbourg","Vlaams Gewest","Région flamande","8"
"2020-04-02","73098","Wellen","Wellen","Arrondissement Tongeren","Arrondissement de Tongres","Provincie Limburg","Province du Limbourg","Vlaams Gewest","Région flamande","<5"
"2020-04-02","73107","Maasmechelen","Maasmechelen","Arrondissement Tongeren","Arrondissement de Tongres","Provincie Limburg","Province du Limbourg","Vlaams Gewest","Région flamande","7"
"2020-04-02","81001","Aarlen","Arlon","Arrondissement Aarlen","Arrondissement d’Arlon","Provincie Luxemburg","Province du Luxembourg","Waals Gewest","Région wallonne","5"
"2020-04-02","81004","Aubange","Aubange","Arrondissement Aarlen","Arrondissement d’Arlon","Provincie Luxemburg","Province du Luxembourg","Waals Gewest","Région wallonne","<5"
"2020-04-02","81013","Martelange","Martelange","Arrondissement Aarlen","Arrondissement d’Arlon","Provincie Luxemburg","Province du Luxembourg","Waals Gewest","Région wallonne","<5"
"2020-04-02","81015","Messancy","Messancy","Arrondissement Aarlen","Arrondissement d’Arlon","Provincie Luxemburg","Province du Luxembourg","Waals Gewest","Région wallonne","<5"
"2020-04-02","82003","Bastenaken","Bastogne","Arrondissement Bastenaken","Arrondissement de Bastogne","Provincie Luxemburg","Province du Luxembourg","Waals Gewest","Région wallonne","8"
"2020-04-02","82014","Houffalize","Houffalize","Arrondissement Bastenaken","Arrondissement de Bastogne","Provincie Luxemburg","Province du Luxembourg","Waals Gewest","Région wallonne","<5"
"2020-04-02","82032","Vielsalm","Vielsalm","Arrondissement Bastenaken","Arrondissement de Bastogne","Provincie Luxemburg","Province du Luxembourg","Waals Gewest","Région wallonne","5"
"2020-04-02","82036","Vaux-sur-Sûre","Vaux-sur-Sûre","Arrondissement Bastenaken","Arrondissement de Bastogne","Provincie Luxemburg","Province du Luxembourg","Waals Gewest","Région wallonne","<5"
"2020-04-02","82037","Gouvy","Gouvy","Arrondissement Bastenaken","Arrondissement de Bastogne","Provincie Luxemburg","Province du Luxembourg","Waals Gewest","Région wallonne","<5"
"2020-04-02","82038","Sainte-Ode","Sainte-Ode","Arrondissement Bastenaken","Arrondissement de Bastogne","Provincie Luxemburg","Province du Luxembourg","Waals Gewest","Région wallonne","<5"
"2020-04-02","83012","Durbuy","Durbuy","Arrondissement Marche-en-Famenne","Arrondissement de Marche-en-Famenne","Provincie Luxemburg","Province du Luxembourg","Waals Gewest","Région wallonne","<5"
"2020-04-02","83028","Hotton","Hotton","Arrondissement Marche-en-Famenne","Arrondissement de Marche-en-Famenne","Provincie Luxemburg","Province du Luxembourg","Waals Gewest","Région wallonne","<5"
"2020-04-02","83034","Marche-en-Famenne","Marche-en-Famenne","Arrondissement Marche-en-Famenne","Arrondissement de Marche-en-Famenne","Provincie Luxemburg","Province du Luxembourg","Waals Gewest","Région wallonne","<5"
"2020-04-02","83040","Nassogne","Nassogne","Arrondissement Marche-en-Famenne","Arrondissement de Marche-en-Famenne","Provincie Luxemburg","Province du Luxembourg","Waals Gewest","Région wallonne","<5"
"2020-04-02","84009","Bertrix","Bertrix","Arrondissement Neufchâteau","Arrondissement de Neufchâteau","Provincie Luxemburg","Province du Luxembourg","Waals Gewest","Région wallonne","6"
"2020-04-02","84010","Bouillon","Bouillon","Arrondissement Neufchâteau","Arrondissement de Neufchâteau","Provincie Luxemburg","Province du Luxembourg","Waals Gewest","Région wallonne","8"
"2020-04-02","84043","Neufchâteau (Neufchâteau)","Neufchâteau (Neufchâteau)","Arrondissement Neufchâteau","Arrondissement de Neufchâteau","Provincie Luxemburg","Province du Luxembourg","Waals Gewest","Région wallonne","<5"
"2020-04-02","84050","Paliseul","Paliseul","Arrondissement Neufchâteau","Arrondissement de Neufchâteau","Provincie Luxemburg","Province du Luxembourg","Waals Gewest","Région wallonne","<5"
"2020-04-02","84059","Saint-Hubert","Saint-Hubert","Arrondissement Neufchâteau","Arrondissement de Neufchâteau","Provincie Luxemburg","Province du Luxembourg","Waals Gewest","Région wallonne","<5"
"2020-04-02","84077","Libramont-Chevigny","Libramont-Chevigny","Arrondissement Neufchâteau","Arrondissement de Neufchâteau","Provincie Luxemburg","Province du Luxembourg","Waals Gewest","Région wallonne","5"
"2020-04-02","85011","Florenville","Florenville","Arrondissement Virton","Arrondissement de Virton","Provincie Luxemburg","Province du Luxembourg","Waals Gewest","Région wallonne","<5"
"2020-04-02","85026","Musson","Musson","Arrondissement Virton","Arrondissement de Virton","Provincie Luxemburg","Province du Luxembourg","Waals Gewest","Région wallonne","<5"
"2020-04-02","85045","Virton","Virton","Arrondissement Virton","Arrondissement de Virton","Provincie Luxemburg","Province du Luxembourg","Waals Gewest","Région wallonne","<5"
"2020-04-02","91005","Anhée","Anhée","Arrondissement Dinant","Arrondissement de Dinant","Provincie Namen","Province de Namur","Waals Gewest","Région wallonne","<5"
"2020-04-02","91015","Bièvre","Bièvre","Arrondissement Dinant","Arrondissement de Dinant","Provincie Namen","Province de Namur","Waals Gewest","Région wallonne","<5"
"2020-04-02","91030","Ciney","Ciney","Arrondissement Dinant","Arrondissement de Dinant","Provincie Namen","Province de Namur","Waals Gewest","Région wallonne","<5"
"2020-04-02","91034","Dinant","Dinant","Arrondissement Dinant","Arrondissement de Dinant","Provincie Namen","Province de Namur","Waals Gewest","Région wallonne","<5"
"2020-04-02","91072","Houyet","Houyet","Arrondissement Dinant","Arrondissement de Dinant","Provincie Namen","Province de Namur","Waals Gewest","Région wallonne","<5"
"2020-04-02","91103","Onhaye","Onhaye","Arrondissement Dinant","Arrondissement de Dinant","Provincie Namen","Province de Namur","Waals Gewest","Région wallonne","<5"
"2020-04-02","91120","Somme-Leuze","Somme-Leuze","Arrondissement Dinant","Arrondissement de Dinant","Provincie Namen","Province de Namur","Waals Gewest","Région wallonne","<5"
"2020-04-02","91141","Yvoir","Yvoir","Arrondissement Dinant","Arrondissement de Dinant","Provincie Namen","Province de Namur","Waals Gewest","Région wallonne","<5"
"2020-04-02","91142","Hastière","Hastière","Arrondissement Dinant","Arrondissement de Dinant","Provincie Namen","Province de Namur","Waals Gewest","Région wallonne","<5"
"2020-04-02","91143","Vresse-sur-Semois","Vresse-sur-Semois","Arrondissement Dinant","Arrondissement de Dinant","Provincie Namen","Province de Namur","Waals Gewest","Région wallonne","<5"
"2020-04-02","92006","Assesse","Assesse","Arrondissement Namen","Arrondissement de Namur","Provincie Namen","Province de Namur","Waals Gewest","Région wallonne","<5"
"2020-04-02","92035","Eghezée","Eghezée","Arrondissement Namen","Arrondissement de Namur","Provincie Namen","Province de Namur","Waals Gewest","Région wallonne","<5"
"2020-04-02","92045","Floreffe","Floreffe","Arrondissement Namen","Arrondissement de Namur","Provincie Namen","Province de Namur","Waals Gewest","Région wallonne","<5"
"2020-04-02","92048","Fosses-la-Ville","Fosses-la-Ville","Arrondissement Namen","Arrondissement de Namur","Provincie Namen","Province de Namur","Waals Gewest","Région wallonne","<5"
"2020-04-02","92054","Gesves","Gesves","Arrondissement Namen","Arrondissement de Namur","Provincie Namen","Province de Namur","Waals Gewest","Région wallonne","<5"
"2020-04-02","92087","Mettet","Mettet","Arrondissement Namen","Arrondissement de Namur","Provincie Namen","Province de Namur","Waals Gewest","Région wallonne","<5"
"2020-04-02","92094","Namen","Namur","Arrondissement Namen","Arrondissement de Namur","Provincie Namen","Province de Namur","Waals Gewest","Région wallonne","19"
"2020-04-02","92097","Ohey","Ohey","Arrondissement Namen","Arrondissement de Namur","Provincie Namen","Province de Namur","Waals Gewest","Région wallonne","<5"
"2020-04-02","92101","Profondeville","Profondeville","Arrondissement Namen","Arrondissement de Namur","Provincie Namen","Province de Namur","Waals Gewest","Région wallonne","<5"
"2020-04-02","92137","Sambreville","Sambreville","Arrondissement Namen","Arrondissement de Namur","Provincie Namen","Province de Namur","Waals Gewest","Région wallonne","7"
"2020-04-02","92138","Fernelmont","Fernelmont","Arrondissement Namen","Arrondissement de Namur","Provincie Namen","Province de Namur","Waals Gewest","Région wallonne","<5"
"2020-04-02","92140","Jemeppe-sur-Sambre","Jemeppe-sur-Sambre","Arrondissement Namen","Arrondissement de Namur","Provincie Namen","Province de Namur","Waals Gewest","Région wallonne","<5"
"2020-04-02","92141","La Bruyère","La Bruyère","Arrondissement Namen","Arrondissement de Namur","Provincie Namen","Province de Namur","Waals Gewest","Région wallonne","<5"
"2020-04-02","92142","Gembloux","Gembloux","Arrondissement Namen","Arrondissement de Namur","Provincie Namen","Province de Namur","Waals Gewest","Région wallonne","<5"
"2020-04-02","93014","Couvin","Couvin","Arrondissement Philippeville","Arrondissement de Philippeville","Provincie Namen","Province de Namur","Waals Gewest","Région wallonne","<5"
"2020-04-02","93022","Florennes","Florennes","Arrondissement Philippeville","Arrondissement de Philippeville","Provincie Namen","Province de Namur","Waals Gewest","Région wallonne","<5"
"2020-04-02","93056","Philippeville","Philippeville","Arrondissement Philippeville","Arrondissement de Philippeville","Provincie Namen","Province de Namur","Waals Gewest","Région wallonne","<5"
"2020-04-02","93088","Walcourt","Walcourt","Arrondissement Philippeville","Arrondissement de Philippeville","Provincie Namen","Province de Namur","Waals Gewest","Région wallonne","<5"
"2020-04-02","93090","Viroinval","Viroinval","Arrondissement Philippeville","Arrondissement de Philippeville","Provincie Namen","Province de Namur","Waals Gewest","Région wallonne","<5"
"2020-04-02",NA,NA,NA,NA,NA,NA,NA,NA,NA,"29"
"2020-04-03","11001","Aartselaar","Aartselaar","Arrondissement Antwerpen","Arrondissement d’Anvers","Provincie Antwerpen","Province d’Anvers","Vlaams Gewest","Région flamande","5"
"2020-04-03","11002","Antwerpen","Anvers","Arrondissement Antwerpen","Arrondissement d’Anvers","Provincie Antwerpen","Province d’Anvers","Vlaams Gewest","Région flamande","57"
"2020-04-03","11004","Boechout","Boechout","Arrondissement Antwerpen","Arrondissement d’Anvers","Provincie Antwerpen","Province d’Anvers","Vlaams Gewest","Région flamande","<5"
"2020-04-03","11005","Boom","Boom","Arrondissement Antwerpen","Arrondissement d’Anvers","Provincie Antwerpen","Province d’Anvers","Vlaams Gewest","Région flamande","6"
"2020-04-03","11007","Borsbeek","Borsbeek","Arrondissement Antwerpen","Arrondissement d’Anvers","Provincie Antwerpen","Province d’Anvers","Vlaams Gewest","Région flamande","9"
"2020-04-03","11008","Brasschaat","Brasschaat","Arrondissement Antwerpen","Arrondissement d’Anvers","Provincie Antwerpen","Province d’Anvers","Vlaams Gewest","Région flamande","<5"
"2020-04-03","11013","Edegem","Edegem","Arrondissement Antwerpen","Arrondissement d’Anvers","Provincie Antwerpen","Province d’Anvers","Vlaams Gewest","Région flamande","<5"
"2020-04-03","11016","Essen","Essen","Arrondissement Antwerpen","Arrondissement d’Anvers","Provincie Antwerpen","Province d’Anvers","Vlaams Gewest","Région flamande","<5"
"2020-04-03","11018","Hemiksem","Hemiksem","Arrondissement Antwerpen","Arrondissement d’Anvers","Provincie Antwerpen","Province d’Anvers","Vlaams Gewest","Région flamande","<5"
"2020-04-03","11022","Kalmthout","Kalmthout","Arrondissement Antwerpen","Arrondissement d’Anvers","Provincie Antwerpen","Province d’Anvers","Vlaams Gewest","Région flamande","<5"
"2020-04-03","11023","Kapellen (Antwerpen)","Kapellen (Anvers)","Arrondissement Antwerpen","Arrondissement d’Anvers","Provincie Antwerpen","Province d’Anvers","Vlaams Gewest","Région flamande","5"
"2020-04-03","11024","Kontich","Kontich","Arrondissement Antwerpen","Arrondissement d’Anvers","Provincie Antwerpen","Province d’Anvers","Vlaams Gewest","Région flamande","<5"
"2020-04-03","11025","Lint","Lint","Arrondissement Antwerpen","Arrondissement d’Anvers","Provincie Antwerpen","Province d’Anvers","Vlaams Gewest","Région flamande","<5"
"2020-04-03","11029","Mortsel","Mortsel","Arrondissement Antwerpen","Arrondissement d’Anvers","Provincie Antwerpen","Province d’Anvers","Vlaams Gewest","Région flamande","<5"
"2020-04-03","11030","Niel","Niel","Arrondissement Antwerpen","Arrondissement d’Anvers","Provincie Antwerpen","Province d’Anvers","Vlaams Gewest","Région flamande","<5"
"2020-04-03","11038","Schelle","Schelle","Arrondissement Antwerpen","Arrondissement d’Anvers","Provincie Antwerpen","Province d’Anvers","Vlaams Gewest","Région flamande","<5"
"2020-04-03","11039","Schilde","Schilde","Arrondissement Antwerpen","Arrondissement d’Anvers","Provincie Antwerpen","Province d’Anvers","Vlaams Gewest","Région flamande","<5"
"2020-04-03","11040","Schoten","Schoten","Arrondissement Antwerpen","Arrondissement d’Anvers","Provincie Antwerpen","Province d’Anvers","Vlaams Gewest","Région flamande","<5"
"2020-04-03","11044","Stabroek","Stabroek","Arrondissement Antwerpen","Arrondissement d’Anvers","Provincie Antwerpen","Province d’Anvers","Vlaams Gewest","Région flamande","<5"
"2020-04-03","11050","Wijnegem","Wijnegem","Arrondissement Antwerpen","Arrondissement d’Anvers","Provincie Antwerpen","Province d’Anvers","Vlaams Gewest","Région flamande","<5"
"2020-04-03","11052","Wommelgem","Wommelgem","Arrondissement Antwerpen","Arrondissement d’Anvers","Provincie Antwerpen","Province d’Anvers","Vlaams Gewest","Région flamande","<5"
"2020-04-03","11053","Wuustwezel","Wuustwezel","Arrondissement Antwerpen","Arrondissement d’Anvers","Provincie Antwerpen","Province d’Anvers","Vlaams Gewest","Région flamande","<5"
"2020-04-03","11054","Zandhoven","Zandhoven","Arrondissement Antwerpen","Arrondissement d’Anvers","Provincie Antwerpen","Province d’Anvers","Vlaams Gewest","Région flamande","<5"
"2020-04-03","11055","Zoersel","Zoersel","Arrondissement Antwerpen","Arrondissement d’Anvers","Provincie Antwerpen","Province d’Anvers","Vlaams Gewest","Région flamande","<5"
"2020-04-03","11056","Zwijndrecht","Zwijndrecht","Arrondissement Antwerpen","Arrondissement d’Anvers","Provincie Antwerpen","Province d’Anvers","Vlaams Gewest","Région flamande","<5"
"2020-04-03","11057","Malle","Malle","Arrondissement Antwerpen","Arrondissement d’Anvers","Provincie Antwerpen","Province d’Anvers","Vlaams Gewest","Région flamande","<5"
"2020-04-03","12002","Berlaar","Berlaar","Arrondissement Mechelen","Arrondissement de Malines","Provincie Antwerpen","Province d’Anvers","Vlaams Gewest","Région flamande","<5"
"2020-04-03","12005","Bonheiden","Bonheiden","Arrondissement Mechelen","Arrondissement de Malines","Provincie Antwerpen","Province d’Anvers","Vlaams Gewest","Région flamande","<5"
"2020-04-03","12007","Bornem","Bornem","Arrondissement Mechelen","Arrondissement de Malines","Provincie Antwerpen","Province d’Anvers","Vlaams Gewest","Région flamande","<5"
"2020-04-03","12009","Duffel","Duffel","Arrondissement Mechelen","Arrondissement de Malines","Provincie Antwerpen","Province d’Anvers","Vlaams Gewest","Région flamande","<5"
"2020-04-03","12014","Heist-op-den-Berg","Heist-op-den-Berg","Arrondissement Mechelen","Arrondissement de Malines","Provincie Antwerpen","Province d’Anvers","Vlaams Gewest","Région flamande","<5"
"2020-04-03","12021","Lier","Lierre","Arrondissement Mechelen","Arrondissement de Malines","Provincie Antwerpen","Province d’Anvers","Vlaams Gewest","Région flamande","<5"
"2020-04-03","12025","Mechelen","Malines","Arrondissement Mechelen","Arrondissement de Malines","Provincie Antwerpen","Province d’Anvers","Vlaams Gewest","Région flamande","7"
"2020-04-03","12029","Putte","Putte","Arrondissement Mechelen","Arrondissement de Malines","Provincie Antwerpen","Province d’Anvers","Vlaams Gewest","Région flamande","<5"
"2020-04-03","12035","Sint-Katelijne-Waver","Sint-Katelijne-Waver","Arrondissement Mechelen","Arrondissement de Malines","Provincie Antwerpen","Province d’Anvers","Vlaams Gewest","Région flamande","<5"
"2020-04-03","12040","Willebroek","Willebroek","Arrondissement Mechelen","Arrondissement de Malines","Provincie Antwerpen","Province d’Anvers","Vlaams Gewest","Région flamande","<5"
"2020-04-03","12041","Puurs-Sint-Amands","Puurs-Sint-Amands","Arrondissement Mechelen","Arrondissement de Malines","Provincie Antwerpen","Province d’Anvers","Vlaams Gewest","Région flamande","<5"
"2020-04-03","13004","Beerse","Beerse","Arrondissement Turnhout","Arrondissement de Turnhout","Provincie Antwerpen","Province d’Anvers","Vlaams Gewest","Région flamande","<5"
"2020-04-03","13008","Geel","Geel","Arrondissement Turnhout","Arrondissement de Turnhout","Provincie Antwerpen","Province d’Anvers","Vlaams Gewest","Région flamande","6"
"2020-04-03","13010","Grobbendonk","Grobbendonk","Arrondissement Turnhout","Arrondissement de Turnhout","Provincie Antwerpen","Province d’Anvers","Vlaams Gewest","Région flamande","<5"
"2020-04-03","13011","Herentals","Herentals","Arrondissement Turnhout","Arrondissement de Turnhout","Provincie Antwerpen","Province d’Anvers","Vlaams Gewest","Région flamande","<5"
"2020-04-03","13013","Herselt","Herselt","Arrondissement Turnhout","Arrondissement de Turnhout","Provincie Antwerpen","Province d’Anvers","Vlaams Gewest","Région flamande","<5"
"2020-04-03","13014","Hoogstraten","Hoogstraten","Arrondissement Turnhout","Arrondissement de Turnhout","Provincie Antwerpen","Province d’Anvers","Vlaams Gewest","Région flamande","<5"
"2020-04-03","13017","Kasterlee","Kasterlee","Arrondissement Turnhout","Arrondissement de Turnhout","Provincie Antwerpen","Province d’Anvers","Vlaams Gewest","Région flamande","<5"
"2020-04-03","13019","Lille","Lille","Arrondissement Turnhout","Arrondissement de Turnhout","Provincie Antwerpen","Province d’Anvers","Vlaams Gewest","Région flamande","<5"
"2020-04-03","13021","Meerhout","Meerhout","Arrondissement Turnhout","Arrondissement de Turnhout","Provincie Antwerpen","Province d’Anvers","Vlaams Gewest","Région flamande","<5"
"2020-04-03","13025","Mol","Mol","Arrondissement Turnhout","Arrondissement de Turnhout","Provincie Antwerpen","Province d’Anvers","Vlaams Gewest","Région flamande","6"
"2020-04-03","13029","Olen","Olen","Arrondissement Turnhout","Arrondissement de Turnhout","Provincie Antwerpen","Province d’Anvers","Vlaams Gewest","Région flamande","<5"
"2020-04-03","13031","Oud-Turnhout","Oud-Turnhout","Arrondissement Turnhout","Arrondissement de Turnhout","Provincie Antwerpen","Province d’Anvers","Vlaams Gewest","Région flamande","<5"
"2020-04-03","13035","Ravels","Ravels","Arrondissement Turnhout","Arrondissement de Turnhout","Provincie Antwerpen","Province d’Anvers","Vlaams Gewest","Région flamande","<5"
"2020-04-03","13036","Retie","Retie","Arrondissement Turnhout","Arrondissement de Turnhout","Provincie Antwerpen","Province d’Anvers","Vlaams Gewest","Région flamande","<5"
"2020-04-03","13040","Turnhout","Turnhout","Arrondissement Turnhout","Arrondissement de Turnhout","Provincie Antwerpen","Province d’Anvers","Vlaams Gewest","Région flamande","<5"
"2020-04-03","13044","Vorselaar","Vorselaar","Arrondissement Turnhout","Arrondissement de Turnhout","Provincie Antwerpen","Province d’Anvers","Vlaams Gewest","Région flamande","<5"
"2020-04-03","13049","Westerlo","Westerlo","Arrondissement Turnhout","Arrondissement de Turnhout","Provincie Antwerpen","Province d’Anvers","Vlaams Gewest","Région flamande","<5"
"2020-04-03","13053","Laakdal","Laakdal","Arrondissement Turnhout","Arrondissement de Turnhout","Provincie Antwerpen","Province d’Anvers","Vlaams Gewest","Région flamande","<5"
"2020-04-03","21001","Anderlecht","Anderlecht","Arrondissement Brussel-Hoofdstad","Arrondissement de Bruxelles-Capitale",NA,NA,"Brussels Hoofdstedelijk Gewest","Région de Bruxelles-Capitale","14"
"2020-04-03","21002","Oudergem","Auderghem","Arrondissement Brussel-Hoofdstad","Arrondissement de Bruxelles-Capitale",NA,NA,"Brussels Hoofdstedelijk Gewest","Région de Bruxelles-Capitale","<5"
"2020-04-03","21003","Sint-Agatha-Berchem","Berchem-Sainte-Agathe","Arrondissement Brussel-Hoofdstad","Arrondissement de Bruxelles-Capitale",NA,NA,"Brussels Hoofdstedelijk Gewest","Région de Bruxelles-Capitale","6"
"2020-04-03","21004","Brussel","Bruxelles","Arrondissement Brussel-Hoofdstad","Arrondissement de Bruxelles-Capitale",NA,NA,"Brussels Hoofdstedelijk Gewest","Région de Bruxelles-Capitale","35"
"2020-04-03","21006","Evere","Evere","Arrondissement Brussel-Hoofdstad","Arrondissement de Bruxelles-Capitale",NA,NA,"Brussels Hoofdstedelijk Gewest","Région de Bruxelles-Capitale","5"
"2020-04-03","21007","Vorst (Brussel-Hoofdstad)","Forest (Bruxelles-Capitale)","Arrondissement Brussel-Hoofdstad","Arrondissement de Bruxelles-Capitale",NA,NA,"Brussels Hoofdstedelijk Gewest","Région de Bruxelles-Capitale","10"
"2020-04-03","21008","Ganshoren","Ganshoren","Arrondissement Brussel-Hoofdstad","Arrondissement de Bruxelles-Capitale",NA,NA,"Brussels Hoofdstedelijk Gewest","Région de Bruxelles-Capitale","8"
"2020-04-03","21009","Elsene","Ixelles","Arrondissement Brussel-Hoofdstad","Arrondissement de Bruxelles-Capitale",NA,NA,"Brussels Hoofdstedelijk Gewest","Région de Bruxelles-Capitale","11"
"2020-04-03","21010","Jette","Jette","Arrondissement Brussel-Hoofdstad","Arrondissement de Bruxelles-Capitale",NA,NA,"Brussels Hoofdstedelijk Gewest","Région de Bruxelles-Capitale","14"
"2020-04-03","21011","Koekelberg","Koekelberg","Arrondissement Brussel-Hoofdstad","Arrondissement de Bruxelles-Capitale",NA,NA,"Brussels Hoofdstedelijk Gewest","Région de Bruxelles-Capitale","<5"
"2020-04-03","21012","Sint-Jans-Molenbeek","Molenbeek-Saint-Jean","Arrondissement Brussel-Hoofdstad","Arrondissement de Bruxelles-Capitale",NA,NA,"Brussels Hoofdstedelijk Gewest","Région de Bruxelles-Capitale","8"
"2020-04-03","21013","Sint-Gillis","Saint-Gilles","Arrondissement Brussel-Hoofdstad","Arrondissement de Bruxelles-Capitale",NA,NA,"Brussels Hoofdstedelijk Gewest","Région de Bruxelles-Capitale","6"
"2020-04-03","21014","Sint-Joost-ten-Node","Saint-Josse-ten-Noode","Arrondissement Brussel-Hoofdstad","Arrondissement de Bruxelles-Capitale",NA,NA,"Brussels Hoofdstedelijk Gewest","Région de Bruxelles-Capitale","<5"
"2020-04-03","21015","Schaarbeek","Schaerbeek","Arrondissement Brussel-Hoofdstad","Arrondissement de Bruxelles-Capitale",NA,NA,"Brussels Hoofdstedelijk Gewest","Région de Bruxelles-Capitale","12"
"2020-04-03","21016","Ukkel","Uccle","Arrondissement Brussel-Hoofdstad","Arrondissement de Bruxelles-Capitale",NA,NA,"Brussels Hoofdstedelijk Gewest","Région de Bruxelles-Capitale","<5"
"2020-04-03","21017","Watermaal-Bosvoorde","Watermael-Boitsfort","Arrondissement Brussel-Hoofdstad","Arrondissement de Bruxelles-Capitale",NA,NA,"Brussels Hoofdstedelijk Gewest","Région de Bruxelles-Capitale","5"
"2020-04-03","21018","Sint-Lambrechts-Woluwe","Woluwe-Saint-Lambert","Arrondissement Brussel-Hoofdstad","Arrondissement de Bruxelles-Capitale",NA,NA,"Brussels Hoofdstedelijk Gewest","Région de Bruxelles-Capitale","13"
"2020-04-03","21019","Sint-Pieters-Woluwe","Woluwe-Saint-Pierre","Arrondissement Brussel-Hoofdstad","Arrondissement de Bruxelles-Capitale",NA,NA,"Brussels Hoofdstedelijk Gewest","Région de Bruxelles-Capitale","8"
"2020-04-03","23002","Asse","Asse","Arrondissement Halle-Vilvoorde","Arrondissement de Hal-Vilvorde","Provincie Vlaams-Brabant","Province du Brabant flamand","Vlaams Gewest","Région flamande","6"
"2020-04-03","23003","Beersel","Beersel","Arrondissement Halle-Vilvoorde","Arrondissement de Hal-Vilvorde","Provincie Vlaams-Brabant","Province du Brabant flamand","Vlaams Gewest","Région flamande","<5"
"2020-04-03","23016","Dilbeek","Dilbeek","Arrondissement Halle-Vilvoorde","Arrondissement de Hal-Vilvorde","Provincie Vlaams-Brabant","Province du Brabant flamand","Vlaams Gewest","Région flamande","5"
"2020-04-03","23025","Grimbergen","Grimbergen","Arrondissement Halle-Vilvoorde","Arrondissement de Hal-Vilvorde","Provincie Vlaams-Brabant","Province du Brabant flamand","Vlaams Gewest","Région flamande","9"
"2020-04-03","23027","Halle (Halle-Vilvoorde)","Hal (Hal-Vilvorde)","Arrondissement Halle-Vilvoorde","Arrondissement de Hal-Vilvorde","Provincie Vlaams-Brabant","Province du Brabant flamand","Vlaams Gewest","Région flamande","5"
"2020-04-03","23038","Kampenhout","Kampenhout","Arrondissement Halle-Vilvoorde","Arrondissement de Hal-Vilvorde","Provincie Vlaams-Brabant","Province du Brabant flamand","Vlaams Gewest","Région flamande","<5"
"2020-04-03","23039","Kapelle-op-den-Bos","Kapelle-op-den-Bos","Arrondissement Halle-Vilvoorde","Arrondissement de Hal-Vilvorde","Provincie Vlaams-Brabant","Province du Brabant flamand","Vlaams Gewest","Région flamande","<5"
"2020-04-03","23045","Londerzeel","Londerzeel","Arrondissement Halle-Vilvoorde","Arrondissement de Hal-Vilvorde","Provincie Vlaams-Brabant","Province du Brabant flamand","Vlaams Gewest","Région flamande","<5"
"2020-04-03","23047","Machelen (Halle-Vilvoorde)","Machelen (Hal-Vilvorde)","Arrondissement Halle-Vilvoorde","Arrondissement de Hal-Vilvorde","Provincie Vlaams-Brabant","Province du Brabant flamand","Vlaams Gewest","Région flamande","<5"
"2020-04-03","23050","Meise","Meise","Arrondissement Halle-Vilvoorde","Arrondissement de Hal-Vilvorde","Provincie Vlaams-Brabant","Province du Brabant flamand","Vlaams Gewest","Région flamande","<5"
"2020-04-03","23052","Merchtem","Merchtem","Arrondissement Halle-Vilvoorde","Arrondissement de Hal-Vilvorde","Provincie Vlaams-Brabant","Province du Brabant flamand","Vlaams Gewest","Région flamande","<5"
"2020-04-03","23062","Overijse","Overijse","Arrondissement Halle-Vilvoorde","Arrondissement de Hal-Vilvorde","Provincie Vlaams-Brabant","Province du Brabant flamand","Vlaams Gewest","Région flamande","5"
"2020-04-03","23064","Pepingen","Pepingen","Arrondissement Halle-Vilvoorde","Arrondissement de Hal-Vilvorde","Provincie Vlaams-Brabant","Province du Brabant flamand","Vlaams Gewest","Région flamande","6"
"2020-04-03","23077","Sint-Pieters-Leeuw","Sint-Pieters-Leeuw","Arrondissement Halle-Vilvoorde","Arrondissement de Hal-Vilvorde","Provincie Vlaams-Brabant","Province du Brabant flamand","Vlaams Gewest","Région flamande","<5"
"2020-04-03","23081","Steenokkerzeel","Steenokkerzeel","Arrondissement Halle-Vilvoorde","Arrondissement de Hal-Vilvorde","Provincie Vlaams-Brabant","Province du Brabant flamand","Vlaams Gewest","Région flamande","<5"
"2020-04-03","23086","Ternat","Ternat","Arrondissement Halle-Vilvoorde","Arrondissement de Hal-Vilvorde","Provincie Vlaams-Brabant","Province du Brabant flamand","Vlaams Gewest","Région flamande","<5"
"2020-04-03","23088","Vilvoorde","Vilvorde","Arrondissement Halle-Vilvoorde","Arrondissement de Hal-Vilvorde","Provincie Vlaams-Brabant","Province du Brabant flamand","Vlaams Gewest","Région flamande","<5"
"2020-04-03","23094","Zaventem","Zaventem","Arrondissement Halle-Vilvoorde","Arrondissement de Hal-Vilvorde","Provincie Vlaams-Brabant","Province du Brabant flamand","Vlaams Gewest","Région flamande","<5"
"2020-04-03","23096","Zemst","Zemst","Arrondissement Halle-Vilvoorde","Arrondissement de Hal-Vilvorde","Provincie Vlaams-Brabant","Province du Brabant flamand","Vlaams Gewest","Région flamande","<5"
"2020-04-03","23098","Drogenbos","Drogenbos","Arrondissement Halle-Vilvoorde","Arrondissement de Hal-Vilvorde","Provincie Vlaams-Brabant","Province du Brabant flamand","Vlaams Gewest","Région flamande","<5"
"2020-04-03","23099","Kraainem","Kraainem","Arrondissement Halle-Vilvoorde","Arrondissement de Hal-Vilvorde","Provincie Vlaams-Brabant","Province du Brabant flamand","Vlaams Gewest","Région flamande","<5"
"2020-04-03","23100","Linkebeek","Linkebeek","Arrondissement Halle-Vilvoorde","Arrondissement de Hal-Vilvorde","Provincie Vlaams-Brabant","Province du Brabant flamand","Vlaams Gewest","Région flamande","<5"
"2020-04-03","23101","Sint-Genesius-Rode","Rhode-Saint-Genèse","Arrondissement Halle-Vilvoorde","Arrondissement de Hal-Vilvorde","Provincie Vlaams-Brabant","Province du Brabant flamand","Vlaams Gewest","Région flamande","<5"
"2020-04-03","23102","Wemmel","Wemmel","Arrondissement Halle-Vilvoorde","Arrondissement de Hal-Vilvorde","Provincie Vlaams-Brabant","Province du Brabant flamand","Vlaams Gewest","Région flamande","<5"
"2020-04-03","23104","Lennik","Lennik","Arrondissement Halle-Vilvoorde","Arrondissement de Hal-Vilvorde","Provincie Vlaams-Brabant","Province du Brabant flamand","Vlaams Gewest","Région flamande","<5"
"2020-04-03","23105","Affligem","Affligem","Arrondissement Halle-Vilvoorde","Arrondissement de Hal-Vilvorde","Provincie Vlaams-Brabant","Province du Brabant flamand","Vlaams Gewest","Région flamande","<5"
"2020-04-03","24001","Aarschot","Aarschot","Arrondissement Leuven","Arrondissement de Louvain","Provincie Vlaams-Brabant","Province du Brabant flamand","Vlaams Gewest","Région flamande","7"
"2020-04-03","24007","Begijnendijk","Begijnendijk","Arrondissement Leuven","Arrondissement de Louvain","Provincie Vlaams-Brabant","Province du Brabant flamand","Vlaams Gewest","Région flamande","<5"
"2020-04-03","24008","Bekkevoort","Bekkevoort","Arrondissement Leuven","Arrondissement de Louvain","Provincie Vlaams-Brabant","Province du Brabant flamand","Vlaams Gewest","Région flamande","<5"
"2020-04-03","24014","Boortmeerbeek","Boortmeerbeek","Arrondissement Leuven","Arrondissement de Louvain","Provincie Vlaams-Brabant","Province du Brabant flamand","Vlaams Gewest","Région flamande","<5"
"2020-04-03","24020","Diest","Diest","Arrondissement Leuven","Arrondissement de Louvain","Provincie Vlaams-Brabant","Province du Brabant flamand","Vlaams Gewest","Région flamande","9"
"2020-04-03","24028","Geetbets","Geetbets","Arrondissement Leuven","Arrondissement de Louvain","Provincie Vlaams-Brabant","Province du Brabant flamand","Vlaams Gewest","Région flamande","6"
"2020-04-03","24033","Haacht","Haacht","Arrondissement Leuven","Arrondissement de Louvain","Provincie Vlaams-Brabant","Province du Brabant flamand","Vlaams Gewest","Région flamande","<5"
"2020-04-03","24038","Herent","Herent","Arrondissement Leuven","Arrondissement de Louvain","Provincie Vlaams-Brabant","Province du Brabant flamand","Vlaams Gewest","Région flamande","<5"
"2020-04-03","24043","Holsbeek","Holsbeek","Arrondissement Leuven","Arrondissement de Louvain","Provincie Vlaams-Brabant","Province du Brabant flamand","Vlaams Gewest","Région flamande","<5"
"2020-04-03","24045","Huldenberg","Huldenberg","Arrondissement Leuven","Arrondissement de Louvain","Provincie Vlaams-Brabant","Province du Brabant flamand","Vlaams Gewest","Région flamande","<5"
"2020-04-03","24048","Keerbergen","Keerbergen","Arrondissement Leuven","Arrondissement de Louvain","Provincie Vlaams-Brabant","Province du Brabant flamand","Vlaams Gewest","Région flamande","5"
"2020-04-03","24054","Kortenaken","Kortenaken","Arrondissement Leuven","Arrondissement de Louvain","Provincie Vlaams-Brabant","Province du Brabant flamand","Vlaams Gewest","Région flamande","<5"
"2020-04-03","24055","Kortenberg","Kortenberg","Arrondissement Leuven","Arrondissement de Louvain","Provincie Vlaams-Brabant","Province du Brabant flamand","Vlaams Gewest","Région flamande","<5"
"2020-04-03","24059","Landen","Landen","Arrondissement Leuven","Arrondissement de Louvain","Provincie Vlaams-Brabant","Province du Brabant flamand","Vlaams Gewest","Région flamande","<5"
"2020-04-03","24062","Leuven","Louvain","Arrondissement Leuven","Arrondissement de Louvain","Provincie Vlaams-Brabant","Province du Brabant flamand","Vlaams Gewest","Région flamande","12"
"2020-04-03","24066","Lubbeek","Lubbeek","Arrondissement Leuven","Arrondissement de Louvain","Provincie Vlaams-Brabant","Province du Brabant flamand","Vlaams Gewest","Région flamande","8"
"2020-04-03","24094","Rotselaar","Rotselaar","Arrondissement Leuven","Arrondissement de Louvain","Provincie Vlaams-Brabant","Province du Brabant flamand","Vlaams Gewest","Région flamande","<5"
"2020-04-03","24104","Tervuren","Tervuren","Arrondissement Leuven","Arrondissement de Louvain","Provincie Vlaams-Brabant","Province du Brabant flamand","Vlaams Gewest","Région flamande","<5"
"2020-04-03","24107","Tienen","Tirlemont","Arrondissement Leuven","Arrondissement de Louvain","Provincie Vlaams-Brabant","Province du Brabant flamand","Vlaams Gewest","Région flamande","6"
"2020-04-03","24109","Tremelo","Tremelo","Arrondissement Leuven","Arrondissement de Louvain","Provincie Vlaams-Brabant","Province du Brabant flamand","Vlaams Gewest","Région flamande","<5"
"2020-04-03","24130","Zoutleeuw","Léau","Arrondissement Leuven","Arrondissement de Louvain","Provincie Vlaams-Brabant","Province du Brabant flamand","Vlaams Gewest","Région flamande","<5"
"2020-04-03","24133","Linter","Linter","Arrondissement Leuven","Arrondissement de Louvain","Provincie Vlaams-Brabant","Province du Brabant flamand","Vlaams Gewest","Région flamande","<5"
"2020-04-03","24134","Scherpenheuvel-Zichem","Montaigu-Zichem","Arrondissement Leuven","Arrondissement de Louvain","Provincie Vlaams-Brabant","Province du Brabant flamand","Vlaams Gewest","Région flamande","6"
"2020-04-03","24135","Tielt-Winge","Tielt-Winge","Arrondissement Leuven","Arrondissement de Louvain","Provincie Vlaams-Brabant","Province du Brabant flamand","Vlaams Gewest","Région flamande","<5"
"2020-04-03","24137","Glabbeek","Glabbeek","Arrondissement Leuven","Arrondissement de Louvain","Provincie Vlaams-Brabant","Province du Brabant flamand","Vlaams Gewest","Région flamande","<5"
"2020-04-03","25005","Bevekom","Beauvechain","Arrondissement Nijvel","Arrondissement de Nivelles","Provincie Waals-Brabant","Province du Brabant wallon","Waals Gewest","Région wallonne","<5"
"2020-04-03","25014","Eigenbrakel","Braine-l’Alleud","Arrondissement Nijvel","Arrondissement de Nivelles","Provincie Waals-Brabant","Province du Brabant wallon","Waals Gewest","Région wallonne","5"
"2020-04-03","25018","Chaumont-Gistoux","Chaumont-Gistoux","Arrondissement Nijvel","Arrondissement de Nivelles","Provincie Waals-Brabant","Province du Brabant wallon","Waals Gewest","Région wallonne","<5"
"2020-04-03","25031","Genepiën","Genappe","Arrondissement Nijvel","Arrondissement de Nivelles","Provincie Waals-Brabant","Province du Brabant wallon","Waals Gewest","Région wallonne","<5"
"2020-04-03","25050","Terhulpen","La Hulpe","Arrondissement Nijvel","Arrondissement de Nivelles","Provincie Waals-Brabant","Province du Brabant wallon","Waals Gewest","Région wallonne","<5"
"2020-04-03","25072","Nijvel","Nivelles","Arrondissement Nijvel","Arrondissement de Nivelles","Provincie Waals-Brabant","Province du Brabant wallon","Waals Gewest","Région wallonne","<5"
"2020-04-03","25084","Perwijs (Nijvel)","Perwez (Nivelles)","Arrondissement Nijvel","Arrondissement de Nivelles","Provincie Waals-Brabant","Province du Brabant wallon","Waals Gewest","Région wallonne","<5"
"2020-04-03","25091","Rixensart","Rixensart","Arrondissement Nijvel","Arrondissement de Nivelles","Provincie Waals-Brabant","Province du Brabant wallon","Waals Gewest","Région wallonne","<5"
"2020-04-03","25105","Tubeke","Tubize","Arrondissement Nijvel","Arrondissement de Nivelles","Provincie Waals-Brabant","Province du Brabant wallon","Waals Gewest","Région wallonne","<5"
"2020-04-03","25107","Villers-la-Ville","Villers-la-Ville","Arrondissement Nijvel","Arrondissement de Nivelles","Provincie Waals-Brabant","Province du Brabant wallon","Waals Gewest","Région wallonne","<5"
"2020-04-03","25110","Waterloo","Waterloo","Arrondissement Nijvel","Arrondissement de Nivelles","Provincie Waals-Brabant","Province du Brabant wallon","Waals Gewest","Région wallonne","<5"
"2020-04-03","25112","Waver","Wavre","Arrondissement Nijvel","Arrondissement de Nivelles","Provincie Waals-Brabant","Province du Brabant wallon","Waals Gewest","Région wallonne","5"
"2020-04-03","25121","Ottignies-Louvain-la-Neuve","Ottignies-Louvain-la-Neuve","Arrondissement Nijvel","Arrondissement de Nivelles","Provincie Waals-Brabant","Province du Brabant wallon","Waals Gewest","Région wallonne","5"
"2020-04-03","25123","Rebecq","Rebecq","Arrondissement Nijvel","Arrondissement de Nivelles","Provincie Waals-Brabant","Province du Brabant wallon","Waals Gewest","Région wallonne","11"
"2020-04-03","31003","Beernem","Beernem","Arrondissement Brugge","Arrondissement de Bruges","Provincie West-Vlaanderen","Province de Flandre occidentale","Vlaams Gewest","Région flamande","6"
"2020-04-03","31005","Brugge","Bruges","Arrondissement Brugge","Arrondissement de Bruges","Provincie West-Vlaanderen","Province de Flandre occidentale","Vlaams Gewest","Région flamande","24"
"2020-04-03","31006","Damme","Damme","Arrondissement Brugge","Arrondissement de Bruges","Provincie West-Vlaanderen","Province de Flandre occidentale","Vlaams Gewest","Région flamande","<5"
"2020-04-03","31012","Jabbeke","Jabbeke","Arrondissement Brugge","Arrondissement de Bruges","Provincie West-Vlaanderen","Province de Flandre occidentale","Vlaams Gewest","Région flamande","<5"
"2020-04-03","31022","Oostkamp","Oostkamp","Arrondissement Brugge","Arrondissement de Bruges","Provincie West-Vlaanderen","Province de Flandre occidentale","Vlaams Gewest","Région flamande","11"
"2020-04-03","31033","Torhout","Torhout","Arrondissement Brugge","Arrondissement de Bruges","Provincie West-Vlaanderen","Province de Flandre occidentale","Vlaams Gewest","Région flamande","<5"
"2020-04-03","31040","Zedelgem","Zedelgem","Arrondissement Brugge","Arrondissement de Bruges","Provincie West-Vlaanderen","Province de Flandre occidentale","Vlaams Gewest","Région flamande","<5"
"2020-04-03","31043","Knokke-Heist","Knokke-Heist","Arrondissement Brugge","Arrondissement de Bruges","Provincie West-Vlaanderen","Province de Flandre occidentale","Vlaams Gewest","Région flamande","<5"
"2020-04-03","32003","Diksmuide","Dixmude","Arrondissement Diksmuide","Arrondissement de Dixmude","Provincie West-Vlaanderen","Province de Flandre occidentale","Vlaams Gewest","Région flamande","<5"
"2020-04-03","32006","Houthulst","Houthulst","Arrondissement Diksmuide","Arrondissement de Dixmude","Provincie West-Vlaanderen","Province de Flandre occidentale","Vlaams Gewest","Région flamande","<5"
"2020-04-03","33011","Ieper","Ypres","Arrondissement Ieper","Arrondissement d’Ypres","Provincie West-Vlaanderen","Province de Flandre occidentale","Vlaams Gewest","Région flamande","9"
"2020-04-03","33021","Poperinge","Poperinge","Arrondissement Ieper","Arrondissement d’Ypres","Provincie West-Vlaanderen","Province de Flandre occidentale","Vlaams Gewest","Région flamande","<5"
"2020-04-03","34002","Anzegem","Anzegem","Arrondissement Kortrijk","Arrondissement de Courtrai","Provincie West-Vlaanderen","Province de Flandre occidentale","Vlaams Gewest","Région flamande","<5"
"2020-04-03","34003","Avelgem","Avelgem","Arrondissement Kortrijk","Arrondissement de Courtrai","Provincie West-Vlaanderen","Province de Flandre occidentale","Vlaams Gewest","Région flamande","<5"
"2020-04-03","34009","Deerlijk","Deerlijk","Arrondissement Kortrijk","Arrondissement de Courtrai","Provincie West-Vlaanderen","Province de Flandre occidentale","Vlaams Gewest","Région flamande","<5"
"2020-04-03","34013","Harelbeke","Harelbeke","Arrondissement Kortrijk","Arrondissement de Courtrai","Provincie West-Vlaanderen","Province de Flandre occidentale","Vlaams Gewest","Région flamande","5"
"2020-04-03","34022","Kortrijk","Courtrai","Arrondissement Kortrijk","Arrondissement de Courtrai","Provincie West-Vlaanderen","Province de Flandre occidentale","Vlaams Gewest","Région flamande","11"
"2020-04-03","34023","Kuurne","Kuurne","Arrondissement Kortrijk","Arrondissement de Courtrai","Provincie West-Vlaanderen","Province de Flandre occidentale","Vlaams Gewest","Région flamande","<5"
"2020-04-03","34027","Menen","Menin","Arrondissement Kortrijk","Arrondissement de Courtrai","Provincie West-Vlaanderen","Province de Flandre occidentale","Vlaams Gewest","Région flamande","<5"
"2020-04-03","34040","Waregem","Waregem","Arrondissement Kortrijk","Arrondissement de Courtrai","Provincie West-Vlaanderen","Province de Flandre occidentale","Vlaams Gewest","Région flamande","6"
"2020-04-03","34041","Wevelgem","Wevelgem","Arrondissement Kortrijk","Arrondissement de Courtrai","Provincie West-Vlaanderen","Province de Flandre occidentale","Vlaams Gewest","Région flamande","7"
"2020-04-03","34042","Zwevegem","Zwevegem","Arrondissement Kortrijk","Arrondissement de Courtrai","Provincie West-Vlaanderen","Province de Flandre occidentale","Vlaams Gewest","Région flamande","5"
"2020-04-03","35002","Bredene","Bredene","Arrondissement Oostende","Arrondissement d’Ostende","Provincie West-Vlaanderen","Province de Flandre occidentale","Vlaams Gewest","Région flamande","<5"
"2020-04-03","35005","Gistel","Gistel","Arrondissement Oostende","Arrondissement d’Ostende","Provincie West-Vlaanderen","Province de Flandre occidentale","Vlaams Gewest","Région flamande","<5"
"2020-04-03","35013","Oostende","Ostende","Arrondissement Oostende","Arrondissement d’Ostende","Provincie West-Vlaanderen","Province de Flandre occidentale","Vlaams Gewest","Région flamande","6"
"2020-04-03","35029","De Haan","De Haan","Arrondissement Oostende","Arrondissement d’Ostende","Provincie West-Vlaanderen","Province de Flandre occidentale","Vlaams Gewest","Région flamande","<5"
"2020-04-03","36007","Ingelmunster","Ingelmunster","Arrondissement Roeselare","Arrondissement de Roulers","Provincie West-Vlaanderen","Province de Flandre occidentale","Vlaams Gewest","Région flamande","<5"
"2020-04-03","36008","Izegem","Izegem","Arrondissement Roeselare","Arrondissement de Roulers","Provincie West-Vlaanderen","Province de Flandre occidentale","Vlaams Gewest","Région flamande","<5"
"2020-04-03","36010","Ledegem","Ledegem","Arrondissement Roeselare","Arrondissement de Roulers","Provincie West-Vlaanderen","Province de Flandre occidentale","Vlaams Gewest","Région flamande","<5"
"2020-04-03","36012","Moorslede","Moorslede","Arrondissement Roeselare","Arrondissement de Roulers","Provincie West-Vlaanderen","Province de Flandre occidentale","Vlaams Gewest","Région flamande","<5"
"2020-04-03","36015","Roeselare","Roulers","Arrondissement Roeselare","Arrondissement de Roulers","Provincie West-Vlaanderen","Province de Flandre occidentale","Vlaams Gewest","Région flamande","<5"
"2020-04-03","37002","Dentergem","Dentergem","Arrondissement Tielt","Arrondissement de Tielt","Provincie West-Vlaanderen","Province de Flandre occidentale","Vlaams Gewest","Région flamande","<5"
"2020-04-03","37010","Oostrozebeke","Oostrozebeke","Arrondissement Tielt","Arrondissement de Tielt","Provincie West-Vlaanderen","Province de Flandre occidentale","Vlaams Gewest","Région flamande","<5"
"2020-04-03","37018","Wingene","Wingene","Arrondissement Tielt","Arrondissement de Tielt","Provincie West-Vlaanderen","Province de Flandre occidentale","Vlaams Gewest","Région flamande","6"
"2020-04-03","38014","Koksijde","Koksijde","Arrondissement Veurne","Arrondissement de Furnes","Provincie West-Vlaanderen","Province de Flandre occidentale","Vlaams Gewest","Région flamande","<5"
"2020-04-03","38025","Veurne","Furnes","Arrondissement Veurne","Arrondissement de Furnes","Provincie West-Vlaanderen","Province de Flandre occidentale","Vlaams Gewest","Région flamande","<5"
"2020-04-03","41002","Aalst (Aalst)","Alost (Alost)","Arrondissement Aalst","Arrondissement d’Alost","Provincie Oost-Vlaanderen","Province de Flandre orientale","Vlaams Gewest","Région flamande","17"
"2020-04-03","41011","Denderleeuw","Denderleeuw","Arrondissement Aalst","Arrondissement d’Alost","Provincie Oost-Vlaanderen","Province de Flandre orientale","Vlaams Gewest","Région flamande","<5"
"2020-04-03","41018","Geraardsbergen","Grammont","Arrondissement Aalst","Arrondissement d’Alost","Provincie Oost-Vlaanderen","Province de Flandre orientale","Vlaams Gewest","Région flamande","<5"
"2020-04-03","41024","Haaltert","Haaltert","Arrondissement Aalst","Arrondissement d’Alost","Provincie Oost-Vlaanderen","Province de Flandre orientale","Vlaams Gewest","Région flamande","9"
"2020-04-03","41034","Lede","Lede","Arrondissement Aalst","Arrondissement d’Alost","Provincie Oost-Vlaanderen","Province de Flandre orientale","Vlaams Gewest","Région flamande","<5"
"2020-04-03","41048","Ninove","Ninove","Arrondissement Aalst","Arrondissement d’Alost","Provincie Oost-Vlaanderen","Province de Flandre orientale","Vlaams Gewest","Région flamande","6"
"2020-04-03","41081","Zottegem","Zottegem","Arrondissement Aalst","Arrondissement d’Alost","Provincie Oost-Vlaanderen","Province de Flandre orientale","Vlaams Gewest","Région flamande","<5"
"2020-04-03","41082","Erpe-Mere","Erpe-Mere","Arrondissement Aalst","Arrondissement d’Alost","Provincie Oost-Vlaanderen","Province de Flandre orientale","Vlaams Gewest","Région flamande","7"
"2020-04-03","42003","Berlare","Berlare","Arrondissement Dendermonde","Arrondissement de Termonde","Provincie Oost-Vlaanderen","Province de Flandre orientale","Vlaams Gewest","Région flamande","<5"
"2020-04-03","42004","Buggenhout","Buggenhout","Arrondissement Dendermonde","Arrondissement de Termonde","Provincie Oost-Vlaanderen","Province de Flandre orientale","Vlaams Gewest","Région flamande","<5"
"2020-04-03","42006","Dendermonde","Termonde","Arrondissement Dendermonde","Arrondissement de Termonde","Provincie Oost-Vlaanderen","Province de Flandre orientale","Vlaams Gewest","Région flamande","8"
"2020-04-03","42008","Hamme (Dendermonde)","Hamme (Termonde)","Arrondissement Dendermonde","Arrondissement de Termonde","Provincie Oost-Vlaanderen","Province de Flandre orientale","Vlaams Gewest","Région flamande","<5"
"2020-04-03","42011","Lebbeke","Lebbeke","Arrondissement Dendermonde","Arrondissement de Termonde","Provincie Oost-Vlaanderen","Province de Flandre orientale","Vlaams Gewest","Région flamande","<5"
"2020-04-03","42023","Waasmunster","Waasmunster","Arrondissement Dendermonde","Arrondissement de Termonde","Provincie Oost-Vlaanderen","Province de Flandre orientale","Vlaams Gewest","Région flamande","<5"
"2020-04-03","42026","Wichelen","Wichelen","Arrondissement Dendermonde","Arrondissement de Termonde","Provincie Oost-Vlaanderen","Province de Flandre orientale","Vlaams Gewest","Région flamande","<5"
"2020-04-03","42028","Zele","Zele","Arrondissement Dendermonde","Arrondissement de Termonde","Provincie Oost-Vlaanderen","Province de Flandre orientale","Vlaams Gewest","Région flamande","<5"
"2020-04-03","43005","Eeklo","Eeklo","Arrondissement Eeklo","Arrondissement d’Eeklo","Provincie Oost-Vlaanderen","Province de Flandre orientale","Vlaams Gewest","Région flamande","<5"
"2020-04-03","44012","De Pinte","De Pinte","Arrondissement Gent","Arrondissement de Gand","Provincie Oost-Vlaanderen","Province de Flandre orientale","Vlaams Gewest","Région flamande","<5"
"2020-04-03","44013","Destelbergen","Destelbergen","Arrondissement Gent","Arrondissement de Gand","Provincie Oost-Vlaanderen","Province de Flandre orientale","Vlaams Gewest","Région flamande","<5"
"2020-04-03","44019","Evergem","Evergem","Arrondissement Gent","Arrondissement de Gand","Provincie Oost-Vlaanderen","Province de Flandre orientale","Vlaams Gewest","Région flamande","<5"
"2020-04-03","44020","Gavere","Gavere","Arrondissement Gent","Arrondissement de Gand","Provincie Oost-Vlaanderen","Province de Flandre orientale","Vlaams Gewest","Région flamande","<5"
"2020-04-03","44021","Gent","Gand","Arrondissement Gent","Arrondissement de Gand","Provincie Oost-Vlaanderen","Province de Flandre orientale","Vlaams Gewest","Région flamande","21"
"2020-04-03","44034","Lochristi","Lochristi","Arrondissement Gent","Arrondissement de Gand","Provincie Oost-Vlaanderen","Province de Flandre orientale","Vlaams Gewest","Région flamande","<5"
"2020-04-03","44040","Melle","Melle","Arrondissement Gent","Arrondissement de Gand","Provincie Oost-Vlaanderen","Province de Flandre orientale","Vlaams Gewest","Région flamande","<5"
"2020-04-03","44043","Merelbeke","Merelbeke","Arrondissement Gent","Arrondissement de Gand","Provincie Oost-Vlaanderen","Province de Flandre orientale","Vlaams Gewest","Région flamande","<5"
"2020-04-03","44048","Nazareth","Nazareth","Arrondissement Gent","Arrondissement de Gand","Provincie Oost-Vlaanderen","Province de Flandre orientale","Vlaams Gewest","Région flamande","<5"
"2020-04-03","44073","Wachtebeke","Wachtebeke","Arrondissement Gent","Arrondissement de Gand","Provincie Oost-Vlaanderen","Province de Flandre orientale","Vlaams Gewest","Région flamande","<5"
"2020-04-03","44081","Zulte","Zulte","Arrondissement Gent","Arrondissement de Gand","Provincie Oost-Vlaanderen","Province de Flandre orientale","Vlaams Gewest","Région flamande","<5"
"2020-04-03","44083","Deinze","Deinze","Arrondissement Gent","Arrondissement de Gand","Provincie Oost-Vlaanderen","Province de Flandre orientale","Vlaams Gewest","Région flamande","<5"
"2020-04-03","44084","Aalter","Aalter","Arrondissement Gent","Arrondissement de Gand","Provincie Oost-Vlaanderen","Province de Flandre orientale","Vlaams Gewest","Région flamande","<5"
"2020-04-03","44085","Lievegem","Lievegem","Arrondissement Gent","Arrondissement de Gand","Provincie Oost-Vlaanderen","Province de Flandre orientale","Vlaams Gewest","Région flamande","<5"
"2020-04-03","45035","Oudenaarde","Audenarde","Arrondissement Oudenaarde","Arrondissement d’Audenarde","Provincie Oost-Vlaanderen","Province de Flandre orientale","Vlaams Gewest","Région flamande","8"
"2020-04-03","45041","Ronse","Renaix","Arrondissement Oudenaarde","Arrondissement d’Audenarde","Provincie Oost-Vlaanderen","Province de Flandre orientale","Vlaams Gewest","Région flamande","13"
"2020-04-03","45059","Brakel","Brakel","Arrondissement Oudenaarde","Arrondissement d’Audenarde","Provincie Oost-Vlaanderen","Province de Flandre orientale","Vlaams Gewest","Région flamande","<5"
"2020-04-03","45064","Maarkedal","Maarkedal","Arrondissement Oudenaarde","Arrondissement d’Audenarde","Provincie Oost-Vlaanderen","Province de Flandre orientale","Vlaams Gewest","Région flamande","<5"
"2020-04-03","45065","Zwalm","Zwalin","Arrondissement Oudenaarde","Arrondissement d’Audenarde","Provincie Oost-Vlaanderen","Province de Flandre orientale","Vlaams Gewest","Région flamande","<5"
"2020-04-03","45068","Kruisem","Kruisem","Arrondissement Oudenaarde","Arrondissement d’Audenarde","Provincie Oost-Vlaanderen","Province de Flandre orientale","Vlaams Gewest","Région flamande","<5"
"2020-04-03","46003","Beveren (Sint-Niklaas)","Beveren (Saint-Nicolas)","Arrondissement Sint-Niklaas","Arrondissement de Saint-Nicolas","Provincie Oost-Vlaanderen","Province de Flandre orientale","Vlaams Gewest","Région flamande","6"
"2020-04-03","46013","Kruibeke","Kruibeke","Arrondissement Sint-Niklaas","Arrondissement de Saint-Nicolas","Provincie Oost-Vlaanderen","Province de Flandre orientale","Vlaams Gewest","Région flamande","<5"
"2020-04-03","46014","Lokeren","Lokeren","Arrondissement Sint-Niklaas","Arrondissement de Saint-Nicolas","Provincie Oost-Vlaanderen","Province de Flandre orientale","Vlaams Gewest","Région flamande","6"
"2020-04-03","46020","Sint-Gillis-Waas","Sint-Gillis-Waas","Arrondissement Sint-Niklaas","Arrondissement de Saint-Nicolas","Provincie Oost-Vlaanderen","Province de Flandre orientale","Vlaams Gewest","Région flamande","9"
"2020-04-03","46021","Sint-Niklaas (Sint-Niklaas)","Saint-Nicolas (Saint-Nicolas)","Arrondissement Sint-Niklaas","Arrondissement de Saint-Nicolas","Provincie Oost-Vlaanderen","Province de Flandre orientale","Vlaams Gewest","Région flamande","9"
"2020-04-03","46024","Stekene","Stekene","Arrondissement Sint-Niklaas","Arrondissement de Saint-Nicolas","Provincie Oost-Vlaanderen","Province de Flandre orientale","Vlaams Gewest","Région flamande","<5"
"2020-04-03","46025","Temse","Tamise","Arrondissement Sint-Niklaas","Arrondissement de Saint-Nicolas","Provincie Oost-Vlaanderen","Province de Flandre orientale","Vlaams Gewest","Région flamande","7"
"2020-04-03","51004","Aat","Ath","Arrondissement Aat","Arrondissement d’Ath","Provincie Henegouwen","Province du Hainaut","Waals Gewest","Région wallonne","<5"
"2020-04-03","51008","Beloeil","Beloeil","Arrondissement Aat","Arrondissement d’Ath","Provincie Henegouwen","Province du Hainaut","Waals Gewest","Région wallonne","<5"
"2020-04-03","51009","Bernissart","Bernissart","Arrondissement Aat","Arrondissement d’Ath","Provincie Henegouwen","Province du Hainaut","Waals Gewest","Région wallonne","<5"
"2020-04-03","51019","Vloesberg","Flobecq","Arrondissement Aat","Arrondissement d’Ath","Provincie Henegouwen","Province du Hainaut","Waals Gewest","Région wallonne","<5"
"2020-04-03","51065","Frasnes-lez-Anvaing","Frasnes-lez-Anvaing","Arrondissement Aat","Arrondissement d’Ath","Provincie Henegouwen","Province du Hainaut","Waals Gewest","Région wallonne","<5"
"2020-04-03","51069","Lessen","Lessines","Arrondissement Aat","Arrondissement d’Ath","Provincie Henegouwen","Province du Hainaut","Waals Gewest","Région wallonne","<5"
"2020-04-03","52010","Chapelle-lez-Herlaimont","Chapelle-lez-Herlaimont","Arrondissement Charleroi","Arrondissement de Charleroi","Provincie Henegouwen","Province du Hainaut","Waals Gewest","Région wallonne","<5"
"2020-04-03","52011","Charleroi","Charleroi","Arrondissement Charleroi","Arrondissement de Charleroi","Provincie Henegouwen","Province du Hainaut","Waals Gewest","Région wallonne","23"
"2020-04-03","52012","Châtelet","Châtelet","Arrondissement Charleroi","Arrondissement de Charleroi","Provincie Henegouwen","Province du Hainaut","Waals Gewest","Région wallonne","<5"
"2020-04-03","52015","Courcelles","Courcelles","Arrondissement Charleroi","Arrondissement de Charleroi","Provincie Henegouwen","Province du Hainaut","Waals Gewest","Région wallonne","<5"
"2020-04-03","52021","Fleurus","Fleurus","Arrondissement Charleroi","Arrondissement de Charleroi","Provincie Henegouwen","Province du Hainaut","Waals Gewest","Région wallonne","<5"
"2020-04-03","52025","Gerpinnes","Gerpinnes","Arrondissement Charleroi","Arrondissement de Charleroi","Provincie Henegouwen","Province du Hainaut","Waals Gewest","Région wallonne","<5"
"2020-04-03","52055","Pont-à-Celles","Pont-à-Celles","Arrondissement Charleroi","Arrondissement de Charleroi","Provincie Henegouwen","Province du Hainaut","Waals Gewest","Région wallonne","<5"
"2020-04-03","52074","Aiseau-Presles","Aiseau-Presles","Arrondissement Charleroi","Arrondissement de Charleroi","Provincie Henegouwen","Province du Hainaut","Waals Gewest","Région wallonne","<5"
"2020-04-03","52075","Les Bons Villers","Les Bons Villers","Arrondissement Charleroi","Arrondissement de Charleroi","Provincie Henegouwen","Province du Hainaut","Waals Gewest","Région wallonne","<5"
"2020-04-03","53014","Boussu","Boussu","Arrondissement Bergen","Arrondissement de Mons","Provincie Henegouwen","Province du Hainaut","Waals Gewest","Région wallonne","<5"
"2020-04-03","53020","Dour","Dour","Arrondissement Bergen","Arrondissement de Mons","Provincie Henegouwen","Province du Hainaut","Waals Gewest","Région wallonne","6"
"2020-04-03","53028","Frameries","Frameries","Arrondissement Bergen","Arrondissement de Mons","Provincie Henegouwen","Province du Hainaut","Waals Gewest","Région wallonne","<5"
"2020-04-03","53039","Hensies","Hensies","Arrondissement Bergen","Arrondissement de Mons","Provincie Henegouwen","Province du Hainaut","Waals Gewest","Région wallonne","<5"
"2020-04-03","53044","Jurbeke","Jurbise","Arrondissement Bergen","Arrondissement de Mons","Provincie Henegouwen","Province du Hainaut","Waals Gewest","Région wallonne","<5"
"2020-04-03","53046","Lens","Lens","Arrondissement Bergen","Arrondissement de Mons","Provincie Henegouwen","Province du Hainaut","Waals Gewest","Région wallonne","<5"
"2020-04-03","53053","Bergen","Mons","Arrondissement Bergen","Arrondissement de Mons","Provincie Henegouwen","Province du Hainaut","Waals Gewest","Région wallonne","19"
"2020-04-03","53065","Quaregnon","Quaregnon","Arrondissement Bergen","Arrondissement de Mons","Provincie Henegouwen","Province du Hainaut","Waals Gewest","Région wallonne","<5"
"2020-04-03","53070","Saint-Ghislain","Saint-Ghislain","Arrondissement Bergen","Arrondissement de Mons","Provincie Henegouwen","Province du Hainaut","Waals Gewest","Région wallonne","<5"
"2020-04-03","53082","Colfontaine","Colfontaine","Arrondissement Bergen","Arrondissement de Mons","Provincie Henegouwen","Province du Hainaut","Waals Gewest","Région wallonne","<5"
"2020-04-03","55004","’s Gravenbrakel","Braine-le-Comte","Arrondissement Zinnik","Arrondissement de Soignies","Provincie Henegouwen","Province du Hainaut","Waals Gewest","Région wallonne","<5"
"2020-04-03","55035","Le Roeulx","Le Roeulx","Arrondissement Zinnik","Arrondissement de Soignies","Provincie Henegouwen","Province du Hainaut","Waals Gewest","Région wallonne","6"
"2020-04-03","55040","Zinnik","Soignies","Arrondissement Zinnik","Arrondissement de Soignies","Provincie Henegouwen","Province du Hainaut","Waals Gewest","Région wallonne","5"
"2020-04-03","55050","Ecaussinnes","Ecaussinnes","Arrondissement Zinnik","Arrondissement de Soignies","Provincie Henegouwen","Province du Hainaut","Waals Gewest","Région wallonne","<5"
"2020-04-03","55085","Seneffe","Seneffe","Arrondissement Zinnik","Arrondissement de Soignies","Provincie Henegouwen","Province du Hainaut","Waals Gewest","Région wallonne","<5"
"2020-04-03","55086","Manage","Manage","Arrondissement Zinnik","Arrondissement de Soignies","Provincie Henegouwen","Province du Hainaut","Waals Gewest","Région wallonne","5"
"2020-04-03","56001","Anderlues","Anderlues","Arrondissement Thuin","Arrondissement de Thuin","Provincie Henegouwen","Province du Hainaut","Waals Gewest","Région wallonne","<5"
"2020-04-03","56005","Beaumont","Beaumont","Arrondissement Thuin","Arrondissement de Thuin","Provincie Henegouwen","Province du Hainaut","Waals Gewest","Région wallonne","<5"
"2020-04-03","56016","Chimay","Chimay","Arrondissement Thuin","Arrondissement de Thuin","Provincie Henegouwen","Province du Hainaut","Waals Gewest","Région wallonne","<5"
"2020-04-03","56022","Erquelinnes","Erquelinnes","Arrondissement Thuin","Arrondissement de Thuin","Provincie Henegouwen","Province du Hainaut","Waals Gewest","Région wallonne","<5"
"2020-04-03","56044","Lobbes","Lobbes","Arrondissement Thuin","Arrondissement de Thuin","Provincie Henegouwen","Province du Hainaut","Waals Gewest","Région wallonne","<5"
"2020-04-03","56086","Ham-sur-Heure-Nalinnes","Ham-sur-Heure-Nalinnes","Arrondissement Thuin","Arrondissement de Thuin","Provincie Henegouwen","Province du Hainaut","Waals Gewest","Région wallonne","<5"
"2020-04-03","57027","Estaimpuis","Estaimpuis","Arrondissement Doornik-Moeskroen","Arrondissement de Tournai-Mouscron","Provincie Henegouwen","Province du Hainaut","Waals Gewest","Région wallonne","<5"
"2020-04-03","57062","Pecq","Pecq","Arrondissement Doornik-Moeskroen","Arrondissement de Tournai-Mouscron","Provincie Henegouwen","Province du Hainaut","Waals Gewest","Région wallonne","<5"
"2020-04-03","57081","Doornik","Tournai","Arrondissement Doornik-Moeskroen","Arrondissement de Tournai-Mouscron","Provincie Henegouwen","Province du Hainaut","Waals Gewest","Région wallonne","10"
"2020-04-03","57093","Brunehaut","Brunehaut","Arrondissement Doornik-Moeskroen","Arrondissement de Tournai-Mouscron","Provincie Henegouwen","Province du Hainaut","Waals Gewest","Région wallonne","<5"
"2020-04-03","57094","Leuze-en-Hainaut","Leuze-en-Hainaut","Arrondissement Doornik-Moeskroen","Arrondissement de Tournai-Mouscron","Provincie Henegouwen","Province du Hainaut","Waals Gewest","Région wallonne","<5"
"2020-04-03","57096","Moeskroen","Mouscron","Arrondissement Doornik-Moeskroen","Arrondissement de Tournai-Mouscron","Provincie Henegouwen","Province du Hainaut","Waals Gewest","Région wallonne","<5"
"2020-04-03","58001","La Louvière","La Louvière","Arrondissement La Louvière","Arrondissement de La Louvière","Provincie Henegouwen","Province du Hainaut","Waals Gewest","Région wallonne","40"
"2020-04-03","58002","Binche","Binche","Arrondissement La Louvière","Arrondissement de La Louvière","Provincie Henegouwen","Province du Hainaut","Waals Gewest","Région wallonne","<5"
"2020-04-03","58003","Estinnes","Estinnes","Arrondissement La Louvière","Arrondissement de La Louvière","Provincie Henegouwen","Province du Hainaut","Waals Gewest","Région wallonne","<5"
"2020-04-03","58004","Morlanwelz","Morlanwelz","Arrondissement La Louvière","Arrondissement de La Louvière","Provincie Henegouwen","Province du Hainaut","Waals Gewest","Région wallonne","<5"
"2020-04-03","61003","Amay","Amay","Arrondissement Hoei","Arrondissement de Huy","Provincie Luik","Province de Liège","Waals Gewest","Région wallonne","<5"
"2020-04-03","61012","Clavier","Clavier","Arrondissement Hoei","Arrondissement de Huy","Provincie Luik","Province de Liège","Waals Gewest","Région wallonne","<5"
"2020-04-03","61019","Ferrières","Ferrières","Arrondissement Hoei","Arrondissement de Huy","Provincie Luik","Province de Liège","Waals Gewest","Région wallonne","<5"
"2020-04-03","61031","Hoei","Huy","Arrondissement Hoei","Arrondissement de Huy","Provincie Luik","Province de Liège","Waals Gewest","Région wallonne","<5"
"2020-04-03","61068","Villers-Le-Bouillet","Villers-Le-Bouillet","Arrondissement Hoei","Arrondissement de Huy","Provincie Luik","Province de Liège","Waals Gewest","Région wallonne","<5"
"2020-04-03","61072","Wanze","Wanze","Arrondissement Hoei","Arrondissement de Huy","Provincie Luik","Province de Liège","Waals Gewest","Région wallonne","<5"
"2020-04-03","61079","Anthisnes","Anthisnes","Arrondissement Hoei","Arrondissement de Huy","Provincie Luik","Province de Liège","Waals Gewest","Région wallonne","<5"
"2020-04-03","61080","Engis","Engis","Arrondissement Hoei","Arrondissement de Huy","Provincie Luik","Province de Liège","Waals Gewest","Région wallonne","<5"
"2020-04-03","62003","Ans","Ans","Arrondissement Luik","Arrondissement de Liège","Provincie Luik","Province de Liège","Waals Gewest","Région wallonne","5"
"2020-04-03","62006","Awans","Awans","Arrondissement Luik","Arrondissement de Liège","Provincie Luik","Province de Liège","Waals Gewest","Région wallonne","<5"
"2020-04-03","62011","Bitsingen","Bassenge","Arrondissement Luik","Arrondissement de Liège","Provincie Luik","Province de Liège","Waals Gewest","Région wallonne","<5"
"2020-04-03","62015","Beyne-Heusay","Beyne-Heusay","Arrondissement Luik","Arrondissement de Liège","Provincie Luik","Province de Liège","Waals Gewest","Région wallonne","5"
"2020-04-03","62022","Chaudfontaine","Chaudfontaine","Arrondissement Luik","Arrondissement de Liège","Provincie Luik","Province de Liège","Waals Gewest","Région wallonne","<5"
"2020-04-03","62026","Comblain-au-Pont","Comblain-au-Pont","Arrondissement Luik","Arrondissement de Liège","Provincie Luik","Province de Liège","Waals Gewest","Région wallonne","<5"
"2020-04-03","62032","Esneux","Esneux","Arrondissement Luik","Arrondissement de Liège","Provincie Luik","Province de Liège","Waals Gewest","Région wallonne","<5"
"2020-04-03","62038","Fléron","Fléron","Arrondissement Luik","Arrondissement de Liège","Provincie Luik","Province de Liège","Waals Gewest","Région wallonne","<5"
"2020-04-03","62051","Herstal","Herstal","Arrondissement Luik","Arrondissement de Liège","Provincie Luik","Province de Liège","Waals Gewest","Région wallonne","12"
"2020-04-03","62060","Juprelle","Juprelle","Arrondissement Luik","Arrondissement de Liège","Provincie Luik","Province de Liège","Waals Gewest","Région wallonne","<5"
"2020-04-03","62063","Luik","Liège","Arrondissement Luik","Arrondissement de Liège","Provincie Luik","Province de Liège","Waals Gewest","Région wallonne","30"
"2020-04-03","62079","Oupeye","Oupeye","Arrondissement Luik","Arrondissement de Liège","Provincie Luik","Province de Liège","Waals Gewest","Région wallonne","5"
"2020-04-03","62093","Saint-Nicolas (Luik)","Saint-Nicolas (Liège)","Arrondissement Luik","Arrondissement de Liège","Provincie Luik","Province de Liège","Waals Gewest","Région wallonne","<5"
"2020-04-03","62096","Seraing","Seraing","Arrondissement Luik","Arrondissement de Liège","Provincie Luik","Province de Liège","Waals Gewest","Région wallonne","9"
"2020-04-03","62099","Soumagne","Soumagne","Arrondissement Luik","Arrondissement de Liège","Provincie Luik","Province de Liège","Waals Gewest","Région wallonne","5"
"2020-04-03","62100","Sprimont","Sprimont","Arrondissement Luik","Arrondissement de Liège","Provincie Luik","Province de Liège","Waals Gewest","Région wallonne","<5"
"2020-04-03","62108","Wezet","Visé","Arrondissement Luik","Arrondissement de Liège","Provincie Luik","Province de Liège","Waals Gewest","Région wallonne","5"
"2020-04-03","62118","Grâce-Hollogne","Grâce-Hollogne","Arrondissement Luik","Arrondissement de Liège","Provincie Luik","Province de Liège","Waals Gewest","Région wallonne","<5"
"2020-04-03","62119","Blegny","Blegny","Arrondissement Luik","Arrondissement de Liège","Provincie Luik","Province de Liège","Waals Gewest","Région wallonne","<5"
"2020-04-03","62120","Flémalle","Flémalle","Arrondissement Luik","Arrondissement de Liège","Provincie Luik","Province de Liège","Waals Gewest","Région wallonne","7"
"2020-04-03","62121","Neupré","Neupré","Arrondissement Luik","Arrondissement de Liège","Provincie Luik","Province de Liège","Waals Gewest","Région wallonne","<5"
"2020-04-03","62122","Trooz","Trooz","Arrondissement Luik","Arrondissement de Liège","Provincie Luik","Province de Liège","Waals Gewest","Région wallonne","<5"
"2020-04-03","63020","Dison","Dison","Arrondissement Verviers","Arrondissement de Verviers","Provincie Luik","Province de Liège","Waals Gewest","Région wallonne","<5"
"2020-04-03","63023","Eupen","Eupen","Arrondissement Verviers","Arrondissement de Verviers","Provincie Luik","Province de Liège","Waals Gewest","Région wallonne","<5"
"2020-04-03","63035","Herve","Herve","Arrondissement Verviers","Arrondissement de Verviers","Provincie Luik","Province de Liège","Waals Gewest","Région wallonne","<5"
"2020-04-03","63038","Jalhay","Jalhay","Arrondissement Verviers","Arrondissement de Verviers","Provincie Luik","Province de Liège","Waals Gewest","Région wallonne","<5"
"2020-04-03","63040","Kelmis","La Calamine","Arrondissement Verviers","Arrondissement de Verviers","Provincie Luik","Province de Liège","Waals Gewest","Région wallonne","<5"
"2020-04-03","63045","Lierneux","Lierneux","Arrondissement Verviers","Arrondissement de Verviers","Provincie Luik","Province de Liège","Waals Gewest","Région wallonne","<5"
"2020-04-03","63049","Malmedy","Malmedy","Arrondissement Verviers","Arrondissement de Verviers","Provincie Luik","Province de Liège","Waals Gewest","Région wallonne","5"
"2020-04-03","63057","Olne","Olne","Arrondissement Verviers","Arrondissement de Verviers","Provincie Luik","Province de Liège","Waals Gewest","Région wallonne","<5"
"2020-04-03","63058","Pepinster","Pepinster","Arrondissement Verviers","Arrondissement de Verviers","Provincie Luik","Province de Liège","Waals Gewest","Région wallonne","<5"
"2020-04-03","63067","Sankt Vith","Saint-Vith","Arrondissement Verviers","Arrondissement de Verviers","Provincie Luik","Province de Liège","Waals Gewest","Région wallonne","<5"
"2020-04-03","63072","Spa","Spa","Arrondissement Verviers","Arrondissement de Verviers","Provincie Luik","Province de Liège","Waals Gewest","Région wallonne","<5"
"2020-04-03","63073","Stavelot","Stavelot","Arrondissement Verviers","Arrondissement de Verviers","Provincie Luik","Province de Liège","Waals Gewest","Région wallonne","<5"
"2020-04-03","63076","Theux","Theux","Arrondissement Verviers","Arrondissement de Verviers","Provincie Luik","Province de Liège","Waals Gewest","Région wallonne","<5"
"2020-04-03","63079","Verviers","Verviers","Arrondissement Verviers","Arrondissement de Verviers","Provincie Luik","Province de Liège","Waals Gewest","Région wallonne","10"
"2020-04-03","63080","Weismes","Waimes","Arrondissement Verviers","Arrondissement de Verviers","Provincie Luik","Province de Liège","Waals Gewest","Région wallonne","<5"
"2020-04-03","63086","Trois-Ponts","Trois-Ponts","Arrondissement Verviers","Arrondissement de Verviers","Provincie Luik","Province de Liège","Waals Gewest","Région wallonne","<5"
"2020-04-03","63087","Burg-Reuland","Burg-Reuland","Arrondissement Verviers","Arrondissement de Verviers","Provincie Luik","Province de Liège","Waals Gewest","Région wallonne","<5"
"2020-04-03","63088","Plombières","Plombières","Arrondissement Verviers","Arrondissement de Verviers","Provincie Luik","Province de Liège","Waals Gewest","Région wallonne","<5"
"2020-04-03","64021","Crisnée","Crisnée","Arrondissement Borgworm","Arrondissement de Waremme","Provincie Luik","Province de Liège","Waals Gewest","Région wallonne","<5"
"2020-04-03","64023","Donceel","Donceel","Arrondissement Borgworm","Arrondissement de Waremme","Provincie Luik","Province de Liège","Waals Gewest","Région wallonne","<5"
"2020-04-03","64025","Fexhe-le-Haut-Clocher","Fexhe-le-Haut-Clocher","Arrondissement Borgworm","Arrondissement de Waremme","Provincie Luik","Province de Liège","Waals Gewest","Région wallonne","<5"
"2020-04-03","64029","Geer","Geer","Arrondissement Borgworm","Arrondissement de Waremme","Provincie Luik","Province de Liège","Waals Gewest","Région wallonne","<5"
"2020-04-03","64034","Hannuit","Hannut","Arrondissement Borgworm","Arrondissement de Waremme","Provincie Luik","Province de Liège","Waals Gewest","Région wallonne","<5"
"2020-04-03","64056","Oerle","Oreye","Arrondissement Borgworm","Arrondissement de Waremme","Provincie Luik","Province de Liège","Waals Gewest","Région wallonne","<5"
"2020-04-03","64074","Borgworm","Waremme","Arrondissement Borgworm","Arrondissement de Waremme","Provincie Luik","Province de Liège","Waals Gewest","Région wallonne","<5"
"2020-04-03","71004","Beringen","Beringen","Arrondissement Hasselt","Arrondissement de Hasselt","Provincie Limburg","Province du Limbourg","Vlaams Gewest","Région flamande","14"
"2020-04-03","71011","Diepenbeek","Diepenbeek","Arrondissement Hasselt","Arrondissement de Hasselt","Provincie Limburg","Province du Limbourg","Vlaams Gewest","Région flamande","7"
"2020-04-03","71016","Genk","Genk","Arrondissement Hasselt","Arrondissement de Hasselt","Provincie Limburg","Province du Limbourg","Vlaams Gewest","Région flamande","20"
"2020-04-03","71017","Gingelom","Gingelom","Arrondissement Hasselt","Arrondissement de Hasselt","Provincie Limburg","Province du Limbourg","Vlaams Gewest","Région flamande","<5"
"2020-04-03","71020","Halen","Halen","Arrondissement Hasselt","Arrondissement de Hasselt","Provincie Limburg","Province du Limbourg","Vlaams Gewest","Région flamande","10"
"2020-04-03","71022","Hasselt","Hasselt","Arrondissement Hasselt","Arrondissement de Hasselt","Provincie Limburg","Province du Limbourg","Vlaams Gewest","Région flamande","25"
"2020-04-03","71024","Herk-de-Stad","Herck-la-Ville","Arrondissement Hasselt","Arrondissement de Hasselt","Provincie Limburg","Province du Limbourg","Vlaams Gewest","Région flamande","<5"
"2020-04-03","71034","Leopoldsburg","Bourg-Léopold","Arrondissement Hasselt","Arrondissement de Hasselt","Provincie Limburg","Province du Limbourg","Vlaams Gewest","Région flamande","<5"
"2020-04-03","71037","Lummen","Lummen","Arrondissement Hasselt","Arrondissement de Hasselt","Provincie Limburg","Province du Limbourg","Vlaams Gewest","Région flamande","<5"
"2020-04-03","71045","Nieuwerkerken (Hasselt)","Nieuwerkerken (Hasselt)","Arrondissement Hasselt","Arrondissement de Hasselt","Provincie Limburg","Province du Limbourg","Vlaams Gewest","Région flamande","<5"
"2020-04-03","71053","Sint-Truiden","Saint-Trond","Arrondissement Hasselt","Arrondissement de Hasselt","Provincie Limburg","Province du Limbourg","Vlaams Gewest","Région flamande","56"
"2020-04-03","71057","Tessenderlo","Tessenderlo","Arrondissement Hasselt","Arrondissement de Hasselt","Provincie Limburg","Province du Limbourg","Vlaams Gewest","Région flamande","<5"
"2020-04-03","71066","Zonhoven","Zonhoven","Arrondissement Hasselt","Arrondissement de Hasselt","Provincie Limburg","Province du Limbourg","Vlaams Gewest","Région flamande","12"
"2020-04-03","71067","Zutendaal","Zutendaal","Arrondissement Hasselt","Arrondissement de Hasselt","Provincie Limburg","Province du Limbourg","Vlaams Gewest","Région flamande","<5"
"2020-04-03","71069","Ham","Ham","Arrondissement Hasselt","Arrondissement de Hasselt","Provincie Limburg","Province du Limbourg","Vlaams Gewest","Région flamande","5"
"2020-04-03","71070","Heusden-Zolder","Heusden-Zolder","Arrondissement Hasselt","Arrondissement de Hasselt","Provincie Limburg","Province du Limbourg","Vlaams Gewest","Région flamande","7"
"2020-04-03","72003","Bocholt","Bocholt","Arrondissement Maaseik","Arrondissement de Maaseik","Provincie Limburg","Province du Limbourg","Vlaams Gewest","Région flamande","<5"
"2020-04-03","72004","Bree","Bree","Arrondissement Maaseik","Arrondissement de Maaseik","Provincie Limburg","Province du Limbourg","Vlaams Gewest","Région flamande","<5"
"2020-04-03","72018","Kinrooi","Kinrooi","Arrondissement Maaseik","Arrondissement de Maaseik","Provincie Limburg","Province du Limbourg","Vlaams Gewest","Région flamande","<5"
"2020-04-03","72020","Lommel","Lommel","Arrondissement Maaseik","Arrondissement de Maaseik","Provincie Limburg","Province du Limbourg","Vlaams Gewest","Région flamande","<5"
"2020-04-03","72021","Maaseik","Maaseik","Arrondissement Maaseik","Arrondissement de Maaseik","Provincie Limburg","Province du Limbourg","Vlaams Gewest","Région flamande","10"
"2020-04-03","72030","Peer","Peer","Arrondissement Maaseik","Arrondissement de Maaseik","Provincie Limburg","Province du Limbourg","Vlaams Gewest","Région flamande","<5"
"2020-04-03","72037","Hamont-Achel","Hamont-Achel","Arrondissement Maaseik","Arrondissement de Maaseik","Provincie Limburg","Province du Limbourg","Vlaams Gewest","Région flamande","5"
"2020-04-03","72038","Hechtel-Eksel","Hechtel-Eksel","Arrondissement Maaseik","Arrondissement de Maaseik","Provincie Limburg","Province du Limbourg","Vlaams Gewest","Région flamande","<5"
"2020-04-03","72039","Houthalen-Helchteren","Houthalen-Helchteren","Arrondissement Maaseik","Arrondissement de Maaseik","Provincie Limburg","Province du Limbourg","Vlaams Gewest","Région flamande","6"
"2020-04-03","72041","Dilsen-Stokkem","Dilsen-Stokkem","Arrondissement Maaseik","Arrondissement de Maaseik","Provincie Limburg","Province du Limbourg","Vlaams Gewest","Région flamande","6"
"2020-04-03","72042","Oudsbergen","Oudsbergen","Arrondissement Maaseik","Arrondissement de Maaseik","Provincie Limburg","Province du Limbourg","Vlaams Gewest","Région flamande","<5"
"2020-04-03","72043","Pelt","Pelt","Arrondissement Maaseik","Arrondissement de Maaseik","Provincie Limburg","Province du Limbourg","Vlaams Gewest","Région flamande","<5"
"2020-04-03","73001","Alken","Alken","Arrondissement Tongeren","Arrondissement de Tongres","Provincie Limburg","Province du Limbourg","Vlaams Gewest","Région flamande","11"
"2020-04-03","73006","Bilzen","Bilzen","Arrondissement Tongeren","Arrondissement de Tongres","Provincie Limburg","Province du Limbourg","Vlaams Gewest","Région flamande","6"
"2020-04-03","73009","Borgloon","Looz","Arrondissement Tongeren","Arrondissement de Tongres","Provincie Limburg","Province du Limbourg","Vlaams Gewest","Région flamande","<5"
"2020-04-03","73022","Heers","Heers","Arrondissement Tongeren","Arrondissement de Tongres","Provincie Limburg","Province du Limbourg","Vlaams Gewest","Région flamande","<5"
"2020-04-03","73032","Hoeselt","Hoeselt","Arrondissement Tongeren","Arrondissement de Tongres","Provincie Limburg","Province du Limbourg","Vlaams Gewest","Région flamande","<5"
"2020-04-03","73040","Kortessem","Kortessem","Arrondissement Tongeren","Arrondissement de Tongres","Provincie Limburg","Province du Limbourg","Vlaams Gewest","Région flamande","<5"
"2020-04-03","73042","Lanaken","Lanaken","Arrondissement Tongeren","Arrondissement de Tongres","Provincie Limburg","Province du Limbourg","Vlaams Gewest","Région flamande","<5"
"2020-04-03","73066","Riemst","Riemst","Arrondissement Tongeren","Arrondissement de Tongres","Provincie Limburg","Province du Limbourg","Vlaams Gewest","Région flamande","7"
"2020-04-03","73083","Tongeren","Tongres","Arrondissement Tongeren","Arrondissement de Tongres","Provincie Limburg","Province du Limbourg","Vlaams Gewest","Région flamande","<5"
"2020-04-03","73098","Wellen","Wellen","Arrondissement Tongeren","Arrondissement de Tongres","Provincie Limburg","Province du Limbourg","Vlaams Gewest","Région flamande","<5"
"2020-04-03","73107","Maasmechelen","Maasmechelen","Arrondissement Tongeren","Arrondissement de Tongres","Provincie Limburg","Province du Limbourg","Vlaams Gewest","Région flamande","6"
"2020-04-03","81001","Aarlen","Arlon","Arrondissement Aarlen","Arrondissement d’Arlon","Provincie Luxemburg","Province du Luxembourg","Waals Gewest","Région wallonne","5"
"2020-04-03","81004","Aubange","Aubange","Arrondissement Aarlen","Arrondissement d’Arlon","Provincie Luxemburg","Province du Luxembourg","Waals Gewest","Région wallonne","<5"
"2020-04-03","81015","Messancy","Messancy","Arrondissement Aarlen","Arrondissement d’Arlon","Provincie Luxemburg","Province du Luxembourg","Waals Gewest","Région wallonne","<5"
"2020-04-03","82003","Bastenaken","Bastogne","Arrondissement Bastenaken","Arrondissement de Bastogne","Provincie Luxemburg","Province du Luxembourg","Waals Gewest","Région wallonne","<5"
"2020-04-03","82032","Vielsalm","Vielsalm","Arrondissement Bastenaken","Arrondissement de Bastogne","Provincie Luxemburg","Province du Luxembourg","Waals Gewest","Région wallonne","<5"
"2020-04-03","83012","Durbuy","Durbuy","Arrondissement Marche-en-Famenne","Arrondissement de Marche-en-Famenne","Provincie Luxemburg","Province du Luxembourg","Waals Gewest","Région wallonne","<5"
"2020-04-03","83013","Erezée","Erezée","Arrondissement Marche-en-Famenne","Arrondissement de Marche-en-Famenne","Provincie Luxemburg","Province du Luxembourg","Waals Gewest","Région wallonne","<5"
"2020-04-03","83028","Hotton","Hotton","Arrondissement Marche-en-Famenne","Arrondissement de Marche-en-Famenne","Provincie Luxemburg","Province du Luxembourg","Waals Gewest","Région wallonne","<5"
"2020-04-03","83034","Marche-en-Famenne","Marche-en-Famenne","Arrondissement Marche-en-Famenne","Arrondissement de Marche-en-Famenne","Provincie Luxemburg","Province du Luxembourg","Waals Gewest","Région wallonne","<5"
"2020-04-03","83040","Nassogne","Nassogne","Arrondissement Marche-en-Famenne","Arrondissement de Marche-en-Famenne","Provincie Luxemburg","Province du Luxembourg","Waals Gewest","Région wallonne","<5"
"2020-04-03","83044","Rendeux","Rendeux","Arrondissement Marche-en-Famenne","Arrondissement de Marche-en-Famenne","Provincie Luxemburg","Province du Luxembourg","Waals Gewest","Région wallonne","<5"
"2020-04-03","83055","Manhay","Manhay","Arrondissement Marche-en-Famenne","Arrondissement de Marche-en-Famenne","Provincie Luxemburg","Province du Luxembourg","Waals Gewest","Région wallonne","<5"
"2020-04-03","84009","Bertrix","Bertrix","Arrondissement Neufchâteau","Arrondissement de Neufchâteau","Provincie Luxemburg","Province du Luxembourg","Waals Gewest","Région wallonne","5"
"2020-04-03","84010","Bouillon","Bouillon","Arrondissement Neufchâteau","Arrondissement de Neufchâteau","Provincie Luxemburg","Province du Luxembourg","Waals Gewest","Région wallonne","5"
"2020-04-03","84016","Daverdisse","Daverdisse","Arrondissement Neufchâteau","Arrondissement de Neufchâteau","Provincie Luxemburg","Province du Luxembourg","Waals Gewest","Région wallonne","<5"
"2020-04-03","84033","Léglise","Léglise","Arrondissement Neufchâteau","Arrondissement de Neufchâteau","Provincie Luxemburg","Province du Luxembourg","Waals Gewest","Région wallonne","<5"
"2020-04-03","84043","Neufchâteau (Neufchâteau)","Neufchâteau (Neufchâteau)","Arrondissement Neufchâteau","Arrondissement de Neufchâteau","Provincie Luxemburg","Province du Luxembourg","Waals Gewest","Région wallonne","<5"
"2020-04-03","84050","Paliseul","Paliseul","Arrondissement Neufchâteau","Arrondissement de Neufchâteau","Provincie Luxemburg","Province du Luxembourg","Waals Gewest","Région wallonne","<5"
"2020-04-03","84075","Wellin","Wellin","Arrondissement Neufchâteau","Arrondissement de Neufchâteau","Provincie Luxemburg","Province du Luxembourg","Waals Gewest","Région wallonne","<5"
"2020-04-03","84077","Libramont-Chevigny","Libramont-Chevigny","Arrondissement Neufchâteau","Arrondissement de Neufchâteau","Provincie Luxemburg","Province du Luxembourg","Waals Gewest","Région wallonne","<5"
"2020-04-03","85009","Etalle","Etalle","Arrondissement Virton","Arrondissement de Virton","Provincie Luxemburg","Province du Luxembourg","Waals Gewest","Région wallonne","<5"
"2020-04-03","85011","Florenville","Florenville","Arrondissement Virton","Arrondissement de Virton","Provincie Luxemburg","Province du Luxembourg","Waals Gewest","Région wallonne","<5"
"2020-04-03","85026","Musson","Musson","Arrondissement Virton","Arrondissement de Virton","Provincie Luxemburg","Province du Luxembourg","Waals Gewest","Région wallonne","<5"
"2020-04-03","85045","Virton","Virton","Arrondissement Virton","Arrondissement de Virton","Provincie Luxemburg","Province du Luxembourg","Waals Gewest","Région wallonne","<5"
"2020-04-03","85047","Rouvroy","Rouvroy","Arrondissement Virton","Arrondissement de Virton","Provincie Luxemburg","Province du Luxembourg","Waals Gewest","Région wallonne","<5"
"2020-04-03","91013","Beauraing","Beauraing","Arrondissement Dinant","Arrondissement de Dinant","Provincie Namen","Province de Namur","Waals Gewest","Région wallonne","<5"
"2020-04-03","91030","Ciney","Ciney","Arrondissement Dinant","Arrondissement de Dinant","Provincie Namen","Province de Namur","Waals Gewest","Région wallonne","<5"
"2020-04-03","91034","Dinant","Dinant","Arrondissement Dinant","Arrondissement de Dinant","Provincie Namen","Province de Namur","Waals Gewest","Région wallonne","<5"
"2020-04-03","91064","Havelange","Havelange","Arrondissement Dinant","Arrondissement de Dinant","Provincie Namen","Province de Namur","Waals Gewest","Région wallonne","<5"
"2020-04-03","91103","Onhaye","Onhaye","Arrondissement Dinant","Arrondissement de Dinant","Provincie Namen","Province de Namur","Waals Gewest","Région wallonne","<5"
"2020-04-03","91114","Rochefort","Rochefort","Arrondissement Dinant","Arrondissement de Dinant","Provincie Namen","Province de Namur","Waals Gewest","Région wallonne","<5"
"2020-04-03","91120","Somme-Leuze","Somme-Leuze","Arrondissement Dinant","Arrondissement de Dinant","Provincie Namen","Province de Namur","Waals Gewest","Région wallonne","<5"
"2020-04-03","91141","Yvoir","Yvoir","Arrondissement Dinant","Arrondissement de Dinant","Provincie Namen","Province de Namur","Waals Gewest","Région wallonne","<5"
"2020-04-03","91142","Hastière","Hastière","Arrondissement Dinant","Arrondissement de Dinant","Provincie Namen","Province de Namur","Waals Gewest","Région wallonne","<5"
"2020-04-03","92003","Andenne","Andenne","Arrondissement Namen","Arrondissement de Namur","Provincie Namen","Province de Namur","Waals Gewest","Région wallonne","<5"
"2020-04-03","92045","Floreffe","Floreffe","Arrondissement Namen","Arrondissement de Namur","Provincie Namen","Province de Namur","Waals Gewest","Région wallonne","<5"
"2020-04-03","92048","Fosses-la-Ville","Fosses-la-Ville","Arrondissement Namen","Arrondissement de Namur","Provincie Namen","Province de Namur","Waals Gewest","Région wallonne","<5"
"2020-04-03","92054","Gesves","Gesves","Arrondissement Namen","Arrondissement de Namur","Provincie Namen","Province de Namur","Waals Gewest","Région wallonne","<5"
"2020-04-03","92087","Mettet","Mettet","Arrondissement Namen","Arrondissement de Namur","Provincie Namen","Province de Namur","Waals Gewest","Région wallonne","<5"
"2020-04-03","92094","Namen","Namur","Arrondissement Namen","Arrondissement de Namur","Provincie Namen","Province de Namur","Waals Gewest","Région wallonne","28"
"2020-04-03","92101","Profondeville","Profondeville","Arrondissement Namen","Arrondissement de Namur","Provincie Namen","Province de Namur","Waals Gewest","Région wallonne","<5"
"2020-04-03","92114","Sombreffe","Sombreffe","Arrondissement Namen","Arrondissement de Namur","Provincie Namen","Province de Namur","Waals Gewest","Région wallonne","<5"
"2020-04-03","92137","Sambreville","Sambreville","Arrondissement Namen","Arrondissement de Namur","Provincie Namen","Province de Namur","Waals Gewest","Région wallonne","<5"
"2020-04-03","92138","Fernelmont","Fernelmont","Arrondissement Namen","Arrondissement de Namur","Provincie Namen","Province de Namur","Waals Gewest","Région wallonne","<5"
"2020-04-03","92142","Gembloux","Gembloux","Arrondissement Namen","Arrondissement de Namur","Provincie Namen","Province de Namur","Waals Gewest","Région wallonne","7"
"2020-04-03","93022","Florennes","Florennes","Arrondissement Philippeville","Arrondissement de Philippeville","Provincie Namen","Province de Namur","Waals Gewest","Région wallonne","<5"
"2020-04-03","93088","Walcourt","Walcourt","Arrondissement Philippeville","Arrondissement de Philippeville","Provincie Namen","Province de Namur","Waals Gewest","Région wallonne","<5"
"2020-04-03","93090","Viroinval","Viroinval","Arrondissement Philippeville","Arrondissement de Philippeville","Provincie Namen","Province de Namur","Waals Gewest","Région wallonne","<5"
"2020-04-03",NA,NA,NA,NA,NA,NA,NA,NA,NA,"26"
"2020-04-04","11002","Antwerpen","Anvers","Arrondissement Antwerpen","Arrondissement d’Anvers","Provincie Antwerpen","Province d’Anvers","Vlaams Gewest","Région flamande","44"
"2020-04-04","11007","Borsbeek","Borsbeek","Arrondissement Antwerpen","Arrondissement d’Anvers","Provincie Antwerpen","Province d’Anvers","Vlaams Gewest","Région flamande","6"
"2020-04-04","11008","Brasschaat","Brasschaat","Arrondissement Antwerpen","Arrondissement d’Anvers","Provincie Antwerpen","Province d’Anvers","Vlaams Gewest","Région flamande","<5"
"2020-04-04","11009","Brecht","Brecht","Arrondissement Antwerpen","Arrondissement d’Anvers","Provincie Antwerpen","Province d’Anvers","Vlaams Gewest","Région flamande","<5"
"2020-04-04","11013","Edegem","Edegem","Arrondissement Antwerpen","Arrondissement d’Anvers","Provincie Antwerpen","Province d’Anvers","Vlaams Gewest","Région flamande","<5"
"2020-04-04","11018","Hemiksem","Hemiksem","Arrondissement Antwerpen","Arrondissement d’Anvers","Provincie Antwerpen","Province d’Anvers","Vlaams Gewest","Région flamande","<5"
"2020-04-04","11021","Hove (Antwerpen)","Hove (Anvers)","Arrondissement Antwerpen","Arrondissement d’Anvers","Provincie Antwerpen","Province d’Anvers","Vlaams Gewest","Région flamande","<5"
"2020-04-04","11022","Kalmthout","Kalmthout","Arrondissement Antwerpen","Arrondissement d’Anvers","Provincie Antwerpen","Province d’Anvers","Vlaams Gewest","Région flamande","<5"
"2020-04-04","11029","Mortsel","Mortsel","Arrondissement Antwerpen","Arrondissement d’Anvers","Provincie Antwerpen","Province d’Anvers","Vlaams Gewest","Région flamande","<5"
"2020-04-04","11035","Ranst","Ranst","Arrondissement Antwerpen","Arrondissement d’Anvers","Provincie Antwerpen","Province d’Anvers","Vlaams Gewest","Région flamande","<5"
"2020-04-04","11037","Rumst","Rumst","Arrondissement Antwerpen","Arrondissement d’Anvers","Provincie Antwerpen","Province d’Anvers","Vlaams Gewest","Région flamande","<5"
"2020-04-04","11039","Schilde","Schilde","Arrondissement Antwerpen","Arrondissement d’Anvers","Provincie Antwerpen","Province d’Anvers","Vlaams Gewest","Région flamande","<5"
"2020-04-04","11040","Schoten","Schoten","Arrondissement Antwerpen","Arrondissement d’Anvers","Provincie Antwerpen","Province d’Anvers","Vlaams Gewest","Région flamande","<5"
"2020-04-04","11044","Stabroek","Stabroek","Arrondissement Antwerpen","Arrondissement d’Anvers","Provincie Antwerpen","Province d’Anvers","Vlaams Gewest","Région flamande","<5"
"2020-04-04","11053","Wuustwezel","Wuustwezel","Arrondissement Antwerpen","Arrondissement d’Anvers","Provincie Antwerpen","Province d’Anvers","Vlaams Gewest","Région flamande","<5"
"2020-04-04","11055","Zoersel","Zoersel","Arrondissement Antwerpen","Arrondissement d’Anvers","Provincie Antwerpen","Province d’Anvers","Vlaams Gewest","Région flamande","<5"
"2020-04-04","11056","Zwijndrecht","Zwijndrecht","Arrondissement Antwerpen","Arrondissement d’Anvers","Provincie Antwerpen","Province d’Anvers","Vlaams Gewest","Région flamande","<5"
"2020-04-04","11057","Malle","Malle","Arrondissement Antwerpen","Arrondissement d’Anvers","Provincie Antwerpen","Province d’Anvers","Vlaams Gewest","Région flamande","<5"
"2020-04-04","12002","Berlaar","Berlaar","Arrondissement Mechelen","Arrondissement de Malines","Provincie Antwerpen","Province d’Anvers","Vlaams Gewest","Région flamande","<5"
"2020-04-04","12007","Bornem","Bornem","Arrondissement Mechelen","Arrondissement de Malines","Provincie Antwerpen","Province d’Anvers","Vlaams Gewest","Région flamande","<5"
"2020-04-04","12014","Heist-op-den-Berg","Heist-op-den-Berg","Arrondissement Mechelen","Arrondissement de Malines","Provincie Antwerpen","Province d’Anvers","Vlaams Gewest","Région flamande","<5"
"2020-04-04","12025","Mechelen","Malines","Arrondissement Mechelen","Arrondissement de Malines","Provincie Antwerpen","Province d’Anvers","Vlaams Gewest","Région flamande","<5"
"2020-04-04","12026","Nijlen","Nijlen","Arrondissement Mechelen","Arrondissement de Malines","Provincie Antwerpen","Province d’Anvers","Vlaams Gewest","Région flamande","<5"
"2020-04-04","12040","Willebroek","Willebroek","Arrondissement Mechelen","Arrondissement de Malines","Provincie Antwerpen","Province d’Anvers","Vlaams Gewest","Région flamande","<5"
"2020-04-04","12041","Puurs-Sint-Amands","Puurs-Sint-Amands","Arrondissement Mechelen","Arrondissement de Malines","Provincie Antwerpen","Province d’Anvers","Vlaams Gewest","Région flamande","<5"
"2020-04-04","13003","Balen","Balen","Arrondissement Turnhout","Arrondissement de Turnhout","Provincie Antwerpen","Province d’Anvers","Vlaams Gewest","Région flamande","<5"
"2020-04-04","13008","Geel","Geel","Arrondissement Turnhout","Arrondissement de Turnhout","Provincie Antwerpen","Province d’Anvers","Vlaams Gewest","Région flamande","<5"
"2020-04-04","13013","Herselt","Herselt","Arrondissement Turnhout","Arrondissement de Turnhout","Provincie Antwerpen","Province d’Anvers","Vlaams Gewest","Région flamande","<5"
"2020-04-04","13014","Hoogstraten","Hoogstraten","Arrondissement Turnhout","Arrondissement de Turnhout","Provincie Antwerpen","Province d’Anvers","Vlaams Gewest","Région flamande","<5"
"2020-04-04","13016","Hulshout","Hulshout","Arrondissement Turnhout","Arrondissement de Turnhout","Provincie Antwerpen","Province d’Anvers","Vlaams Gewest","Région flamande","<5"
"2020-04-04","13021","Meerhout","Meerhout","Arrondissement Turnhout","Arrondissement de Turnhout","Provincie Antwerpen","Province d’Anvers","Vlaams Gewest","Région flamande","<5"
"2020-04-04","13023","Merksplas","Merksplas","Arrondissement Turnhout","Arrondissement de Turnhout","Provincie Antwerpen","Province d’Anvers","Vlaams Gewest","Région flamande","<5"
"2020-04-04","13025","Mol","Mol","Arrondissement Turnhout","Arrondissement de Turnhout","Provincie Antwerpen","Province d’Anvers","Vlaams Gewest","Région flamande","<5"
"2020-04-04","13029","Olen","Olen","Arrondissement Turnhout","Arrondissement de Turnhout","Provincie Antwerpen","Province d’Anvers","Vlaams Gewest","Région flamande","<5"
"2020-04-04","13031","Oud-Turnhout","Oud-Turnhout","Arrondissement Turnhout","Arrondissement de Turnhout","Provincie Antwerpen","Province d’Anvers","Vlaams Gewest","Région flamande","<5"
"2020-04-04","13035","Ravels","Ravels","Arrondissement Turnhout","Arrondissement de Turnhout","Provincie Antwerpen","Province d’Anvers","Vlaams Gewest","Région flamande","<5"
"2020-04-04","13040","Turnhout","Turnhout","Arrondissement Turnhout","Arrondissement de Turnhout","Provincie Antwerpen","Province d’Anvers","Vlaams Gewest","Région flamande","<5"
"2020-04-04","13053","Laakdal","Laakdal","Arrondissement Turnhout","Arrondissement de Turnhout","Provincie Antwerpen","Province d’Anvers","Vlaams Gewest","Région flamande","<5"
"2020-04-04","21001","Anderlecht","Anderlecht","Arrondissement Brussel-Hoofdstad","Arrondissement de Bruxelles-Capitale",NA,NA,"Brussels Hoofdstedelijk Gewest","Région de Bruxelles-Capitale","13"
"2020-04-04","21002","Oudergem","Auderghem","Arrondissement Brussel-Hoofdstad","Arrondissement de Bruxelles-Capitale",NA,NA,"Brussels Hoofdstedelijk Gewest","Région de Bruxelles-Capitale","5"
"2020-04-04","21003","Sint-Agatha-Berchem","Berchem-Sainte-Agathe","Arrondissement Brussel-Hoofdstad","Arrondissement de Bruxelles-Capitale",NA,NA,"Brussels Hoofdstedelijk Gewest","Région de Bruxelles-Capitale","<5"
"2020-04-04","21004","Brussel","Bruxelles","Arrondissement Brussel-Hoofdstad","Arrondissement de Bruxelles-Capitale",NA,NA,"Brussels Hoofdstedelijk Gewest","Région de Bruxelles-Capitale","13"
"2020-04-04","21005","Etterbeek","Etterbeek","Arrondissement Brussel-Hoofdstad","Arrondissement de Bruxelles-Capitale",NA,NA,"Brussels Hoofdstedelijk Gewest","Région de Bruxelles-Capitale","<5"
"2020-04-04","21006","Evere","Evere","Arrondissement Brussel-Hoofdstad","Arrondissement de Bruxelles-Capitale",NA,NA,"Brussels Hoofdstedelijk Gewest","Région de Bruxelles-Capitale","<5"
"2020-04-04","21007","Vorst (Brussel-Hoofdstad)","Forest (Bruxelles-Capitale)","Arrondissement Brussel-Hoofdstad","Arrondissement de Bruxelles-Capitale",NA,NA,"Brussels Hoofdstedelijk Gewest","Région de Bruxelles-Capitale","7"
"2020-04-04","21008","Ganshoren","Ganshoren","Arrondissement Brussel-Hoofdstad","Arrondissement de Bruxelles-Capitale",NA,NA,"Brussels Hoofdstedelijk Gewest","Région de Bruxelles-Capitale","<5"
"2020-04-04","21009","Elsene","Ixelles","Arrondissement Brussel-Hoofdstad","Arrondissement de Bruxelles-Capitale",NA,NA,"Brussels Hoofdstedelijk Gewest","Région de Bruxelles-Capitale","<5"
"2020-04-04","21010","Jette","Jette","Arrondissement Brussel-Hoofdstad","Arrondissement de Bruxelles-Capitale",NA,NA,"Brussels Hoofdstedelijk Gewest","Région de Bruxelles-Capitale","<5"
"2020-04-04","21011","Koekelberg","Koekelberg","Arrondissement Brussel-Hoofdstad","Arrondissement de Bruxelles-Capitale",NA,NA,"Brussels Hoofdstedelijk Gewest","Région de Bruxelles-Capitale","5"
"2020-04-04","21012","Sint-Jans-Molenbeek","Molenbeek-Saint-Jean","Arrondissement Brussel-Hoofdstad","Arrondissement de Bruxelles-Capitale",NA,NA,"Brussels Hoofdstedelijk Gewest","Région de Bruxelles-Capitale","10"
"2020-04-04","21013","Sint-Gillis","Saint-Gilles","Arrondissement Brussel-Hoofdstad","Arrondissement de Bruxelles-Capitale",NA,NA,"Brussels Hoofdstedelijk Gewest","Région de Bruxelles-Capitale","5"
"2020-04-04","21014","Sint-Joost-ten-Node","Saint-Josse-ten-Noode","Arrondissement Brussel-Hoofdstad","Arrondissement de Bruxelles-Capitale",NA,NA,"Brussels Hoofdstedelijk Gewest","Région de Bruxelles-Capitale","<5"
"2020-04-04","21015","Schaarbeek","Schaerbeek","Arrondissement Brussel-Hoofdstad","Arrondissement de Bruxelles-Capitale",NA,NA,"Brussels Hoofdstedelijk Gewest","Région de Bruxelles-Capitale","9"
"2020-04-04","21016","Ukkel","Uccle","Arrondissement Brussel-Hoofdstad","Arrondissement de Bruxelles-Capitale",NA,NA,"Brussels Hoofdstedelijk Gewest","Région de Bruxelles-Capitale","<5"
"2020-04-04","21017","Watermaal-Bosvoorde","Watermael-Boitsfort","Arrondissement Brussel-Hoofdstad","Arrondissement de Bruxelles-Capitale",NA,NA,"Brussels Hoofdstedelijk Gewest","Région de Bruxelles-Capitale","<5"
"2020-04-04","21018","Sint-Lambrechts-Woluwe","Woluwe-Saint-Lambert","Arrondissement Brussel-Hoofdstad","Arrondissement de Bruxelles-Capitale",NA,NA,"Brussels Hoofdstedelijk Gewest","Région de Bruxelles-Capitale","8"
"2020-04-04","21019","Sint-Pieters-Woluwe","Woluwe-Saint-Pierre","Arrondissement Brussel-Hoofdstad","Arrondissement de Bruxelles-Capitale",NA,NA,"Brussels Hoofdstedelijk Gewest","Région de Bruxelles-Capitale","<5"
"2020-04-04","23002","Asse","Asse","Arrondissement Halle-Vilvoorde","Arrondissement de Hal-Vilvorde","Provincie Vlaams-Brabant","Province du Brabant flamand","Vlaams Gewest","Région flamande","<5"
"2020-04-04","23016","Dilbeek","Dilbeek","Arrondissement Halle-Vilvoorde","Arrondissement de Hal-Vilvorde","Provincie Vlaams-Brabant","Province du Brabant flamand","Vlaams Gewest","Région flamande","<5"
"2020-04-04","23025","Grimbergen","Grimbergen","Arrondissement Halle-Vilvoorde","Arrondissement de Hal-Vilvorde","Provincie Vlaams-Brabant","Province du Brabant flamand","Vlaams Gewest","Région flamande","<5"
"2020-04-04","23027","Halle (Halle-Vilvoorde)","Hal (Hal-Vilvorde)","Arrondissement Halle-Vilvoorde","Arrondissement de Hal-Vilvorde","Provincie Vlaams-Brabant","Province du Brabant flamand","Vlaams Gewest","Région flamande","<5"
"2020-04-04","23038","Kampenhout","Kampenhout","Arrondissement Halle-Vilvoorde","Arrondissement de Hal-Vilvorde","Provincie Vlaams-Brabant","Province du Brabant flamand","Vlaams Gewest","Région flamande","<5"
"2020-04-04","23044","Liedekerke","Liedekerke","Arrondissement Halle-Vilvoorde","Arrondissement de Hal-Vilvorde","Provincie Vlaams-Brabant","Province du Brabant flamand","Vlaams Gewest","Région flamande","<5"
"2020-04-04","23047","Machelen (Halle-Vilvoorde)","Machelen (Hal-Vilvorde)","Arrondissement Halle-Vilvoorde","Arrondissement de Hal-Vilvorde","Provincie Vlaams-Brabant","Province du Brabant flamand","Vlaams Gewest","Région flamande","<5"
"2020-04-04","23050","Meise","Meise","Arrondissement Halle-Vilvoorde","Arrondissement de Hal-Vilvorde","Provincie Vlaams-Brabant","Province du Brabant flamand","Vlaams Gewest","Région flamande","<5"
"2020-04-04","23052","Merchtem","Merchtem","Arrondissement Halle-Vilvoorde","Arrondissement de Hal-Vilvorde","Provincie Vlaams-Brabant","Province du Brabant flamand","Vlaams Gewest","Région flamande","<5"
"2020-04-04","23062","Overijse","Overijse","Arrondissement Halle-Vilvoorde","Arrondissement de Hal-Vilvorde","Provincie Vlaams-Brabant","Province du Brabant flamand","Vlaams Gewest","Région flamande","7"
"2020-04-04","23077","Sint-Pieters-Leeuw","Sint-Pieters-Leeuw","Arrondissement Halle-Vilvoorde","Arrondissement de Hal-Vilvorde","Provincie Vlaams-Brabant","Province du Brabant flamand","Vlaams Gewest","Région flamande","<5"
"2020-04-04","23081","Steenokkerzeel","Steenokkerzeel","Arrondissement Halle-Vilvoorde","Arrondissement de Hal-Vilvorde","Provincie Vlaams-Brabant","Province du Brabant flamand","Vlaams Gewest","Région flamande","<5"
"2020-04-04","23088","Vilvoorde","Vilvorde","Arrondissement Halle-Vilvoorde","Arrondissement de Hal-Vilvorde","Provincie Vlaams-Brabant","Province du Brabant flamand","Vlaams Gewest","Région flamande","6"
"2020-04-04","23094","Zaventem","Zaventem","Arrondissement Halle-Vilvoorde","Arrondissement de Hal-Vilvorde","Provincie Vlaams-Brabant","Province du Brabant flamand","Vlaams Gewest","Région flamande","26"
"2020-04-04","23096","Zemst","Zemst","Arrondissement Halle-Vilvoorde","Arrondissement de Hal-Vilvorde","Provincie Vlaams-Brabant","Province du Brabant flamand","Vlaams Gewest","Région flamande","<5"
"2020-04-04","23099","Kraainem","Kraainem","Arrondissement Halle-Vilvoorde","Arrondissement de Hal-Vilvorde","Provincie Vlaams-Brabant","Province du Brabant flamand","Vlaams Gewest","Région flamande","18"
"2020-04-04","23102","Wemmel","Wemmel","Arrondissement Halle-Vilvoorde","Arrondissement de Hal-Vilvorde","Provincie Vlaams-Brabant","Province du Brabant flamand","Vlaams Gewest","Région flamande","<5"
"2020-04-04","23103","Wezembeek-Oppem","Wezembeek-Oppem","Arrondissement Halle-Vilvoorde","Arrondissement de Hal-Vilvorde","Provincie Vlaams-Brabant","Province du Brabant flamand","Vlaams Gewest","Région flamande","5"
"2020-04-04","23105","Affligem","Affligem","Arrondissement Halle-Vilvoorde","Arrondissement de Hal-Vilvorde","Provincie Vlaams-Brabant","Province du Brabant flamand","Vlaams Gewest","Région flamande","<5"
"2020-04-04","24001","Aarschot","Aarschot","Arrondissement Leuven","Arrondissement de Louvain","Provincie Vlaams-Brabant","Province du Brabant flamand","Vlaams Gewest","Région flamande","<5"
"2020-04-04","24009","Bertem","Bertem","Arrondissement Leuven","Arrondissement de Louvain","Provincie Vlaams-Brabant","Province du Brabant flamand","Vlaams Gewest","Région flamande","<5"
"2020-04-04","24016","Boutersem","Boutersem","Arrondissement Leuven","Arrondissement de Louvain","Provincie Vlaams-Brabant","Province du Brabant flamand","Vlaams Gewest","Région flamande","<5"
"2020-04-04","24020","Diest","Diest","Arrondissement Leuven","Arrondissement de Louvain","Provincie Vlaams-Brabant","Province du Brabant flamand","Vlaams Gewest","Région flamande","<5"
"2020-04-04","24038","Herent","Herent","Arrondissement Leuven","Arrondissement de Louvain","Provincie Vlaams-Brabant","Province du Brabant flamand","Vlaams Gewest","Région flamande","<5"
"2020-04-04","24045","Huldenberg","Huldenberg","Arrondissement Leuven","Arrondissement de Louvain","Provincie Vlaams-Brabant","Province du Brabant flamand","Vlaams Gewest","Région flamande","<5"
"2020-04-04","24055","Kortenberg","Kortenberg","Arrondissement Leuven","Arrondissement de Louvain","Provincie Vlaams-Brabant","Province du Brabant flamand","Vlaams Gewest","Région flamande","<5"
"2020-04-04","24059","Landen","Landen","Arrondissement Leuven","Arrondissement de Louvain","Provincie Vlaams-Brabant","Province du Brabant flamand","Vlaams Gewest","Région flamande","<5"
"2020-04-04","24062","Leuven","Louvain","Arrondissement Leuven","Arrondissement de Louvain","Provincie Vlaams-Brabant","Province du Brabant flamand","Vlaams Gewest","Région flamande","8"
"2020-04-04","24066","Lubbeek","Lubbeek","Arrondissement Leuven","Arrondissement de Louvain","Provincie Vlaams-Brabant","Province du Brabant flamand","Vlaams Gewest","Région flamande","6"
"2020-04-04","24086","Oud-Heverlee","Oud-Heverlee","Arrondissement Leuven","Arrondissement de Louvain","Provincie Vlaams-Brabant","Province du Brabant flamand","Vlaams Gewest","Région flamande","<5"
"2020-04-04","24094","Rotselaar","Rotselaar","Arrondissement Leuven","Arrondissement de Louvain","Provincie Vlaams-Brabant","Province du Brabant flamand","Vlaams Gewest","Région flamande","<5"
"2020-04-04","24104","Tervuren","Tervuren","Arrondissement Leuven","Arrondissement de Louvain","Provincie Vlaams-Brabant","Province du Brabant flamand","Vlaams Gewest","Région flamande","<5"
"2020-04-04","24107","Tienen","Tirlemont","Arrondissement Leuven","Arrondissement de Louvain","Provincie Vlaams-Brabant","Province du Brabant flamand","Vlaams Gewest","Région flamande","11"
"2020-04-04","24109","Tremelo","Tremelo","Arrondissement Leuven","Arrondissement de Louvain","Provincie Vlaams-Brabant","Province du Brabant flamand","Vlaams Gewest","Région flamande","<5"
"2020-04-04","24130","Zoutleeuw","Léau","Arrondissement Leuven","Arrondissement de Louvain","Provincie Vlaams-Brabant","Province du Brabant flamand","Vlaams Gewest","Région flamande","<5"
"2020-04-04","24134","Scherpenheuvel-Zichem","Montaigu-Zichem","Arrondissement Leuven","Arrondissement de Louvain","Provincie Vlaams-Brabant","Province du Brabant flamand","Vlaams Gewest","Région flamande","<5"
"2020-04-04","24137","Glabbeek","Glabbeek","Arrondissement Leuven","Arrondissement de Louvain","Provincie Vlaams-Brabant","Province du Brabant flamand","Vlaams Gewest","Région flamande","<5"
"2020-04-04","25014","Eigenbrakel","Braine-l’Alleud","Arrondissement Nijvel","Arrondissement de Nivelles","Provincie Waals-Brabant","Province du Brabant wallon","Waals Gewest","Région wallonne","<5"
"2020-04-04","25031","Genepiën","Genappe","Arrondissement Nijvel","Arrondissement de Nivelles","Provincie Waals-Brabant","Province du Brabant wallon","Waals Gewest","Région wallonne","<5"
"2020-04-04","25048","Geldenaken","Jodoigne","Arrondissement Nijvel","Arrondissement de Nivelles","Provincie Waals-Brabant","Province du Brabant wallon","Waals Gewest","Région wallonne","<5"
"2020-04-04","25072","Nijvel","Nivelles","Arrondissement Nijvel","Arrondissement de Nivelles","Provincie Waals-Brabant","Province du Brabant wallon","Waals Gewest","Région wallonne","<5"
"2020-04-04","25091","Rixensart","Rixensart","Arrondissement Nijvel","Arrondissement de Nivelles","Provincie Waals-Brabant","Province du Brabant wallon","Waals Gewest","Région wallonne","<5"
"2020-04-04","25107","Villers-la-Ville","Villers-la-Ville","Arrondissement Nijvel","Arrondissement de Nivelles","Provincie Waals-Brabant","Province du Brabant wallon","Waals Gewest","Région wallonne","<5"
"2020-04-04","25110","Waterloo","Waterloo","Arrondissement Nijvel","Arrondissement de Nivelles","Provincie Waals-Brabant","Province du Brabant wallon","Waals Gewest","Région wallonne","<5"
"2020-04-04","25112","Waver","Wavre","Arrondissement Nijvel","Arrondissement de Nivelles","Provincie Waals-Brabant","Province du Brabant wallon","Waals Gewest","Région wallonne","<5"
"2020-04-04","25121","Ottignies-Louvain-la-Neuve","Ottignies-Louvain-la-Neuve","Arrondissement Nijvel","Arrondissement de Nivelles","Provincie Waals-Brabant","Province du Brabant wallon","Waals Gewest","Région wallonne","<5"
"2020-04-04","25124","Walhain","Walhain","Arrondissement Nijvel","Arrondissement de Nivelles","Provincie Waals-Brabant","Province du Brabant wallon","Waals Gewest","Région wallonne","<5"
"2020-04-04","31003","Beernem","Beernem","Arrondissement Brugge","Arrondissement de Bruges","Provincie West-Vlaanderen","Province de Flandre occidentale","Vlaams Gewest","Région flamande","<5"
"2020-04-04","31004","Blankenberge","Blankenberge","Arrondissement Brugge","Arrondissement de Bruges","Provincie West-Vlaanderen","Province de Flandre occidentale","Vlaams Gewest","Région flamande","<5"
"2020-04-04","31005","Brugge","Bruges","Arrondissement Brugge","Arrondissement de Bruges","Provincie West-Vlaanderen","Province de Flandre occidentale","Vlaams Gewest","Région flamande","9"
"2020-04-04","31006","Damme","Damme","Arrondissement Brugge","Arrondissement de Bruges","Provincie West-Vlaanderen","Province de Flandre occidentale","Vlaams Gewest","Région flamande","<5"
"2020-04-04","31012","Jabbeke","Jabbeke","Arrondissement Brugge","Arrondissement de Bruges","Provincie West-Vlaanderen","Province de Flandre occidentale","Vlaams Gewest","Région flamande","<5"
"2020-04-04","31022","Oostkamp","Oostkamp","Arrondissement Brugge","Arrondissement de Bruges","Provincie West-Vlaanderen","Province de Flandre occidentale","Vlaams Gewest","Région flamande","<5"
"2020-04-04","31040","Zedelgem","Zedelgem","Arrondissement Brugge","Arrondissement de Bruges","Provincie West-Vlaanderen","Province de Flandre occidentale","Vlaams Gewest","Région flamande","<5"
"2020-04-04","32006","Houthulst","Houthulst","Arrondissement Diksmuide","Arrondissement de Dixmude","Provincie West-Vlaanderen","Province de Flandre occidentale","Vlaams Gewest","Région flamande","<5"
"2020-04-04","32010","Koekelare","Koekelare","Arrondissement Diksmuide","Arrondissement de Dixmude","Provincie West-Vlaanderen","Province de Flandre occidentale","Vlaams Gewest","Région flamande","<5"
"2020-04-04","32011","Kortemark","Kortemark","Arrondissement Diksmuide","Arrondissement de Dixmude","Provincie West-Vlaanderen","Province de Flandre occidentale","Vlaams Gewest","Région flamande","<5"
"2020-04-04","33011","Ieper","Ypres","Arrondissement Ieper","Arrondissement d’Ypres","Provincie West-Vlaanderen","Province de Flandre occidentale","Vlaams Gewest","Région flamande","<5"
"2020-04-04","33016","Mesen","Messines","Arrondissement Ieper","Arrondissement d’Ypres","Provincie West-Vlaanderen","Province de Flandre occidentale","Vlaams Gewest","Région flamande","<5"
"2020-04-04","33029","Wervik","Wervik","Arrondissement Ieper","Arrondissement d’Ypres","Provincie West-Vlaanderen","Province de Flandre occidentale","Vlaams Gewest","Région flamande","<5"
"2020-04-04","33040","Langemark-Poelkapelle","Langemark-Poelkapelle","Arrondissement Ieper","Arrondissement d’Ypres","Provincie West-Vlaanderen","Province de Flandre occidentale","Vlaams Gewest","Région flamande","<5"
"2020-04-04","34002","Anzegem","Anzegem","Arrondissement Kortrijk","Arrondissement de Courtrai","Provincie West-Vlaanderen","Province de Flandre occidentale","Vlaams Gewest","Région flamande","<5"
"2020-04-04","34009","Deerlijk","Deerlijk","Arrondissement Kortrijk","Arrondissement de Courtrai","Provincie West-Vlaanderen","Province de Flandre occidentale","Vlaams Gewest","Région flamande","<5"
"2020-04-04","34013","Harelbeke","Harelbeke","Arrondissement Kortrijk","Arrondissement de Courtrai","Provincie West-Vlaanderen","Province de Flandre occidentale","Vlaams Gewest","Région flamande","5"
"2020-04-04","34022","Kortrijk","Courtrai","Arrondissement Kortrijk","Arrondissement de Courtrai","Provincie West-Vlaanderen","Province de Flandre occidentale","Vlaams Gewest","Région flamande","7"
"2020-04-04","34025","Lendelede","Lendelede","Arrondissement Kortrijk","Arrondissement de Courtrai","Provincie West-Vlaanderen","Province de Flandre occidentale","Vlaams Gewest","Région flamande","<5"
"2020-04-04","34027","Menen","Menin","Arrondissement Kortrijk","Arrondissement de Courtrai","Provincie West-Vlaanderen","Province de Flandre occidentale","Vlaams Gewest","Région flamande","<5"
"2020-04-04","34040","Waregem","Waregem","Arrondissement Kortrijk","Arrondissement de Courtrai","Provincie West-Vlaanderen","Province de Flandre occidentale","Vlaams Gewest","Région flamande","<5"
"2020-04-04","34041","Wevelgem","Wevelgem","Arrondissement Kortrijk","Arrondissement de Courtrai","Provincie West-Vlaanderen","Province de Flandre occidentale","Vlaams Gewest","Région flamande","<5"
"2020-04-04","34042","Zwevegem","Zwevegem","Arrondissement Kortrijk","Arrondissement de Courtrai","Provincie West-Vlaanderen","Province de Flandre occidentale","Vlaams Gewest","Région flamande","<5"
"2020-04-04","35005","Gistel","Gistel","Arrondissement Oostende","Arrondissement d’Ostende","Provincie West-Vlaanderen","Province de Flandre occidentale","Vlaams Gewest","Région flamande","<5"
"2020-04-04","35011","Middelkerke","Middelkerke","Arrondissement Oostende","Arrondissement d’Ostende","Provincie West-Vlaanderen","Province de Flandre occidentale","Vlaams Gewest","Région flamande","<5"
"2020-04-04","35013","Oostende","Ostende","Arrondissement Oostende","Arrondissement d’Ostende","Provincie West-Vlaanderen","Province de Flandre occidentale","Vlaams Gewest","Région flamande","<5"
"2020-04-04","35029","De Haan","De Haan","Arrondissement Oostende","Arrondissement d’Ostende","Provincie West-Vlaanderen","Province de Flandre occidentale","Vlaams Gewest","Région flamande","<5"
"2020-04-04","36006","Hooglede","Hooglede","Arrondissement Roeselare","Arrondissement de Roulers","Provincie West-Vlaanderen","Province de Flandre occidentale","Vlaams Gewest","Région flamande","<5"
"2020-04-04","36007","Ingelmunster","Ingelmunster","Arrondissement Roeselare","Arrondissement de Roulers","Provincie West-Vlaanderen","Province de Flandre occidentale","Vlaams Gewest","Région flamande","<5"
"2020-04-04","36008","Izegem","Izegem","Arrondissement Roeselare","Arrondissement de Roulers","Provincie West-Vlaanderen","Province de Flandre occidentale","Vlaams Gewest","Région flamande","<5"
"2020-04-04","36010","Ledegem","Ledegem","Arrondissement Roeselare","Arrondissement de Roulers","Provincie West-Vlaanderen","Province de Flandre occidentale","Vlaams Gewest","Région flamande","<5"
"2020-04-04","36012","Moorslede","Moorslede","Arrondissement Roeselare","Arrondissement de Roulers","Provincie West-Vlaanderen","Province de Flandre occidentale","Vlaams Gewest","Région flamande","<5"
"2020-04-04","36015","Roeselare","Roulers","Arrondissement Roeselare","Arrondissement de Roulers","Provincie West-Vlaanderen","Province de Flandre occidentale","Vlaams Gewest","Région flamande","<5"
"2020-04-04","37002","Dentergem","Dentergem","Arrondissement Tielt","Arrondissement de Tielt","Provincie West-Vlaanderen","Province de Flandre occidentale","Vlaams Gewest","Région flamande","<5"
"2020-04-04","37007","Meulebeke","Meulebeke","Arrondissement Tielt","Arrondissement de Tielt","Provincie West-Vlaanderen","Province de Flandre occidentale","Vlaams Gewest","Région flamande","<5"
"2020-04-04","37012","Ruiselede","Ruiselede","Arrondissement Tielt","Arrondissement de Tielt","Provincie West-Vlaanderen","Province de Flandre occidentale","Vlaams Gewest","Région flamande","<5"
"2020-04-04","37015","Tielt (Tielt)","Tielt (Tielt)","Arrondissement Tielt","Arrondissement de Tielt","Provincie West-Vlaanderen","Province de Flandre occidentale","Vlaams Gewest","Région flamande","<5"
"2020-04-04","37017","Wielsbeke","Wielsbeke","Arrondissement Tielt","Arrondissement de Tielt","Provincie West-Vlaanderen","Province de Flandre occidentale","Vlaams Gewest","Région flamande","<5"
"2020-04-04","37018","Wingene","Wingene","Arrondissement Tielt","Arrondissement de Tielt","Provincie West-Vlaanderen","Province de Flandre occidentale","Vlaams Gewest","Région flamande","<5"
"2020-04-04","38008","De Panne","La Panne","Arrondissement Veurne","Arrondissement de Furnes","Provincie West-Vlaanderen","Province de Flandre occidentale","Vlaams Gewest","Région flamande","<5"
"2020-04-04","38016","Nieuwpoort","Nieuport","Arrondissement Veurne","Arrondissement de Furnes","Provincie West-Vlaanderen","Province de Flandre occidentale","Vlaams Gewest","Région flamande","<5"
"2020-04-04","38025","Veurne","Furnes","Arrondissement Veurne","Arrondissement de Furnes","Provincie West-Vlaanderen","Province de Flandre occidentale","Vlaams Gewest","Région flamande","<5"
"2020-04-04","41002","Aalst (Aalst)","Alost (Alost)","Arrondissement Aalst","Arrondissement d’Alost","Provincie Oost-Vlaanderen","Province de Flandre orientale","Vlaams Gewest","Région flamande","12"
"2020-04-04","41011","Denderleeuw","Denderleeuw","Arrondissement Aalst","Arrondissement d’Alost","Provincie Oost-Vlaanderen","Province de Flandre orientale","Vlaams Gewest","Région flamande","<5"
"2020-04-04","41018","Geraardsbergen","Grammont","Arrondissement Aalst","Arrondissement d’Alost","Provincie Oost-Vlaanderen","Province de Flandre orientale","Vlaams Gewest","Région flamande","<5"
"2020-04-04","41024","Haaltert","Haaltert","Arrondissement Aalst","Arrondissement d’Alost","Provincie Oost-Vlaanderen","Province de Flandre orientale","Vlaams Gewest","Région flamande","<5"
"2020-04-04","41027","Herzele","Herzele","Arrondissement Aalst","Arrondissement d’Alost","Provincie Oost-Vlaanderen","Province de Flandre orientale","Vlaams Gewest","Région flamande","<5"
"2020-04-04","41034","Lede","Lede","Arrondissement Aalst","Arrondissement d’Alost","Provincie Oost-Vlaanderen","Province de Flandre orientale","Vlaams Gewest","Région flamande","<5"
"2020-04-04","41048","Ninove","Ninove","Arrondissement Aalst","Arrondissement d’Alost","Provincie Oost-Vlaanderen","Province de Flandre orientale","Vlaams Gewest","Région flamande","<5"
"2020-04-04","41082","Erpe-Mere","Erpe-Mere","Arrondissement Aalst","Arrondissement d’Alost","Provincie Oost-Vlaanderen","Province de Flandre orientale","Vlaams Gewest","Région flamande","<5"
"2020-04-04","42003","Berlare","Berlare","Arrondissement Dendermonde","Arrondissement de Termonde","Provincie Oost-Vlaanderen","Province de Flandre orientale","Vlaams Gewest","Région flamande","<5"
"2020-04-04","42006","Dendermonde","Termonde","Arrondissement Dendermonde","Arrondissement de Termonde","Provincie Oost-Vlaanderen","Province de Flandre orientale","Vlaams Gewest","Région flamande","9"
"2020-04-04","42008","Hamme (Dendermonde)","Hamme (Termonde)","Arrondissement Dendermonde","Arrondissement de Termonde","Provincie Oost-Vlaanderen","Province de Flandre orientale","Vlaams Gewest","Région flamande","<5"
"2020-04-04","42010","Laarne","Laarne","Arrondissement Dendermonde","Arrondissement de Termonde","Provincie Oost-Vlaanderen","Province de Flandre orientale","Vlaams Gewest","Région flamande","<5"
"2020-04-04","42025","Wetteren","Wetteren","Arrondissement Dendermonde","Arrondissement de Termonde","Provincie Oost-Vlaanderen","Province de Flandre orientale","Vlaams Gewest","Région flamande","<5"
"2020-04-04","42026","Wichelen","Wichelen","Arrondissement Dendermonde","Arrondissement de Termonde","Provincie Oost-Vlaanderen","Province de Flandre orientale","Vlaams Gewest","Région flamande","<5"
"2020-04-04","42028","Zele","Zele","Arrondissement Dendermonde","Arrondissement de Termonde","Provincie Oost-Vlaanderen","Province de Flandre orientale","Vlaams Gewest","Région flamande","5"
"2020-04-04","43005","Eeklo","Eeklo","Arrondissement Eeklo","Arrondissement d’Eeklo","Provincie Oost-Vlaanderen","Province de Flandre orientale","Vlaams Gewest","Région flamande","<5"
"2020-04-04","43007","Kaprijke","Kaprijke","Arrondissement Eeklo","Arrondissement d’Eeklo","Provincie Oost-Vlaanderen","Province de Flandre orientale","Vlaams Gewest","Région flamande","<5"
"2020-04-04","43010","Maldegem","Maldegem","Arrondissement Eeklo","Arrondissement d’Eeklo","Provincie Oost-Vlaanderen","Province de Flandre orientale","Vlaams Gewest","Région flamande","<5"
"2020-04-04","44013","Destelbergen","Destelbergen","Arrondissement Gent","Arrondissement de Gand","Provincie Oost-Vlaanderen","Province de Flandre orientale","Vlaams Gewest","Région flamande","<5"
"2020-04-04","44019","Evergem","Evergem","Arrondissement Gent","Arrondissement de Gand","Provincie Oost-Vlaanderen","Province de Flandre orientale","Vlaams Gewest","Région flamande","<5"
"2020-04-04","44021","Gent","Gand","Arrondissement Gent","Arrondissement de Gand","Provincie Oost-Vlaanderen","Province de Flandre orientale","Vlaams Gewest","Région flamande","11"
"2020-04-04","44045","Moerbeke (Gent)","Moerbeke (Gand)","Arrondissement Gent","Arrondissement de Gand","Provincie Oost-Vlaanderen","Province de Flandre orientale","Vlaams Gewest","Région flamande","<5"
"2020-04-04","44048","Nazareth","Nazareth","Arrondissement Gent","Arrondissement de Gand","Provincie Oost-Vlaanderen","Province de Flandre orientale","Vlaams Gewest","Région flamande","<5"
"2020-04-04","44083","Deinze","Deinze","Arrondissement Gent","Arrondissement de Gand","Provincie Oost-Vlaanderen","Province de Flandre orientale","Vlaams Gewest","Région flamande","<5"
"2020-04-04","44084","Aalter","Aalter","Arrondissement Gent","Arrondissement de Gand","Provincie Oost-Vlaanderen","Province de Flandre orientale","Vlaams Gewest","Région flamande","<5"
"2020-04-04","44085","Lievegem","Lievegem","Arrondissement Gent","Arrondissement de Gand","Provincie Oost-Vlaanderen","Province de Flandre orientale","Vlaams Gewest","Région flamande","<5"
"2020-04-04","45035","Oudenaarde","Audenarde","Arrondissement Oudenaarde","Arrondissement d’Audenarde","Provincie Oost-Vlaanderen","Province de Flandre orientale","Vlaams Gewest","Région flamande","<5"
"2020-04-04","45041","Ronse","Renaix","Arrondissement Oudenaarde","Arrondissement d’Audenarde","Provincie Oost-Vlaanderen","Province de Flandre orientale","Vlaams Gewest","Région flamande","6"
"2020-04-04","45059","Brakel","Brakel","Arrondissement Oudenaarde","Arrondissement d’Audenarde","Provincie Oost-Vlaanderen","Province de Flandre orientale","Vlaams Gewest","Région flamande","<5"
"2020-04-04","45060","Kluisbergen","Kluisbergen","Arrondissement Oudenaarde","Arrondissement d’Audenarde","Provincie Oost-Vlaanderen","Province de Flandre orientale","Vlaams Gewest","Région flamande","<5"
"2020-04-04","45064","Maarkedal","Maarkedal","Arrondissement Oudenaarde","Arrondissement d’Audenarde","Provincie Oost-Vlaanderen","Province de Flandre orientale","Vlaams Gewest","Région flamande","<5"
"2020-04-04","46003","Beveren (Sint-Niklaas)","Beveren (Saint-Nicolas)","Arrondissement Sint-Niklaas","Arrondissement de Saint-Nicolas","Provincie Oost-Vlaanderen","Province de Flandre orientale","Vlaams Gewest","Région flamande","<5"
"2020-04-04","46014","Lokeren","Lokeren","Arrondissement Sint-Niklaas","Arrondissement de Saint-Nicolas","Provincie Oost-Vlaanderen","Province de Flandre orientale","Vlaams Gewest","Région flamande","5"
"2020-04-04","46020","Sint-Gillis-Waas","Sint-Gillis-Waas","Arrondissement Sint-Niklaas","Arrondissement de Saint-Nicolas","Provincie Oost-Vlaanderen","Province de Flandre orientale","Vlaams Gewest","Région flamande","<5"
"2020-04-04","46021","Sint-Niklaas (Sint-Niklaas)","Saint-Nicolas (Saint-Nicolas)","Arrondissement Sint-Niklaas","Arrondissement de Saint-Nicolas","Provincie Oost-Vlaanderen","Province de Flandre orientale","Vlaams Gewest","Région flamande","<5"
"2020-04-04","46024","Stekene","Stekene","Arrondissement Sint-Niklaas","Arrondissement de Saint-Nicolas","Provincie Oost-Vlaanderen","Province de Flandre orientale","Vlaams Gewest","Région flamande","<5"
"2020-04-04","46025","Temse","Tamise","Arrondissement Sint-Niklaas","Arrondissement de Saint-Nicolas","Provincie Oost-Vlaanderen","Province de Flandre orientale","Vlaams Gewest","Région flamande","21"
"2020-04-04","51004","Aat","Ath","Arrondissement Aat","Arrondissement d’Ath","Provincie Henegouwen","Province du Hainaut","Waals Gewest","Région wallonne","<5"
"2020-04-04","51009","Bernissart","Bernissart","Arrondissement Aat","Arrondissement d’Ath","Provincie Henegouwen","Province du Hainaut","Waals Gewest","Région wallonne","<5"
"2020-04-04","51012","Brugelette","Brugelette","Arrondissement Aat","Arrondissement d’Ath","Provincie Henegouwen","Province du Hainaut","Waals Gewest","Région wallonne","<5"
"2020-04-04","51019","Vloesberg","Flobecq","Arrondissement Aat","Arrondissement d’Ath","Provincie Henegouwen","Province du Hainaut","Waals Gewest","Région wallonne","<5"
"2020-04-04","51067","Edingen","Enghien","Arrondissement Aat","Arrondissement d’Ath","Provincie Henegouwen","Province du Hainaut","Waals Gewest","Région wallonne","<5"
"2020-04-04","51069","Lessen","Lessines","Arrondissement Aat","Arrondissement d’Ath","Provincie Henegouwen","Province du Hainaut","Waals Gewest","Région wallonne","<5"
"2020-04-04","52011","Charleroi","Charleroi","Arrondissement Charleroi","Arrondissement de Charleroi","Provincie Henegouwen","Province du Hainaut","Waals Gewest","Région wallonne","14"
"2020-04-04","52012","Châtelet","Châtelet","Arrondissement Charleroi","Arrondissement de Charleroi","Provincie Henegouwen","Province du Hainaut","Waals Gewest","Région wallonne","<5"
"2020-04-04","52018","Farciennes","Farciennes","Arrondissement Charleroi","Arrondissement de Charleroi","Provincie Henegouwen","Province du Hainaut","Waals Gewest","Région wallonne","<5"
"2020-04-04","52021","Fleurus","Fleurus","Arrondissement Charleroi","Arrondissement de Charleroi","Provincie Henegouwen","Province du Hainaut","Waals Gewest","Région wallonne","<5"
"2020-04-04","52022","Fontaine-l’Evêque","Fontaine-l’Evêque","Arrondissement Charleroi","Arrondissement de Charleroi","Provincie Henegouwen","Province du Hainaut","Waals Gewest","Région wallonne","<5"
"2020-04-04","52048","Montigny-le-Tilleul","Montigny-le-Tilleul","Arrondissement Charleroi","Arrondissement de Charleroi","Provincie Henegouwen","Province du Hainaut","Waals Gewest","Région wallonne","<5"
"2020-04-04","52055","Pont-à-Celles","Pont-à-Celles","Arrondissement Charleroi","Arrondissement de Charleroi","Provincie Henegouwen","Province du Hainaut","Waals Gewest","Région wallonne","<5"
"2020-04-04","53014","Boussu","Boussu","Arrondissement Bergen","Arrondissement de Mons","Provincie Henegouwen","Province du Hainaut","Waals Gewest","Région wallonne","<5"
"2020-04-04","53020","Dour","Dour","Arrondissement Bergen","Arrondissement de Mons","Provincie Henegouwen","Province du Hainaut","Waals Gewest","Région wallonne","<5"
"2020-04-04","53028","Frameries","Frameries","Arrondissement Bergen","Arrondissement de Mons","Provincie Henegouwen","Province du Hainaut","Waals Gewest","Région wallonne","<5"
"2020-04-04","53053","Bergen","Mons","Arrondissement Bergen","Arrondissement de Mons","Provincie Henegouwen","Province du Hainaut","Waals Gewest","Région wallonne","<5"
"2020-04-04","53070","Saint-Ghislain","Saint-Ghislain","Arrondissement Bergen","Arrondissement de Mons","Provincie Henegouwen","Province du Hainaut","Waals Gewest","Région wallonne","<5"
"2020-04-04","53082","Colfontaine","Colfontaine","Arrondissement Bergen","Arrondissement de Mons","Provincie Henegouwen","Province du Hainaut","Waals Gewest","Région wallonne","<5"
"2020-04-04","53084","Quévy","Quévy","Arrondissement Bergen","Arrondissement de Mons","Provincie Henegouwen","Province du Hainaut","Waals Gewest","Région wallonne","<5"
"2020-04-04","55004","’s Gravenbrakel","Braine-le-Comte","Arrondissement Zinnik","Arrondissement de Soignies","Provincie Henegouwen","Province du Hainaut","Waals Gewest","Région wallonne","<5"
"2020-04-04","55035","Le Roeulx","Le Roeulx","Arrondissement Zinnik","Arrondissement de Soignies","Provincie Henegouwen","Province du Hainaut","Waals Gewest","Région wallonne","<5"
"2020-04-04","55040","Zinnik","Soignies","Arrondissement Zinnik","Arrondissement de Soignies","Provincie Henegouwen","Province du Hainaut","Waals Gewest","Région wallonne","<5"
"2020-04-04","55050","Ecaussinnes","Ecaussinnes","Arrondissement Zinnik","Arrondissement de Soignies","Provincie Henegouwen","Province du Hainaut","Waals Gewest","Région wallonne","<5"
"2020-04-04","55086","Manage","Manage","Arrondissement Zinnik","Arrondissement de Soignies","Provincie Henegouwen","Province du Hainaut","Waals Gewest","Région wallonne","<5"
"2020-04-04","56016","Chimay","Chimay","Arrondissement Thuin","Arrondissement de Thuin","Provincie Henegouwen","Province du Hainaut","Waals Gewest","Région wallonne","<5"
"2020-04-04","56044","Lobbes","Lobbes","Arrondissement Thuin","Arrondissement de Thuin","Provincie Henegouwen","Province du Hainaut","Waals Gewest","Région wallonne","<5"
"2020-04-04","56078","Thuin","Thuin","Arrondissement Thuin","Arrondissement de Thuin","Provincie Henegouwen","Province du Hainaut","Waals Gewest","Région wallonne","<5"
"2020-04-04","56086","Ham-sur-Heure-Nalinnes","Ham-sur-Heure-Nalinnes","Arrondissement Thuin","Arrondissement de Thuin","Provincie Henegouwen","Province du Hainaut","Waals Gewest","Région wallonne","<5"
"2020-04-04","57027","Estaimpuis","Estaimpuis","Arrondissement Doornik-Moeskroen","Arrondissement de Tournai-Mouscron","Provincie Henegouwen","Province du Hainaut","Waals Gewest","Région wallonne","<5"
"2020-04-04","57064","Péruwelz","Péruwelz","Arrondissement Doornik-Moeskroen","Arrondissement de Tournai-Mouscron","Provincie Henegouwen","Province du Hainaut","Waals Gewest","Région wallonne","<5"
"2020-04-04","57081","Doornik","Tournai","Arrondissement Doornik-Moeskroen","Arrondissement de Tournai-Mouscron","Provincie Henegouwen","Province du Hainaut","Waals Gewest","Région wallonne","<5"
"2020-04-04","57094","Leuze-en-Hainaut","Leuze-en-Hainaut","Arrondissement Doornik-Moeskroen","Arrondissement de Tournai-Mouscron","Provincie Henegouwen","Province du Hainaut","Waals Gewest","Région wallonne","<5"
"2020-04-04","57095","Mont-de-l’Enclus","Mont-de-l’Enclus","Arrondissement Doornik-Moeskroen","Arrondissement de Tournai-Mouscron","Provincie Henegouwen","Province du Hainaut","Waals Gewest","Région wallonne","<5"
"2020-04-04","57096","Moeskroen","Mouscron","Arrondissement Doornik-Moeskroen","Arrondissement de Tournai-Mouscron","Provincie Henegouwen","Province du Hainaut","Waals Gewest","Région wallonne","<5"
"2020-04-04","57097","Komen-Waasten","Comines-Warneton","Arrondissement Doornik-Moeskroen","Arrondissement de Tournai-Mouscron","Provincie Henegouwen","Province du Hainaut","Waals Gewest","Région wallonne","<5"
"2020-04-04","58001","La Louvière","La Louvière","Arrondissement La Louvière","Arrondissement de La Louvière","Provincie Henegouwen","Province du Hainaut","Waals Gewest","Région wallonne","<5"
"2020-04-04","58002","Binche","Binche","Arrondissement La Louvière","Arrondissement de La Louvière","Provincie Henegouwen","Province du Hainaut","Waals Gewest","Région wallonne","<5"
"2020-04-04","58003","Estinnes","Estinnes","Arrondissement La Louvière","Arrondissement de La Louvière","Provincie Henegouwen","Province du Hainaut","Waals Gewest","Région wallonne","<5"
"2020-04-04","58004","Morlanwelz","Morlanwelz","Arrondissement La Louvière","Arrondissement de La Louvière","Provincie Henegouwen","Province du Hainaut","Waals Gewest","Région wallonne","<5"
"2020-04-04","61010","Burdinne","Burdinne","Arrondissement Hoei","Arrondissement de Huy","Provincie Luik","Province de Liège","Waals Gewest","Région wallonne","<5"
"2020-04-04","61028","Héron","Héron","Arrondissement Hoei","Arrondissement de Huy","Provincie Luik","Province de Liège","Waals Gewest","Région wallonne","<5"
"2020-04-04","61031","Hoei","Huy","Arrondissement Hoei","Arrondissement de Huy","Provincie Luik","Province de Liège","Waals Gewest","Région wallonne","<5"
"2020-04-04","61072","Wanze","Wanze","Arrondissement Hoei","Arrondissement de Huy","Provincie Luik","Province de Liège","Waals Gewest","Région wallonne","<5"
"2020-04-04","61080","Engis","Engis","Arrondissement Hoei","Arrondissement de Huy","Provincie Luik","Province de Liège","Waals Gewest","Région wallonne","<5"
"2020-04-04","61081","Tinlot","Tinlot","Arrondissement Hoei","Arrondissement de Huy","Provincie Luik","Province de Liège","Waals Gewest","Région wallonne","<5"
"2020-04-04","62003","Ans","Ans","Arrondissement Luik","Arrondissement de Liège","Provincie Luik","Province de Liège","Waals Gewest","Région wallonne","<5"
"2020-04-04","62006","Awans","Awans","Arrondissement Luik","Arrondissement de Liège","Provincie Luik","Province de Liège","Waals Gewest","Région wallonne","<5"
"2020-04-04","62009","Aywaille","Aywaille","Arrondissement Luik","Arrondissement de Liège","Provincie Luik","Province de Liège","Waals Gewest","Région wallonne","<5"
"2020-04-04","62011","Bitsingen","Bassenge","Arrondissement Luik","Arrondissement de Liège","Provincie Luik","Province de Liège","Waals Gewest","Région wallonne","<5"
"2020-04-04","62015","Beyne-Heusay","Beyne-Heusay","Arrondissement Luik","Arrondissement de Liège","Provincie Luik","Province de Liège","Waals Gewest","Région wallonne","<5"
"2020-04-04","62022","Chaudfontaine","Chaudfontaine","Arrondissement Luik","Arrondissement de Liège","Provincie Luik","Province de Liège","Waals Gewest","Région wallonne","6"
"2020-04-04","62026","Comblain-au-Pont","Comblain-au-Pont","Arrondissement Luik","Arrondissement de Liège","Provincie Luik","Province de Liège","Waals Gewest","Région wallonne","5"
"2020-04-04","62032","Esneux","Esneux","Arrondissement Luik","Arrondissement de Liège","Provincie Luik","Province de Liège","Waals Gewest","Région wallonne","7"
"2020-04-04","62038","Fléron","Fléron","Arrondissement Luik","Arrondissement de Liège","Provincie Luik","Province de Liège","Waals Gewest","Région wallonne","<5"
"2020-04-04","62051","Herstal","Herstal","Arrondissement Luik","Arrondissement de Liège","Provincie Luik","Province de Liège","Waals Gewest","Région wallonne","<5"
"2020-04-04","62063","Luik","Liège","Arrondissement Luik","Arrondissement de Liège","Provincie Luik","Province de Liège","Waals Gewest","Région wallonne","22"
"2020-04-04","62079","Oupeye","Oupeye","Arrondissement Luik","Arrondissement de Liège","Provincie Luik","Province de Liège","Waals Gewest","Région wallonne","<5"
"2020-04-04","62093","Saint-Nicolas (Luik)","Saint-Nicolas (Liège)","Arrondissement Luik","Arrondissement de Liège","Provincie Luik","Province de Liège","Waals Gewest","Région wallonne","<5"
"2020-04-04","62096","Seraing","Seraing","Arrondissement Luik","Arrondissement de Liège","Provincie Luik","Province de Liège","Waals Gewest","Région wallonne","9"
"2020-04-04","62099","Soumagne","Soumagne","Arrondissement Luik","Arrondissement de Liège","Provincie Luik","Province de Liège","Waals Gewest","Région wallonne","<5"
"2020-04-04","62100","Sprimont","Sprimont","Arrondissement Luik","Arrondissement de Liège","Provincie Luik","Province de Liège","Waals Gewest","Région wallonne","<5"
"2020-04-04","62108","Wezet","Visé","Arrondissement Luik","Arrondissement de Liège","Provincie Luik","Province de Liège","Waals Gewest","Région wallonne","<5"
"2020-04-04","62118","Grâce-Hollogne","Grâce-Hollogne","Arrondissement Luik","Arrondissement de Liège","Provincie Luik","Province de Liège","Waals Gewest","Région wallonne","<5"
"2020-04-04","62120","Flémalle","Flémalle","Arrondissement Luik","Arrondissement de Liège","Provincie Luik","Province de Liège","Waals Gewest","Région wallonne","<5"
"2020-04-04","63003","Aubel","Aubel","Arrondissement Verviers","Arrondissement de Verviers","Provincie Luik","Province de Liège","Waals Gewest","Région wallonne","<5"
"2020-04-04","63012","Büllingen","Bullange","Arrondissement Verviers","Arrondissement de Verviers","Provincie Luik","Province de Liège","Waals Gewest","Région wallonne","<5"
"2020-04-04","63013","Bütgenbach","Butgenbach","Arrondissement Verviers","Arrondissement de Verviers","Provincie Luik","Province de Liège","Waals Gewest","Région wallonne","<5"
"2020-04-04","63020","Dison","Dison","Arrondissement Verviers","Arrondissement de Verviers","Provincie Luik","Province de Liège","Waals Gewest","Région wallonne","<5"
"2020-04-04","63023","Eupen","Eupen","Arrondissement Verviers","Arrondissement de Verviers","Provincie Luik","Province de Liège","Waals Gewest","Région wallonne","<5"
"2020-04-04","63035","Herve","Herve","Arrondissement Verviers","Arrondissement de Verviers","Provincie Luik","Province de Liège","Waals Gewest","Région wallonne","<5"
"2020-04-04","63038","Jalhay","Jalhay","Arrondissement Verviers","Arrondissement de Verviers","Provincie Luik","Province de Liège","Waals Gewest","Région wallonne","<5"
"2020-04-04","63040","Kelmis","La Calamine","Arrondissement Verviers","Arrondissement de Verviers","Provincie Luik","Province de Liège","Waals Gewest","Région wallonne","<5"
"2020-04-04","63049","Malmedy","Malmedy","Arrondissement Verviers","Arrondissement de Verviers","Provincie Luik","Province de Liège","Waals Gewest","Région wallonne","8"
"2020-04-04","63057","Olne","Olne","Arrondissement Verviers","Arrondissement de Verviers","Provincie Luik","Province de Liège","Waals Gewest","Région wallonne","<5"
"2020-04-04","63058","Pepinster","Pepinster","Arrondissement Verviers","Arrondissement de Verviers","Provincie Luik","Province de Liège","Waals Gewest","Région wallonne","<5"
"2020-04-04","63076","Theux","Theux","Arrondissement Verviers","Arrondissement de Verviers","Provincie Luik","Province de Liège","Waals Gewest","Région wallonne","<5"
"2020-04-04","63079","Verviers","Verviers","Arrondissement Verviers","Arrondissement de Verviers","Provincie Luik","Province de Liège","Waals Gewest","Région wallonne","<5"
"2020-04-04","63084","Welkenraedt","Welkenraedt","Arrondissement Verviers","Arrondissement de Verviers","Provincie Luik","Province de Liège","Waals Gewest","Région wallonne","<5"
"2020-04-04","63086","Trois-Ponts","Trois-Ponts","Arrondissement Verviers","Arrondissement de Verviers","Provincie Luik","Province de Liège","Waals Gewest","Région wallonne","<5"
"2020-04-04","63088","Plombières","Plombières","Arrondissement Verviers","Arrondissement de Verviers","Provincie Luik","Province de Liège","Waals Gewest","Région wallonne","<5"
"2020-04-04","63089","Thimister-Clermont","Thimister-Clermont","Arrondissement Verviers","Arrondissement de Verviers","Provincie Luik","Province de Liège","Waals Gewest","Région wallonne","<5"
"2020-04-04","64008","Berloz","Berloz","Arrondissement Borgworm","Arrondissement de Waremme","Provincie Luik","Province de Liège","Waals Gewest","Région wallonne","<5"
"2020-04-04","64029","Geer","Geer","Arrondissement Borgworm","Arrondissement de Waremme","Provincie Luik","Province de Liège","Waals Gewest","Région wallonne","<5"
"2020-04-04","64034","Hannuit","Hannut","Arrondissement Borgworm","Arrondissement de Waremme","Provincie Luik","Province de Liège","Waals Gewest","Région wallonne","<5"
"2020-04-04","64063","Remicourt","Remicourt","Arrondissement Borgworm","Arrondissement de Waremme","Provincie Luik","Province de Liège","Waals Gewest","Région wallonne","<5"
"2020-04-04","64074","Borgworm","Waremme","Arrondissement Borgworm","Arrondissement de Waremme","Provincie Luik","Province de Liège","Waals Gewest","Région wallonne","<5"
"2020-04-04","71004","Beringen","Beringen","Arrondissement Hasselt","Arrondissement de Hasselt","Provincie Limburg","Province du Limbourg","Vlaams Gewest","Région flamande","<5"
"2020-04-04","71011","Diepenbeek","Diepenbeek","Arrondissement Hasselt","Arrondissement de Hasselt","Provincie Limburg","Province du Limbourg","Vlaams Gewest","Région flamande","<5"
"2020-04-04","71016","Genk","Genk","Arrondissement Hasselt","Arrondissement de Hasselt","Provincie Limburg","Province du Limbourg","Vlaams Gewest","Région flamande","11"
"2020-04-04","71020","Halen","Halen","Arrondissement Hasselt","Arrondissement de Hasselt","Provincie Limburg","Province du Limbourg","Vlaams Gewest","Région flamande","<5"
"2020-04-04","71022","Hasselt","Hasselt","Arrondissement Hasselt","Arrondissement de Hasselt","Provincie Limburg","Province du Limbourg","Vlaams Gewest","Région flamande","7"
"2020-04-04","71024","Herk-de-Stad","Herck-la-Ville","Arrondissement Hasselt","Arrondissement de Hasselt","Provincie Limburg","Province du Limbourg","Vlaams Gewest","Région flamande","<5"
"2020-04-04","71034","Leopoldsburg","Bourg-Léopold","Arrondissement Hasselt","Arrondissement de Hasselt","Provincie Limburg","Province du Limbourg","Vlaams Gewest","Région flamande","<5"
"2020-04-04","71037","Lummen","Lummen","Arrondissement Hasselt","Arrondissement de Hasselt","Provincie Limburg","Province du Limbourg","Vlaams Gewest","Région flamande","<5"
"2020-04-04","71045","Nieuwerkerken (Hasselt)","Nieuwerkerken (Hasselt)","Arrondissement Hasselt","Arrondissement de Hasselt","Provincie Limburg","Province du Limbourg","Vlaams Gewest","Région flamande","<5"
"2020-04-04","71053","Sint-Truiden","Saint-Trond","Arrondissement Hasselt","Arrondissement de Hasselt","Provincie Limburg","Province du Limbourg","Vlaams Gewest","Région flamande","7"
"2020-04-04","71066","Zonhoven","Zonhoven","Arrondissement Hasselt","Arrondissement de Hasselt","Provincie Limburg","Province du Limbourg","Vlaams Gewest","Région flamande","<5"
"2020-04-04","71067","Zutendaal","Zutendaal","Arrondissement Hasselt","Arrondissement de Hasselt","Provincie Limburg","Province du Limbourg","Vlaams Gewest","Région flamande","<5"
"2020-04-04","71070","Heusden-Zolder","Heusden-Zolder","Arrondissement Hasselt","Arrondissement de Hasselt","Provincie Limburg","Province du Limbourg","Vlaams Gewest","Région flamande","<5"
"2020-04-04","72003","Bocholt","Bocholt","Arrondissement Maaseik","Arrondissement de Maaseik","Provincie Limburg","Province du Limbourg","Vlaams Gewest","Région flamande","<5"
"2020-04-04","72020","Lommel","Lommel","Arrondissement Maaseik","Arrondissement de Maaseik","Provincie Limburg","Province du Limbourg","Vlaams Gewest","Région flamande","<5"
"2020-04-04","72021","Maaseik","Maaseik","Arrondissement Maaseik","Arrondissement de Maaseik","Provincie Limburg","Province du Limbourg","Vlaams Gewest","Région flamande","<5"
"2020-04-04","72030","Peer","Peer","Arrondissement Maaseik","Arrondissement de Maaseik","Provincie Limburg","Province du Limbourg","Vlaams Gewest","Région flamande","<5"
"2020-04-04","72037","Hamont-Achel","Hamont-Achel","Arrondissement Maaseik","Arrondissement de Maaseik","Provincie Limburg","Province du Limbourg","Vlaams Gewest","Région flamande","<5"
"2020-04-04","72038","Hechtel-Eksel","Hechtel-Eksel","Arrondissement Maaseik","Arrondissement de Maaseik","Provincie Limburg","Province du Limbourg","Vlaams Gewest","Région flamande","<5"
"2020-04-04","72039","Houthalen-Helchteren","Houthalen-Helchteren","Arrondissement Maaseik","Arrondissement de Maaseik","Provincie Limburg","Province du Limbourg","Vlaams Gewest","Région flamande","<5"
"2020-04-04","72041","Dilsen-Stokkem","Dilsen-Stokkem","Arrondissement Maaseik","Arrondissement de Maaseik","Provincie Limburg","Province du Limbourg","Vlaams Gewest","Région flamande","<5"
"2020-04-04","72042","Oudsbergen","Oudsbergen","Arrondissement Maaseik","Arrondissement de Maaseik","Provincie Limburg","Province du Limbourg","Vlaams Gewest","Région flamande","<5"
"2020-04-04","72043","Pelt","Pelt","Arrondissement Maaseik","Arrondissement de Maaseik","Provincie Limburg","Province du Limbourg","Vlaams Gewest","Région flamande","<5"
"2020-04-04","73001","Alken","Alken","Arrondissement Tongeren","Arrondissement de Tongres","Provincie Limburg","Province du Limbourg","Vlaams Gewest","Région flamande","<5"
"2020-04-04","73006","Bilzen","Bilzen","Arrondissement Tongeren","Arrondissement de Tongres","Provincie Limburg","Province du Limbourg","Vlaams Gewest","Région flamande","5"
"2020-04-04","73009","Borgloon","Looz","Arrondissement Tongeren","Arrondissement de Tongres","Provincie Limburg","Province du Limbourg","Vlaams Gewest","Région flamande","<5"
"2020-04-04","73022","Heers","Heers","Arrondissement Tongeren","Arrondissement de Tongres","Provincie Limburg","Province du Limbourg","Vlaams Gewest","Région flamande","<5"
"2020-04-04","73032","Hoeselt","Hoeselt","Arrondissement Tongeren","Arrondissement de Tongres","Provincie Limburg","Province du Limbourg","Vlaams Gewest","Région flamande","<5"
"2020-04-04","73040","Kortessem","Kortessem","Arrondissement Tongeren","Arrondissement de Tongres","Provincie Limburg","Province du Limbourg","Vlaams Gewest","Région flamande","<5"
"2020-04-04","73042","Lanaken","Lanaken","Arrondissement Tongeren","Arrondissement de Tongres","Provincie Limburg","Province du Limbourg","Vlaams Gewest","Région flamande","<5"
"2020-04-04","73066","Riemst","Riemst","Arrondissement Tongeren","Arrondissement de Tongres","Provincie Limburg","Province du Limbourg","Vlaams Gewest","Région flamande","<5"
"2020-04-04","73083","Tongeren","Tongres","Arrondissement Tongeren","Arrondissement de Tongres","Provincie Limburg","Province du Limbourg","Vlaams Gewest","Région flamande","5"
"2020-04-04","73098","Wellen","Wellen","Arrondissement Tongeren","Arrondissement de Tongres","Provincie Limburg","Province du Limbourg","Vlaams Gewest","Région flamande","<5"
"2020-04-04","73107","Maasmechelen","Maasmechelen","Arrondissement Tongeren","Arrondissement de Tongres","Provincie Limburg","Province du Limbourg","Vlaams Gewest","Région flamande","<5"
"2020-04-04","81001","Aarlen","Arlon","Arrondissement Aarlen","Arrondissement d’Arlon","Provincie Luxemburg","Province du Luxembourg","Waals Gewest","Région wallonne","<5"
"2020-04-04","81004","Aubange","Aubange","Arrondissement Aarlen","Arrondissement d’Arlon","Provincie Luxemburg","Province du Luxembourg","Waals Gewest","Région wallonne","<5"
"2020-04-04","82003","Bastenaken","Bastogne","Arrondissement Bastenaken","Arrondissement de Bastogne","Provincie Luxemburg","Province du Luxembourg","Waals Gewest","Région wallonne","<5"
"2020-04-04","82032","Vielsalm","Vielsalm","Arrondissement Bastenaken","Arrondissement de Bastogne","Provincie Luxemburg","Province du Luxembourg","Waals Gewest","Région wallonne","<5"
"2020-04-04","83034","Marche-en-Famenne","Marche-en-Famenne","Arrondissement Marche-en-Famenne","Arrondissement de Marche-en-Famenne","Provincie Luxemburg","Province du Luxembourg","Waals Gewest","Région wallonne","<5"
"2020-04-04","84009","Bertrix","Bertrix","Arrondissement Neufchâteau","Arrondissement de Neufchâteau","Provincie Luxemburg","Province du Luxembourg","Waals Gewest","Région wallonne","<5"
"2020-04-04","84035","Libin","Libin","Arrondissement Neufchâteau","Arrondissement de Neufchâteau","Provincie Luxemburg","Province du Luxembourg","Waals Gewest","Région wallonne","<5"
"2020-04-04","84043","Neufchâteau (Neufchâteau)","Neufchâteau (Neufchâteau)","Arrondissement Neufchâteau","Arrondissement de Neufchâteau","Provincie Luxemburg","Province du Luxembourg","Waals Gewest","Région wallonne","<5"
"2020-04-04","84075","Wellin","Wellin","Arrondissement Neufchâteau","Arrondissement de Neufchâteau","Provincie Luxemburg","Province du Luxembourg","Waals Gewest","Région wallonne","<5"
"2020-04-04","84077","Libramont-Chevigny","Libramont-Chevigny","Arrondissement Neufchâteau","Arrondissement de Neufchâteau","Provincie Luxemburg","Province du Luxembourg","Waals Gewest","Région wallonne","<5"
"2020-04-04","85026","Musson","Musson","Arrondissement Virton","Arrondissement de Virton","Provincie Luxemburg","Province du Luxembourg","Waals Gewest","Région wallonne","<5"
"2020-04-04","91030","Ciney","Ciney","Arrondissement Dinant","Arrondissement de Dinant","Provincie Namen","Province de Namur","Waals Gewest","Région wallonne","<5"
"2020-04-04","91034","Dinant","Dinant","Arrondissement Dinant","Arrondissement de Dinant","Provincie Namen","Province de Namur","Waals Gewest","Région wallonne","<5"
"2020-04-04","91072","Houyet","Houyet","Arrondissement Dinant","Arrondissement de Dinant","Provincie Namen","Province de Namur","Waals Gewest","Région wallonne","<5"
"2020-04-04","91103","Onhaye","Onhaye","Arrondissement Dinant","Arrondissement de Dinant","Provincie Namen","Province de Namur","Waals Gewest","Région wallonne","<5"
"2020-04-04","91142","Hastière","Hastière","Arrondissement Dinant","Arrondissement de Dinant","Provincie Namen","Province de Namur","Waals Gewest","Région wallonne","<5"
"2020-04-04","92003","Andenne","Andenne","Arrondissement Namen","Arrondissement de Namur","Provincie Namen","Province de Namur","Waals Gewest","Région wallonne","<5"
"2020-04-04","92035","Eghezée","Eghezée","Arrondissement Namen","Arrondissement de Namur","Provincie Namen","Province de Namur","Waals Gewest","Région wallonne","5"
"2020-04-04","92087","Mettet","Mettet","Arrondissement Namen","Arrondissement de Namur","Provincie Namen","Province de Namur","Waals Gewest","Région wallonne","<5"
"2020-04-04","92094","Namen","Namur","Arrondissement Namen","Arrondissement de Namur","Provincie Namen","Province de Namur","Waals Gewest","Région wallonne","13"
"2020-04-04","92101","Profondeville","Profondeville","Arrondissement Namen","Arrondissement de Namur","Provincie Namen","Province de Namur","Waals Gewest","Région wallonne","<5"
"2020-04-04","92137","Sambreville","Sambreville","Arrondissement Namen","Arrondissement de Namur","Provincie Namen","Province de Namur","Waals Gewest","Région wallonne","<5"
"2020-04-04","92138","Fernelmont","Fernelmont","Arrondissement Namen","Arrondissement de Namur","Provincie Namen","Province de Namur","Waals Gewest","Région wallonne","<5"
"2020-04-04","92142","Gembloux","Gembloux","Arrondissement Namen","Arrondissement de Namur","Provincie Namen","Province de Namur","Waals Gewest","Région wallonne","<5"
"2020-04-04","93056","Philippeville","Philippeville","Arrondissement Philippeville","Arrondissement de Philippeville","Provincie Namen","Province de Namur","Waals Gewest","Région wallonne","<5"
"2020-04-04","93088","Walcourt","Walcourt","Arrondissement Philippeville","Arrondissement de Philippeville","Provincie Namen","Province de Namur","Waals Gewest","Région wallonne","<5"
"2020-04-04","93090","Viroinval","Viroinval","Arrondissement Philippeville","Arrondissement de Philippeville","Provincie Namen","Province de Namur","Waals Gewest","Région wallonne","<5"
"2020-04-04",NA,NA,NA,NA,NA,NA,NA,NA,NA,"24"
"2020-04-05","11001","Aartselaar","Aartselaar","Arrondissement Antwerpen","Arrondissement d’Anvers","Provincie Antwerpen","Province d’Anvers","Vlaams Gewest","Région flamande","<5"
"2020-04-05","11002","Antwerpen","Anvers","Arrondissement Antwerpen","Arrondissement d’Anvers","Provincie Antwerpen","Province d’Anvers","Vlaams Gewest","Région flamande","32"
"2020-04-05","11008","Brasschaat","Brasschaat","Arrondissement Antwerpen","Arrondissement d’Anvers","Provincie Antwerpen","Province d’Anvers","Vlaams Gewest","Région flamande","<5"
"2020-04-05","11009","Brecht","Brecht","Arrondissement Antwerpen","Arrondissement d’Anvers","Provincie Antwerpen","Province d’Anvers","Vlaams Gewest","Région flamande","<5"
"2020-04-05","11013","Edegem","Edegem","Arrondissement Antwerpen","Arrondissement d’Anvers","Provincie Antwerpen","Province d’Anvers","Vlaams Gewest","Région flamande","<5"
"2020-04-05","11016","Essen","Essen","Arrondissement Antwerpen","Arrondissement d’Anvers","Provincie Antwerpen","Province d’Anvers","Vlaams Gewest","Région flamande","<5"
"2020-04-05","11023","Kapellen (Antwerpen)","Kapellen (Anvers)","Arrondissement Antwerpen","Arrondissement d’Anvers","Provincie Antwerpen","Province d’Anvers","Vlaams Gewest","Région flamande","<5"
"2020-04-05","11029","Mortsel","Mortsel","Arrondissement Antwerpen","Arrondissement d’Anvers","Provincie Antwerpen","Province d’Anvers","Vlaams Gewest","Région flamande","<5"
"2020-04-05","11035","Ranst","Ranst","Arrondissement Antwerpen","Arrondissement d’Anvers","Provincie Antwerpen","Province d’Anvers","Vlaams Gewest","Région flamande","<5"
"2020-04-05","11040","Schoten","Schoten","Arrondissement Antwerpen","Arrondissement d’Anvers","Provincie Antwerpen","Province d’Anvers","Vlaams Gewest","Région flamande","<5"
"2020-04-05","11044","Stabroek","Stabroek","Arrondissement Antwerpen","Arrondissement d’Anvers","Provincie Antwerpen","Province d’Anvers","Vlaams Gewest","Région flamande","<5"
"2020-04-05","11050","Wijnegem","Wijnegem","Arrondissement Antwerpen","Arrondissement d’Anvers","Provincie Antwerpen","Province d’Anvers","Vlaams Gewest","Région flamande","<5"
"2020-04-05","11055","Zoersel","Zoersel","Arrondissement Antwerpen","Arrondissement d’Anvers","Provincie Antwerpen","Province d’Anvers","Vlaams Gewest","Région flamande","<5"
"2020-04-05","11056","Zwijndrecht","Zwijndrecht","Arrondissement Antwerpen","Arrondissement d’Anvers","Provincie Antwerpen","Province d’Anvers","Vlaams Gewest","Région flamande","<5"
"2020-04-05","12007","Bornem","Bornem","Arrondissement Mechelen","Arrondissement de Malines","Provincie Antwerpen","Province d’Anvers","Vlaams Gewest","Région flamande","<5"
"2020-04-05","12025","Mechelen","Malines","Arrondissement Mechelen","Arrondissement de Malines","Provincie Antwerpen","Province d’Anvers","Vlaams Gewest","Région flamande","<5"
"2020-04-05","12026","Nijlen","Nijlen","Arrondissement Mechelen","Arrondissement de Malines","Provincie Antwerpen","Province d’Anvers","Vlaams Gewest","Région flamande","<5"
"2020-04-05","12041","Puurs-Sint-Amands","Puurs-Sint-Amands","Arrondissement Mechelen","Arrondissement de Malines","Provincie Antwerpen","Province d’Anvers","Vlaams Gewest","Région flamande","<5"
"2020-04-05","13001","Arendonk","Arendonk","Arrondissement Turnhout","Arrondissement de Turnhout","Provincie Antwerpen","Province d’Anvers","Vlaams Gewest","Région flamande","<5"
"2020-04-05","13003","Balen","Balen","Arrondissement Turnhout","Arrondissement de Turnhout","Provincie Antwerpen","Province d’Anvers","Vlaams Gewest","Région flamande","<5"
"2020-04-05","13004","Beerse","Beerse","Arrondissement Turnhout","Arrondissement de Turnhout","Provincie Antwerpen","Province d’Anvers","Vlaams Gewest","Région flamande","<5"
"2020-04-05","13006","Dessel","Dessel","Arrondissement Turnhout","Arrondissement de Turnhout","Provincie Antwerpen","Province d’Anvers","Vlaams Gewest","Région flamande","<5"
"2020-04-05","13008","Geel","Geel","Arrondissement Turnhout","Arrondissement de Turnhout","Provincie Antwerpen","Province d’Anvers","Vlaams Gewest","Région flamande","<5"
"2020-04-05","13012","Herenthout","Herenthout","Arrondissement Turnhout","Arrondissement de Turnhout","Provincie Antwerpen","Province d’Anvers","Vlaams Gewest","Région flamande","<5"
"2020-04-05","13017","Kasterlee","Kasterlee","Arrondissement Turnhout","Arrondissement de Turnhout","Provincie Antwerpen","Province d’Anvers","Vlaams Gewest","Région flamande","<5"
"2020-04-05","13019","Lille","Lille","Arrondissement Turnhout","Arrondissement de Turnhout","Provincie Antwerpen","Province d’Anvers","Vlaams Gewest","Région flamande","<5"
"2020-04-05","13025","Mol","Mol","Arrondissement Turnhout","Arrondissement de Turnhout","Provincie Antwerpen","Province d’Anvers","Vlaams Gewest","Région flamande","<5"
"2020-04-05","13035","Ravels","Ravels","Arrondissement Turnhout","Arrondissement de Turnhout","Provincie Antwerpen","Province d’Anvers","Vlaams Gewest","Région flamande","<5"
"2020-04-05","13037","Rijkevorsel","Rijkevorsel","Arrondissement Turnhout","Arrondissement de Turnhout","Provincie Antwerpen","Province d’Anvers","Vlaams Gewest","Région flamande","<5"
"2020-04-05","13049","Westerlo","Westerlo","Arrondissement Turnhout","Arrondissement de Turnhout","Provincie Antwerpen","Province d’Anvers","Vlaams Gewest","Région flamande","<5"
"2020-04-05","13053","Laakdal","Laakdal","Arrondissement Turnhout","Arrondissement de Turnhout","Provincie Antwerpen","Province d’Anvers","Vlaams Gewest","Région flamande","<5"
"2020-04-05","21001","Anderlecht","Anderlecht","Arrondissement Brussel-Hoofdstad","Arrondissement de Bruxelles-Capitale",NA,NA,"Brussels Hoofdstedelijk Gewest","Région de Bruxelles-Capitale","19"
"2020-04-05","21002","Oudergem","Auderghem","Arrondissement Brussel-Hoofdstad","Arrondissement de Bruxelles-Capitale",NA,NA,"Brussels Hoofdstedelijk Gewest","Région de Bruxelles-Capitale","<5"
"2020-04-05","21003","Sint-Agatha-Berchem","Berchem-Sainte-Agathe","Arrondissement Brussel-Hoofdstad","Arrondissement de Bruxelles-Capitale",NA,NA,"Brussels Hoofdstedelijk Gewest","Région de Bruxelles-Capitale","6"
"2020-04-05","21004","Brussel","Bruxelles","Arrondissement Brussel-Hoofdstad","Arrondissement de Bruxelles-Capitale",NA,NA,"Brussels Hoofdstedelijk Gewest","Région de Bruxelles-Capitale","8"
"2020-04-05","21005","Etterbeek","Etterbeek","Arrondissement Brussel-Hoofdstad","Arrondissement de Bruxelles-Capitale",NA,NA,"Brussels Hoofdstedelijk Gewest","Région de Bruxelles-Capitale","<5"
"2020-04-05","21006","Evere","Evere","Arrondissement Brussel-Hoofdstad","Arrondissement de Bruxelles-Capitale",NA,NA,"Brussels Hoofdstedelijk Gewest","Région de Bruxelles-Capitale","<5"
"2020-04-05","21007","Vorst (Brussel-Hoofdstad)","Forest (Bruxelles-Capitale)","Arrondissement Brussel-Hoofdstad","Arrondissement de Bruxelles-Capitale",NA,NA,"Brussels Hoofdstedelijk Gewest","Région de Bruxelles-Capitale","6"
"2020-04-05","21008","Ganshoren","Ganshoren","Arrondissement Brussel-Hoofdstad","Arrondissement de Bruxelles-Capitale",NA,NA,"Brussels Hoofdstedelijk Gewest","Région de Bruxelles-Capitale","<5"
"2020-04-05","21009","Elsene","Ixelles","Arrondissement Brussel-Hoofdstad","Arrondissement de Bruxelles-Capitale",NA,NA,"Brussels Hoofdstedelijk Gewest","Région de Bruxelles-Capitale","5"
"2020-04-05","21010","Jette","Jette","Arrondissement Brussel-Hoofdstad","Arrondissement de Bruxelles-Capitale",NA,NA,"Brussels Hoofdstedelijk Gewest","Région de Bruxelles-Capitale","<5"
"2020-04-05","21011","Koekelberg","Koekelberg","Arrondissement Brussel-Hoofdstad","Arrondissement de Bruxelles-Capitale",NA,NA,"Brussels Hoofdstedelijk Gewest","Région de Bruxelles-Capitale","<5"
"2020-04-05","21012","Sint-Jans-Molenbeek","Molenbeek-Saint-Jean","Arrondissement Brussel-Hoofdstad","Arrondissement de Bruxelles-Capitale",NA,NA,"Brussels Hoofdstedelijk Gewest","Région de Bruxelles-Capitale","6"
"2020-04-05","21013","Sint-Gillis","Saint-Gilles","Arrondissement Brussel-Hoofdstad","Arrondissement de Bruxelles-Capitale",NA,NA,"Brussels Hoofdstedelijk Gewest","Région de Bruxelles-Capitale","<5"
"2020-04-05","21015","Schaarbeek","Schaerbeek","Arrondissement Brussel-Hoofdstad","Arrondissement de Bruxelles-Capitale",NA,NA,"Brussels Hoofdstedelijk Gewest","Région de Bruxelles-Capitale","9"
"2020-04-05","21016","Ukkel","Uccle","Arrondissement Brussel-Hoofdstad","Arrondissement de Bruxelles-Capitale",NA,NA,"Brussels Hoofdstedelijk Gewest","Région de Bruxelles-Capitale","<5"
"2020-04-05","21018","Sint-Lambrechts-Woluwe","Woluwe-Saint-Lambert","Arrondissement Brussel-Hoofdstad","Arrondissement de Bruxelles-Capitale",NA,NA,"Brussels Hoofdstedelijk Gewest","Région de Bruxelles-Capitale","<5"
"2020-04-05","21019","Sint-Pieters-Woluwe","Woluwe-Saint-Pierre","Arrondissement Brussel-Hoofdstad","Arrondissement de Bruxelles-Capitale",NA,NA,"Brussels Hoofdstedelijk Gewest","Région de Bruxelles-Capitale","<5"
"2020-04-05","23002","Asse","Asse","Arrondissement Halle-Vilvoorde","Arrondissement de Hal-Vilvorde","Provincie Vlaams-Brabant","Province du Brabant flamand","Vlaams Gewest","Région flamande","<5"
"2020-04-05","23016","Dilbeek","Dilbeek","Arrondissement Halle-Vilvoorde","Arrondissement de Hal-Vilvorde","Provincie Vlaams-Brabant","Province du Brabant flamand","Vlaams Gewest","Région flamande","<5"
"2020-04-05","23025","Grimbergen","Grimbergen","Arrondissement Halle-Vilvoorde","Arrondissement de Hal-Vilvorde","Provincie Vlaams-Brabant","Province du Brabant flamand","Vlaams Gewest","Région flamande","<5"
"2020-04-05","23027","Halle (Halle-Vilvoorde)","Hal (Hal-Vilvorde)","Arrondissement Halle-Vilvoorde","Arrondissement de Hal-Vilvorde","Provincie Vlaams-Brabant","Province du Brabant flamand","Vlaams Gewest","Région flamande","<5"
"2020-04-05","23050","Meise","Meise","Arrondissement Halle-Vilvoorde","Arrondissement de Hal-Vilvorde","Provincie Vlaams-Brabant","Province du Brabant flamand","Vlaams Gewest","Région flamande","<5"
"2020-04-05","23077","Sint-Pieters-Leeuw","Sint-Pieters-Leeuw","Arrondissement Halle-Vilvoorde","Arrondissement de Hal-Vilvorde","Provincie Vlaams-Brabant","Province du Brabant flamand","Vlaams Gewest","Région flamande","<5"
"2020-04-05","23081","Steenokkerzeel","Steenokkerzeel","Arrondissement Halle-Vilvoorde","Arrondissement de Hal-Vilvorde","Provincie Vlaams-Brabant","Province du Brabant flamand","Vlaams Gewest","Région flamande","<5"
"2020-04-05","23088","Vilvoorde","Vilvorde","Arrondissement Halle-Vilvoorde","Arrondissement de Hal-Vilvorde","Provincie Vlaams-Brabant","Province du Brabant flamand","Vlaams Gewest","Région flamande","<5"
"2020-04-05","23094","Zaventem","Zaventem","Arrondissement Halle-Vilvoorde","Arrondissement de Hal-Vilvorde","Provincie Vlaams-Brabant","Province du Brabant flamand","Vlaams Gewest","Région flamande","<5"
"2020-04-05","23096","Zemst","Zemst","Arrondissement Halle-Vilvoorde","Arrondissement de Hal-Vilvorde","Provincie Vlaams-Brabant","Province du Brabant flamand","Vlaams Gewest","Région flamande","<5"
"2020-04-05","23098","Drogenbos","Drogenbos","Arrondissement Halle-Vilvoorde","Arrondissement de Hal-Vilvorde","Provincie Vlaams-Brabant","Province du Brabant flamand","Vlaams Gewest","Région flamande","<5"
"2020-04-05","23099","Kraainem","Kraainem","Arrondissement Halle-Vilvoorde","Arrondissement de Hal-Vilvorde","Provincie Vlaams-Brabant","Province du Brabant flamand","Vlaams Gewest","Région flamande","<5"
"2020-04-05","23100","Linkebeek","Linkebeek","Arrondissement Halle-Vilvoorde","Arrondissement de Hal-Vilvorde","Provincie Vlaams-Brabant","Province du Brabant flamand","Vlaams Gewest","Région flamande","<5"
"2020-04-05","23101","Sint-Genesius-Rode","Rhode-Saint-Genèse","Arrondissement Halle-Vilvoorde","Arrondissement de Hal-Vilvorde","Provincie Vlaams-Brabant","Province du Brabant flamand","Vlaams Gewest","Région flamande","<5"
"2020-04-05","23105","Affligem","Affligem","Arrondissement Halle-Vilvoorde","Arrondissement de Hal-Vilvorde","Provincie Vlaams-Brabant","Province du Brabant flamand","Vlaams Gewest","Région flamande","<5"
"2020-04-05","24001","Aarschot","Aarschot","Arrondissement Leuven","Arrondissement de Louvain","Provincie Vlaams-Brabant","Province du Brabant flamand","Vlaams Gewest","Région flamande","<5"
"2020-04-05","24008","Bekkevoort","Bekkevoort","Arrondissement Leuven","Arrondissement de Louvain","Provincie Vlaams-Brabant","Province du Brabant flamand","Vlaams Gewest","Région flamande","<5"
"2020-04-05","24016","Boutersem","Boutersem","Arrondissement Leuven","Arrondissement de Louvain","Provincie Vlaams-Brabant","Province du Brabant flamand","Vlaams Gewest","Région flamande","<5"
"2020-04-05","24020","Diest","Diest","Arrondissement Leuven","Arrondissement de Louvain","Provincie Vlaams-Brabant","Province du Brabant flamand","Vlaams Gewest","Région flamande","<5"
"2020-04-05","24043","Holsbeek","Holsbeek","Arrondissement Leuven","Arrondissement de Louvain","Provincie Vlaams-Brabant","Province du Brabant flamand","Vlaams Gewest","Région flamande","<5"
"2020-04-05","24045","Huldenberg","Huldenberg","Arrondissement Leuven","Arrondissement de Louvain","Provincie Vlaams-Brabant","Province du Brabant flamand","Vlaams Gewest","Région flamande","<5"
"2020-04-05","24055","Kortenberg","Kortenberg","Arrondissement Leuven","Arrondissement de Louvain","Provincie Vlaams-Brabant","Province du Brabant flamand","Vlaams Gewest","Région flamande","<5"
"2020-04-05","24059","Landen","Landen","Arrondissement Leuven","Arrondissement de Louvain","Provincie Vlaams-Brabant","Province du Brabant flamand","Vlaams Gewest","Région flamande","<5"
"2020-04-05","24062","Leuven","Louvain","Arrondissement Leuven","Arrondissement de Louvain","Provincie Vlaams-Brabant","Province du Brabant flamand","Vlaams Gewest","Région flamande","<5"
"2020-04-05","24066","Lubbeek","Lubbeek","Arrondissement Leuven","Arrondissement de Louvain","Provincie Vlaams-Brabant","Province du Brabant flamand","Vlaams Gewest","Région flamande","<5"
"2020-04-05","24086","Oud-Heverlee","Oud-Heverlee","Arrondissement Leuven","Arrondissement de Louvain","Provincie Vlaams-Brabant","Province du Brabant flamand","Vlaams Gewest","Région flamande","<5"
"2020-04-05","24094","Rotselaar","Rotselaar","Arrondissement Leuven","Arrondissement de Louvain","Provincie Vlaams-Brabant","Province du Brabant flamand","Vlaams Gewest","Région flamande","<5"
"2020-04-05","24107","Tienen","Tirlemont","Arrondissement Leuven","Arrondissement de Louvain","Provincie Vlaams-Brabant","Province du Brabant flamand","Vlaams Gewest","Région flamande","<5"
"2020-04-05","24130","Zoutleeuw","Léau","Arrondissement Leuven","Arrondissement de Louvain","Provincie Vlaams-Brabant","Province du Brabant flamand","Vlaams Gewest","Région flamande","<5"
"2020-04-05","24134","Scherpenheuvel-Zichem","Montaigu-Zichem","Arrondissement Leuven","Arrondissement de Louvain","Provincie Vlaams-Brabant","Province du Brabant flamand","Vlaams Gewest","Région flamande","<5"
"2020-04-05","25014","Eigenbrakel","Braine-l’Alleud","Arrondissement Nijvel","Arrondissement de Nivelles","Provincie Waals-Brabant","Province du Brabant wallon","Waals Gewest","Région wallonne","5"
"2020-04-05","25023","Court-Saint-Etienne","Court-Saint-Etienne","Arrondissement Nijvel","Arrondissement de Nivelles","Provincie Waals-Brabant","Province du Brabant wallon","Waals Gewest","Région wallonne","<5"
"2020-04-05","25031","Genepiën","Genappe","Arrondissement Nijvel","Arrondissement de Nivelles","Provincie Waals-Brabant","Province du Brabant wallon","Waals Gewest","Région wallonne","<5"
"2020-04-05","25037","Graven","Grez-Doiceau","Arrondissement Nijvel","Arrondissement de Nivelles","Provincie Waals-Brabant","Province du Brabant wallon","Waals Gewest","Région wallonne","<5"
"2020-04-05","25048","Geldenaken","Jodoigne","Arrondissement Nijvel","Arrondissement de Nivelles","Provincie Waals-Brabant","Province du Brabant wallon","Waals Gewest","Région wallonne","<5"
"2020-04-05","25091","Rixensart","Rixensart","Arrondissement Nijvel","Arrondissement de Nivelles","Provincie Waals-Brabant","Province du Brabant wallon","Waals Gewest","Région wallonne","<5"
"2020-04-05","25105","Tubeke","Tubize","Arrondissement Nijvel","Arrondissement de Nivelles","Provincie Waals-Brabant","Province du Brabant wallon","Waals Gewest","Région wallonne","<5"
"2020-04-05","25107","Villers-la-Ville","Villers-la-Ville","Arrondissement Nijvel","Arrondissement de Nivelles","Provincie Waals-Brabant","Province du Brabant wallon","Waals Gewest","Région wallonne","<5"
"2020-04-05","25110","Waterloo","Waterloo","Arrondissement Nijvel","Arrondissement de Nivelles","Provincie Waals-Brabant","Province du Brabant wallon","Waals Gewest","Région wallonne","<5"
"2020-04-05","25112","Waver","Wavre","Arrondissement Nijvel","Arrondissement de Nivelles","Provincie Waals-Brabant","Province du Brabant wallon","Waals Gewest","Région wallonne","<5"
"2020-04-05","31005","Brugge","Bruges","Arrondissement Brugge","Arrondissement de Bruges","Provincie West-Vlaanderen","Province de Flandre occidentale","Vlaams Gewest","Région flamande","7"
"2020-04-05","31012","Jabbeke","Jabbeke","Arrondissement Brugge","Arrondissement de Bruges","Provincie West-Vlaanderen","Province de Flandre occidentale","Vlaams Gewest","Région flamande","<5"
"2020-04-05","31022","Oostkamp","Oostkamp","Arrondissement Brugge","Arrondissement de Bruges","Provincie West-Vlaanderen","Province de Flandre occidentale","Vlaams Gewest","Région flamande","<5"
"2020-04-05","31033","Torhout","Torhout","Arrondissement Brugge","Arrondissement de Bruges","Provincie West-Vlaanderen","Province de Flandre occidentale","Vlaams Gewest","Région flamande","<5"
"2020-04-05","31040","Zedelgem","Zedelgem","Arrondissement Brugge","Arrondissement de Bruges","Provincie West-Vlaanderen","Province de Flandre occidentale","Vlaams Gewest","Région flamande","<5"
"2020-04-05","32003","Diksmuide","Dixmude","Arrondissement Diksmuide","Arrondissement de Dixmude","Provincie West-Vlaanderen","Province de Flandre occidentale","Vlaams Gewest","Région flamande","<5"
"2020-04-05","33011","Ieper","Ypres","Arrondissement Ieper","Arrondissement d’Ypres","Provincie West-Vlaanderen","Province de Flandre occidentale","Vlaams Gewest","Région flamande","<5"
"2020-04-05","33021","Poperinge","Poperinge","Arrondissement Ieper","Arrondissement d’Ypres","Provincie West-Vlaanderen","Province de Flandre occidentale","Vlaams Gewest","Région flamande","<5"
"2020-04-05","33029","Wervik","Wervik","Arrondissement Ieper","Arrondissement d’Ypres","Provincie West-Vlaanderen","Province de Flandre occidentale","Vlaams Gewest","Région flamande","<5"
"2020-04-05","33040","Langemark-Poelkapelle","Langemark-Poelkapelle","Arrondissement Ieper","Arrondissement d’Ypres","Provincie West-Vlaanderen","Province de Flandre occidentale","Vlaams Gewest","Région flamande","<5"
"2020-04-05","34009","Deerlijk","Deerlijk","Arrondissement Kortrijk","Arrondissement de Courtrai","Provincie West-Vlaanderen","Province de Flandre occidentale","Vlaams Gewest","Région flamande","<5"
"2020-04-05","34013","Harelbeke","Harelbeke","Arrondissement Kortrijk","Arrondissement de Courtrai","Provincie West-Vlaanderen","Province de Flandre occidentale","Vlaams Gewest","Région flamande","<5"
"2020-04-05","34022","Kortrijk","Courtrai","Arrondissement Kortrijk","Arrondissement de Courtrai","Provincie West-Vlaanderen","Province de Flandre occidentale","Vlaams Gewest","Région flamande","<5"
"2020-04-05","34027","Menen","Menin","Arrondissement Kortrijk","Arrondissement de Courtrai","Provincie West-Vlaanderen","Province de Flandre occidentale","Vlaams Gewest","Région flamande","<5"
"2020-04-05","34040","Waregem","Waregem","Arrondissement Kortrijk","Arrondissement de Courtrai","Provincie West-Vlaanderen","Province de Flandre occidentale","Vlaams Gewest","Région flamande","<5"
"2020-04-05","34041","Wevelgem","Wevelgem","Arrondissement Kortrijk","Arrondissement de Courtrai","Provincie West-Vlaanderen","Province de Flandre occidentale","Vlaams Gewest","Région flamande","<5"
"2020-04-05","35005","Gistel","Gistel","Arrondissement Oostende","Arrondissement d’Ostende","Provincie West-Vlaanderen","Province de Flandre occidentale","Vlaams Gewest","Région flamande","<5"
"2020-04-05","35006","Ichtegem","Ichtegem","Arrondissement Oostende","Arrondissement d’Ostende","Provincie West-Vlaanderen","Province de Flandre occidentale","Vlaams Gewest","Région flamande","<5"
"2020-04-05","36008","Izegem","Izegem","Arrondissement Roeselare","Arrondissement de Roulers","Provincie West-Vlaanderen","Province de Flandre occidentale","Vlaams Gewest","Région flamande","<5"
"2020-04-05","36011","Lichtervelde","Lichtervelde","Arrondissement Roeselare","Arrondissement de Roulers","Provincie West-Vlaanderen","Province de Flandre occidentale","Vlaams Gewest","Région flamande","<5"
"2020-04-05","36012","Moorslede","Moorslede","Arrondissement Roeselare","Arrondissement de Roulers","Provincie West-Vlaanderen","Province de Flandre occidentale","Vlaams Gewest","Région flamande","<5"
"2020-04-05","36015","Roeselare","Roulers","Arrondissement Roeselare","Arrondissement de Roulers","Provincie West-Vlaanderen","Province de Flandre occidentale","Vlaams Gewest","Région flamande","<5"
"2020-04-05","38008","De Panne","La Panne","Arrondissement Veurne","Arrondissement de Furnes","Provincie West-Vlaanderen","Province de Flandre occidentale","Vlaams Gewest","Région flamande","<5"
"2020-04-05","38014","Koksijde","Koksijde","Arrondissement Veurne","Arrondissement de Furnes","Provincie West-Vlaanderen","Province de Flandre occidentale","Vlaams Gewest","Région flamande","<5"
"2020-04-05","41002","Aalst (Aalst)","Alost (Alost)","Arrondissement Aalst","Arrondissement d’Alost","Provincie Oost-Vlaanderen","Province de Flandre orientale","Vlaams Gewest","Région flamande","11"
"2020-04-05","41011","Denderleeuw","Denderleeuw","Arrondissement Aalst","Arrondissement d’Alost","Provincie Oost-Vlaanderen","Province de Flandre orientale","Vlaams Gewest","Région flamande","<5"
"2020-04-05","41018","Geraardsbergen","Grammont","Arrondissement Aalst","Arrondissement d’Alost","Provincie Oost-Vlaanderen","Province de Flandre orientale","Vlaams Gewest","Région flamande","<5"
"2020-04-05","41024","Haaltert","Haaltert","Arrondissement Aalst","Arrondissement d’Alost","Provincie Oost-Vlaanderen","Province de Flandre orientale","Vlaams Gewest","Région flamande","<5"
"2020-04-05","41034","Lede","Lede","Arrondissement Aalst","Arrondissement d’Alost","Provincie Oost-Vlaanderen","Province de Flandre orientale","Vlaams Gewest","Région flamande","<5"
"2020-04-05","41048","Ninove","Ninove","Arrondissement Aalst","Arrondissement d’Alost","Provincie Oost-Vlaanderen","Province de Flandre orientale","Vlaams Gewest","Région flamande","<5"
"2020-04-05","41081","Zottegem","Zottegem","Arrondissement Aalst","Arrondissement d’Alost","Provincie Oost-Vlaanderen","Province de Flandre orientale","Vlaams Gewest","Région flamande","<5"
"2020-04-05","41082","Erpe-Mere","Erpe-Mere","Arrondissement Aalst","Arrondissement d’Alost","Provincie Oost-Vlaanderen","Province de Flandre orientale","Vlaams Gewest","Région flamande","<5"
"2020-04-05","42003","Berlare","Berlare","Arrondissement Dendermonde","Arrondissement de Termonde","Provincie Oost-Vlaanderen","Province de Flandre orientale","Vlaams Gewest","Région flamande","<5"
"2020-04-05","42004","Buggenhout","Buggenhout","Arrondissement Dendermonde","Arrondissement de Termonde","Provincie Oost-Vlaanderen","Province de Flandre orientale","Vlaams Gewest","Région flamande","5"
"2020-04-05","42006","Dendermonde","Termonde","Arrondissement Dendermonde","Arrondissement de Termonde","Provincie Oost-Vlaanderen","Province de Flandre orientale","Vlaams Gewest","Région flamande","<5"
"2020-04-05","42008","Hamme (Dendermonde)","Hamme (Termonde)","Arrondissement Dendermonde","Arrondissement de Termonde","Provincie Oost-Vlaanderen","Province de Flandre orientale","Vlaams Gewest","Région flamande","<5"
"2020-04-05","42011","Lebbeke","Lebbeke","Arrondissement Dendermonde","Arrondissement de Termonde","Provincie Oost-Vlaanderen","Province de Flandre orientale","Vlaams Gewest","Région flamande","<5"
"2020-04-05","42025","Wetteren","Wetteren","Arrondissement Dendermonde","Arrondissement de Termonde","Provincie Oost-Vlaanderen","Province de Flandre orientale","Vlaams Gewest","Région flamande","<5"
"2020-04-05","42026","Wichelen","Wichelen","Arrondissement Dendermonde","Arrondissement de Termonde","Provincie Oost-Vlaanderen","Province de Flandre orientale","Vlaams Gewest","Région flamande","<5"
"2020-04-05","42028","Zele","Zele","Arrondissement Dendermonde","Arrondissement de Termonde","Provincie Oost-Vlaanderen","Province de Flandre orientale","Vlaams Gewest","Région flamande","<5"
"2020-04-05","43002","Assenede","Assenede","Arrondissement Eeklo","Arrondissement d’Eeklo","Provincie Oost-Vlaanderen","Province de Flandre orientale","Vlaams Gewest","Région flamande","<5"
"2020-04-05","43010","Maldegem","Maldegem","Arrondissement Eeklo","Arrondissement d’Eeklo","Provincie Oost-Vlaanderen","Province de Flandre orientale","Vlaams Gewest","Région flamande","<5"
"2020-04-05","43014","Sint-Laureins","Sint-Laureins","Arrondissement Eeklo","Arrondissement d’Eeklo","Provincie Oost-Vlaanderen","Province de Flandre orientale","Vlaams Gewest","Région flamande","<5"
"2020-04-05","43018","Zelzate","Zelzate","Arrondissement Eeklo","Arrondissement d’Eeklo","Provincie Oost-Vlaanderen","Province de Flandre orientale","Vlaams Gewest","Région flamande","<5"
"2020-04-05","44012","De Pinte","De Pinte","Arrondissement Gent","Arrondissement de Gand","Provincie Oost-Vlaanderen","Province de Flandre orientale","Vlaams Gewest","Région flamande","<5"
"2020-04-05","44013","Destelbergen","Destelbergen","Arrondissement Gent","Arrondissement de Gand","Provincie Oost-Vlaanderen","Province de Flandre orientale","Vlaams Gewest","Région flamande","<5"
"2020-04-05","44019","Evergem","Evergem","Arrondissement Gent","Arrondissement de Gand","Provincie Oost-Vlaanderen","Province de Flandre orientale","Vlaams Gewest","Région flamande","<5"
"2020-04-05","44020","Gavere","Gavere","Arrondissement Gent","Arrondissement de Gand","Provincie Oost-Vlaanderen","Province de Flandre orientale","Vlaams Gewest","Région flamande","<5"
"2020-04-05","44021","Gent","Gand","Arrondissement Gent","Arrondissement de Gand","Provincie Oost-Vlaanderen","Province de Flandre orientale","Vlaams Gewest","Région flamande","13"
"2020-04-05","44034","Lochristi","Lochristi","Arrondissement Gent","Arrondissement de Gand","Provincie Oost-Vlaanderen","Province de Flandre orientale","Vlaams Gewest","Région flamande","<5"
"2020-04-05","44040","Melle","Melle","Arrondissement Gent","Arrondissement de Gand","Provincie Oost-Vlaanderen","Province de Flandre orientale","Vlaams Gewest","Région flamande","<5"
"2020-04-05","44073","Wachtebeke","Wachtebeke","Arrondissement Gent","Arrondissement de Gand","Provincie Oost-Vlaanderen","Province de Flandre orientale","Vlaams Gewest","Région flamande","<5"
"2020-04-05","44081","Zulte","Zulte","Arrondissement Gent","Arrondissement de Gand","Provincie Oost-Vlaanderen","Province de Flandre orientale","Vlaams Gewest","Région flamande","<5"
"2020-04-05","44083","Deinze","Deinze","Arrondissement Gent","Arrondissement de Gand","Provincie Oost-Vlaanderen","Province de Flandre orientale","Vlaams Gewest","Région flamande","5"
"2020-04-05","44084","Aalter","Aalter","Arrondissement Gent","Arrondissement de Gand","Provincie Oost-Vlaanderen","Province de Flandre orientale","Vlaams Gewest","Région flamande","<5"
"2020-04-05","44085","Lievegem","Lievegem","Arrondissement Gent","Arrondissement de Gand","Provincie Oost-Vlaanderen","Province de Flandre orientale","Vlaams Gewest","Région flamande","<5"
"2020-04-05","45035","Oudenaarde","Audenarde","Arrondissement Oudenaarde","Arrondissement d’Audenarde","Provincie Oost-Vlaanderen","Province de Flandre orientale","Vlaams Gewest","Région flamande","<5"
"2020-04-05","45041","Ronse","Renaix","Arrondissement Oudenaarde","Arrondissement d’Audenarde","Provincie Oost-Vlaanderen","Province de Flandre orientale","Vlaams Gewest","Région flamande","<5"
"2020-04-05","45059","Brakel","Brakel","Arrondissement Oudenaarde","Arrondissement d’Audenarde","Provincie Oost-Vlaanderen","Province de Flandre orientale","Vlaams Gewest","Région flamande","<5"
"2020-04-05","45061","Wortegem-Petegem","Wortegem-Petegem","Arrondissement Oudenaarde","Arrondissement d’Audenarde","Provincie Oost-Vlaanderen","Province de Flandre orientale","Vlaams Gewest","Région flamande","<5"
"2020-04-05","45064","Maarkedal","Maarkedal","Arrondissement Oudenaarde","Arrondissement d’Audenarde","Provincie Oost-Vlaanderen","Province de Flandre orientale","Vlaams Gewest","Région flamande","<5"
"2020-04-05","45065","Zwalm","Zwalin","Arrondissement Oudenaarde","Arrondissement d’Audenarde","Provincie Oost-Vlaanderen","Province de Flandre orientale","Vlaams Gewest","Région flamande","<5"
"2020-04-05","45068","Kruisem","Kruisem","Arrondissement Oudenaarde","Arrondissement d’Audenarde","Provincie Oost-Vlaanderen","Province de Flandre orientale","Vlaams Gewest","Région flamande","<5"
"2020-04-05","46013","Kruibeke","Kruibeke","Arrondissement Sint-Niklaas","Arrondissement de Saint-Nicolas","Provincie Oost-Vlaanderen","Province de Flandre orientale","Vlaams Gewest","Région flamande","<5"
"2020-04-05","46014","Lokeren","Lokeren","Arrondissement Sint-Niklaas","Arrondissement de Saint-Nicolas","Provincie Oost-Vlaanderen","Province de Flandre orientale","Vlaams Gewest","Région flamande","12"
"2020-04-05","46020","Sint-Gillis-Waas","Sint-Gillis-Waas","Arrondissement Sint-Niklaas","Arrondissement de Saint-Nicolas","Provincie Oost-Vlaanderen","Province de Flandre orientale","Vlaams Gewest","Région flamande","<5"
"2020-04-05","46021","Sint-Niklaas (Sint-Niklaas)","Saint-Nicolas (Saint-Nicolas)","Arrondissement Sint-Niklaas","Arrondissement de Saint-Nicolas","Provincie Oost-Vlaanderen","Province de Flandre orientale","Vlaams Gewest","Région flamande","<5"
"2020-04-05","46025","Temse","Tamise","Arrondissement Sint-Niklaas","Arrondissement de Saint-Nicolas","Provincie Oost-Vlaanderen","Province de Flandre orientale","Vlaams Gewest","Région flamande","<5"
"2020-04-05","51004","Aat","Ath","Arrondissement Aat","Arrondissement d’Ath","Provincie Henegouwen","Province du Hainaut","Waals Gewest","Région wallonne","<5"
"2020-04-05","51008","Beloeil","Beloeil","Arrondissement Aat","Arrondissement d’Ath","Provincie Henegouwen","Province du Hainaut","Waals Gewest","Région wallonne","<5"
"2020-04-05","51019","Vloesberg","Flobecq","Arrondissement Aat","Arrondissement d’Ath","Provincie Henegouwen","Province du Hainaut","Waals Gewest","Région wallonne","<5"
"2020-04-05","51067","Edingen","Enghien","Arrondissement Aat","Arrondissement d’Ath","Provincie Henegouwen","Province du Hainaut","Waals Gewest","Région wallonne","<5"
"2020-04-05","51068","Opzullik","Silly","Arrondissement Aat","Arrondissement d’Ath","Provincie Henegouwen","Province du Hainaut","Waals Gewest","Région wallonne","<5"
"2020-04-05","52010","Chapelle-lez-Herlaimont","Chapelle-lez-Herlaimont","Arrondissement Charleroi","Arrondissement de Charleroi","Provincie Henegouwen","Province du Hainaut","Waals Gewest","Région wallonne","<5"
"2020-04-05","52011","Charleroi","Charleroi","Arrondissement Charleroi","Arrondissement de Charleroi","Provincie Henegouwen","Province du Hainaut","Waals Gewest","Région wallonne","11"
"2020-04-05","52012","Châtelet","Châtelet","Arrondissement Charleroi","Arrondissement de Charleroi","Provincie Henegouwen","Province du Hainaut","Waals Gewest","Région wallonne","<5"
"2020-04-05","52018","Farciennes","Farciennes","Arrondissement Charleroi","Arrondissement de Charleroi","Provincie Henegouwen","Province du Hainaut","Waals Gewest","Région wallonne","<5"
"2020-04-05","52021","Fleurus","Fleurus","Arrondissement Charleroi","Arrondissement de Charleroi","Provincie Henegouwen","Province du Hainaut","Waals Gewest","Région wallonne","<5"
"2020-04-05","52025","Gerpinnes","Gerpinnes","Arrondissement Charleroi","Arrondissement de Charleroi","Provincie Henegouwen","Province du Hainaut","Waals Gewest","Région wallonne","<5"
"2020-04-05","52075","Les Bons Villers","Les Bons Villers","Arrondissement Charleroi","Arrondissement de Charleroi","Provincie Henegouwen","Province du Hainaut","Waals Gewest","Région wallonne","<5"
"2020-04-05","53014","Boussu","Boussu","Arrondissement Bergen","Arrondissement de Mons","Provincie Henegouwen","Province du Hainaut","Waals Gewest","Région wallonne","<5"
"2020-04-05","53020","Dour","Dour","Arrondissement Bergen","Arrondissement de Mons","Provincie Henegouwen","Province du Hainaut","Waals Gewest","Région wallonne","<5"
"2020-04-05","53028","Frameries","Frameries","Arrondissement Bergen","Arrondissement de Mons","Provincie Henegouwen","Province du Hainaut","Waals Gewest","Région wallonne","<5"
"2020-04-05","53053","Bergen","Mons","Arrondissement Bergen","Arrondissement de Mons","Provincie Henegouwen","Province du Hainaut","Waals Gewest","Région wallonne","<5"
"2020-04-05","53065","Quaregnon","Quaregnon","Arrondissement Bergen","Arrondissement de Mons","Provincie Henegouwen","Province du Hainaut","Waals Gewest","Région wallonne","<5"
"2020-04-05","53070","Saint-Ghislain","Saint-Ghislain","Arrondissement Bergen","Arrondissement de Mons","Provincie Henegouwen","Province du Hainaut","Waals Gewest","Région wallonne","5"
"2020-04-05","53082","Colfontaine","Colfontaine","Arrondissement Bergen","Arrondissement de Mons","Provincie Henegouwen","Province du Hainaut","Waals Gewest","Région wallonne","<5"
"2020-04-05","53084","Quévy","Quévy","Arrondissement Bergen","Arrondissement de Mons","Provincie Henegouwen","Province du Hainaut","Waals Gewest","Région wallonne","<5"
"2020-04-05","55004","’s Gravenbrakel","Braine-le-Comte","Arrondissement Zinnik","Arrondissement de Soignies","Provincie Henegouwen","Province du Hainaut","Waals Gewest","Région wallonne","<5"
"2020-04-05","55035","Le Roeulx","Le Roeulx","Arrondissement Zinnik","Arrondissement de Soignies","Provincie Henegouwen","Province du Hainaut","Waals Gewest","Région wallonne","<5"
"2020-04-05","55040","Zinnik","Soignies","Arrondissement Zinnik","Arrondissement de Soignies","Provincie Henegouwen","Province du Hainaut","Waals Gewest","Région wallonne","<5"
"2020-04-05","55050","Ecaussinnes","Ecaussinnes","Arrondissement Zinnik","Arrondissement de Soignies","Provincie Henegouwen","Province du Hainaut","Waals Gewest","Région wallonne","<5"
"2020-04-05","56016","Chimay","Chimay","Arrondissement Thuin","Arrondissement de Thuin","Provincie Henegouwen","Province du Hainaut","Waals Gewest","Région wallonne","<5"
"2020-04-05","56044","Lobbes","Lobbes","Arrondissement Thuin","Arrondissement de Thuin","Provincie Henegouwen","Province du Hainaut","Waals Gewest","Région wallonne","<5"
"2020-04-05","56049","Merbes-le-Château","Merbes-le-Château","Arrondissement Thuin","Arrondissement de Thuin","Provincie Henegouwen","Province du Hainaut","Waals Gewest","Région wallonne","<5"
"2020-04-05","56078","Thuin","Thuin","Arrondissement Thuin","Arrondissement de Thuin","Provincie Henegouwen","Province du Hainaut","Waals Gewest","Région wallonne","<5"
"2020-04-05","56086","Ham-sur-Heure-Nalinnes","Ham-sur-Heure-Nalinnes","Arrondissement Thuin","Arrondissement de Thuin","Provincie Henegouwen","Province du Hainaut","Waals Gewest","Région wallonne","<5"
"2020-04-05","57003","Antoing","Antoing","Arrondissement Doornik-Moeskroen","Arrondissement de Tournai-Mouscron","Provincie Henegouwen","Province du Hainaut","Waals Gewest","Région wallonne","<5"
"2020-04-05","57018","Celles (Doornik)","Celles (Tournai)","Arrondissement Doornik-Moeskroen","Arrondissement de Tournai-Mouscron","Provincie Henegouwen","Province du Hainaut","Waals Gewest","Région wallonne","<5"
"2020-04-05","57072","Rumes","Rumes","Arrondissement Doornik-Moeskroen","Arrondissement de Tournai-Mouscron","Provincie Henegouwen","Province du Hainaut","Waals Gewest","Région wallonne","<5"
"2020-04-05","57081","Doornik","Tournai","Arrondissement Doornik-Moeskroen","Arrondissement de Tournai-Mouscron","Provincie Henegouwen","Province du Hainaut","Waals Gewest","Région wallonne","<5"
"2020-04-05","57096","Moeskroen","Mouscron","Arrondissement Doornik-Moeskroen","Arrondissement de Tournai-Mouscron","Provincie Henegouwen","Province du Hainaut","Waals Gewest","Région wallonne","<5"
"2020-04-05","57097","Komen-Waasten","Comines-Warneton","Arrondissement Doornik-Moeskroen","Arrondissement de Tournai-Mouscron","Provincie Henegouwen","Province du Hainaut","Waals Gewest","Région wallonne","<5"
"2020-04-05","58001","La Louvière","La Louvière","Arrondissement La Louvière","Arrondissement de La Louvière","Provincie Henegouwen","Province du Hainaut","Waals Gewest","Région wallonne","8"
"2020-04-05","58002","Binche","Binche","Arrondissement La Louvière","Arrondissement de La Louvière","Provincie Henegouwen","Province du Hainaut","Waals Gewest","Région wallonne","<5"
"2020-04-05","58004","Morlanwelz","Morlanwelz","Arrondissement La Louvière","Arrondissement de La Louvière","Provincie Henegouwen","Province du Hainaut","Waals Gewest","Région wallonne","<5"
"2020-04-05","61010","Burdinne","Burdinne","Arrondissement Hoei","Arrondissement de Huy","Provincie Luik","Province de Liège","Waals Gewest","Région wallonne","<5"
"2020-04-05","61043","Nandrin","Nandrin","Arrondissement Hoei","Arrondissement de Huy","Provincie Luik","Province de Liège","Waals Gewest","Région wallonne","<5"
"2020-04-05","61079","Anthisnes","Anthisnes","Arrondissement Hoei","Arrondissement de Huy","Provincie Luik","Province de Liège","Waals Gewest","Région wallonne","<5"
"2020-04-05","61080","Engis","Engis","Arrondissement Hoei","Arrondissement de Huy","Provincie Luik","Province de Liège","Waals Gewest","Région wallonne","<5"
"2020-04-05","61081","Tinlot","Tinlot","Arrondissement Hoei","Arrondissement de Huy","Provincie Luik","Province de Liège","Waals Gewest","Région wallonne","<5"
"2020-04-05","62003","Ans","Ans","Arrondissement Luik","Arrondissement de Liège","Provincie Luik","Province de Liège","Waals Gewest","Région wallonne","<5"
"2020-04-05","62006","Awans","Awans","Arrondissement Luik","Arrondissement de Liège","Provincie Luik","Province de Liège","Waals Gewest","Région wallonne","<5"
"2020-04-05","62009","Aywaille","Aywaille","Arrondissement Luik","Arrondissement de Liège","Provincie Luik","Province de Liège","Waals Gewest","Région wallonne","<5"
"2020-04-05","62011","Bitsingen","Bassenge","Arrondissement Luik","Arrondissement de Liège","Provincie Luik","Province de Liège","Waals Gewest","Région wallonne","<5"
"2020-04-05","62022","Chaudfontaine","Chaudfontaine","Arrondissement Luik","Arrondissement de Liège","Provincie Luik","Province de Liège","Waals Gewest","Région wallonne","<5"
"2020-04-05","62026","Comblain-au-Pont","Comblain-au-Pont","Arrondissement Luik","Arrondissement de Liège","Provincie Luik","Province de Liège","Waals Gewest","Région wallonne","<5"
"2020-04-05","62032","Esneux","Esneux","Arrondissement Luik","Arrondissement de Liège","Provincie Luik","Province de Liège","Waals Gewest","Région wallonne","<5"
"2020-04-05","62038","Fléron","Fléron","Arrondissement Luik","Arrondissement de Liège","Provincie Luik","Province de Liège","Waals Gewest","Région wallonne","<5"
"2020-04-05","62051","Herstal","Herstal","Arrondissement Luik","Arrondissement de Liège","Provincie Luik","Province de Liège","Waals Gewest","Région wallonne","<5"
"2020-04-05","62063","Luik","Liège","Arrondissement Luik","Arrondissement de Liège","Provincie Luik","Province de Liège","Waals Gewest","Région wallonne","27"
"2020-04-05","62079","Oupeye","Oupeye","Arrondissement Luik","Arrondissement de Liège","Provincie Luik","Province de Liège","Waals Gewest","Région wallonne","<5"
"2020-04-05","62096","Seraing","Seraing","Arrondissement Luik","Arrondissement de Liège","Provincie Luik","Province de Liège","Waals Gewest","Région wallonne","<5"
"2020-04-05","62099","Soumagne","Soumagne","Arrondissement Luik","Arrondissement de Liège","Provincie Luik","Province de Liège","Waals Gewest","Région wallonne","<5"
"2020-04-05","62100","Sprimont","Sprimont","Arrondissement Luik","Arrondissement de Liège","Provincie Luik","Province de Liège","Waals Gewest","Région wallonne","<5"
"2020-04-05","62108","Wezet","Visé","Arrondissement Luik","Arrondissement de Liège","Provincie Luik","Province de Liège","Waals Gewest","Région wallonne","<5"
"2020-04-05","62118","Grâce-Hollogne","Grâce-Hollogne","Arrondissement Luik","Arrondissement de Liège","Provincie Luik","Province de Liège","Waals Gewest","Région wallonne","<5"
"2020-04-05","62119","Blegny","Blegny","Arrondissement Luik","Arrondissement de Liège","Provincie Luik","Province de Liège","Waals Gewest","Région wallonne","<5"
"2020-04-05","62120","Flémalle","Flémalle","Arrondissement Luik","Arrondissement de Liège","Provincie Luik","Province de Liège","Waals Gewest","Région wallonne","<5"
"2020-04-05","62121","Neupré","Neupré","Arrondissement Luik","Arrondissement de Liège","Provincie Luik","Province de Liège","Waals Gewest","Région wallonne","<5"
"2020-04-05","63003","Aubel","Aubel","Arrondissement Verviers","Arrondissement de Verviers","Provincie Luik","Province de Liège","Waals Gewest","Région wallonne","<5"
"2020-04-05","63012","Büllingen","Bullange","Arrondissement Verviers","Arrondissement de Verviers","Provincie Luik","Province de Liège","Waals Gewest","Région wallonne","<5"
"2020-04-05","63038","Jalhay","Jalhay","Arrondissement Verviers","Arrondissement de Verviers","Provincie Luik","Province de Liège","Waals Gewest","Région wallonne","<5"
"2020-04-05","63045","Lierneux","Lierneux","Arrondissement Verviers","Arrondissement de Verviers","Provincie Luik","Province de Liège","Waals Gewest","Région wallonne","<5"
"2020-04-05","63049","Malmedy","Malmedy","Arrondissement Verviers","Arrondissement de Verviers","Provincie Luik","Province de Liège","Waals Gewest","Région wallonne","<5"
"2020-04-05","63058","Pepinster","Pepinster","Arrondissement Verviers","Arrondissement de Verviers","Provincie Luik","Province de Liège","Waals Gewest","Région wallonne","<5"
"2020-04-05","63072","Spa","Spa","Arrondissement Verviers","Arrondissement de Verviers","Provincie Luik","Province de Liège","Waals Gewest","Région wallonne","<5"
"2020-04-05","63073","Stavelot","Stavelot","Arrondissement Verviers","Arrondissement de Verviers","Provincie Luik","Province de Liège","Waals Gewest","Région wallonne","<5"
"2020-04-05","63076","Theux","Theux","Arrondissement Verviers","Arrondissement de Verviers","Provincie Luik","Province de Liège","Waals Gewest","Région wallonne","<5"
"2020-04-05","63079","Verviers","Verviers","Arrondissement Verviers","Arrondissement de Verviers","Provincie Luik","Province de Liège","Waals Gewest","Région wallonne","5"
"2020-04-05","63080","Weismes","Waimes","Arrondissement Verviers","Arrondissement de Verviers","Provincie Luik","Province de Liège","Waals Gewest","Région wallonne","<5"
"2020-04-05","64008","Berloz","Berloz","Arrondissement Borgworm","Arrondissement de Waremme","Provincie Luik","Province de Liège","Waals Gewest","Région wallonne","<5"
"2020-04-05","64023","Donceel","Donceel","Arrondissement Borgworm","Arrondissement de Waremme","Provincie Luik","Province de Liège","Waals Gewest","Région wallonne","<5"
"2020-04-05","64029","Geer","Geer","Arrondissement Borgworm","Arrondissement de Waremme","Provincie Luik","Province de Liège","Waals Gewest","Région wallonne","<5"
"2020-04-05","71004","Beringen","Beringen","Arrondissement Hasselt","Arrondissement de Hasselt","Provincie Limburg","Province du Limbourg","Vlaams Gewest","Région flamande","5"
"2020-04-05","71011","Diepenbeek","Diepenbeek","Arrondissement Hasselt","Arrondissement de Hasselt","Provincie Limburg","Province du Limbourg","Vlaams Gewest","Région flamande","<5"
"2020-04-05","71016","Genk","Genk","Arrondissement Hasselt","Arrondissement de Hasselt","Provincie Limburg","Province du Limbourg","Vlaams Gewest","Région flamande","7"
"2020-04-05","71022","Hasselt","Hasselt","Arrondissement Hasselt","Arrondissement de Hasselt","Provincie Limburg","Province du Limbourg","Vlaams Gewest","Région flamande","7"
"2020-04-05","71024","Herk-de-Stad","Herck-la-Ville","Arrondissement Hasselt","Arrondissement de Hasselt","Provincie Limburg","Province du Limbourg","Vlaams Gewest","Région flamande","<5"
"2020-04-05","71037","Lummen","Lummen","Arrondissement Hasselt","Arrondissement de Hasselt","Provincie Limburg","Province du Limbourg","Vlaams Gewest","Région flamande","<5"
"2020-04-05","71053","Sint-Truiden","Saint-Trond","Arrondissement Hasselt","Arrondissement de Hasselt","Provincie Limburg","Province du Limbourg","Vlaams Gewest","Région flamande","5"
"2020-04-05","71070","Heusden-Zolder","Heusden-Zolder","Arrondissement Hasselt","Arrondissement de Hasselt","Provincie Limburg","Province du Limbourg","Vlaams Gewest","Région flamande","<5"
"2020-04-05","72003","Bocholt","Bocholt","Arrondissement Maaseik","Arrondissement de Maaseik","Provincie Limburg","Province du Limbourg","Vlaams Gewest","Région flamande","<5"
"2020-04-05","72004","Bree","Bree","Arrondissement Maaseik","Arrondissement de Maaseik","Provincie Limburg","Province du Limbourg","Vlaams Gewest","Région flamande","<5"
"2020-04-05","72020","Lommel","Lommel","Arrondissement Maaseik","Arrondissement de Maaseik","Provincie Limburg","Province du Limbourg","Vlaams Gewest","Région flamande","<5"
"2020-04-05","72039","Houthalen-Helchteren","Houthalen-Helchteren","Arrondissement Maaseik","Arrondissement de Maaseik","Provincie Limburg","Province du Limbourg","Vlaams Gewest","Région flamande","<5"
"2020-04-05","72042","Oudsbergen","Oudsbergen","Arrondissement Maaseik","Arrondissement de Maaseik","Provincie Limburg","Province du Limbourg","Vlaams Gewest","Région flamande","<5"
"2020-04-05","73001","Alken","Alken","Arrondissement Tongeren","Arrondissement de Tongres","Provincie Limburg","Province du Limbourg","Vlaams Gewest","Région flamande","<5"
"2020-04-05","73006","Bilzen","Bilzen","Arrondissement Tongeren","Arrondissement de Tongres","Provincie Limburg","Province du Limbourg","Vlaams Gewest","Région flamande","<5"
"2020-04-05","73009","Borgloon","Looz","Arrondissement Tongeren","Arrondissement de Tongres","Provincie Limburg","Province du Limbourg","Vlaams Gewest","Région flamande","<5"
"2020-04-05","73083","Tongeren","Tongres","Arrondissement Tongeren","Arrondissement de Tongres","Provincie Limburg","Province du Limbourg","Vlaams Gewest","Région flamande","<5"
"2020-04-05","73107","Maasmechelen","Maasmechelen","Arrondissement Tongeren","Arrondissement de Tongres","Provincie Limburg","Province du Limbourg","Vlaams Gewest","Région flamande","<5"
"2020-04-05","81001","Aarlen","Arlon","Arrondissement Aarlen","Arrondissement d’Arlon","Provincie Luxemburg","Province du Luxembourg","Waals Gewest","Région wallonne","<5"
"2020-04-05","81003","Attert","Attert","Arrondissement Aarlen","Arrondissement d’Arlon","Provincie Luxemburg","Province du Luxembourg","Waals Gewest","Région wallonne","<5"
"2020-04-05","82003","Bastenaken","Bastogne","Arrondissement Bastenaken","Arrondissement de Bastogne","Provincie Luxemburg","Province du Luxembourg","Waals Gewest","Région wallonne","<5"
"2020-04-05","83044","Rendeux","Rendeux","Arrondissement Marche-en-Famenne","Arrondissement de Marche-en-Famenne","Provincie Luxemburg","Province du Luxembourg","Waals Gewest","Région wallonne","<5"
"2020-04-05","84009","Bertrix","Bertrix","Arrondissement Neufchâteau","Arrondissement de Neufchâteau","Provincie Luxemburg","Province du Luxembourg","Waals Gewest","Région wallonne","<5"
"2020-04-05","84035","Libin","Libin","Arrondissement Neufchâteau","Arrondissement de Neufchâteau","Provincie Luxemburg","Province du Luxembourg","Waals Gewest","Région wallonne","<5"
"2020-04-05","84077","Libramont-Chevigny","Libramont-Chevigny","Arrondissement Neufchâteau","Arrondissement de Neufchâteau","Provincie Luxemburg","Province du Luxembourg","Waals Gewest","Région wallonne","<5"
"2020-04-05","85007","Chiny","Chiny","Arrondissement Virton","Arrondissement de Virton","Provincie Luxemburg","Province du Luxembourg","Waals Gewest","Région wallonne","<5"
"2020-04-05","85034","Saint-Léger (Virton)","Saint-Léger (Virton)","Arrondissement Virton","Arrondissement de Virton","Provincie Luxemburg","Province du Luxembourg","Waals Gewest","Région wallonne","<5"
"2020-04-05","85045","Virton","Virton","Arrondissement Virton","Arrondissement de Virton","Provincie Luxemburg","Province du Luxembourg","Waals Gewest","Région wallonne","<5"
"2020-04-05","91005","Anhée","Anhée","Arrondissement Dinant","Arrondissement de Dinant","Provincie Namen","Province de Namur","Waals Gewest","Région wallonne","<5"
"2020-04-05","91034","Dinant","Dinant","Arrondissement Dinant","Arrondissement de Dinant","Provincie Namen","Province de Namur","Waals Gewest","Région wallonne","<5"
"2020-04-05","91064","Havelange","Havelange","Arrondissement Dinant","Arrondissement de Dinant","Provincie Namen","Province de Namur","Waals Gewest","Région wallonne","<5"
"2020-04-05","92003","Andenne","Andenne","Arrondissement Namen","Arrondissement de Namur","Provincie Namen","Province de Namur","Waals Gewest","Région wallonne","<5"
"2020-04-05","92048","Fosses-la-Ville","Fosses-la-Ville","Arrondissement Namen","Arrondissement de Namur","Provincie Namen","Province de Namur","Waals Gewest","Région wallonne","<5"
"2020-04-05","92054","Gesves","Gesves","Arrondissement Namen","Arrondissement de Namur","Provincie Namen","Province de Namur","Waals Gewest","Région wallonne","<5"
"2020-04-05","92094","Namen","Namur","Arrondissement Namen","Arrondissement de Namur","Provincie Namen","Province de Namur","Waals Gewest","Région wallonne","<5"
"2020-04-05","92101","Profondeville","Profondeville","Arrondissement Namen","Arrondissement de Namur","Provincie Namen","Province de Namur","Waals Gewest","Région wallonne","<5"
"2020-04-05","92137","Sambreville","Sambreville","Arrondissement Namen","Arrondissement de Namur","Provincie Namen","Province de Namur","Waals Gewest","Région wallonne","<5"
"2020-04-05","92140","Jemeppe-sur-Sambre","Jemeppe-sur-Sambre","Arrondissement Namen","Arrondissement de Namur","Provincie Namen","Province de Namur","Waals Gewest","Région wallonne","<5"
"2020-04-05","92142","Gembloux","Gembloux","Arrondissement Namen","Arrondissement de Namur","Provincie Namen","Province de Namur","Waals Gewest","Région wallonne","<5"
"2020-04-05","93010","Cerfontaine","Cerfontaine","Arrondissement Philippeville","Arrondissement de Philippeville","Provincie Namen","Province de Namur","Waals Gewest","Région wallonne","<5"
"2020-04-05","93014","Couvin","Couvin","Arrondissement Philippeville","Arrondissement de Philippeville","Provincie Namen","Province de Namur","Waals Gewest","Région wallonne","17"
"2020-04-05","93018","Doische","Doische","Arrondissement Philippeville","Arrondissement de Philippeville","Provincie Namen","Province de Namur","Waals Gewest","Région wallonne","<5"
"2020-04-05","93022","Florennes","Florennes","Arrondissement Philippeville","Arrondissement de Philippeville","Provincie Namen","Province de Namur","Waals Gewest","Région wallonne","<5"
"2020-04-05","93088","Walcourt","Walcourt","Arrondissement Philippeville","Arrondissement de Philippeville","Provincie Namen","Province de Namur","Waals Gewest","Région wallonne","<5"
"2020-04-05",NA,NA,NA,NA,NA,NA,NA,NA,NA,"23"
"2020-04-06","11001","Aartselaar","Aartselaar","Arrondissement Antwerpen","Arrondissement d’Anvers","Provincie Antwerpen","Province d’Anvers","Vlaams Gewest","Région flamande","<5"
"2020-04-06","11002","Antwerpen","Anvers","Arrondissement Antwerpen","Arrondissement d’Anvers","Provincie Antwerpen","Province d’Anvers","Vlaams Gewest","Région flamande","70"
"2020-04-06","11004","Boechout","Boechout","Arrondissement Antwerpen","Arrondissement d’Anvers","Provincie Antwerpen","Province d’Anvers","Vlaams Gewest","Région flamande","<5"
"2020-04-06","11005","Boom","Boom","Arrondissement Antwerpen","Arrondissement d’Anvers","Provincie Antwerpen","Province d’Anvers","Vlaams Gewest","Région flamande","<5"
"2020-04-06","11007","Borsbeek","Borsbeek","Arrondissement Antwerpen","Arrondissement d’Anvers","Provincie Antwerpen","Province d’Anvers","Vlaams Gewest","Région flamande","5"
"2020-04-06","11008","Brasschaat","Brasschaat","Arrondissement Antwerpen","Arrondissement d’Anvers","Provincie Antwerpen","Province d’Anvers","Vlaams Gewest","Région flamande","5"
"2020-04-06","11009","Brecht","Brecht","Arrondissement Antwerpen","Arrondissement d’Anvers","Provincie Antwerpen","Province d’Anvers","Vlaams Gewest","Région flamande","<5"
"2020-04-06","11013","Edegem","Edegem","Arrondissement Antwerpen","Arrondissement d’Anvers","Provincie Antwerpen","Province d’Anvers","Vlaams Gewest","Région flamande","<5"
"2020-04-06","11016","Essen","Essen","Arrondissement Antwerpen","Arrondissement d’Anvers","Provincie Antwerpen","Province d’Anvers","Vlaams Gewest","Région flamande","<5"
"2020-04-06","11018","Hemiksem","Hemiksem","Arrondissement Antwerpen","Arrondissement d’Anvers","Provincie Antwerpen","Province d’Anvers","Vlaams Gewest","Région flamande","<5"
"2020-04-06","11021","Hove (Antwerpen)","Hove (Anvers)","Arrondissement Antwerpen","Arrondissement d’Anvers","Provincie Antwerpen","Province d’Anvers","Vlaams Gewest","Région flamande","<5"
"2020-04-06","11022","Kalmthout","Kalmthout","Arrondissement Antwerpen","Arrondissement d’Anvers","Provincie Antwerpen","Province d’Anvers","Vlaams Gewest","Région flamande","<5"
"2020-04-06","11023","Kapellen (Antwerpen)","Kapellen (Anvers)","Arrondissement Antwerpen","Arrondissement d’Anvers","Provincie Antwerpen","Province d’Anvers","Vlaams Gewest","Région flamande","<5"
"2020-04-06","11024","Kontich","Kontich","Arrondissement Antwerpen","Arrondissement d’Anvers","Provincie Antwerpen","Province d’Anvers","Vlaams Gewest","Région flamande","<5"
"2020-04-06","11029","Mortsel","Mortsel","Arrondissement Antwerpen","Arrondissement d’Anvers","Provincie Antwerpen","Province d’Anvers","Vlaams Gewest","Région flamande","<5"
"2020-04-06","11030","Niel","Niel","Arrondissement Antwerpen","Arrondissement d’Anvers","Provincie Antwerpen","Province d’Anvers","Vlaams Gewest","Région flamande","<5"
"2020-04-06","11035","Ranst","Ranst","Arrondissement Antwerpen","Arrondissement d’Anvers","Provincie Antwerpen","Province d’Anvers","Vlaams Gewest","Région flamande","<5"
"2020-04-06","11037","Rumst","Rumst","Arrondissement Antwerpen","Arrondissement d’Anvers","Provincie Antwerpen","Province d’Anvers","Vlaams Gewest","Région flamande","<5"
"2020-04-06","11038","Schelle","Schelle","Arrondissement Antwerpen","Arrondissement d’Anvers","Provincie Antwerpen","Province d’Anvers","Vlaams Gewest","Région flamande","<5"
"2020-04-06","11039","Schilde","Schilde","Arrondissement Antwerpen","Arrondissement d’Anvers","Provincie Antwerpen","Province d’Anvers","Vlaams Gewest","Région flamande","9"
"2020-04-06","11040","Schoten","Schoten","Arrondissement Antwerpen","Arrondissement d’Anvers","Provincie Antwerpen","Province d’Anvers","Vlaams Gewest","Région flamande","<5"
"2020-04-06","11044","Stabroek","Stabroek","Arrondissement Antwerpen","Arrondissement d’Anvers","Provincie Antwerpen","Province d’Anvers","Vlaams Gewest","Région flamande","<5"
"2020-04-06","11050","Wijnegem","Wijnegem","Arrondissement Antwerpen","Arrondissement d’Anvers","Provincie Antwerpen","Province d’Anvers","Vlaams Gewest","Région flamande","<5"
"2020-04-06","11052","Wommelgem","Wommelgem","Arrondissement Antwerpen","Arrondissement d’Anvers","Provincie Antwerpen","Province d’Anvers","Vlaams Gewest","Région flamande","<5"
"2020-04-06","11054","Zandhoven","Zandhoven","Arrondissement Antwerpen","Arrondissement d’Anvers","Provincie Antwerpen","Province d’Anvers","Vlaams Gewest","Région flamande","6"
"2020-04-06","11055","Zoersel","Zoersel","Arrondissement Antwerpen","Arrondissement d’Anvers","Provincie Antwerpen","Province d’Anvers","Vlaams Gewest","Région flamande","<5"
"2020-04-06","11056","Zwijndrecht","Zwijndrecht","Arrondissement Antwerpen","Arrondissement d’Anvers","Provincie Antwerpen","Province d’Anvers","Vlaams Gewest","Région flamande","<5"
"2020-04-06","12005","Bonheiden","Bonheiden","Arrondissement Mechelen","Arrondissement de Malines","Provincie Antwerpen","Province d’Anvers","Vlaams Gewest","Région flamande","<5"
"2020-04-06","12007","Bornem","Bornem","Arrondissement Mechelen","Arrondissement de Malines","Provincie Antwerpen","Province d’Anvers","Vlaams Gewest","Région flamande","<5"
"2020-04-06","12009","Duffel","Duffel","Arrondissement Mechelen","Arrondissement de Malines","Provincie Antwerpen","Province d’Anvers","Vlaams Gewest","Région flamande","<5"
"2020-04-06","12014","Heist-op-den-Berg","Heist-op-den-Berg","Arrondissement Mechelen","Arrondissement de Malines","Provincie Antwerpen","Province d’Anvers","Vlaams Gewest","Région flamande","5"
"2020-04-06","12021","Lier","Lierre","Arrondissement Mechelen","Arrondissement de Malines","Provincie Antwerpen","Province d’Anvers","Vlaams Gewest","Région flamande","5"
"2020-04-06","12025","Mechelen","Malines","Arrondissement Mechelen","Arrondissement de Malines","Provincie Antwerpen","Province d’Anvers","Vlaams Gewest","Région flamande","17"
"2020-04-06","12026","Nijlen","Nijlen","Arrondissement Mechelen","Arrondissement de Malines","Provincie Antwerpen","Province d’Anvers","Vlaams Gewest","Région flamande","<5"
"2020-04-06","12029","Putte","Putte","Arrondissement Mechelen","Arrondissement de Malines","Provincie Antwerpen","Province d’Anvers","Vlaams Gewest","Région flamande","<5"
"2020-04-06","12035","Sint-Katelijne-Waver","Sint-Katelijne-Waver","Arrondissement Mechelen","Arrondissement de Malines","Provincie Antwerpen","Province d’Anvers","Vlaams Gewest","Région flamande","8"
"2020-04-06","12040","Willebroek","Willebroek","Arrondissement Mechelen","Arrondissement de Malines","Provincie Antwerpen","Province d’Anvers","Vlaams Gewest","Région flamande","<5"
"2020-04-06","12041","Puurs-Sint-Amands","Puurs-Sint-Amands","Arrondissement Mechelen","Arrondissement de Malines","Provincie Antwerpen","Province d’Anvers","Vlaams Gewest","Région flamande","6"
"2020-04-06","13001","Arendonk","Arendonk","Arrondissement Turnhout","Arrondissement de Turnhout","Provincie Antwerpen","Province d’Anvers","Vlaams Gewest","Région flamande","<5"
"2020-04-06","13002","Baarle-Hertog","Baerle-Duc","Arrondissement Turnhout","Arrondissement de Turnhout","Provincie Antwerpen","Province d’Anvers","Vlaams Gewest","Région flamande","<5"
"2020-04-06","13003","Balen","Balen","Arrondissement Turnhout","Arrondissement de Turnhout","Provincie Antwerpen","Province d’Anvers","Vlaams Gewest","Région flamande","<5"
"2020-04-06","13004","Beerse","Beerse","Arrondissement Turnhout","Arrondissement de Turnhout","Provincie Antwerpen","Province d’Anvers","Vlaams Gewest","Région flamande","<5"
"2020-04-06","13006","Dessel","Dessel","Arrondissement Turnhout","Arrondissement de Turnhout","Provincie Antwerpen","Province d’Anvers","Vlaams Gewest","Région flamande","<5"
"2020-04-06","13008","Geel","Geel","Arrondissement Turnhout","Arrondissement de Turnhout","Provincie Antwerpen","Province d’Anvers","Vlaams Gewest","Région flamande","<5"
"2020-04-06","13010","Grobbendonk","Grobbendonk","Arrondissement Turnhout","Arrondissement de Turnhout","Provincie Antwerpen","Province d’Anvers","Vlaams Gewest","Région flamande","<5"
"2020-04-06","13011","Herentals","Herentals","Arrondissement Turnhout","Arrondissement de Turnhout","Provincie Antwerpen","Province d’Anvers","Vlaams Gewest","Région flamande","<5"
"2020-04-06","13012","Herenthout","Herenthout","Arrondissement Turnhout","Arrondissement de Turnhout","Provincie Antwerpen","Province d’Anvers","Vlaams Gewest","Région flamande","<5"
"2020-04-06","13013","Herselt","Herselt","Arrondissement Turnhout","Arrondissement de Turnhout","Provincie Antwerpen","Province d’Anvers","Vlaams Gewest","Région flamande","<5"
"2020-04-06","13014","Hoogstraten","Hoogstraten","Arrondissement Turnhout","Arrondissement de Turnhout","Provincie Antwerpen","Province d’Anvers","Vlaams Gewest","Région flamande","<5"
"2020-04-06","13016","Hulshout","Hulshout","Arrondissement Turnhout","Arrondissement de Turnhout","Provincie Antwerpen","Province d’Anvers","Vlaams Gewest","Région flamande","<5"
"2020-04-06","13017","Kasterlee","Kasterlee","Arrondissement Turnhout","Arrondissement de Turnhout","Provincie Antwerpen","Province d’Anvers","Vlaams Gewest","Région flamande","<5"
"2020-04-06","13019","Lille","Lille","Arrondissement Turnhout","Arrondissement de Turnhout","Provincie Antwerpen","Province d’Anvers","Vlaams Gewest","Région flamande","<5"
"2020-04-06","13021","Meerhout","Meerhout","Arrondissement Turnhout","Arrondissement de Turnhout","Provincie Antwerpen","Province d’Anvers","Vlaams Gewest","Région flamande","<5"
"2020-04-06","13023","Merksplas","Merksplas","Arrondissement Turnhout","Arrondissement de Turnhout","Provincie Antwerpen","Province d’Anvers","Vlaams Gewest","Région flamande","<5"
"2020-04-06","13025","Mol","Mol","Arrondissement Turnhout","Arrondissement de Turnhout","Provincie Antwerpen","Province d’Anvers","Vlaams Gewest","Région flamande","<5"
"2020-04-06","13029","Olen","Olen","Arrondissement Turnhout","Arrondissement de Turnhout","Provincie Antwerpen","Province d’Anvers","Vlaams Gewest","Région flamande","<5"
"2020-04-06","13035","Ravels","Ravels","Arrondissement Turnhout","Arrondissement de Turnhout","Provincie Antwerpen","Province d’Anvers","Vlaams Gewest","Région flamande","<5"
"2020-04-06","13037","Rijkevorsel","Rijkevorsel","Arrondissement Turnhout","Arrondissement de Turnhout","Provincie Antwerpen","Province d’Anvers","Vlaams Gewest","Région flamande","<5"
"2020-04-06","13040","Turnhout","Turnhout","Arrondissement Turnhout","Arrondissement de Turnhout","Provincie Antwerpen","Province d’Anvers","Vlaams Gewest","Région flamande","<5"
"2020-04-06","13044","Vorselaar","Vorselaar","Arrondissement Turnhout","Arrondissement de Turnhout","Provincie Antwerpen","Province d’Anvers","Vlaams Gewest","Région flamande","<5"
"2020-04-06","13049","Westerlo","Westerlo","Arrondissement Turnhout","Arrondissement de Turnhout","Provincie Antwerpen","Province d’Anvers","Vlaams Gewest","Région flamande","<5"
"2020-04-06","13053","Laakdal","Laakdal","Arrondissement Turnhout","Arrondissement de Turnhout","Provincie Antwerpen","Province d’Anvers","Vlaams Gewest","Région flamande","<5"
"2020-04-06","21001","Anderlecht","Anderlecht","Arrondissement Brussel-Hoofdstad","Arrondissement de Bruxelles-Capitale",NA,NA,"Brussels Hoofdstedelijk Gewest","Région de Bruxelles-Capitale","22"
"2020-04-06","21002","Oudergem","Auderghem","Arrondissement Brussel-Hoofdstad","Arrondissement de Bruxelles-Capitale",NA,NA,"Brussels Hoofdstedelijk Gewest","Région de Bruxelles-Capitale","<5"
"2020-04-06","21003","Sint-Agatha-Berchem","Berchem-Sainte-Agathe","Arrondissement Brussel-Hoofdstad","Arrondissement de Bruxelles-Capitale",NA,NA,"Brussels Hoofdstedelijk Gewest","Région de Bruxelles-Capitale","7"
"2020-04-06","21004","Brussel","Bruxelles","Arrondissement Brussel-Hoofdstad","Arrondissement de Bruxelles-Capitale",NA,NA,"Brussels Hoofdstedelijk Gewest","Région de Bruxelles-Capitale","27"
"2020-04-06","21005","Etterbeek","Etterbeek","Arrondissement Brussel-Hoofdstad","Arrondissement de Bruxelles-Capitale",NA,NA,"Brussels Hoofdstedelijk Gewest","Région de Bruxelles-Capitale","8"
"2020-04-06","21006","Evere","Evere","Arrondissement Brussel-Hoofdstad","Arrondissement de Bruxelles-Capitale",NA,NA,"Brussels Hoofdstedelijk Gewest","Région de Bruxelles-Capitale","<5"
"2020-04-06","21007","Vorst (Brussel-Hoofdstad)","Forest (Bruxelles-Capitale)","Arrondissement Brussel-Hoofdstad","Arrondissement de Bruxelles-Capitale",NA,NA,"Brussels Hoofdstedelijk Gewest","Région de Bruxelles-Capitale","8"
"2020-04-06","21008","Ganshoren","Ganshoren","Arrondissement Brussel-Hoofdstad","Arrondissement de Bruxelles-Capitale",NA,NA,"Brussels Hoofdstedelijk Gewest","Région de Bruxelles-Capitale","6"
"2020-04-06","21009","Elsene","Ixelles","Arrondissement Brussel-Hoofdstad","Arrondissement de Bruxelles-Capitale",NA,NA,"Brussels Hoofdstedelijk Gewest","Région de Bruxelles-Capitale","12"
"2020-04-06","21010","Jette","Jette","Arrondissement Brussel-Hoofdstad","Arrondissement de Bruxelles-Capitale",NA,NA,"Brussels Hoofdstedelijk Gewest","Région de Bruxelles-Capitale","<5"
"2020-04-06","21011","Koekelberg","Koekelberg","Arrondissement Brussel-Hoofdstad","Arrondissement de Bruxelles-Capitale",NA,NA,"Brussels Hoofdstedelijk Gewest","Région de Bruxelles-Capitale","<5"
"2020-04-06","21012","Sint-Jans-Molenbeek","Molenbeek-Saint-Jean","Arrondissement Brussel-Hoofdstad","Arrondissement de Bruxelles-Capitale",NA,NA,"Brussels Hoofdstedelijk Gewest","Région de Bruxelles-Capitale","17"
"2020-04-06","21013","Sint-Gillis","Saint-Gilles","Arrondissement Brussel-Hoofdstad","Arrondissement de Bruxelles-Capitale",NA,NA,"Brussels Hoofdstedelijk Gewest","Région de Bruxelles-Capitale","<5"
"2020-04-06","21015","Schaarbeek","Schaerbeek","Arrondissement Brussel-Hoofdstad","Arrondissement de Bruxelles-Capitale",NA,NA,"Brussels Hoofdstedelijk Gewest","Région de Bruxelles-Capitale","13"
"2020-04-06","21016","Ukkel","Uccle","Arrondissement Brussel-Hoofdstad","Arrondissement de Bruxelles-Capitale",NA,NA,"Brussels Hoofdstedelijk Gewest","Région de Bruxelles-Capitale","18"
"2020-04-06","21017","Watermaal-Bosvoorde","Watermael-Boitsfort","Arrondissement Brussel-Hoofdstad","Arrondissement de Bruxelles-Capitale",NA,NA,"Brussels Hoofdstedelijk Gewest","Région de Bruxelles-Capitale","<5"
"2020-04-06","21018","Sint-Lambrechts-Woluwe","Woluwe-Saint-Lambert","Arrondissement Brussel-Hoofdstad","Arrondissement de Bruxelles-Capitale",NA,NA,"Brussels Hoofdstedelijk Gewest","Région de Bruxelles-Capitale","8"
"2020-04-06","21019","Sint-Pieters-Woluwe","Woluwe-Saint-Pierre","Arrondissement Brussel-Hoofdstad","Arrondissement de Bruxelles-Capitale",NA,NA,"Brussels Hoofdstedelijk Gewest","Région de Bruxelles-Capitale","5"
"2020-04-06","23002","Asse","Asse","Arrondissement Halle-Vilvoorde","Arrondissement de Hal-Vilvorde","Provincie Vlaams-Brabant","Province du Brabant flamand","Vlaams Gewest","Région flamande","<5"
"2020-04-06","23003","Beersel","Beersel","Arrondissement Halle-Vilvoorde","Arrondissement de Hal-Vilvorde","Provincie Vlaams-Brabant","Province du Brabant flamand","Vlaams Gewest","Région flamande","<5"
"2020-04-06","23016","Dilbeek","Dilbeek","Arrondissement Halle-Vilvoorde","Arrondissement de Hal-Vilvorde","Provincie Vlaams-Brabant","Province du Brabant flamand","Vlaams Gewest","Région flamande","<5"
"2020-04-06","23023","Galmaarden","Gammerages","Arrondissement Halle-Vilvoorde","Arrondissement de Hal-Vilvorde","Provincie Vlaams-Brabant","Province du Brabant flamand","Vlaams Gewest","Région flamande","<5"
"2020-04-06","23024","Gooik","Gooik","Arrondissement Halle-Vilvoorde","Arrondissement de Hal-Vilvorde","Provincie Vlaams-Brabant","Province du Brabant flamand","Vlaams Gewest","Région flamande","<5"
"2020-04-06","23025","Grimbergen","Grimbergen","Arrondissement Halle-Vilvoorde","Arrondissement de Hal-Vilvorde","Provincie Vlaams-Brabant","Province du Brabant flamand","Vlaams Gewest","Région flamande","8"
"2020-04-06","23027","Halle (Halle-Vilvoorde)","Hal (Hal-Vilvorde)","Arrondissement Halle-Vilvoorde","Arrondissement de Hal-Vilvorde","Provincie Vlaams-Brabant","Province du Brabant flamand","Vlaams Gewest","Région flamande","5"
"2020-04-06","23032","Herne","Herne","Arrondissement Halle-Vilvoorde","Arrondissement de Hal-Vilvorde","Provincie Vlaams-Brabant","Province du Brabant flamand","Vlaams Gewest","Région flamande","<5"
"2020-04-06","23033","Hoeilaart","Hoeilaart","Arrondissement Halle-Vilvoorde","Arrondissement de Hal-Vilvorde","Provincie Vlaams-Brabant","Province du Brabant flamand","Vlaams Gewest","Région flamande","<5"
"2020-04-06","23038","Kampenhout","Kampenhout","Arrondissement Halle-Vilvoorde","Arrondissement de Hal-Vilvorde","Provincie Vlaams-Brabant","Province du Brabant flamand","Vlaams Gewest","Région flamande","<5"
"2020-04-06","23039","Kapelle-op-den-Bos","Kapelle-op-den-Bos","Arrondissement Halle-Vilvoorde","Arrondissement de Hal-Vilvorde","Provincie Vlaams-Brabant","Province du Brabant flamand","Vlaams Gewest","Région flamande","<5"
"2020-04-06","23044","Liedekerke","Liedekerke","Arrondissement Halle-Vilvoorde","Arrondissement de Hal-Vilvorde","Provincie Vlaams-Brabant","Province du Brabant flamand","Vlaams Gewest","Région flamande","<5"
"2020-04-06","23045","Londerzeel","Londerzeel","Arrondissement Halle-Vilvoorde","Arrondissement de Hal-Vilvorde","Provincie Vlaams-Brabant","Province du Brabant flamand","Vlaams Gewest","Région flamande","<5"
"2020-04-06","23047","Machelen (Halle-Vilvoorde)","Machelen (Hal-Vilvorde)","Arrondissement Halle-Vilvoorde","Arrondissement de Hal-Vilvorde","Provincie Vlaams-Brabant","Province du Brabant flamand","Vlaams Gewest","Région flamande","<5"
"2020-04-06","23050","Meise","Meise","Arrondissement Halle-Vilvoorde","Arrondissement de Hal-Vilvorde","Provincie Vlaams-Brabant","Province du Brabant flamand","Vlaams Gewest","Région flamande","8"
"2020-04-06","23052","Merchtem","Merchtem","Arrondissement Halle-Vilvoorde","Arrondissement de Hal-Vilvorde","Provincie Vlaams-Brabant","Province du Brabant flamand","Vlaams Gewest","Région flamande","<5"
"2020-04-06","23060","Opwijk","Opwijk","Arrondissement Halle-Vilvoorde","Arrondissement de Hal-Vilvorde","Provincie Vlaams-Brabant","Province du Brabant flamand","Vlaams Gewest","Région flamande","<5"
"2020-04-06","23062","Overijse","Overijse","Arrondissement Halle-Vilvoorde","Arrondissement de Hal-Vilvorde","Provincie Vlaams-Brabant","Province du Brabant flamand","Vlaams Gewest","Région flamande","<5"
"2020-04-06","23064","Pepingen","Pepingen","Arrondissement Halle-Vilvoorde","Arrondissement de Hal-Vilvorde","Provincie Vlaams-Brabant","Province du Brabant flamand","Vlaams Gewest","Région flamande","<5"
"2020-04-06","23077","Sint-Pieters-Leeuw","Sint-Pieters-Leeuw","Arrondissement Halle-Vilvoorde","Arrondissement de Hal-Vilvorde","Provincie Vlaams-Brabant","Province du Brabant flamand","Vlaams Gewest","Région flamande","<5"
"2020-04-06","23081","Steenokkerzeel","Steenokkerzeel","Arrondissement Halle-Vilvoorde","Arrondissement de Hal-Vilvorde","Provincie Vlaams-Brabant","Province du Brabant flamand","Vlaams Gewest","Région flamande","<5"
"2020-04-06","23086","Ternat","Ternat","Arrondissement Halle-Vilvoorde","Arrondissement de Hal-Vilvorde","Provincie Vlaams-Brabant","Province du Brabant flamand","Vlaams Gewest","Région flamande","5"
"2020-04-06","23088","Vilvoorde","Vilvorde","Arrondissement Halle-Vilvoorde","Arrondissement de Hal-Vilvorde","Provincie Vlaams-Brabant","Province du Brabant flamand","Vlaams Gewest","Région flamande","8"
"2020-04-06","23094","Zaventem","Zaventem","Arrondissement Halle-Vilvoorde","Arrondissement de Hal-Vilvorde","Provincie Vlaams-Brabant","Province du Brabant flamand","Vlaams Gewest","Région flamande","6"
"2020-04-06","23096","Zemst","Zemst","Arrondissement Halle-Vilvoorde","Arrondissement de Hal-Vilvorde","Provincie Vlaams-Brabant","Province du Brabant flamand","Vlaams Gewest","Région flamande","<5"
"2020-04-06","23097","Roosdaal","Roosdaal","Arrondissement Halle-Vilvoorde","Arrondissement de Hal-Vilvorde","Provincie Vlaams-Brabant","Province du Brabant flamand","Vlaams Gewest","Région flamande","<5"
"2020-04-06","23098","Drogenbos","Drogenbos","Arrondissement Halle-Vilvoorde","Arrondissement de Hal-Vilvorde","Provincie Vlaams-Brabant","Province du Brabant flamand","Vlaams Gewest","Région flamande","<5"
"2020-04-06","23099","Kraainem","Kraainem","Arrondissement Halle-Vilvoorde","Arrondissement de Hal-Vilvorde","Provincie Vlaams-Brabant","Province du Brabant flamand","Vlaams Gewest","Région flamande","<5"
"2020-04-06","23101","Sint-Genesius-Rode","Rhode-Saint-Genèse","Arrondissement Halle-Vilvoorde","Arrondissement de Hal-Vilvorde","Provincie Vlaams-Brabant","Province du Brabant flamand","Vlaams Gewest","Région flamande","<5"
"2020-04-06","23102","Wemmel","Wemmel","Arrondissement Halle-Vilvoorde","Arrondissement de Hal-Vilvorde","Provincie Vlaams-Brabant","Province du Brabant flamand","Vlaams Gewest","Région flamande","<5"
"2020-04-06","23104","Lennik","Lennik","Arrondissement Halle-Vilvoorde","Arrondissement de Hal-Vilvorde","Provincie Vlaams-Brabant","Province du Brabant flamand","Vlaams Gewest","Région flamande","<5"
"2020-04-06","24001","Aarschot","Aarschot","Arrondissement Leuven","Arrondissement de Louvain","Provincie Vlaams-Brabant","Province du Brabant flamand","Vlaams Gewest","Région flamande","9"
"2020-04-06","24007","Begijnendijk","Begijnendijk","Arrondissement Leuven","Arrondissement de Louvain","Provincie Vlaams-Brabant","Province du Brabant flamand","Vlaams Gewest","Région flamande","<5"
"2020-04-06","24008","Bekkevoort","Bekkevoort","Arrondissement Leuven","Arrondissement de Louvain","Provincie Vlaams-Brabant","Province du Brabant flamand","Vlaams Gewest","Région flamande","<5"
"2020-04-06","24009","Bertem","Bertem","Arrondissement Leuven","Arrondissement de Louvain","Provincie Vlaams-Brabant","Province du Brabant flamand","Vlaams Gewest","Région flamande","<5"
"2020-04-06","24016","Boutersem","Boutersem","Arrondissement Leuven","Arrondissement de Louvain","Provincie Vlaams-Brabant","Province du Brabant flamand","Vlaams Gewest","Région flamande","7"
"2020-04-06","24020","Diest","Diest","Arrondissement Leuven","Arrondissement de Louvain","Provincie Vlaams-Brabant","Province du Brabant flamand","Vlaams Gewest","Région flamande","8"
"2020-04-06","24028","Geetbets","Geetbets","Arrondissement Leuven","Arrondissement de Louvain","Provincie Vlaams-Brabant","Province du Brabant flamand","Vlaams Gewest","Région flamande","6"
"2020-04-06","24033","Haacht","Haacht","Arrondissement Leuven","Arrondissement de Louvain","Provincie Vlaams-Brabant","Province du Brabant flamand","Vlaams Gewest","Région flamande","<5"
"2020-04-06","24038","Herent","Herent","Arrondissement Leuven","Arrondissement de Louvain","Provincie Vlaams-Brabant","Province du Brabant flamand","Vlaams Gewest","Région flamande","5"
"2020-04-06","24041","Hoegaarden","Hoegaarden","Arrondissement Leuven","Arrondissement de Louvain","Provincie Vlaams-Brabant","Province du Brabant flamand","Vlaams Gewest","Région flamande","<5"
"2020-04-06","24045","Huldenberg","Huldenberg","Arrondissement Leuven","Arrondissement de Louvain","Provincie Vlaams-Brabant","Province du Brabant flamand","Vlaams Gewest","Région flamande","<5"
"2020-04-06","24048","Keerbergen","Keerbergen","Arrondissement Leuven","Arrondissement de Louvain","Provincie Vlaams-Brabant","Province du Brabant flamand","Vlaams Gewest","Région flamande","<5"
"2020-04-06","24054","Kortenaken","Kortenaken","Arrondissement Leuven","Arrondissement de Louvain","Provincie Vlaams-Brabant","Province du Brabant flamand","Vlaams Gewest","Région flamande","<5"
"2020-04-06","24055","Kortenberg","Kortenberg","Arrondissement Leuven","Arrondissement de Louvain","Provincie Vlaams-Brabant","Province du Brabant flamand","Vlaams Gewest","Région flamande","<5"
"2020-04-06","24059","Landen","Landen","Arrondissement Leuven","Arrondissement de Louvain","Provincie Vlaams-Brabant","Province du Brabant flamand","Vlaams Gewest","Région flamande","7"
"2020-04-06","24062","Leuven","Louvain","Arrondissement Leuven","Arrondissement de Louvain","Provincie Vlaams-Brabant","Province du Brabant flamand","Vlaams Gewest","Région flamande","17"
"2020-04-06","24066","Lubbeek","Lubbeek","Arrondissement Leuven","Arrondissement de Louvain","Provincie Vlaams-Brabant","Province du Brabant flamand","Vlaams Gewest","Région flamande","12"
"2020-04-06","24104","Tervuren","Tervuren","Arrondissement Leuven","Arrondissement de Louvain","Provincie Vlaams-Brabant","Province du Brabant flamand","Vlaams Gewest","Région flamande","<5"
"2020-04-06","24107","Tienen","Tirlemont","Arrondissement Leuven","Arrondissement de Louvain","Provincie Vlaams-Brabant","Province du Brabant flamand","Vlaams Gewest","Région flamande","8"
"2020-04-06","24109","Tremelo","Tremelo","Arrondissement Leuven","Arrondissement de Louvain","Provincie Vlaams-Brabant","Province du Brabant flamand","Vlaams Gewest","Région flamande","<5"
"2020-04-06","24130","Zoutleeuw","Léau","Arrondissement Leuven","Arrondissement de Louvain","Provincie Vlaams-Brabant","Province du Brabant flamand","Vlaams Gewest","Région flamande","<5"
"2020-04-06","24133","Linter","Linter","Arrondissement Leuven","Arrondissement de Louvain","Provincie Vlaams-Brabant","Province du Brabant flamand","Vlaams Gewest","Région flamande","<5"
"2020-04-06","24134","Scherpenheuvel-Zichem","Montaigu-Zichem","Arrondissement Leuven","Arrondissement de Louvain","Provincie Vlaams-Brabant","Province du Brabant flamand","Vlaams Gewest","Région flamande","<5"
"2020-04-06","24135","Tielt-Winge","Tielt-Winge","Arrondissement Leuven","Arrondissement de Louvain","Provincie Vlaams-Brabant","Province du Brabant flamand","Vlaams Gewest","Région flamande","<5"
"2020-04-06","25014","Eigenbrakel","Braine-l’Alleud","Arrondissement Nijvel","Arrondissement de Nivelles","Provincie Waals-Brabant","Province du Brabant wallon","Waals Gewest","Région wallonne","<5"
"2020-04-06","25018","Chaumont-Gistoux","Chaumont-Gistoux","Arrondissement Nijvel","Arrondissement de Nivelles","Provincie Waals-Brabant","Province du Brabant wallon","Waals Gewest","Région wallonne","<5"
"2020-04-06","25031","Genepiën","Genappe","Arrondissement Nijvel","Arrondissement de Nivelles","Provincie Waals-Brabant","Province du Brabant wallon","Waals Gewest","Région wallonne","<5"
"2020-04-06","25048","Geldenaken","Jodoigne","Arrondissement Nijvel","Arrondissement de Nivelles","Provincie Waals-Brabant","Province du Brabant wallon","Waals Gewest","Région wallonne","<5"
"2020-04-06","25050","Terhulpen","La Hulpe","Arrondissement Nijvel","Arrondissement de Nivelles","Provincie Waals-Brabant","Province du Brabant wallon","Waals Gewest","Région wallonne","<5"
"2020-04-06","25068","Mont-Saint-Guibert","Mont-Saint-Guibert","Arrondissement Nijvel","Arrondissement de Nivelles","Provincie Waals-Brabant","Province du Brabant wallon","Waals Gewest","Région wallonne","<5"
"2020-04-06","25072","Nijvel","Nivelles","Arrondissement Nijvel","Arrondissement de Nivelles","Provincie Waals-Brabant","Province du Brabant wallon","Waals Gewest","Région wallonne","<5"
"2020-04-06","25084","Perwijs (Nijvel)","Perwez (Nivelles)","Arrondissement Nijvel","Arrondissement de Nivelles","Provincie Waals-Brabant","Province du Brabant wallon","Waals Gewest","Région wallonne","<5"
"2020-04-06","25105","Tubeke","Tubize","Arrondissement Nijvel","Arrondissement de Nivelles","Provincie Waals-Brabant","Province du Brabant wallon","Waals Gewest","Région wallonne","6"
"2020-04-06","25107","Villers-la-Ville","Villers-la-Ville","Arrondissement Nijvel","Arrondissement de Nivelles","Provincie Waals-Brabant","Province du Brabant wallon","Waals Gewest","Région wallonne","<5"
"2020-04-06","25110","Waterloo","Waterloo","Arrondissement Nijvel","Arrondissement de Nivelles","Provincie Waals-Brabant","Province du Brabant wallon","Waals Gewest","Région wallonne","<5"
"2020-04-06","25112","Waver","Wavre","Arrondissement Nijvel","Arrondissement de Nivelles","Provincie Waals-Brabant","Province du Brabant wallon","Waals Gewest","Région wallonne","6"
"2020-04-06","25117","Chastre","Chastre","Arrondissement Nijvel","Arrondissement de Nivelles","Provincie Waals-Brabant","Province du Brabant wallon","Waals Gewest","Région wallonne","<5"
"2020-04-06","25118","Hélécine","Hélécine","Arrondissement Nijvel","Arrondissement de Nivelles","Provincie Waals-Brabant","Province du Brabant wallon","Waals Gewest","Région wallonne","<5"
"2020-04-06","25119","Lasne","Lasne","Arrondissement Nijvel","Arrondissement de Nivelles","Provincie Waals-Brabant","Province du Brabant wallon","Waals Gewest","Région wallonne","<5"
"2020-04-06","25120","Orp-Jauche","Orp-Jauche","Arrondissement Nijvel","Arrondissement de Nivelles","Provincie Waals-Brabant","Province du Brabant wallon","Waals Gewest","Région wallonne","<5"
"2020-04-06","25121","Ottignies-Louvain-la-Neuve","Ottignies-Louvain-la-Neuve","Arrondissement Nijvel","Arrondissement de Nivelles","Provincie Waals-Brabant","Province du Brabant wallon","Waals Gewest","Région wallonne","5"
"2020-04-06","25123","Rebecq","Rebecq","Arrondissement Nijvel","Arrondissement de Nivelles","Provincie Waals-Brabant","Province du Brabant wallon","Waals Gewest","Région wallonne","5"
"2020-04-06","25124","Walhain","Walhain","Arrondissement Nijvel","Arrondissement de Nivelles","Provincie Waals-Brabant","Province du Brabant wallon","Waals Gewest","Région wallonne","<5"
"2020-04-06","31003","Beernem","Beernem","Arrondissement Brugge","Arrondissement de Bruges","Provincie West-Vlaanderen","Province de Flandre occidentale","Vlaams Gewest","Région flamande","5"
"2020-04-06","31004","Blankenberge","Blankenberge","Arrondissement Brugge","Arrondissement de Bruges","Provincie West-Vlaanderen","Province de Flandre occidentale","Vlaams Gewest","Région flamande","<5"
"2020-04-06","31005","Brugge","Bruges","Arrondissement Brugge","Arrondissement de Bruges","Provincie West-Vlaanderen","Province de Flandre occidentale","Vlaams Gewest","Région flamande","13"
"2020-04-06","31006","Damme","Damme","Arrondissement Brugge","Arrondissement de Bruges","Provincie West-Vlaanderen","Province de Flandre occidentale","Vlaams Gewest","Région flamande","<5"
"2020-04-06","31012","Jabbeke","Jabbeke","Arrondissement Brugge","Arrondissement de Bruges","Provincie West-Vlaanderen","Province de Flandre occidentale","Vlaams Gewest","Région flamande","<5"
"2020-04-06","31022","Oostkamp","Oostkamp","Arrondissement Brugge","Arrondissement de Bruges","Provincie West-Vlaanderen","Province de Flandre occidentale","Vlaams Gewest","Région flamande","9"
"2020-04-06","31033","Torhout","Torhout","Arrondissement Brugge","Arrondissement de Bruges","Provincie West-Vlaanderen","Province de Flandre occidentale","Vlaams Gewest","Région flamande","<5"
"2020-04-06","31040","Zedelgem","Zedelgem","Arrondissement Brugge","Arrondissement de Bruges","Provincie West-Vlaanderen","Province de Flandre occidentale","Vlaams Gewest","Région flamande","<5"
"2020-04-06","31043","Knokke-Heist","Knokke-Heist","Arrondissement Brugge","Arrondissement de Bruges","Provincie West-Vlaanderen","Province de Flandre occidentale","Vlaams Gewest","Région flamande","12"
"2020-04-06","32003","Diksmuide","Dixmude","Arrondissement Diksmuide","Arrondissement de Dixmude","Provincie West-Vlaanderen","Province de Flandre occidentale","Vlaams Gewest","Région flamande","<5"
"2020-04-06","32011","Kortemark","Kortemark","Arrondissement Diksmuide","Arrondissement de Dixmude","Provincie West-Vlaanderen","Province de Flandre occidentale","Vlaams Gewest","Région flamande","<5"
"2020-04-06","33011","Ieper","Ypres","Arrondissement Ieper","Arrondissement d’Ypres","Provincie West-Vlaanderen","Province de Flandre occidentale","Vlaams Gewest","Région flamande","17"
"2020-04-06","33016","Mesen","Messines","Arrondissement Ieper","Arrondissement d’Ypres","Provincie West-Vlaanderen","Province de Flandre occidentale","Vlaams Gewest","Région flamande","<5"
"2020-04-06","33021","Poperinge","Poperinge","Arrondissement Ieper","Arrondissement d’Ypres","Provincie West-Vlaanderen","Province de Flandre occidentale","Vlaams Gewest","Région flamande","<5"
"2020-04-06","33029","Wervik","Wervik","Arrondissement Ieper","Arrondissement d’Ypres","Provincie West-Vlaanderen","Province de Flandre occidentale","Vlaams Gewest","Région flamande","<5"
"2020-04-06","33037","Zonnebeke","Zonnebeke","Arrondissement Ieper","Arrondissement d’Ypres","Provincie West-Vlaanderen","Province de Flandre occidentale","Vlaams Gewest","Région flamande","<5"
"2020-04-06","34002","Anzegem","Anzegem","Arrondissement Kortrijk","Arrondissement de Courtrai","Provincie West-Vlaanderen","Province de Flandre occidentale","Vlaams Gewest","Région flamande","<5"
"2020-04-06","34009","Deerlijk","Deerlijk","Arrondissement Kortrijk","Arrondissement de Courtrai","Provincie West-Vlaanderen","Province de Flandre occidentale","Vlaams Gewest","Région flamande","6"
"2020-04-06","34013","Harelbeke","Harelbeke","Arrondissement Kortrijk","Arrondissement de Courtrai","Provincie West-Vlaanderen","Province de Flandre occidentale","Vlaams Gewest","Région flamande","11"
"2020-04-06","34022","Kortrijk","Courtrai","Arrondissement Kortrijk","Arrondissement de Courtrai","Provincie West-Vlaanderen","Province de Flandre occidentale","Vlaams Gewest","Région flamande","25"
"2020-04-06","34023","Kuurne","Kuurne","Arrondissement Kortrijk","Arrondissement de Courtrai","Provincie West-Vlaanderen","Province de Flandre occidentale","Vlaams Gewest","Région flamande","<5"
"2020-04-06","34027","Menen","Menin","Arrondissement Kortrijk","Arrondissement de Courtrai","Provincie West-Vlaanderen","Province de Flandre occidentale","Vlaams Gewest","Région flamande","10"
"2020-04-06","34040","Waregem","Waregem","Arrondissement Kortrijk","Arrondissement de Courtrai","Provincie West-Vlaanderen","Province de Flandre occidentale","Vlaams Gewest","Région flamande","12"
"2020-04-06","34041","Wevelgem","Wevelgem","Arrondissement Kortrijk","Arrondissement de Courtrai","Provincie West-Vlaanderen","Province de Flandre occidentale","Vlaams Gewest","Région flamande","6"
"2020-04-06","34042","Zwevegem","Zwevegem","Arrondissement Kortrijk","Arrondissement de Courtrai","Provincie West-Vlaanderen","Province de Flandre occidentale","Vlaams Gewest","Région flamande","6"
"2020-04-06","35002","Bredene","Bredene","Arrondissement Oostende","Arrondissement d’Ostende","Provincie West-Vlaanderen","Province de Flandre occidentale","Vlaams Gewest","Région flamande","<5"
"2020-04-06","35006","Ichtegem","Ichtegem","Arrondissement Oostende","Arrondissement d’Ostende","Provincie West-Vlaanderen","Province de Flandre occidentale","Vlaams Gewest","Région flamande","<5"
"2020-04-06","35011","Middelkerke","Middelkerke","Arrondissement Oostende","Arrondissement d’Ostende","Provincie West-Vlaanderen","Province de Flandre occidentale","Vlaams Gewest","Région flamande","<5"
"2020-04-06","35013","Oostende","Ostende","Arrondissement Oostende","Arrondissement d’Ostende","Provincie West-Vlaanderen","Province de Flandre occidentale","Vlaams Gewest","Région flamande","6"
"2020-04-06","35014","Oudenburg","Oudenburg","Arrondissement Oostende","Arrondissement d’Ostende","Provincie West-Vlaanderen","Province de Flandre occidentale","Vlaams Gewest","Région flamande","<5"
"2020-04-06","35029","De Haan","De Haan","Arrondissement Oostende","Arrondissement d’Ostende","Provincie West-Vlaanderen","Province de Flandre occidentale","Vlaams Gewest","Région flamande","<5"
"2020-04-06","36007","Ingelmunster","Ingelmunster","Arrondissement Roeselare","Arrondissement de Roulers","Provincie West-Vlaanderen","Province de Flandre occidentale","Vlaams Gewest","Région flamande","<5"
"2020-04-06","36008","Izegem","Izegem","Arrondissement Roeselare","Arrondissement de Roulers","Provincie West-Vlaanderen","Province de Flandre occidentale","Vlaams Gewest","Région flamande","7"
"2020-04-06","36010","Ledegem","Ledegem","Arrondissement Roeselare","Arrondissement de Roulers","Provincie West-Vlaanderen","Province de Flandre occidentale","Vlaams Gewest","Région flamande","<5"
"2020-04-06","36015","Roeselare","Roulers","Arrondissement Roeselare","Arrondissement de Roulers","Provincie West-Vlaanderen","Province de Flandre occidentale","Vlaams Gewest","Région flamande","9"
"2020-04-06","37010","Oostrozebeke","Oostrozebeke","Arrondissement Tielt","Arrondissement de Tielt","Provincie West-Vlaanderen","Province de Flandre occidentale","Vlaams Gewest","Région flamande","<5"
"2020-04-06","37011","Pittem","Pittem","Arrondissement Tielt","Arrondissement de Tielt","Provincie West-Vlaanderen","Province de Flandre occidentale","Vlaams Gewest","Région flamande","<5"
"2020-04-06","37015","Tielt (Tielt)","Tielt (Tielt)","Arrondissement Tielt","Arrondissement de Tielt","Provincie West-Vlaanderen","Province de Flandre occidentale","Vlaams Gewest","Région flamande","<5"
"2020-04-06","37018","Wingene","Wingene","Arrondissement Tielt","Arrondissement de Tielt","Provincie West-Vlaanderen","Province de Flandre occidentale","Vlaams Gewest","Région flamande","5"
"2020-04-06","37020","Ardooie","Ardooie","Arrondissement Tielt","Arrondissement de Tielt","Provincie West-Vlaanderen","Province de Flandre occidentale","Vlaams Gewest","Région flamande","<5"
"2020-04-06","38002","Alveringem","Alveringem","Arrondissement Veurne","Arrondissement de Furnes","Provincie West-Vlaanderen","Province de Flandre occidentale","Vlaams Gewest","Région flamande","<5"
"2020-04-06","38008","De Panne","La Panne","Arrondissement Veurne","Arrondissement de Furnes","Provincie West-Vlaanderen","Province de Flandre occidentale","Vlaams Gewest","Région flamande","<5"
"2020-04-06","38014","Koksijde","Koksijde","Arrondissement Veurne","Arrondissement de Furnes","Provincie West-Vlaanderen","Province de Flandre occidentale","Vlaams Gewest","Région flamande","8"
"2020-04-06","38016","Nieuwpoort","Nieuport","Arrondissement Veurne","Arrondissement de Furnes","Provincie West-Vlaanderen","Province de Flandre occidentale","Vlaams Gewest","Région flamande","<5"
"2020-04-06","38025","Veurne","Furnes","Arrondissement Veurne","Arrondissement de Furnes","Provincie West-Vlaanderen","Province de Flandre occidentale","Vlaams Gewest","Région flamande","<5"
"2020-04-06","41002","Aalst (Aalst)","Alost (Alost)","Arrondissement Aalst","Arrondissement d’Alost","Provincie Oost-Vlaanderen","Province de Flandre orientale","Vlaams Gewest","Région flamande","22"
"2020-04-06","41011","Denderleeuw","Denderleeuw","Arrondissement Aalst","Arrondissement d’Alost","Provincie Oost-Vlaanderen","Province de Flandre orientale","Vlaams Gewest","Région flamande","<5"
"2020-04-06","41018","Geraardsbergen","Grammont","Arrondissement Aalst","Arrondissement d’Alost","Provincie Oost-Vlaanderen","Province de Flandre orientale","Vlaams Gewest","Région flamande","<5"
"2020-04-06","41024","Haaltert","Haaltert","Arrondissement Aalst","Arrondissement d’Alost","Provincie Oost-Vlaanderen","Province de Flandre orientale","Vlaams Gewest","Région flamande","6"
"2020-04-06","41027","Herzele","Herzele","Arrondissement Aalst","Arrondissement d’Alost","Provincie Oost-Vlaanderen","Province de Flandre orientale","Vlaams Gewest","Région flamande","<5"
"2020-04-06","41034","Lede","Lede","Arrondissement Aalst","Arrondissement d’Alost","Provincie Oost-Vlaanderen","Province de Flandre orientale","Vlaams Gewest","Région flamande","<5"
"2020-04-06","41048","Ninove","Ninove","Arrondissement Aalst","Arrondissement d’Alost","Provincie Oost-Vlaanderen","Province de Flandre orientale","Vlaams Gewest","Région flamande","10"
"2020-04-06","41081","Zottegem","Zottegem","Arrondissement Aalst","Arrondissement d’Alost","Provincie Oost-Vlaanderen","Province de Flandre orientale","Vlaams Gewest","Région flamande","<5"
"2020-04-06","41082","Erpe-Mere","Erpe-Mere","Arrondissement Aalst","Arrondissement d’Alost","Provincie Oost-Vlaanderen","Province de Flandre orientale","Vlaams Gewest","Région flamande","<5"
"2020-04-06","42003","Berlare","Berlare","Arrondissement Dendermonde","Arrondissement de Termonde","Provincie Oost-Vlaanderen","Province de Flandre orientale","Vlaams Gewest","Région flamande","<5"
"2020-04-06","42004","Buggenhout","Buggenhout","Arrondissement Dendermonde","Arrondissement de Termonde","Provincie Oost-Vlaanderen","Province de Flandre orientale","Vlaams Gewest","Région flamande","<5"
"2020-04-06","42006","Dendermonde","Termonde","Arrondissement Dendermonde","Arrondissement de Termonde","Provincie Oost-Vlaanderen","Province de Flandre orientale","Vlaams Gewest","Région flamande","6"
"2020-04-06","42008","Hamme (Dendermonde)","Hamme (Termonde)","Arrondissement Dendermonde","Arrondissement de Termonde","Provincie Oost-Vlaanderen","Province de Flandre orientale","Vlaams Gewest","Région flamande","<5"
"2020-04-06","42010","Laarne","Laarne","Arrondissement Dendermonde","Arrondissement de Termonde","Provincie Oost-Vlaanderen","Province de Flandre orientale","Vlaams Gewest","Région flamande","<5"
"2020-04-06","42011","Lebbeke","Lebbeke","Arrondissement Dendermonde","Arrondissement de Termonde","Provincie Oost-Vlaanderen","Province de Flandre orientale","Vlaams Gewest","Région flamande","<5"
"2020-04-06","42025","Wetteren","Wetteren","Arrondissement Dendermonde","Arrondissement de Termonde","Provincie Oost-Vlaanderen","Province de Flandre orientale","Vlaams Gewest","Région flamande","8"
"2020-04-06","42026","Wichelen","Wichelen","Arrondissement Dendermonde","Arrondissement de Termonde","Provincie Oost-Vlaanderen","Province de Flandre orientale","Vlaams Gewest","Région flamande","<5"
"2020-04-06","42028","Zele","Zele","Arrondissement Dendermonde","Arrondissement de Termonde","Provincie Oost-Vlaanderen","Province de Flandre orientale","Vlaams Gewest","Région flamande","<5"
"2020-04-06","43002","Assenede","Assenede","Arrondissement Eeklo","Arrondissement d’Eeklo","Provincie Oost-Vlaanderen","Province de Flandre orientale","Vlaams Gewest","Région flamande","5"
"2020-04-06","43005","Eeklo","Eeklo","Arrondissement Eeklo","Arrondissement d’Eeklo","Provincie Oost-Vlaanderen","Province de Flandre orientale","Vlaams Gewest","Région flamande","<5"
"2020-04-06","43007","Kaprijke","Kaprijke","Arrondissement Eeklo","Arrondissement d’Eeklo","Provincie Oost-Vlaanderen","Province de Flandre orientale","Vlaams Gewest","Région flamande","<5"
"2020-04-06","43010","Maldegem","Maldegem","Arrondissement Eeklo","Arrondissement d’Eeklo","Provincie Oost-Vlaanderen","Province de Flandre orientale","Vlaams Gewest","Région flamande","<5"
"2020-04-06","43014","Sint-Laureins","Sint-Laureins","Arrondissement Eeklo","Arrondissement d’Eeklo","Provincie Oost-Vlaanderen","Province de Flandre orientale","Vlaams Gewest","Région flamande","<5"
"2020-04-06","43018","Zelzate","Zelzate","Arrondissement Eeklo","Arrondissement d’Eeklo","Provincie Oost-Vlaanderen","Province de Flandre orientale","Vlaams Gewest","Région flamande","<5"
"2020-04-06","44013","Destelbergen","Destelbergen","Arrondissement Gent","Arrondissement de Gand","Provincie Oost-Vlaanderen","Province de Flandre orientale","Vlaams Gewest","Région flamande","<5"
"2020-04-06","44019","Evergem","Evergem","Arrondissement Gent","Arrondissement de Gand","Provincie Oost-Vlaanderen","Province de Flandre orientale","Vlaams Gewest","Région flamande","<5"
"2020-04-06","44020","Gavere","Gavere","Arrondissement Gent","Arrondissement de Gand","Provincie Oost-Vlaanderen","Province de Flandre orientale","Vlaams Gewest","Région flamande","<5"
"2020-04-06","44021","Gent","Gand","Arrondissement Gent","Arrondissement de Gand","Provincie Oost-Vlaanderen","Province de Flandre orientale","Vlaams Gewest","Région flamande","22"
"2020-04-06","44034","Lochristi","Lochristi","Arrondissement Gent","Arrondissement de Gand","Provincie Oost-Vlaanderen","Province de Flandre orientale","Vlaams Gewest","Région flamande","<5"
"2020-04-06","44043","Merelbeke","Merelbeke","Arrondissement Gent","Arrondissement de Gand","Provincie Oost-Vlaanderen","Province de Flandre orientale","Vlaams Gewest","Région flamande","<5"
"2020-04-06","44045","Moerbeke (Gent)","Moerbeke (Gand)","Arrondissement Gent","Arrondissement de Gand","Provincie Oost-Vlaanderen","Province de Flandre orientale","Vlaams Gewest","Région flamande","<5"
"2020-04-06","44052","Oosterzele","Oosterzele","Arrondissement Gent","Arrondissement de Gand","Provincie Oost-Vlaanderen","Province de Flandre orientale","Vlaams Gewest","Région flamande","<5"
"2020-04-06","44073","Wachtebeke","Wachtebeke","Arrondissement Gent","Arrondissement de Gand","Provincie Oost-Vlaanderen","Province de Flandre orientale","Vlaams Gewest","Région flamande","<5"
"2020-04-06","44081","Zulte","Zulte","Arrondissement Gent","Arrondissement de Gand","Provincie Oost-Vlaanderen","Province de Flandre orientale","Vlaams Gewest","Région flamande","<5"
"2020-04-06","44083","Deinze","Deinze","Arrondissement Gent","Arrondissement de Gand","Provincie Oost-Vlaanderen","Province de Flandre orientale","Vlaams Gewest","Région flamande","<5"
"2020-04-06","44084","Aalter","Aalter","Arrondissement Gent","Arrondissement de Gand","Provincie Oost-Vlaanderen","Province de Flandre orientale","Vlaams Gewest","Région flamande","<5"
"2020-04-06","44085","Lievegem","Lievegem","Arrondissement Gent","Arrondissement de Gand","Provincie Oost-Vlaanderen","Province de Flandre orientale","Vlaams Gewest","Région flamande","7"
"2020-04-06","45035","Oudenaarde","Audenarde","Arrondissement Oudenaarde","Arrondissement d’Audenarde","Provincie Oost-Vlaanderen","Province de Flandre orientale","Vlaams Gewest","Région flamande","6"
"2020-04-06","45041","Ronse","Renaix","Arrondissement Oudenaarde","Arrondissement d’Audenarde","Provincie Oost-Vlaanderen","Province de Flandre orientale","Vlaams Gewest","Région flamande","5"
"2020-04-06","45061","Wortegem-Petegem","Wortegem-Petegem","Arrondissement Oudenaarde","Arrondissement d’Audenarde","Provincie Oost-Vlaanderen","Province de Flandre orientale","Vlaams Gewest","Région flamande","<5"
"2020-04-06","46003","Beveren (Sint-Niklaas)","Beveren (Saint-Nicolas)","Arrondissement Sint-Niklaas","Arrondissement de Saint-Nicolas","Provincie Oost-Vlaanderen","Province de Flandre orientale","Vlaams Gewest","Région flamande","5"
"2020-04-06","46013","Kruibeke","Kruibeke","Arrondissement Sint-Niklaas","Arrondissement de Saint-Nicolas","Provincie Oost-Vlaanderen","Province de Flandre orientale","Vlaams Gewest","Région flamande","<5"
"2020-04-06","46014","Lokeren","Lokeren","Arrondissement Sint-Niklaas","Arrondissement de Saint-Nicolas","Provincie Oost-Vlaanderen","Province de Flandre orientale","Vlaams Gewest","Région flamande","16"
"2020-04-06","46020","Sint-Gillis-Waas","Sint-Gillis-Waas","Arrondissement Sint-Niklaas","Arrondissement de Saint-Nicolas","Provincie Oost-Vlaanderen","Province de Flandre orientale","Vlaams Gewest","Région flamande","<5"
"2020-04-06","46021","Sint-Niklaas (Sint-Niklaas)","Saint-Nicolas (Saint-Nicolas)","Arrondissement Sint-Niklaas","Arrondissement de Saint-Nicolas","Provincie Oost-Vlaanderen","Province de Flandre orientale","Vlaams Gewest","Région flamande","11"
"2020-04-06","46024","Stekene","Stekene","Arrondissement Sint-Niklaas","Arrondissement de Saint-Nicolas","Provincie Oost-Vlaanderen","Province de Flandre orientale","Vlaams Gewest","Région flamande","<5"
"2020-04-06","46025","Temse","Tamise","Arrondissement Sint-Niklaas","Arrondissement de Saint-Nicolas","Provincie Oost-Vlaanderen","Province de Flandre orientale","Vlaams Gewest","Région flamande","7"
"2020-04-06","51004","Aat","Ath","Arrondissement Aat","Arrondissement d’Ath","Provincie Henegouwen","Province du Hainaut","Waals Gewest","Région wallonne","5"
"2020-04-06","51008","Beloeil","Beloeil","Arrondissement Aat","Arrondissement d’Ath","Provincie Henegouwen","Province du Hainaut","Waals Gewest","Région wallonne","<5"
"2020-04-06","51014","Chièvres","Chièvres","Arrondissement Aat","Arrondissement d’Ath","Provincie Henegouwen","Province du Hainaut","Waals Gewest","Région wallonne","<5"
"2020-04-06","51019","Vloesberg","Flobecq","Arrondissement Aat","Arrondissement d’Ath","Provincie Henegouwen","Province du Hainaut","Waals Gewest","Région wallonne","<5"
"2020-04-06","51065","Frasnes-lez-Anvaing","Frasnes-lez-Anvaing","Arrondissement Aat","Arrondissement d’Ath","Provincie Henegouwen","Province du Hainaut","Waals Gewest","Région wallonne","<5"
"2020-04-06","51068","Opzullik","Silly","Arrondissement Aat","Arrondissement d’Ath","Provincie Henegouwen","Province du Hainaut","Waals Gewest","Région wallonne","5"
"2020-04-06","52010","Chapelle-lez-Herlaimont","Chapelle-lez-Herlaimont","Arrondissement Charleroi","Arrondissement de Charleroi","Provincie Henegouwen","Province du Hainaut","Waals Gewest","Région wallonne","<5"
"2020-04-06","52011","Charleroi","Charleroi","Arrondissement Charleroi","Arrondissement de Charleroi","Provincie Henegouwen","Province du Hainaut","Waals Gewest","Région wallonne","29"
"2020-04-06","52012","Châtelet","Châtelet","Arrondissement Charleroi","Arrondissement de Charleroi","Provincie Henegouwen","Province du Hainaut","Waals Gewest","Région wallonne","5"
"2020-04-06","52015","Courcelles","Courcelles","Arrondissement Charleroi","Arrondissement de Charleroi","Provincie Henegouwen","Province du Hainaut","Waals Gewest","Région wallonne","<5"
"2020-04-06","52021","Fleurus","Fleurus","Arrondissement Charleroi","Arrondissement de Charleroi","Provincie Henegouwen","Province du Hainaut","Waals Gewest","Région wallonne","<5"
"2020-04-06","52022","Fontaine-l’Evêque","Fontaine-l’Evêque","Arrondissement Charleroi","Arrondissement de Charleroi","Provincie Henegouwen","Province du Hainaut","Waals Gewest","Région wallonne","<5"
"2020-04-06","52025","Gerpinnes","Gerpinnes","Arrondissement Charleroi","Arrondissement de Charleroi","Provincie Henegouwen","Province du Hainaut","Waals Gewest","Région wallonne","<5"
"2020-04-06","52048","Montigny-le-Tilleul","Montigny-le-Tilleul","Arrondissement Charleroi","Arrondissement de Charleroi","Provincie Henegouwen","Province du Hainaut","Waals Gewest","Région wallonne","<5"
"2020-04-06","52055","Pont-à-Celles","Pont-à-Celles","Arrondissement Charleroi","Arrondissement de Charleroi","Provincie Henegouwen","Province du Hainaut","Waals Gewest","Région wallonne","<5"
"2020-04-06","52074","Aiseau-Presles","Aiseau-Presles","Arrondissement Charleroi","Arrondissement de Charleroi","Provincie Henegouwen","Province du Hainaut","Waals Gewest","Région wallonne","<5"
"2020-04-06","52075","Les Bons Villers","Les Bons Villers","Arrondissement Charleroi","Arrondissement de Charleroi","Provincie Henegouwen","Province du Hainaut","Waals Gewest","Région wallonne","<5"
"2020-04-06","53014","Boussu","Boussu","Arrondissement Bergen","Arrondissement de Mons","Provincie Henegouwen","Province du Hainaut","Waals Gewest","Région wallonne","<5"
"2020-04-06","53020","Dour","Dour","Arrondissement Bergen","Arrondissement de Mons","Provincie Henegouwen","Province du Hainaut","Waals Gewest","Région wallonne","<5"
"2020-04-06","53028","Frameries","Frameries","Arrondissement Bergen","Arrondissement de Mons","Provincie Henegouwen","Province du Hainaut","Waals Gewest","Région wallonne","<5"
"2020-04-06","53039","Hensies","Hensies","Arrondissement Bergen","Arrondissement de Mons","Provincie Henegouwen","Province du Hainaut","Waals Gewest","Région wallonne","<5"
"2020-04-06","53044","Jurbeke","Jurbise","Arrondissement Bergen","Arrondissement de Mons","Provincie Henegouwen","Province du Hainaut","Waals Gewest","Région wallonne","<5"
"2020-04-06","53053","Bergen","Mons","Arrondissement Bergen","Arrondissement de Mons","Provincie Henegouwen","Province du Hainaut","Waals Gewest","Région wallonne","8"
"2020-04-06","53068","Quiévrain","Quiévrain","Arrondissement Bergen","Arrondissement de Mons","Provincie Henegouwen","Province du Hainaut","Waals Gewest","Région wallonne","<5"
"2020-04-06","53070","Saint-Ghislain","Saint-Ghislain","Arrondissement Bergen","Arrondissement de Mons","Provincie Henegouwen","Province du Hainaut","Waals Gewest","Région wallonne","<5"
"2020-04-06","53082","Colfontaine","Colfontaine","Arrondissement Bergen","Arrondissement de Mons","Provincie Henegouwen","Province du Hainaut","Waals Gewest","Région wallonne","<5"
"2020-04-06","55004","’s Gravenbrakel","Braine-le-Comte","Arrondissement Zinnik","Arrondissement de Soignies","Provincie Henegouwen","Province du Hainaut","Waals Gewest","Région wallonne","<5"
"2020-04-06","55035","Le Roeulx","Le Roeulx","Arrondissement Zinnik","Arrondissement de Soignies","Provincie Henegouwen","Province du Hainaut","Waals Gewest","Région wallonne","5"
"2020-04-06","55040","Zinnik","Soignies","Arrondissement Zinnik","Arrondissement de Soignies","Provincie Henegouwen","Province du Hainaut","Waals Gewest","Région wallonne","8"
"2020-04-06","55050","Ecaussinnes","Ecaussinnes","Arrondissement Zinnik","Arrondissement de Soignies","Provincie Henegouwen","Province du Hainaut","Waals Gewest","Région wallonne","<5"
"2020-04-06","55085","Seneffe","Seneffe","Arrondissement Zinnik","Arrondissement de Soignies","Provincie Henegouwen","Province du Hainaut","Waals Gewest","Région wallonne","<5"
"2020-04-06","55086","Manage","Manage","Arrondissement Zinnik","Arrondissement de Soignies","Provincie Henegouwen","Province du Hainaut","Waals Gewest","Région wallonne","<5"
"2020-04-06","56001","Anderlues","Anderlues","Arrondissement Thuin","Arrondissement de Thuin","Provincie Henegouwen","Province du Hainaut","Waals Gewest","Région wallonne","<5"
"2020-04-06","56005","Beaumont","Beaumont","Arrondissement Thuin","Arrondissement de Thuin","Provincie Henegouwen","Province du Hainaut","Waals Gewest","Région wallonne","<5"
"2020-04-06","56086","Ham-sur-Heure-Nalinnes","Ham-sur-Heure-Nalinnes","Arrondissement Thuin","Arrondissement de Thuin","Provincie Henegouwen","Province du Hainaut","Waals Gewest","Région wallonne","<5"
"2020-04-06","56088","Sivry-Rance","Sivry-Rance","Arrondissement Thuin","Arrondissement de Thuin","Provincie Henegouwen","Province du Hainaut","Waals Gewest","Région wallonne","<5"
"2020-04-06","57027","Estaimpuis","Estaimpuis","Arrondissement Doornik-Moeskroen","Arrondissement de Tournai-Mouscron","Provincie Henegouwen","Province du Hainaut","Waals Gewest","Région wallonne","<5"
"2020-04-06","57064","Péruwelz","Péruwelz","Arrondissement Doornik-Moeskroen","Arrondissement de Tournai-Mouscron","Provincie Henegouwen","Province du Hainaut","Waals Gewest","Région wallonne","<5"
"2020-04-06","57081","Doornik","Tournai","Arrondissement Doornik-Moeskroen","Arrondissement de Tournai-Mouscron","Provincie Henegouwen","Province du Hainaut","Waals Gewest","Région wallonne","8"
"2020-04-06","57093","Brunehaut","Brunehaut","Arrondissement Doornik-Moeskroen","Arrondissement de Tournai-Mouscron","Provincie Henegouwen","Province du Hainaut","Waals Gewest","Région wallonne","<5"
"2020-04-06","57096","Moeskroen","Mouscron","Arrondissement Doornik-Moeskroen","Arrondissement de Tournai-Mouscron","Provincie Henegouwen","Province du Hainaut","Waals Gewest","Région wallonne","5"
"2020-04-06","57097","Komen-Waasten","Comines-Warneton","Arrondissement Doornik-Moeskroen","Arrondissement de Tournai-Mouscron","Provincie Henegouwen","Province du Hainaut","Waals Gewest","Région wallonne","<5"
"2020-04-06","58001","La Louvière","La Louvière","Arrondissement La Louvière","Arrondissement de La Louvière","Provincie Henegouwen","Province du Hainaut","Waals Gewest","Région wallonne","66"
"2020-04-06","58002","Binche","Binche","Arrondissement La Louvière","Arrondissement de La Louvière","Provincie Henegouwen","Province du Hainaut","Waals Gewest","Région wallonne","9"
"2020-04-06","58004","Morlanwelz","Morlanwelz","Arrondissement La Louvière","Arrondissement de La Louvière","Provincie Henegouwen","Province du Hainaut","Waals Gewest","Région wallonne","<5"
"2020-04-06","61003","Amay","Amay","Arrondissement Hoei","Arrondissement de Huy","Provincie Luik","Province de Liège","Waals Gewest","Région wallonne","<5"
"2020-04-06","61010","Burdinne","Burdinne","Arrondissement Hoei","Arrondissement de Huy","Provincie Luik","Province de Liège","Waals Gewest","Région wallonne","<5"
"2020-04-06","61019","Ferrières","Ferrières","Arrondissement Hoei","Arrondissement de Huy","Provincie Luik","Province de Liège","Waals Gewest","Région wallonne","<5"
"2020-04-06","61031","Hoei","Huy","Arrondissement Hoei","Arrondissement de Huy","Provincie Luik","Province de Liège","Waals Gewest","Région wallonne","5"
"2020-04-06","61039","Marchin","Marchin","Arrondissement Hoei","Arrondissement de Huy","Provincie Luik","Province de Liège","Waals Gewest","Région wallonne","<5"
"2020-04-06","61072","Wanze","Wanze","Arrondissement Hoei","Arrondissement de Huy","Provincie Luik","Province de Liège","Waals Gewest","Région wallonne","<5"
"2020-04-06","61079","Anthisnes","Anthisnes","Arrondissement Hoei","Arrondissement de Huy","Provincie Luik","Province de Liège","Waals Gewest","Région wallonne","<5"
"2020-04-06","61080","Engis","Engis","Arrondissement Hoei","Arrondissement de Huy","Provincie Luik","Province de Liège","Waals Gewest","Région wallonne","<5"
"2020-04-06","62003","Ans","Ans","Arrondissement Luik","Arrondissement de Liège","Provincie Luik","Province de Liège","Waals Gewest","Région wallonne","6"
"2020-04-06","62006","Awans","Awans","Arrondissement Luik","Arrondissement de Liège","Provincie Luik","Province de Liège","Waals Gewest","Région wallonne","<5"
"2020-04-06","62009","Aywaille","Aywaille","Arrondissement Luik","Arrondissement de Liège","Provincie Luik","Province de Liège","Waals Gewest","Région wallonne","<5"
"2020-04-06","62011","Bitsingen","Bassenge","Arrondissement Luik","Arrondissement de Liège","Provincie Luik","Province de Liège","Waals Gewest","Région wallonne","<5"
"2020-04-06","62015","Beyne-Heusay","Beyne-Heusay","Arrondissement Luik","Arrondissement de Liège","Provincie Luik","Province de Liège","Waals Gewest","Région wallonne","<5"
"2020-04-06","62022","Chaudfontaine","Chaudfontaine","Arrondissement Luik","Arrondissement de Liège","Provincie Luik","Province de Liège","Waals Gewest","Région wallonne","<5"
"2020-04-06","62026","Comblain-au-Pont","Comblain-au-Pont","Arrondissement Luik","Arrondissement de Liège","Provincie Luik","Province de Liège","Waals Gewest","Région wallonne","8"
"2020-04-06","62027","Dalhem","Dalhem","Arrondissement Luik","Arrondissement de Liège","Provincie Luik","Province de Liège","Waals Gewest","Région wallonne","<5"
"2020-04-06","62032","Esneux","Esneux","Arrondissement Luik","Arrondissement de Liège","Provincie Luik","Province de Liège","Waals Gewest","Région wallonne","<5"
"2020-04-06","62038","Fléron","Fléron","Arrondissement Luik","Arrondissement de Liège","Provincie Luik","Province de Liège","Waals Gewest","Région wallonne","<5"
"2020-04-06","62051","Herstal","Herstal","Arrondissement Luik","Arrondissement de Liège","Provincie Luik","Province de Liège","Waals Gewest","Région wallonne","12"
"2020-04-06","62060","Juprelle","Juprelle","Arrondissement Luik","Arrondissement de Liège","Provincie Luik","Province de Liège","Waals Gewest","Région wallonne","<5"
"2020-04-06","62063","Luik","Liège","Arrondissement Luik","Arrondissement de Liège","Provincie Luik","Province de Liège","Waals Gewest","Région wallonne","33"
"2020-04-06","62079","Oupeye","Oupeye","Arrondissement Luik","Arrondissement de Liège","Provincie Luik","Province de Liège","Waals Gewest","Région wallonne","7"
"2020-04-06","62093","Saint-Nicolas (Luik)","Saint-Nicolas (Liège)","Arrondissement Luik","Arrondissement de Liège","Provincie Luik","Province de Liège","Waals Gewest","Région wallonne","<5"
"2020-04-06","62096","Seraing","Seraing","Arrondissement Luik","Arrondissement de Liège","Provincie Luik","Province de Liège","Waals Gewest","Région wallonne","24"
"2020-04-06","62099","Soumagne","Soumagne","Arrondissement Luik","Arrondissement de Liège","Provincie Luik","Province de Liège","Waals Gewest","Région wallonne","<5"
"2020-04-06","62100","Sprimont","Sprimont","Arrondissement Luik","Arrondissement de Liège","Provincie Luik","Province de Liège","Waals Gewest","Région wallonne","<5"
"2020-04-06","62108","Wezet","Visé","Arrondissement Luik","Arrondissement de Liège","Provincie Luik","Province de Liège","Waals Gewest","Région wallonne","5"
"2020-04-06","62118","Grâce-Hollogne","Grâce-Hollogne","Arrondissement Luik","Arrondissement de Liège","Provincie Luik","Province de Liège","Waals Gewest","Région wallonne","<5"
"2020-04-06","62120","Flémalle","Flémalle","Arrondissement Luik","Arrondissement de Liège","Provincie Luik","Province de Liège","Waals Gewest","Région wallonne","<5"
"2020-04-06","62121","Neupré","Neupré","Arrondissement Luik","Arrondissement de Liège","Provincie Luik","Province de Liège","Waals Gewest","Région wallonne","<5"
"2020-04-06","63004","Baelen","Baelen","Arrondissement Verviers","Arrondissement de Verviers","Provincie Luik","Province de Liège","Waals Gewest","Région wallonne","<5"
"2020-04-06","63012","Büllingen","Bullange","Arrondissement Verviers","Arrondissement de Verviers","Provincie Luik","Province de Liège","Waals Gewest","Région wallonne","<5"
"2020-04-06","63013","Bütgenbach","Butgenbach","Arrondissement Verviers","Arrondissement de Verviers","Provincie Luik","Province de Liège","Waals Gewest","Région wallonne","<5"
"2020-04-06","63020","Dison","Dison","Arrondissement Verviers","Arrondissement de Verviers","Provincie Luik","Province de Liège","Waals Gewest","Région wallonne","<5"
"2020-04-06","63035","Herve","Herve","Arrondissement Verviers","Arrondissement de Verviers","Provincie Luik","Province de Liège","Waals Gewest","Région wallonne","<5"
"2020-04-06","63040","Kelmis","La Calamine","Arrondissement Verviers","Arrondissement de Verviers","Provincie Luik","Province de Liège","Waals Gewest","Région wallonne","<5"
"2020-04-06","63045","Lierneux","Lierneux","Arrondissement Verviers","Arrondissement de Verviers","Provincie Luik","Province de Liège","Waals Gewest","Région wallonne","<5"
"2020-04-06","63049","Malmedy","Malmedy","Arrondissement Verviers","Arrondissement de Verviers","Provincie Luik","Province de Liège","Waals Gewest","Région wallonne","<5"
"2020-04-06","63058","Pepinster","Pepinster","Arrondissement Verviers","Arrondissement de Verviers","Provincie Luik","Province de Liège","Waals Gewest","Région wallonne","<5"
"2020-04-06","63067","Sankt Vith","Saint-Vith","Arrondissement Verviers","Arrondissement de Verviers","Provincie Luik","Province de Liège","Waals Gewest","Région wallonne","<5"
"2020-04-06","63072","Spa","Spa","Arrondissement Verviers","Arrondissement de Verviers","Provincie Luik","Province de Liège","Waals Gewest","Région wallonne","<5"
"2020-04-06","63073","Stavelot","Stavelot","Arrondissement Verviers","Arrondissement de Verviers","Provincie Luik","Province de Liège","Waals Gewest","Région wallonne","<5"
"2020-04-06","63076","Theux","Theux","Arrondissement Verviers","Arrondissement de Verviers","Provincie Luik","Province de Liège","Waals Gewest","Région wallonne","<5"
"2020-04-06","63079","Verviers","Verviers","Arrondissement Verviers","Arrondissement de Verviers","Provincie Luik","Province de Liège","Waals Gewest","Région wallonne","7"
"2020-04-06","63080","Weismes","Waimes","Arrondissement Verviers","Arrondissement de Verviers","Provincie Luik","Province de Liège","Waals Gewest","Région wallonne","<5"
"2020-04-06","63088","Plombières","Plombières","Arrondissement Verviers","Arrondissement de Verviers","Provincie Luik","Province de Liège","Waals Gewest","Région wallonne","<5"
"2020-04-06","63089","Thimister-Clermont","Thimister-Clermont","Arrondissement Verviers","Arrondissement de Verviers","Provincie Luik","Province de Liège","Waals Gewest","Région wallonne","<5"
"2020-04-06","64021","Crisnée","Crisnée","Arrondissement Borgworm","Arrondissement de Waremme","Provincie Luik","Province de Liège","Waals Gewest","Région wallonne","<5"
"2020-04-06","64023","Donceel","Donceel","Arrondissement Borgworm","Arrondissement de Waremme","Provincie Luik","Province de Liège","Waals Gewest","Région wallonne","<5"
"2020-04-06","64025","Fexhe-le-Haut-Clocher","Fexhe-le-Haut-Clocher","Arrondissement Borgworm","Arrondissement de Waremme","Provincie Luik","Province de Liège","Waals Gewest","Région wallonne","<5"
"2020-04-06","64034","Hannuit","Hannut","Arrondissement Borgworm","Arrondissement de Waremme","Provincie Luik","Province de Liège","Waals Gewest","Région wallonne","<5"
"2020-04-06","64047","Lijsem","Lincent","Arrondissement Borgworm","Arrondissement de Waremme","Provincie Luik","Province de Liège","Waals Gewest","Région wallonne","<5"
"2020-04-06","64074","Borgworm","Waremme","Arrondissement Borgworm","Arrondissement de Waremme","Provincie Luik","Province de Liège","Waals Gewest","Région wallonne","<5"
"2020-04-06","71002","As","As","Arrondissement Hasselt","Arrondissement de Hasselt","Provincie Limburg","Province du Limbourg","Vlaams Gewest","Région flamande","<5"
"2020-04-06","71004","Beringen","Beringen","Arrondissement Hasselt","Arrondissement de Hasselt","Provincie Limburg","Province du Limbourg","Vlaams Gewest","Région flamande","7"
"2020-04-06","71011","Diepenbeek","Diepenbeek","Arrondissement Hasselt","Arrondissement de Hasselt","Provincie Limburg","Province du Limbourg","Vlaams Gewest","Région flamande","5"
"2020-04-06","71016","Genk","Genk","Arrondissement Hasselt","Arrondissement de Hasselt","Provincie Limburg","Province du Limbourg","Vlaams Gewest","Région flamande","15"
"2020-04-06","71017","Gingelom","Gingelom","Arrondissement Hasselt","Arrondissement de Hasselt","Provincie Limburg","Province du Limbourg","Vlaams Gewest","Région flamande","41"
"2020-04-06","71022","Hasselt","Hasselt","Arrondissement Hasselt","Arrondissement de Hasselt","Provincie Limburg","Province du Limbourg","Vlaams Gewest","Région flamande","25"
"2020-04-06","71024","Herk-de-Stad","Herck-la-Ville","Arrondissement Hasselt","Arrondissement de Hasselt","Provincie Limburg","Province du Limbourg","Vlaams Gewest","Région flamande","6"
"2020-04-06","71034","Leopoldsburg","Bourg-Léopold","Arrondissement Hasselt","Arrondissement de Hasselt","Provincie Limburg","Province du Limbourg","Vlaams Gewest","Région flamande","<5"
"2020-04-06","71037","Lummen","Lummen","Arrondissement Hasselt","Arrondissement de Hasselt","Provincie Limburg","Province du Limbourg","Vlaams Gewest","Région flamande","<5"
"2020-04-06","71045","Nieuwerkerken (Hasselt)","Nieuwerkerken (Hasselt)","Arrondissement Hasselt","Arrondissement de Hasselt","Provincie Limburg","Province du Limbourg","Vlaams Gewest","Région flamande","6"
"2020-04-06","71053","Sint-Truiden","Saint-Trond","Arrondissement Hasselt","Arrondissement de Hasselt","Provincie Limburg","Province du Limbourg","Vlaams Gewest","Région flamande","45"
"2020-04-06","71057","Tessenderlo","Tessenderlo","Arrondissement Hasselt","Arrondissement de Hasselt","Provincie Limburg","Province du Limbourg","Vlaams Gewest","Région flamande","<5"
"2020-04-06","71066","Zonhoven","Zonhoven","Arrondissement Hasselt","Arrondissement de Hasselt","Provincie Limburg","Province du Limbourg","Vlaams Gewest","Région flamande","<5"
"2020-04-06","71069","Ham","Ham","Arrondissement Hasselt","Arrondissement de Hasselt","Provincie Limburg","Province du Limbourg","Vlaams Gewest","Région flamande","<5"
"2020-04-06","71070","Heusden-Zolder","Heusden-Zolder","Arrondissement Hasselt","Arrondissement de Hasselt","Provincie Limburg","Province du Limbourg","Vlaams Gewest","Région flamande","5"
"2020-04-06","72003","Bocholt","Bocholt","Arrondissement Maaseik","Arrondissement de Maaseik","Provincie Limburg","Province du Limbourg","Vlaams Gewest","Région flamande","<5"
"2020-04-06","72004","Bree","Bree","Arrondissement Maaseik","Arrondissement de Maaseik","Provincie Limburg","Province du Limbourg","Vlaams Gewest","Région flamande","7"
"2020-04-06","72020","Lommel","Lommel","Arrondissement Maaseik","Arrondissement de Maaseik","Provincie Limburg","Province du Limbourg","Vlaams Gewest","Région flamande","<5"
"2020-04-06","72021","Maaseik","Maaseik","Arrondissement Maaseik","Arrondissement de Maaseik","Provincie Limburg","Province du Limbourg","Vlaams Gewest","Région flamande","<5"
"2020-04-06","72030","Peer","Peer","Arrondissement Maaseik","Arrondissement de Maaseik","Provincie Limburg","Province du Limbourg","Vlaams Gewest","Région flamande","<5"
"2020-04-06","72037","Hamont-Achel","Hamont-Achel","Arrondissement Maaseik","Arrondissement de Maaseik","Provincie Limburg","Province du Limbourg","Vlaams Gewest","Région flamande","5"
"2020-04-06","72039","Houthalen-Helchteren","Houthalen-Helchteren","Arrondissement Maaseik","Arrondissement de Maaseik","Provincie Limburg","Province du Limbourg","Vlaams Gewest","Région flamande","<5"
"2020-04-06","72041","Dilsen-Stokkem","Dilsen-Stokkem","Arrondissement Maaseik","Arrondissement de Maaseik","Provincie Limburg","Province du Limbourg","Vlaams Gewest","Région flamande","8"
"2020-04-06","72042","Oudsbergen","Oudsbergen","Arrondissement Maaseik","Arrondissement de Maaseik","Provincie Limburg","Province du Limbourg","Vlaams Gewest","Région flamande","5"
"2020-04-06","72043","Pelt","Pelt","Arrondissement Maaseik","Arrondissement de Maaseik","Provincie Limburg","Province du Limbourg","Vlaams Gewest","Région flamande","<5"
"2020-04-06","73001","Alken","Alken","Arrondissement Tongeren","Arrondissement de Tongres","Provincie Limburg","Province du Limbourg","Vlaams Gewest","Région flamande","5"
"2020-04-06","73006","Bilzen","Bilzen","Arrondissement Tongeren","Arrondissement de Tongres","Provincie Limburg","Province du Limbourg","Vlaams Gewest","Région flamande","5"
"2020-04-06","73009","Borgloon","Looz","Arrondissement Tongeren","Arrondissement de Tongres","Provincie Limburg","Province du Limbourg","Vlaams Gewest","Région flamande","<5"
"2020-04-06","73022","Heers","Heers","Arrondissement Tongeren","Arrondissement de Tongres","Provincie Limburg","Province du Limbourg","Vlaams Gewest","Région flamande","<5"
"2020-04-06","73032","Hoeselt","Hoeselt","Arrondissement Tongeren","Arrondissement de Tongres","Provincie Limburg","Province du Limbourg","Vlaams Gewest","Région flamande","<5"
"2020-04-06","73040","Kortessem","Kortessem","Arrondissement Tongeren","Arrondissement de Tongres","Provincie Limburg","Province du Limbourg","Vlaams Gewest","Région flamande","<5"
"2020-04-06","73042","Lanaken","Lanaken","Arrondissement Tongeren","Arrondissement de Tongres","Provincie Limburg","Province du Limbourg","Vlaams Gewest","Région flamande","8"
"2020-04-06","73066","Riemst","Riemst","Arrondissement Tongeren","Arrondissement de Tongres","Provincie Limburg","Province du Limbourg","Vlaams Gewest","Région flamande","6"
"2020-04-06","73083","Tongeren","Tongres","Arrondissement Tongeren","Arrondissement de Tongres","Provincie Limburg","Province du Limbourg","Vlaams Gewest","Région flamande","7"
"2020-04-06","73098","Wellen","Wellen","Arrondissement Tongeren","Arrondissement de Tongres","Provincie Limburg","Province du Limbourg","Vlaams Gewest","Région flamande","<5"
"2020-04-06","73107","Maasmechelen","Maasmechelen","Arrondissement Tongeren","Arrondissement de Tongres","Provincie Limburg","Province du Limbourg","Vlaams Gewest","Région flamande","10"
"2020-04-06","81001","Aarlen","Arlon","Arrondissement Aarlen","Arrondissement d’Arlon","Provincie Luxemburg","Province du Luxembourg","Waals Gewest","Région wallonne","<5"
"2020-04-06","81004","Aubange","Aubange","Arrondissement Aarlen","Arrondissement d’Arlon","Provincie Luxemburg","Province du Luxembourg","Waals Gewest","Région wallonne","<5"
"2020-04-06","81015","Messancy","Messancy","Arrondissement Aarlen","Arrondissement d’Arlon","Provincie Luxemburg","Province du Luxembourg","Waals Gewest","Région wallonne","<5"
"2020-04-06","82003","Bastenaken","Bastogne","Arrondissement Bastenaken","Arrondissement de Bastogne","Provincie Luxemburg","Province du Luxembourg","Waals Gewest","Région wallonne","<5"
"2020-04-06","82005","Bertogne","Bertogne","Arrondissement Bastenaken","Arrondissement de Bastogne","Provincie Luxemburg","Province du Luxembourg","Waals Gewest","Région wallonne","<5"
"2020-04-06","82009","Fauvillers","Fauvillers","Arrondissement Bastenaken","Arrondissement de Bastogne","Provincie Luxemburg","Province du Luxembourg","Waals Gewest","Région wallonne","<5"
"2020-04-06","82014","Houffalize","Houffalize","Arrondissement Bastenaken","Arrondissement de Bastogne","Provincie Luxemburg","Province du Luxembourg","Waals Gewest","Région wallonne","<5"
"2020-04-06","82032","Vielsalm","Vielsalm","Arrondissement Bastenaken","Arrondissement de Bastogne","Provincie Luxemburg","Province du Luxembourg","Waals Gewest","Région wallonne","<5"
"2020-04-06","82036","Vaux-sur-Sûre","Vaux-sur-Sûre","Arrondissement Bastenaken","Arrondissement de Bastogne","Provincie Luxemburg","Province du Luxembourg","Waals Gewest","Région wallonne","<5"
"2020-04-06","82037","Gouvy","Gouvy","Arrondissement Bastenaken","Arrondissement de Bastogne","Provincie Luxemburg","Province du Luxembourg","Waals Gewest","Région wallonne","<5"
"2020-04-06","83012","Durbuy","Durbuy","Arrondissement Marche-en-Famenne","Arrondissement de Marche-en-Famenne","Provincie Luxemburg","Province du Luxembourg","Waals Gewest","Région wallonne","<5"
"2020-04-06","83013","Erezée","Erezée","Arrondissement Marche-en-Famenne","Arrondissement de Marche-en-Famenne","Provincie Luxemburg","Province du Luxembourg","Waals Gewest","Région wallonne","<5"
"2020-04-06","83028","Hotton","Hotton","Arrondissement Marche-en-Famenne","Arrondissement de Marche-en-Famenne","Provincie Luxemburg","Province du Luxembourg","Waals Gewest","Région wallonne","<5"
"2020-04-06","83031","La Roche-en-Ardenne","La Roche-en-Ardenne","Arrondissement Marche-en-Famenne","Arrondissement de Marche-en-Famenne","Provincie Luxemburg","Province du Luxembourg","Waals Gewest","Région wallonne","<5"
"2020-04-06","83034","Marche-en-Famenne","Marche-en-Famenne","Arrondissement Marche-en-Famenne","Arrondissement de Marche-en-Famenne","Provincie Luxemburg","Province du Luxembourg","Waals Gewest","Région wallonne","8"
"2020-04-06","83049","Tenneville","Tenneville","Arrondissement Marche-en-Famenne","Arrondissement de Marche-en-Famenne","Provincie Luxemburg","Province du Luxembourg","Waals Gewest","Région wallonne","<5"
"2020-04-06","84009","Bertrix","Bertrix","Arrondissement Neufchâteau","Arrondissement de Neufchâteau","Provincie Luxemburg","Province du Luxembourg","Waals Gewest","Région wallonne","<5"
"2020-04-06","84010","Bouillon","Bouillon","Arrondissement Neufchâteau","Arrondissement de Neufchâteau","Provincie Luxemburg","Province du Luxembourg","Waals Gewest","Région wallonne","<5"
"2020-04-06","84016","Daverdisse","Daverdisse","Arrondissement Neufchâteau","Arrondissement de Neufchâteau","Provincie Luxemburg","Province du Luxembourg","Waals Gewest","Région wallonne","<5"
"2020-04-06","84043","Neufchâteau (Neufchâteau)","Neufchâteau (Neufchâteau)","Arrondissement Neufchâteau","Arrondissement de Neufchâteau","Provincie Luxemburg","Province du Luxembourg","Waals Gewest","Région wallonne","<5"
"2020-04-06","84050","Paliseul","Paliseul","Arrondissement Neufchâteau","Arrondissement de Neufchâteau","Provincie Luxemburg","Province du Luxembourg","Waals Gewest","Région wallonne","<5"
"2020-04-06","84075","Wellin","Wellin","Arrondissement Neufchâteau","Arrondissement de Neufchâteau","Provincie Luxemburg","Province du Luxembourg","Waals Gewest","Région wallonne","<5"
"2020-04-06","84077","Libramont-Chevigny","Libramont-Chevigny","Arrondissement Neufchâteau","Arrondissement de Neufchâteau","Provincie Luxemburg","Province du Luxembourg","Waals Gewest","Région wallonne","<5"
"2020-04-06","85011","Florenville","Florenville","Arrondissement Virton","Arrondissement de Virton","Provincie Luxemburg","Province du Luxembourg","Waals Gewest","Région wallonne","<5"
"2020-04-06","85039","Tintigny","Tintigny","Arrondissement Virton","Arrondissement de Virton","Provincie Luxemburg","Province du Luxembourg","Waals Gewest","Région wallonne","<5"
"2020-04-06","85045","Virton","Virton","Arrondissement Virton","Arrondissement de Virton","Provincie Luxemburg","Province du Luxembourg","Waals Gewest","Région wallonne","<5"
"2020-04-06","91005","Anhée","Anhée","Arrondissement Dinant","Arrondissement de Dinant","Provincie Namen","Province de Namur","Waals Gewest","Région wallonne","<5"
"2020-04-06","91013","Beauraing","Beauraing","Arrondissement Dinant","Arrondissement de Dinant","Provincie Namen","Province de Namur","Waals Gewest","Région wallonne","<5"
"2020-04-06","91015","Bièvre","Bièvre","Arrondissement Dinant","Arrondissement de Dinant","Provincie Namen","Province de Namur","Waals Gewest","Région wallonne","<5"
"2020-04-06","91030","Ciney","Ciney","Arrondissement Dinant","Arrondissement de Dinant","Provincie Namen","Province de Namur","Waals Gewest","Région wallonne","<5"
"2020-04-06","91034","Dinant","Dinant","Arrondissement Dinant","Arrondissement de Dinant","Provincie Namen","Province de Namur","Waals Gewest","Région wallonne","<5"
"2020-04-06","91059","Hamois","Hamois","Arrondissement Dinant","Arrondissement de Dinant","Provincie Namen","Province de Namur","Waals Gewest","Région wallonne","<5"
"2020-04-06","91072","Houyet","Houyet","Arrondissement Dinant","Arrondissement de Dinant","Provincie Namen","Province de Namur","Waals Gewest","Région wallonne","<5"
"2020-04-06","91103","Onhaye","Onhaye","Arrondissement Dinant","Arrondissement de Dinant","Provincie Namen","Province de Namur","Waals Gewest","Région wallonne","<5"
"2020-04-06","91141","Yvoir","Yvoir","Arrondissement Dinant","Arrondissement de Dinant","Provincie Namen","Province de Namur","Waals Gewest","Région wallonne","<5"
"2020-04-06","91142","Hastière","Hastière","Arrondissement Dinant","Arrondissement de Dinant","Provincie Namen","Province de Namur","Waals Gewest","Région wallonne","<5"
"2020-04-06","91143","Vresse-sur-Semois","Vresse-sur-Semois","Arrondissement Dinant","Arrondissement de Dinant","Provincie Namen","Province de Namur","Waals Gewest","Région wallonne","<5"
"2020-04-06","92003","Andenne","Andenne","Arrondissement Namen","Arrondissement de Namur","Provincie Namen","Province de Namur","Waals Gewest","Région wallonne","6"
"2020-04-06","92035","Eghezée","Eghezée","Arrondissement Namen","Arrondissement de Namur","Provincie Namen","Province de Namur","Waals Gewest","Région wallonne","6"
"2020-04-06","92045","Floreffe","Floreffe","Arrondissement Namen","Arrondissement de Namur","Provincie Namen","Province de Namur","Waals Gewest","Région wallonne","<5"
"2020-04-06","92048","Fosses-la-Ville","Fosses-la-Ville","Arrondissement Namen","Arrondissement de Namur","Provincie Namen","Province de Namur","Waals Gewest","Région wallonne","<5"
"2020-04-06","92054","Gesves","Gesves","Arrondissement Namen","Arrondissement de Namur","Provincie Namen","Province de Namur","Waals Gewest","Région wallonne","<5"
"2020-04-06","92087","Mettet","Mettet","Arrondissement Namen","Arrondissement de Namur","Provincie Namen","Province de Namur","Waals Gewest","Région wallonne","<5"
"2020-04-06","92094","Namen","Namur","Arrondissement Namen","Arrondissement de Namur","Provincie Namen","Province de Namur","Waals Gewest","Région wallonne","15"
"2020-04-06","92097","Ohey","Ohey","Arrondissement Namen","Arrondissement de Namur","Provincie Namen","Province de Namur","Waals Gewest","Région wallonne","<5"
"2020-04-06","92101","Profondeville","Profondeville","Arrondissement Namen","Arrondissement de Namur","Provincie Namen","Province de Namur","Waals Gewest","Région wallonne","<5"
"2020-04-06","92137","Sambreville","Sambreville","Arrondissement Namen","Arrondissement de Namur","Provincie Namen","Province de Namur","Waals Gewest","Région wallonne","7"
"2020-04-06","92138","Fernelmont","Fernelmont","Arrondissement Namen","Arrondissement de Namur","Provincie Namen","Province de Namur","Waals Gewest","Région wallonne","<5"
"2020-04-06","92140","Jemeppe-sur-Sambre","Jemeppe-sur-Sambre","Arrondissement Namen","Arrondissement de Namur","Provincie Namen","Province de Namur","Waals Gewest","Région wallonne","<5"
"2020-04-06","92141","La Bruyère","La Bruyère","Arrondissement Namen","Arrondissement de Namur","Provincie Namen","Province de Namur","Waals Gewest","Région wallonne","<5"
"2020-04-06","92142","Gembloux","Gembloux","Arrondissement Namen","Arrondissement de Namur","Provincie Namen","Province de Namur","Waals Gewest","Région wallonne","<5"
"2020-04-06","93010","Cerfontaine","Cerfontaine","Arrondissement Philippeville","Arrondissement de Philippeville","Provincie Namen","Province de Namur","Waals Gewest","Région wallonne","<5"
"2020-04-06","93014","Couvin","Couvin","Arrondissement Philippeville","Arrondissement de Philippeville","Provincie Namen","Province de Namur","Waals Gewest","Région wallonne","<5"
"2020-04-06","93022","Florennes","Florennes","Arrondissement Philippeville","Arrondissement de Philippeville","Provincie Namen","Province de Namur","Waals Gewest","Région wallonne","<5"
"2020-04-06","93088","Walcourt","Walcourt","Arrondissement Philippeville","Arrondissement de Philippeville","Provincie Namen","Province de Namur","Waals Gewest","Région wallonne","<5"
"2020-04-06",NA,NA,NA,NA,NA,NA,NA,NA,NA,"39"
"2020-04-07","11001","Aartselaar","Aartselaar","Arrondissement Antwerpen","Arrondissement d’Anvers","Provincie Antwerpen","Province d’Anvers","Vlaams Gewest","Région flamande","<5"
"2020-04-07","11002","Antwerpen","Anvers","Arrondissement Antwerpen","Arrondissement d’Anvers","Provincie Antwerpen","Province d’Anvers","Vlaams Gewest","Région flamande","51"
"2020-04-07","11005","Boom","Boom","Arrondissement Antwerpen","Arrondissement d’Anvers","Provincie Antwerpen","Province d’Anvers","Vlaams Gewest","Région flamande","<5"
"2020-04-07","11007","Borsbeek","Borsbeek","Arrondissement Antwerpen","Arrondissement d’Anvers","Provincie Antwerpen","Province d’Anvers","Vlaams Gewest","Région flamande","<5"
"2020-04-07","11008","Brasschaat","Brasschaat","Arrondissement Antwerpen","Arrondissement d’Anvers","Provincie Antwerpen","Province d’Anvers","Vlaams Gewest","Région flamande","13"
"2020-04-07","11009","Brecht","Brecht","Arrondissement Antwerpen","Arrondissement d’Anvers","Provincie Antwerpen","Province d’Anvers","Vlaams Gewest","Région flamande","<5"
"2020-04-07","11013","Edegem","Edegem","Arrondissement Antwerpen","Arrondissement d’Anvers","Provincie Antwerpen","Province d’Anvers","Vlaams Gewest","Région flamande","<5"
"2020-04-07","11016","Essen","Essen","Arrondissement Antwerpen","Arrondissement d’Anvers","Provincie Antwerpen","Province d’Anvers","Vlaams Gewest","Région flamande","<5"
"2020-04-07","11018","Hemiksem","Hemiksem","Arrondissement Antwerpen","Arrondissement d’Anvers","Provincie Antwerpen","Province d’Anvers","Vlaams Gewest","Région flamande","<5"
"2020-04-07","11022","Kalmthout","Kalmthout","Arrondissement Antwerpen","Arrondissement d’Anvers","Provincie Antwerpen","Province d’Anvers","Vlaams Gewest","Région flamande","<5"
"2020-04-07","11023","Kapellen (Antwerpen)","Kapellen (Anvers)","Arrondissement Antwerpen","Arrondissement d’Anvers","Provincie Antwerpen","Province d’Anvers","Vlaams Gewest","Région flamande","<5"
"2020-04-07","11025","Lint","Lint","Arrondissement Antwerpen","Arrondissement d’Anvers","Provincie Antwerpen","Province d’Anvers","Vlaams Gewest","Région flamande","<5"
"2020-04-07","11029","Mortsel","Mortsel","Arrondissement Antwerpen","Arrondissement d’Anvers","Provincie Antwerpen","Province d’Anvers","Vlaams Gewest","Région flamande","<5"
"2020-04-07","11035","Ranst","Ranst","Arrondissement Antwerpen","Arrondissement d’Anvers","Provincie Antwerpen","Province d’Anvers","Vlaams Gewest","Région flamande","<5"
"2020-04-07","11037","Rumst","Rumst","Arrondissement Antwerpen","Arrondissement d’Anvers","Provincie Antwerpen","Province d’Anvers","Vlaams Gewest","Région flamande","<5"
"2020-04-07","11039","Schilde","Schilde","Arrondissement Antwerpen","Arrondissement d’Anvers","Provincie Antwerpen","Province d’Anvers","Vlaams Gewest","Région flamande","7"
"2020-04-07","11040","Schoten","Schoten","Arrondissement Antwerpen","Arrondissement d’Anvers","Provincie Antwerpen","Province d’Anvers","Vlaams Gewest","Région flamande","<5"
"2020-04-07","11044","Stabroek","Stabroek","Arrondissement Antwerpen","Arrondissement d’Anvers","Provincie Antwerpen","Province d’Anvers","Vlaams Gewest","Région flamande","<5"
"2020-04-07","11053","Wuustwezel","Wuustwezel","Arrondissement Antwerpen","Arrondissement d’Anvers","Provincie Antwerpen","Province d’Anvers","Vlaams Gewest","Région flamande","<5"
"2020-04-07","11054","Zandhoven","Zandhoven","Arrondissement Antwerpen","Arrondissement d’Anvers","Provincie Antwerpen","Province d’Anvers","Vlaams Gewest","Région flamande","<5"
"2020-04-07","11056","Zwijndrecht","Zwijndrecht","Arrondissement Antwerpen","Arrondissement d’Anvers","Provincie Antwerpen","Province d’Anvers","Vlaams Gewest","Région flamande","<5"
"2020-04-07","12002","Berlaar","Berlaar","Arrondissement Mechelen","Arrondissement de Malines","Provincie Antwerpen","Province d’Anvers","Vlaams Gewest","Région flamande","<5"
"2020-04-07","12007","Bornem","Bornem","Arrondissement Mechelen","Arrondissement de Malines","Provincie Antwerpen","Province d’Anvers","Vlaams Gewest","Région flamande","<5"
"2020-04-07","12009","Duffel","Duffel","Arrondissement Mechelen","Arrondissement de Malines","Provincie Antwerpen","Province d’Anvers","Vlaams Gewest","Région flamande","<5"
"2020-04-07","12021","Lier","Lierre","Arrondissement Mechelen","Arrondissement de Malines","Provincie Antwerpen","Province d’Anvers","Vlaams Gewest","Région flamande","<5"
"2020-04-07","12025","Mechelen","Malines","Arrondissement Mechelen","Arrondissement de Malines","Provincie Antwerpen","Province d’Anvers","Vlaams Gewest","Région flamande","26"
"2020-04-07","12026","Nijlen","Nijlen","Arrondissement Mechelen","Arrondissement de Malines","Provincie Antwerpen","Province d’Anvers","Vlaams Gewest","Région flamande","<5"
"2020-04-07","12035","Sint-Katelijne-Waver","Sint-Katelijne-Waver","Arrondissement Mechelen","Arrondissement de Malines","Provincie Antwerpen","Province d’Anvers","Vlaams Gewest","Région flamande","<5"
"2020-04-07","12040","Willebroek","Willebroek","Arrondissement Mechelen","Arrondissement de Malines","Provincie Antwerpen","Province d’Anvers","Vlaams Gewest","Région flamande","<5"
"2020-04-07","12041","Puurs-Sint-Amands","Puurs-Sint-Amands","Arrondissement Mechelen","Arrondissement de Malines","Provincie Antwerpen","Province d’Anvers","Vlaams Gewest","Région flamande","<5"
"2020-04-07","13001","Arendonk","Arendonk","Arrondissement Turnhout","Arrondissement de Turnhout","Provincie Antwerpen","Province d’Anvers","Vlaams Gewest","Région flamande","<5"
"2020-04-07","13004","Beerse","Beerse","Arrondissement Turnhout","Arrondissement de Turnhout","Provincie Antwerpen","Province d’Anvers","Vlaams Gewest","Région flamande","<5"
"2020-04-07","13006","Dessel","Dessel","Arrondissement Turnhout","Arrondissement de Turnhout","Provincie Antwerpen","Province d’Anvers","Vlaams Gewest","Région flamande","<5"
"2020-04-07","13008","Geel","Geel","Arrondissement Turnhout","Arrondissement de Turnhout","Provincie Antwerpen","Province d’Anvers","Vlaams Gewest","Région flamande","<5"
"2020-04-07","13010","Grobbendonk","Grobbendonk","Arrondissement Turnhout","Arrondissement de Turnhout","Provincie Antwerpen","Province d’Anvers","Vlaams Gewest","Région flamande","<5"
"2020-04-07","13012","Herenthout","Herenthout","Arrondissement Turnhout","Arrondissement de Turnhout","Provincie Antwerpen","Province d’Anvers","Vlaams Gewest","Région flamande","<5"
"2020-04-07","13013","Herselt","Herselt","Arrondissement Turnhout","Arrondissement de Turnhout","Provincie Antwerpen","Province d’Anvers","Vlaams Gewest","Région flamande","<5"
"2020-04-07","13014","Hoogstraten","Hoogstraten","Arrondissement Turnhout","Arrondissement de Turnhout","Provincie Antwerpen","Province d’Anvers","Vlaams Gewest","Région flamande","<5"
"2020-04-07","13019","Lille","Lille","Arrondissement Turnhout","Arrondissement de Turnhout","Provincie Antwerpen","Province d’Anvers","Vlaams Gewest","Région flamande","5"
"2020-04-07","13021","Meerhout","Meerhout","Arrondissement Turnhout","Arrondissement de Turnhout","Provincie Antwerpen","Province d’Anvers","Vlaams Gewest","Région flamande","<5"
"2020-04-07","13025","Mol","Mol","Arrondissement Turnhout","Arrondissement de Turnhout","Provincie Antwerpen","Province d’Anvers","Vlaams Gewest","Région flamande","<5"
"2020-04-07","13036","Retie","Retie","Arrondissement Turnhout","Arrondissement de Turnhout","Provincie Antwerpen","Province d’Anvers","Vlaams Gewest","Région flamande","<5"
"2020-04-07","13037","Rijkevorsel","Rijkevorsel","Arrondissement Turnhout","Arrondissement de Turnhout","Provincie Antwerpen","Province d’Anvers","Vlaams Gewest","Région flamande","<5"
"2020-04-07","13040","Turnhout","Turnhout","Arrondissement Turnhout","Arrondissement de Turnhout","Provincie Antwerpen","Province d’Anvers","Vlaams Gewest","Région flamande","5"
"2020-04-07","13044","Vorselaar","Vorselaar","Arrondissement Turnhout","Arrondissement de Turnhout","Provincie Antwerpen","Province d’Anvers","Vlaams Gewest","Région flamande","<5"
"2020-04-07","13046","Vosselaar","Vosselaar","Arrondissement Turnhout","Arrondissement de Turnhout","Provincie Antwerpen","Province d’Anvers","Vlaams Gewest","Région flamande","<5"
"2020-04-07","13053","Laakdal","Laakdal","Arrondissement Turnhout","Arrondissement de Turnhout","Provincie Antwerpen","Province d’Anvers","Vlaams Gewest","Région flamande","<5"
"2020-04-07","21001","Anderlecht","Anderlecht","Arrondissement Brussel-Hoofdstad","Arrondissement de Bruxelles-Capitale",NA,NA,"Brussels Hoofdstedelijk Gewest","Région de Bruxelles-Capitale","22"
"2020-04-07","21002","Oudergem","Auderghem","Arrondissement Brussel-Hoofdstad","Arrondissement de Bruxelles-Capitale",NA,NA,"Brussels Hoofdstedelijk Gewest","Région de Bruxelles-Capitale","6"
"2020-04-07","21003","Sint-Agatha-Berchem","Berchem-Sainte-Agathe","Arrondissement Brussel-Hoofdstad","Arrondissement de Bruxelles-Capitale",NA,NA,"Brussels Hoofdstedelijk Gewest","Région de Bruxelles-Capitale","7"
"2020-04-07","21004","Brussel","Bruxelles","Arrondissement Brussel-Hoofdstad","Arrondissement de Bruxelles-Capitale",NA,NA,"Brussels Hoofdstedelijk Gewest","Région de Bruxelles-Capitale","22"
"2020-04-07","21005","Etterbeek","Etterbeek","Arrondissement Brussel-Hoofdstad","Arrondissement de Bruxelles-Capitale",NA,NA,"Brussels Hoofdstedelijk Gewest","Région de Bruxelles-Capitale","<5"
"2020-04-07","21006","Evere","Evere","Arrondissement Brussel-Hoofdstad","Arrondissement de Bruxelles-Capitale",NA,NA,"Brussels Hoofdstedelijk Gewest","Région de Bruxelles-Capitale","<5"
"2020-04-07","21007","Vorst (Brussel-Hoofdstad)","Forest (Bruxelles-Capitale)","Arrondissement Brussel-Hoofdstad","Arrondissement de Bruxelles-Capitale",NA,NA,"Brussels Hoofdstedelijk Gewest","Région de Bruxelles-Capitale","5"
"2020-04-07","21008","Ganshoren","Ganshoren","Arrondissement Brussel-Hoofdstad","Arrondissement de Bruxelles-Capitale",NA,NA,"Brussels Hoofdstedelijk Gewest","Région de Bruxelles-Capitale","<5"
"2020-04-07","21009","Elsene","Ixelles","Arrondissement Brussel-Hoofdstad","Arrondissement de Bruxelles-Capitale",NA,NA,"Brussels Hoofdstedelijk Gewest","Région de Bruxelles-Capitale","10"
"2020-04-07","21010","Jette","Jette","Arrondissement Brussel-Hoofdstad","Arrondissement de Bruxelles-Capitale",NA,NA,"Brussels Hoofdstedelijk Gewest","Région de Bruxelles-Capitale","7"
"2020-04-07","21011","Koekelberg","Koekelberg","Arrondissement Brussel-Hoofdstad","Arrondissement de Bruxelles-Capitale",NA,NA,"Brussels Hoofdstedelijk Gewest","Région de Bruxelles-Capitale","<5"
"2020-04-07","21012","Sint-Jans-Molenbeek","Molenbeek-Saint-Jean","Arrondissement Brussel-Hoofdstad","Arrondissement de Bruxelles-Capitale",NA,NA,"Brussels Hoofdstedelijk Gewest","Région de Bruxelles-Capitale","10"
"2020-04-07","21013","Sint-Gillis","Saint-Gilles","Arrondissement Brussel-Hoofdstad","Arrondissement de Bruxelles-Capitale",NA,NA,"Brussels Hoofdstedelijk Gewest","Région de Bruxelles-Capitale","<5"
"2020-04-07","21014","Sint-Joost-ten-Node","Saint-Josse-ten-Noode","Arrondissement Brussel-Hoofdstad","Arrondissement de Bruxelles-Capitale",NA,NA,"Brussels Hoofdstedelijk Gewest","Région de Bruxelles-Capitale","<5"
"2020-04-07","21015","Schaarbeek","Schaerbeek","Arrondissement Brussel-Hoofdstad","Arrondissement de Bruxelles-Capitale",NA,NA,"Brussels Hoofdstedelijk Gewest","Région de Bruxelles-Capitale","20"
"2020-04-07","21016","Ukkel","Uccle","Arrondissement Brussel-Hoofdstad","Arrondissement de Bruxelles-Capitale",NA,NA,"Brussels Hoofdstedelijk Gewest","Région de Bruxelles-Capitale","11"
"2020-04-07","21017","Watermaal-Bosvoorde","Watermael-Boitsfort","Arrondissement Brussel-Hoofdstad","Arrondissement de Bruxelles-Capitale",NA,NA,"Brussels Hoofdstedelijk Gewest","Région de Bruxelles-Capitale","<5"
"2020-04-07","21018","Sint-Lambrechts-Woluwe","Woluwe-Saint-Lambert","Arrondissement Brussel-Hoofdstad","Arrondissement de Bruxelles-Capitale",NA,NA,"Brussels Hoofdstedelijk Gewest","Région de Bruxelles-Capitale","7"
"2020-04-07","23002","Asse","Asse","Arrondissement Halle-Vilvoorde","Arrondissement de Hal-Vilvorde","Provincie Vlaams-Brabant","Province du Brabant flamand","Vlaams Gewest","Région flamande","6"
"2020-04-07","23003","Beersel","Beersel","Arrondissement Halle-Vilvoorde","Arrondissement de Hal-Vilvorde","Provincie Vlaams-Brabant","Province du Brabant flamand","Vlaams Gewest","Région flamande","<5"
"2020-04-07","23016","Dilbeek","Dilbeek","Arrondissement Halle-Vilvoorde","Arrondissement de Hal-Vilvorde","Provincie Vlaams-Brabant","Province du Brabant flamand","Vlaams Gewest","Région flamande","<5"
"2020-04-07","23025","Grimbergen","Grimbergen","Arrondissement Halle-Vilvoorde","Arrondissement de Hal-Vilvorde","Provincie Vlaams-Brabant","Province du Brabant flamand","Vlaams Gewest","Région flamande","8"
"2020-04-07","23027","Halle (Halle-Vilvoorde)","Hal (Hal-Vilvorde)","Arrondissement Halle-Vilvoorde","Arrondissement de Hal-Vilvorde","Provincie Vlaams-Brabant","Province du Brabant flamand","Vlaams Gewest","Région flamande","<5"
"2020-04-07","23038","Kampenhout","Kampenhout","Arrondissement Halle-Vilvoorde","Arrondissement de Hal-Vilvorde","Provincie Vlaams-Brabant","Province du Brabant flamand","Vlaams Gewest","Région flamande","<5"
"2020-04-07","23039","Kapelle-op-den-Bos","Kapelle-op-den-Bos","Arrondissement Halle-Vilvoorde","Arrondissement de Hal-Vilvorde","Provincie Vlaams-Brabant","Province du Brabant flamand","Vlaams Gewest","Région flamande","<5"
"2020-04-07","23044","Liedekerke","Liedekerke","Arrondissement Halle-Vilvoorde","Arrondissement de Hal-Vilvorde","Provincie Vlaams-Brabant","Province du Brabant flamand","Vlaams Gewest","Région flamande","<5"
"2020-04-07","23045","Londerzeel","Londerzeel","Arrondissement Halle-Vilvoorde","Arrondissement de Hal-Vilvorde","Provincie Vlaams-Brabant","Province du Brabant flamand","Vlaams Gewest","Région flamande","<5"
"2020-04-07","23047","Machelen (Halle-Vilvoorde)","Machelen (Hal-Vilvorde)","Arrondissement Halle-Vilvoorde","Arrondissement de Hal-Vilvorde","Provincie Vlaams-Brabant","Province du Brabant flamand","Vlaams Gewest","Région flamande","<5"
"2020-04-07","23060","Opwijk","Opwijk","Arrondissement Halle-Vilvoorde","Arrondissement de Hal-Vilvorde","Provincie Vlaams-Brabant","Province du Brabant flamand","Vlaams Gewest","Région flamande","<5"
"2020-04-07","23062","Overijse","Overijse","Arrondissement Halle-Vilvoorde","Arrondissement de Hal-Vilvorde","Provincie Vlaams-Brabant","Province du Brabant flamand","Vlaams Gewest","Région flamande","<5"
"2020-04-07","23064","Pepingen","Pepingen","Arrondissement Halle-Vilvoorde","Arrondissement de Hal-Vilvorde","Provincie Vlaams-Brabant","Province du Brabant flamand","Vlaams Gewest","Région flamande","<5"
"2020-04-07","23077","Sint-Pieters-Leeuw","Sint-Pieters-Leeuw","Arrondissement Halle-Vilvoorde","Arrondissement de Hal-Vilvorde","Provincie Vlaams-Brabant","Province du Brabant flamand","Vlaams Gewest","Région flamande","<5"
"2020-04-07","23081","Steenokkerzeel","Steenokkerzeel","Arrondissement Halle-Vilvoorde","Arrondissement de Hal-Vilvorde","Provincie Vlaams-Brabant","Province du Brabant flamand","Vlaams Gewest","Région flamande","<5"
"2020-04-07","23088","Vilvoorde","Vilvorde","Arrondissement Halle-Vilvoorde","Arrondissement de Hal-Vilvorde","Provincie Vlaams-Brabant","Province du Brabant flamand","Vlaams Gewest","Région flamande","5"
"2020-04-07","23094","Zaventem","Zaventem","Arrondissement Halle-Vilvoorde","Arrondissement de Hal-Vilvorde","Provincie Vlaams-Brabant","Province du Brabant flamand","Vlaams Gewest","Région flamande","6"
"2020-04-07","23098","Drogenbos","Drogenbos","Arrondissement Halle-Vilvoorde","Arrondissement de Hal-Vilvorde","Provincie Vlaams-Brabant","Province du Brabant flamand","Vlaams Gewest","Région flamande","<5"
"2020-04-07","23099","Kraainem","Kraainem","Arrondissement Halle-Vilvoorde","Arrondissement de Hal-Vilvorde","Provincie Vlaams-Brabant","Province du Brabant flamand","Vlaams Gewest","Région flamande","<5"
"2020-04-07","23100","Linkebeek","Linkebeek","Arrondissement Halle-Vilvoorde","Arrondissement de Hal-Vilvorde","Provincie Vlaams-Brabant","Province du Brabant flamand","Vlaams Gewest","Région flamande","<5"
"2020-04-07","23103","Wezembeek-Oppem","Wezembeek-Oppem","Arrondissement Halle-Vilvoorde","Arrondissement de Hal-Vilvorde","Provincie Vlaams-Brabant","Province du Brabant flamand","Vlaams Gewest","Région flamande","<5"
"2020-04-07","23105","Affligem","Affligem","Arrondissement Halle-Vilvoorde","Arrondissement de Hal-Vilvorde","Provincie Vlaams-Brabant","Province du Brabant flamand","Vlaams Gewest","Région flamande","<5"
"2020-04-07","24001","Aarschot","Aarschot","Arrondissement Leuven","Arrondissement de Louvain","Provincie Vlaams-Brabant","Province du Brabant flamand","Vlaams Gewest","Région flamande","6"
"2020-04-07","24007","Begijnendijk","Begijnendijk","Arrondissement Leuven","Arrondissement de Louvain","Provincie Vlaams-Brabant","Province du Brabant flamand","Vlaams Gewest","Région flamande","<5"
"2020-04-07","24014","Boortmeerbeek","Boortmeerbeek","Arrondissement Leuven","Arrondissement de Louvain","Provincie Vlaams-Brabant","Province du Brabant flamand","Vlaams Gewest","Région flamande","<5"
"2020-04-07","24016","Boutersem","Boutersem","Arrondissement Leuven","Arrondissement de Louvain","Provincie Vlaams-Brabant","Province du Brabant flamand","Vlaams Gewest","Région flamande","<5"
"2020-04-07","24020","Diest","Diest","Arrondissement Leuven","Arrondissement de Louvain","Provincie Vlaams-Brabant","Province du Brabant flamand","Vlaams Gewest","Région flamande","<5"
"2020-04-07","24028","Geetbets","Geetbets","Arrondissement Leuven","Arrondissement de Louvain","Provincie Vlaams-Brabant","Province du Brabant flamand","Vlaams Gewest","Région flamande","<5"
"2020-04-07","24033","Haacht","Haacht","Arrondissement Leuven","Arrondissement de Louvain","Provincie Vlaams-Brabant","Province du Brabant flamand","Vlaams Gewest","Région flamande","<5"
"2020-04-07","24038","Herent","Herent","Arrondissement Leuven","Arrondissement de Louvain","Provincie Vlaams-Brabant","Province du Brabant flamand","Vlaams Gewest","Région flamande","7"
"2020-04-07","24041","Hoegaarden","Hoegaarden","Arrondissement Leuven","Arrondissement de Louvain","Provincie Vlaams-Brabant","Province du Brabant flamand","Vlaams Gewest","Région flamande","<5"
"2020-04-07","24043","Holsbeek","Holsbeek","Arrondissement Leuven","Arrondissement de Louvain","Provincie Vlaams-Brabant","Province du Brabant flamand","Vlaams Gewest","Région flamande","<5"
"2020-04-07","24048","Keerbergen","Keerbergen","Arrondissement Leuven","Arrondissement de Louvain","Provincie Vlaams-Brabant","Province du Brabant flamand","Vlaams Gewest","Région flamande","<5"
"2020-04-07","24054","Kortenaken","Kortenaken","Arrondissement Leuven","Arrondissement de Louvain","Provincie Vlaams-Brabant","Province du Brabant flamand","Vlaams Gewest","Région flamande","<5"
"2020-04-07","24055","Kortenberg","Kortenberg","Arrondissement Leuven","Arrondissement de Louvain","Provincie Vlaams-Brabant","Province du Brabant flamand","Vlaams Gewest","Région flamande","<5"
"2020-04-07","24059","Landen","Landen","Arrondissement Leuven","Arrondissement de Louvain","Provincie Vlaams-Brabant","Province du Brabant flamand","Vlaams Gewest","Région flamande","9"
"2020-04-07","24062","Leuven","Louvain","Arrondissement Leuven","Arrondissement de Louvain","Provincie Vlaams-Brabant","Province du Brabant flamand","Vlaams Gewest","Région flamande","6"
"2020-04-07","24066","Lubbeek","Lubbeek","Arrondissement Leuven","Arrondissement de Louvain","Provincie Vlaams-Brabant","Province du Brabant flamand","Vlaams Gewest","Région flamande","8"
"2020-04-07","24086","Oud-Heverlee","Oud-Heverlee","Arrondissement Leuven","Arrondissement de Louvain","Provincie Vlaams-Brabant","Province du Brabant flamand","Vlaams Gewest","Région flamande","<5"
"2020-04-07","24094","Rotselaar","Rotselaar","Arrondissement Leuven","Arrondissement de Louvain","Provincie Vlaams-Brabant","Province du Brabant flamand","Vlaams Gewest","Région flamande","<5"
"2020-04-07","24104","Tervuren","Tervuren","Arrondissement Leuven","Arrondissement de Louvain","Provincie Vlaams-Brabant","Province du Brabant flamand","Vlaams Gewest","Région flamande","<5"
"2020-04-07","24107","Tienen","Tirlemont","Arrondissement Leuven","Arrondissement de Louvain","Provincie Vlaams-Brabant","Province du Brabant flamand","Vlaams Gewest","Région flamande","8"
"2020-04-07","24109","Tremelo","Tremelo","Arrondissement Leuven","Arrondissement de Louvain","Provincie Vlaams-Brabant","Province du Brabant flamand","Vlaams Gewest","Région flamande","<5"
"2020-04-07","24130","Zoutleeuw","Léau","Arrondissement Leuven","Arrondissement de Louvain","Provincie Vlaams-Brabant","Province du Brabant flamand","Vlaams Gewest","Région flamande","<5"
"2020-04-07","24133","Linter","Linter","Arrondissement Leuven","Arrondissement de Louvain","Provincie Vlaams-Brabant","Province du Brabant flamand","Vlaams Gewest","Région flamande","<5"
"2020-04-07","24134","Scherpenheuvel-Zichem","Montaigu-Zichem","Arrondissement Leuven","Arrondissement de Louvain","Provincie Vlaams-Brabant","Province du Brabant flamand","Vlaams Gewest","Région flamande","<5"
"2020-04-07","25005","Bevekom","Beauvechain","Arrondissement Nijvel","Arrondissement de Nivelles","Provincie Waals-Brabant","Province du Brabant wallon","Waals Gewest","Région wallonne","<5"
"2020-04-07","25014","Eigenbrakel","Braine-l’Alleud","Arrondissement Nijvel","Arrondissement de Nivelles","Provincie Waals-Brabant","Province du Brabant wallon","Waals Gewest","Région wallonne","<5"
"2020-04-07","25018","Chaumont-Gistoux","Chaumont-Gistoux","Arrondissement Nijvel","Arrondissement de Nivelles","Provincie Waals-Brabant","Province du Brabant wallon","Waals Gewest","Région wallonne","<5"
"2020-04-07","25043","Incourt","Incourt","Arrondissement Nijvel","Arrondissement de Nivelles","Provincie Waals-Brabant","Province du Brabant wallon","Waals Gewest","Région wallonne","<5"
"2020-04-07","25050","Terhulpen","La Hulpe","Arrondissement Nijvel","Arrondissement de Nivelles","Provincie Waals-Brabant","Province du Brabant wallon","Waals Gewest","Région wallonne","<5"
"2020-04-07","25072","Nijvel","Nivelles","Arrondissement Nijvel","Arrondissement de Nivelles","Provincie Waals-Brabant","Province du Brabant wallon","Waals Gewest","Région wallonne","<5"
"2020-04-07","25084","Perwijs (Nijvel)","Perwez (Nivelles)","Arrondissement Nijvel","Arrondissement de Nivelles","Provincie Waals-Brabant","Province du Brabant wallon","Waals Gewest","Région wallonne","<5"
"2020-04-07","25091","Rixensart","Rixensart","Arrondissement Nijvel","Arrondissement de Nivelles","Provincie Waals-Brabant","Province du Brabant wallon","Waals Gewest","Région wallonne","<5"
"2020-04-07","25105","Tubeke","Tubize","Arrondissement Nijvel","Arrondissement de Nivelles","Provincie Waals-Brabant","Province du Brabant wallon","Waals Gewest","Région wallonne","<5"
"2020-04-07","25107","Villers-la-Ville","Villers-la-Ville","Arrondissement Nijvel","Arrondissement de Nivelles","Provincie Waals-Brabant","Province du Brabant wallon","Waals Gewest","Région wallonne","<5"
"2020-04-07","25112","Waver","Wavre","Arrondissement Nijvel","Arrondissement de Nivelles","Provincie Waals-Brabant","Province du Brabant wallon","Waals Gewest","Région wallonne","5"
"2020-04-07","25117","Chastre","Chastre","Arrondissement Nijvel","Arrondissement de Nivelles","Provincie Waals-Brabant","Province du Brabant wallon","Waals Gewest","Région wallonne","<5"
"2020-04-07","25119","Lasne","Lasne","Arrondissement Nijvel","Arrondissement de Nivelles","Provincie Waals-Brabant","Province du Brabant wallon","Waals Gewest","Région wallonne","<5"
"2020-04-07","25120","Orp-Jauche","Orp-Jauche","Arrondissement Nijvel","Arrondissement de Nivelles","Provincie Waals-Brabant","Province du Brabant wallon","Waals Gewest","Région wallonne","<5"
"2020-04-07","25121","Ottignies-Louvain-la-Neuve","Ottignies-Louvain-la-Neuve","Arrondissement Nijvel","Arrondissement de Nivelles","Provincie Waals-Brabant","Province du Brabant wallon","Waals Gewest","Région wallonne","<5"
"2020-04-07","25123","Rebecq","Rebecq","Arrondissement Nijvel","Arrondissement de Nivelles","Provincie Waals-Brabant","Province du Brabant wallon","Waals Gewest","Région wallonne","<5"
"2020-04-07","25124","Walhain","Walhain","Arrondissement Nijvel","Arrondissement de Nivelles","Provincie Waals-Brabant","Province du Brabant wallon","Waals Gewest","Région wallonne","<5"
"2020-04-07","31003","Beernem","Beernem","Arrondissement Brugge","Arrondissement de Bruges","Provincie West-Vlaanderen","Province de Flandre occidentale","Vlaams Gewest","Région flamande","<5"
"2020-04-07","31004","Blankenberge","Blankenberge","Arrondissement Brugge","Arrondissement de Bruges","Provincie West-Vlaanderen","Province de Flandre occidentale","Vlaams Gewest","Région flamande","<5"
"2020-04-07","31005","Brugge","Bruges","Arrondissement Brugge","Arrondissement de Bruges","Provincie West-Vlaanderen","Province de Flandre occidentale","Vlaams Gewest","Région flamande","13"
"2020-04-07","31006","Damme","Damme","Arrondissement Brugge","Arrondissement de Bruges","Provincie West-Vlaanderen","Province de Flandre occidentale","Vlaams Gewest","Région flamande","<5"
"2020-04-07","31012","Jabbeke","Jabbeke","Arrondissement Brugge","Arrondissement de Bruges","Provincie West-Vlaanderen","Province de Flandre occidentale","Vlaams Gewest","Région flamande","<5"
"2020-04-07","31022","Oostkamp","Oostkamp","Arrondissement Brugge","Arrondissement de Bruges","Provincie West-Vlaanderen","Province de Flandre occidentale","Vlaams Gewest","Région flamande","<5"
"2020-04-07","31033","Torhout","Torhout","Arrondissement Brugge","Arrondissement de Bruges","Provincie West-Vlaanderen","Province de Flandre occidentale","Vlaams Gewest","Région flamande","<5"
"2020-04-07","31040","Zedelgem","Zedelgem","Arrondissement Brugge","Arrondissement de Bruges","Provincie West-Vlaanderen","Province de Flandre occidentale","Vlaams Gewest","Région flamande","<5"
"2020-04-07","31042","Zuienkerke","Zuienkerke","Arrondissement Brugge","Arrondissement de Bruges","Provincie West-Vlaanderen","Province de Flandre occidentale","Vlaams Gewest","Région flamande","<5"
"2020-04-07","31043","Knokke-Heist","Knokke-Heist","Arrondissement Brugge","Arrondissement de Bruges","Provincie West-Vlaanderen","Province de Flandre occidentale","Vlaams Gewest","Région flamande","9"
"2020-04-07","32006","Houthulst","Houthulst","Arrondissement Diksmuide","Arrondissement de Dixmude","Provincie West-Vlaanderen","Province de Flandre occidentale","Vlaams Gewest","Région flamande","<5"
"2020-04-07","32011","Kortemark","Kortemark","Arrondissement Diksmuide","Arrondissement de Dixmude","Provincie West-Vlaanderen","Province de Flandre occidentale","Vlaams Gewest","Région flamande","<5"
"2020-04-07","33011","Ieper","Ypres","Arrondissement Ieper","Arrondissement d’Ypres","Provincie West-Vlaanderen","Province de Flandre occidentale","Vlaams Gewest","Région flamande","15"
"2020-04-07","33029","Wervik","Wervik","Arrondissement Ieper","Arrondissement d’Ypres","Provincie West-Vlaanderen","Province de Flandre occidentale","Vlaams Gewest","Région flamande","7"
"2020-04-07","33037","Zonnebeke","Zonnebeke","Arrondissement Ieper","Arrondissement d’Ypres","Provincie West-Vlaanderen","Province de Flandre occidentale","Vlaams Gewest","Région flamande","<5"
"2020-04-07","33039","Heuvelland","Heuvelland","Arrondissement Ieper","Arrondissement d’Ypres","Provincie West-Vlaanderen","Province de Flandre occidentale","Vlaams Gewest","Région flamande","<5"
"2020-04-07","34002","Anzegem","Anzegem","Arrondissement Kortrijk","Arrondissement de Courtrai","Provincie West-Vlaanderen","Province de Flandre occidentale","Vlaams Gewest","Région flamande","<5"
"2020-04-07","34003","Avelgem","Avelgem","Arrondissement Kortrijk","Arrondissement de Courtrai","Provincie West-Vlaanderen","Province de Flandre occidentale","Vlaams Gewest","Région flamande","<5"
"2020-04-07","34009","Deerlijk","Deerlijk","Arrondissement Kortrijk","Arrondissement de Courtrai","Provincie West-Vlaanderen","Province de Flandre occidentale","Vlaams Gewest","Région flamande","<5"
"2020-04-07","34013","Harelbeke","Harelbeke","Arrondissement Kortrijk","Arrondissement de Courtrai","Provincie West-Vlaanderen","Province de Flandre occidentale","Vlaams Gewest","Région flamande","12"
"2020-04-07","34022","Kortrijk","Courtrai","Arrondissement Kortrijk","Arrondissement de Courtrai","Provincie West-Vlaanderen","Province de Flandre occidentale","Vlaams Gewest","Région flamande","13"
"2020-04-07","34023","Kuurne","Kuurne","Arrondissement Kortrijk","Arrondissement de Courtrai","Provincie West-Vlaanderen","Province de Flandre occidentale","Vlaams Gewest","Région flamande","<5"
"2020-04-07","34027","Menen","Menin","Arrondissement Kortrijk","Arrondissement de Courtrai","Provincie West-Vlaanderen","Province de Flandre occidentale","Vlaams Gewest","Région flamande","<5"
"2020-04-07","34040","Waregem","Waregem","Arrondissement Kortrijk","Arrondissement de Courtrai","Provincie West-Vlaanderen","Province de Flandre occidentale","Vlaams Gewest","Région flamande","<5"
"2020-04-07","34041","Wevelgem","Wevelgem","Arrondissement Kortrijk","Arrondissement de Courtrai","Provincie West-Vlaanderen","Province de Flandre occidentale","Vlaams Gewest","Région flamande","<5"
"2020-04-07","34042","Zwevegem","Zwevegem","Arrondissement Kortrijk","Arrondissement de Courtrai","Provincie West-Vlaanderen","Province de Flandre occidentale","Vlaams Gewest","Région flamande","<5"
"2020-04-07","34043","Spiere-Helkijn","Espierres-Helchin","Arrondissement Kortrijk","Arrondissement de Courtrai","Provincie West-Vlaanderen","Province de Flandre occidentale","Vlaams Gewest","Région flamande","<5"
"2020-04-07","35006","Ichtegem","Ichtegem","Arrondissement Oostende","Arrondissement d’Ostende","Provincie West-Vlaanderen","Province de Flandre occidentale","Vlaams Gewest","Région flamande","<5"
"2020-04-07","35013","Oostende","Ostende","Arrondissement Oostende","Arrondissement d’Ostende","Provincie West-Vlaanderen","Province de Flandre occidentale","Vlaams Gewest","Région flamande","<5"
"2020-04-07","35014","Oudenburg","Oudenburg","Arrondissement Oostende","Arrondissement d’Ostende","Provincie West-Vlaanderen","Province de Flandre occidentale","Vlaams Gewest","Région flamande","<5"
"2020-04-07","35029","De Haan","De Haan","Arrondissement Oostende","Arrondissement d’Ostende","Provincie West-Vlaanderen","Province de Flandre occidentale","Vlaams Gewest","Région flamande","<5"
"2020-04-07","36006","Hooglede","Hooglede","Arrondissement Roeselare","Arrondissement de Roulers","Provincie West-Vlaanderen","Province de Flandre occidentale","Vlaams Gewest","Région flamande","<5"
"2020-04-07","36008","Izegem","Izegem","Arrondissement Roeselare","Arrondissement de Roulers","Provincie West-Vlaanderen","Province de Flandre occidentale","Vlaams Gewest","Région flamande","6"
"2020-04-07","36012","Moorslede","Moorslede","Arrondissement Roeselare","Arrondissement de Roulers","Provincie West-Vlaanderen","Province de Flandre occidentale","Vlaams Gewest","Région flamande","<5"
"2020-04-07","36015","Roeselare","Roulers","Arrondissement Roeselare","Arrondissement de Roulers","Provincie West-Vlaanderen","Province de Flandre occidentale","Vlaams Gewest","Région flamande","9"
"2020-04-07","37002","Dentergem","Dentergem","Arrondissement Tielt","Arrondissement de Tielt","Provincie West-Vlaanderen","Province de Flandre occidentale","Vlaams Gewest","Région flamande","<5"
"2020-04-07","37012","Ruiselede","Ruiselede","Arrondissement Tielt","Arrondissement de Tielt","Provincie West-Vlaanderen","Province de Flandre occidentale","Vlaams Gewest","Région flamande","<5"
"2020-04-07","37015","Tielt (Tielt)","Tielt (Tielt)","Arrondissement Tielt","Arrondissement de Tielt","Provincie West-Vlaanderen","Province de Flandre occidentale","Vlaams Gewest","Région flamande","<5"
"2020-04-07","37018","Wingene","Wingene","Arrondissement Tielt","Arrondissement de Tielt","Provincie West-Vlaanderen","Province de Flandre occidentale","Vlaams Gewest","Région flamande","5"
"2020-04-07","38002","Alveringem","Alveringem","Arrondissement Veurne","Arrondissement de Furnes","Provincie West-Vlaanderen","Province de Flandre occidentale","Vlaams Gewest","Région flamande","<5"
"2020-04-07","38008","De Panne","La Panne","Arrondissement Veurne","Arrondissement de Furnes","Provincie West-Vlaanderen","Province de Flandre occidentale","Vlaams Gewest","Région flamande","<5"
"2020-04-07","38014","Koksijde","Koksijde","Arrondissement Veurne","Arrondissement de Furnes","Provincie West-Vlaanderen","Province de Flandre occidentale","Vlaams Gewest","Région flamande","<5"
"2020-04-07","41002","Aalst (Aalst)","Alost (Alost)","Arrondissement Aalst","Arrondissement d’Alost","Provincie Oost-Vlaanderen","Province de Flandre orientale","Vlaams Gewest","Région flamande","17"
"2020-04-07","41018","Geraardsbergen","Grammont","Arrondissement Aalst","Arrondissement d’Alost","Provincie Oost-Vlaanderen","Province de Flandre orientale","Vlaams Gewest","Région flamande","<5"
"2020-04-07","41024","Haaltert","Haaltert","Arrondissement Aalst","Arrondissement d’Alost","Provincie Oost-Vlaanderen","Province de Flandre orientale","Vlaams Gewest","Région flamande","<5"
"2020-04-07","41027","Herzele","Herzele","Arrondissement Aalst","Arrondissement d’Alost","Provincie Oost-Vlaanderen","Province de Flandre orientale","Vlaams Gewest","Région flamande","<5"
"2020-04-07","41034","Lede","Lede","Arrondissement Aalst","Arrondissement d’Alost","Provincie Oost-Vlaanderen","Province de Flandre orientale","Vlaams Gewest","Région flamande","<5"
"2020-04-07","41048","Ninove","Ninove","Arrondissement Aalst","Arrondissement d’Alost","Provincie Oost-Vlaanderen","Province de Flandre orientale","Vlaams Gewest","Région flamande","<5"
"2020-04-07","41063","Sint-Lievens-Houtem","Sint-Lievens-Houtem","Arrondissement Aalst","Arrondissement d’Alost","Provincie Oost-Vlaanderen","Province de Flandre orientale","Vlaams Gewest","Région flamande","<5"
"2020-04-07","41081","Zottegem","Zottegem","Arrondissement Aalst","Arrondissement d’Alost","Provincie Oost-Vlaanderen","Province de Flandre orientale","Vlaams Gewest","Région flamande","<5"
"2020-04-07","41082","Erpe-Mere","Erpe-Mere","Arrondissement Aalst","Arrondissement d’Alost","Provincie Oost-Vlaanderen","Province de Flandre orientale","Vlaams Gewest","Région flamande","<5"
"2020-04-07","42003","Berlare","Berlare","Arrondissement Dendermonde","Arrondissement de Termonde","Provincie Oost-Vlaanderen","Province de Flandre orientale","Vlaams Gewest","Région flamande","<5"
"2020-04-07","42006","Dendermonde","Termonde","Arrondissement Dendermonde","Arrondissement de Termonde","Provincie Oost-Vlaanderen","Province de Flandre orientale","Vlaams Gewest","Région flamande","8"
"2020-04-07","42008","Hamme (Dendermonde)","Hamme (Termonde)","Arrondissement Dendermonde","Arrondissement de Termonde","Provincie Oost-Vlaanderen","Province de Flandre orientale","Vlaams Gewest","Région flamande","<5"
"2020-04-07","42010","Laarne","Laarne","Arrondissement Dendermonde","Arrondissement de Termonde","Provincie Oost-Vlaanderen","Province de Flandre orientale","Vlaams Gewest","Région flamande","<5"
"2020-04-07","42011","Lebbeke","Lebbeke","Arrondissement Dendermonde","Arrondissement de Termonde","Provincie Oost-Vlaanderen","Province de Flandre orientale","Vlaams Gewest","Région flamande","<5"
"2020-04-07","42023","Waasmunster","Waasmunster","Arrondissement Dendermonde","Arrondissement de Termonde","Provincie Oost-Vlaanderen","Province de Flandre orientale","Vlaams Gewest","Région flamande","<5"
"2020-04-07","42025","Wetteren","Wetteren","Arrondissement Dendermonde","Arrondissement de Termonde","Provincie Oost-Vlaanderen","Province de Flandre orientale","Vlaams Gewest","Région flamande","<5"
"2020-04-07","42026","Wichelen","Wichelen","Arrondissement Dendermonde","Arrondissement de Termonde","Provincie Oost-Vlaanderen","Province de Flandre orientale","Vlaams Gewest","Région flamande","<5"
"2020-04-07","42028","Zele","Zele","Arrondissement Dendermonde","Arrondissement de Termonde","Provincie Oost-Vlaanderen","Province de Flandre orientale","Vlaams Gewest","Région flamande","<5"
"2020-04-07","43002","Assenede","Assenede","Arrondissement Eeklo","Arrondissement d’Eeklo","Provincie Oost-Vlaanderen","Province de Flandre orientale","Vlaams Gewest","Région flamande","<5"
"2020-04-07","43005","Eeklo","Eeklo","Arrondissement Eeklo","Arrondissement d’Eeklo","Provincie Oost-Vlaanderen","Province de Flandre orientale","Vlaams Gewest","Région flamande","<5"
"2020-04-07","43007","Kaprijke","Kaprijke","Arrondissement Eeklo","Arrondissement d’Eeklo","Provincie Oost-Vlaanderen","Province de Flandre orientale","Vlaams Gewest","Région flamande","<5"
"2020-04-07","43018","Zelzate","Zelzate","Arrondissement Eeklo","Arrondissement d’Eeklo","Provincie Oost-Vlaanderen","Province de Flandre orientale","Vlaams Gewest","Région flamande","<5"
"2020-04-07","44012","De Pinte","De Pinte","Arrondissement Gent","Arrondissement de Gand","Provincie Oost-Vlaanderen","Province de Flandre orientale","Vlaams Gewest","Région flamande","<5"
"2020-04-07","44013","Destelbergen","Destelbergen","Arrondissement Gent","Arrondissement de Gand","Provincie Oost-Vlaanderen","Province de Flandre orientale","Vlaams Gewest","Région flamande","<5"
"2020-04-07","44019","Evergem","Evergem","Arrondissement Gent","Arrondissement de Gand","Provincie Oost-Vlaanderen","Province de Flandre orientale","Vlaams Gewest","Région flamande","<5"
"2020-04-07","44020","Gavere","Gavere","Arrondissement Gent","Arrondissement de Gand","Provincie Oost-Vlaanderen","Province de Flandre orientale","Vlaams Gewest","Région flamande","<5"
"2020-04-07","44021","Gent","Gand","Arrondissement Gent","Arrondissement de Gand","Provincie Oost-Vlaanderen","Province de Flandre orientale","Vlaams Gewest","Région flamande","15"
"2020-04-07","44034","Lochristi","Lochristi","Arrondissement Gent","Arrondissement de Gand","Provincie Oost-Vlaanderen","Province de Flandre orientale","Vlaams Gewest","Région flamande","<5"
"2020-04-07","44040","Melle","Melle","Arrondissement Gent","Arrondissement de Gand","Provincie Oost-Vlaanderen","Province de Flandre orientale","Vlaams Gewest","Région flamande","<5"
"2020-04-07","44045","Moerbeke (Gent)","Moerbeke (Gand)","Arrondissement Gent","Arrondissement de Gand","Provincie Oost-Vlaanderen","Province de Flandre orientale","Vlaams Gewest","Région flamande","<5"
"2020-04-07","44048","Nazareth","Nazareth","Arrondissement Gent","Arrondissement de Gand","Provincie Oost-Vlaanderen","Province de Flandre orientale","Vlaams Gewest","Région flamande","<5"
"2020-04-07","44073","Wachtebeke","Wachtebeke","Arrondissement Gent","Arrondissement de Gand","Provincie Oost-Vlaanderen","Province de Flandre orientale","Vlaams Gewest","Région flamande","<5"
"2020-04-07","44083","Deinze","Deinze","Arrondissement Gent","Arrondissement de Gand","Provincie Oost-Vlaanderen","Province de Flandre orientale","Vlaams Gewest","Région flamande","<5"
"2020-04-07","44084","Aalter","Aalter","Arrondissement Gent","Arrondissement de Gand","Provincie Oost-Vlaanderen","Province de Flandre orientale","Vlaams Gewest","Région flamande","<5"
"2020-04-07","44085","Lievegem","Lievegem","Arrondissement Gent","Arrondissement de Gand","Provincie Oost-Vlaanderen","Province de Flandre orientale","Vlaams Gewest","Région flamande","<5"
"2020-04-07","45035","Oudenaarde","Audenarde","Arrondissement Oudenaarde","Arrondissement d’Audenarde","Provincie Oost-Vlaanderen","Province de Flandre orientale","Vlaams Gewest","Région flamande","<5"
"2020-04-07","45041","Ronse","Renaix","Arrondissement Oudenaarde","Arrondissement d’Audenarde","Provincie Oost-Vlaanderen","Province de Flandre orientale","Vlaams Gewest","Région flamande","9"
"2020-04-07","46003","Beveren (Sint-Niklaas)","Beveren (Saint-Nicolas)","Arrondissement Sint-Niklaas","Arrondissement de Saint-Nicolas","Provincie Oost-Vlaanderen","Province de Flandre orientale","Vlaams Gewest","Région flamande","<5"
"2020-04-07","46013","Kruibeke","Kruibeke","Arrondissement Sint-Niklaas","Arrondissement de Saint-Nicolas","Provincie Oost-Vlaanderen","Province de Flandre orientale","Vlaams Gewest","Région flamande","<5"
"2020-04-07","46014","Lokeren","Lokeren","Arrondissement Sint-Niklaas","Arrondissement de Saint-Nicolas","Provincie Oost-Vlaanderen","Province de Flandre orientale","Vlaams Gewest","Région flamande","<5"
"2020-04-07","46020","Sint-Gillis-Waas","Sint-Gillis-Waas","Arrondissement Sint-Niklaas","Arrondissement de Saint-Nicolas","Provincie Oost-Vlaanderen","Province de Flandre orientale","Vlaams Gewest","Région flamande","<5"
"2020-04-07","46021","Sint-Niklaas (Sint-Niklaas)","Saint-Nicolas (Saint-Nicolas)","Arrondissement Sint-Niklaas","Arrondissement de Saint-Nicolas","Provincie Oost-Vlaanderen","Province de Flandre orientale","Vlaams Gewest","Région flamande","<5"
"2020-04-07","46024","Stekene","Stekene","Arrondissement Sint-Niklaas","Arrondissement de Saint-Nicolas","Provincie Oost-Vlaanderen","Province de Flandre orientale","Vlaams Gewest","Région flamande","<5"
"2020-04-07","46025","Temse","Tamise","Arrondissement Sint-Niklaas","Arrondissement de Saint-Nicolas","Provincie Oost-Vlaanderen","Province de Flandre orientale","Vlaams Gewest","Région flamande","<5"
"2020-04-07","51008","Beloeil","Beloeil","Arrondissement Aat","Arrondissement d’Ath","Provincie Henegouwen","Province du Hainaut","Waals Gewest","Région wallonne","<5"
"2020-04-07","51009","Bernissart","Bernissart","Arrondissement Aat","Arrondissement d’Ath","Provincie Henegouwen","Province du Hainaut","Waals Gewest","Région wallonne","<5"
"2020-04-07","51012","Brugelette","Brugelette","Arrondissement Aat","Arrondissement d’Ath","Provincie Henegouwen","Province du Hainaut","Waals Gewest","Région wallonne","<5"
"2020-04-07","51019","Vloesberg","Flobecq","Arrondissement Aat","Arrondissement d’Ath","Provincie Henegouwen","Province du Hainaut","Waals Gewest","Région wallonne","<5"
"2020-04-07","51065","Frasnes-lez-Anvaing","Frasnes-lez-Anvaing","Arrondissement Aat","Arrondissement d’Ath","Provincie Henegouwen","Province du Hainaut","Waals Gewest","Région wallonne","<5"
"2020-04-07","51067","Edingen","Enghien","Arrondissement Aat","Arrondissement d’Ath","Provincie Henegouwen","Province du Hainaut","Waals Gewest","Région wallonne","<5"
"2020-04-07","52010","Chapelle-lez-Herlaimont","Chapelle-lez-Herlaimont","Arrondissement Charleroi","Arrondissement de Charleroi","Provincie Henegouwen","Province du Hainaut","Waals Gewest","Région wallonne","<5"
"2020-04-07","52011","Charleroi","Charleroi","Arrondissement Charleroi","Arrondissement de Charleroi","Provincie Henegouwen","Province du Hainaut","Waals Gewest","Région wallonne","19"
"2020-04-07","52012","Châtelet","Châtelet","Arrondissement Charleroi","Arrondissement de Charleroi","Provincie Henegouwen","Province du Hainaut","Waals Gewest","Région wallonne","<5"
"2020-04-07","52015","Courcelles","Courcelles","Arrondissement Charleroi","Arrondissement de Charleroi","Provincie Henegouwen","Province du Hainaut","Waals Gewest","Région wallonne","<5"
"2020-04-07","52018","Farciennes","Farciennes","Arrondissement Charleroi","Arrondissement de Charleroi","Provincie Henegouwen","Province du Hainaut","Waals Gewest","Région wallonne","<5"
"2020-04-07","52021","Fleurus","Fleurus","Arrondissement Charleroi","Arrondissement de Charleroi","Provincie Henegouwen","Province du Hainaut","Waals Gewest","Région wallonne","5"
"2020-04-07","52025","Gerpinnes","Gerpinnes","Arrondissement Charleroi","Arrondissement de Charleroi","Provincie Henegouwen","Province du Hainaut","Waals Gewest","Région wallonne","<5"
"2020-04-07","52055","Pont-à-Celles","Pont-à-Celles","Arrondissement Charleroi","Arrondissement de Charleroi","Provincie Henegouwen","Province du Hainaut","Waals Gewest","Région wallonne","<5"
"2020-04-07","52075","Les Bons Villers","Les Bons Villers","Arrondissement Charleroi","Arrondissement de Charleroi","Provincie Henegouwen","Province du Hainaut","Waals Gewest","Région wallonne","<5"
"2020-04-07","53014","Boussu","Boussu","Arrondissement Bergen","Arrondissement de Mons","Provincie Henegouwen","Province du Hainaut","Waals Gewest","Région wallonne","<5"
"2020-04-07","53020","Dour","Dour","Arrondissement Bergen","Arrondissement de Mons","Provincie Henegouwen","Province du Hainaut","Waals Gewest","Région wallonne","6"
"2020-04-07","53028","Frameries","Frameries","Arrondissement Bergen","Arrondissement de Mons","Provincie Henegouwen","Province du Hainaut","Waals Gewest","Région wallonne","<5"
"2020-04-07","53044","Jurbeke","Jurbise","Arrondissement Bergen","Arrondissement de Mons","Provincie Henegouwen","Province du Hainaut","Waals Gewest","Région wallonne","<5"
"2020-04-07","53053","Bergen","Mons","Arrondissement Bergen","Arrondissement de Mons","Provincie Henegouwen","Province du Hainaut","Waals Gewest","Région wallonne","20"
"2020-04-07","53065","Quaregnon","Quaregnon","Arrondissement Bergen","Arrondissement de Mons","Provincie Henegouwen","Province du Hainaut","Waals Gewest","Région wallonne","<5"
"2020-04-07","53070","Saint-Ghislain","Saint-Ghislain","Arrondissement Bergen","Arrondissement de Mons","Provincie Henegouwen","Province du Hainaut","Waals Gewest","Région wallonne","<5"
"2020-04-07","53082","Colfontaine","Colfontaine","Arrondissement Bergen","Arrondissement de Mons","Provincie Henegouwen","Province du Hainaut","Waals Gewest","Région wallonne","<5"
"2020-04-07","53084","Quévy","Quévy","Arrondissement Bergen","Arrondissement de Mons","Provincie Henegouwen","Province du Hainaut","Waals Gewest","Région wallonne","<5"
"2020-04-07","55004","’s Gravenbrakel","Braine-le-Comte","Arrondissement Zinnik","Arrondissement de Soignies","Provincie Henegouwen","Province du Hainaut","Waals Gewest","Région wallonne","<5"
"2020-04-07","55035","Le Roeulx","Le Roeulx","Arrondissement Zinnik","Arrondissement de Soignies","Provincie Henegouwen","Province du Hainaut","Waals Gewest","Région wallonne","<5"
"2020-04-07","55040","Zinnik","Soignies","Arrondissement Zinnik","Arrondissement de Soignies","Provincie Henegouwen","Province du Hainaut","Waals Gewest","Région wallonne","8"
"2020-04-07","55050","Ecaussinnes","Ecaussinnes","Arrondissement Zinnik","Arrondissement de Soignies","Provincie Henegouwen","Province du Hainaut","Waals Gewest","Région wallonne","<5"
"2020-04-07","55085","Seneffe","Seneffe","Arrondissement Zinnik","Arrondissement de Soignies","Provincie Henegouwen","Province du Hainaut","Waals Gewest","Région wallonne","<5"
"2020-04-07","55086","Manage","Manage","Arrondissement Zinnik","Arrondissement de Soignies","Provincie Henegouwen","Province du Hainaut","Waals Gewest","Région wallonne","<5"
"2020-04-07","56001","Anderlues","Anderlues","Arrondissement Thuin","Arrondissement de Thuin","Provincie Henegouwen","Province du Hainaut","Waals Gewest","Région wallonne","<5"
"2020-04-07","56078","Thuin","Thuin","Arrondissement Thuin","Arrondissement de Thuin","Provincie Henegouwen","Province du Hainaut","Waals Gewest","Région wallonne","<5"
"2020-04-07","56086","Ham-sur-Heure-Nalinnes","Ham-sur-Heure-Nalinnes","Arrondissement Thuin","Arrondissement de Thuin","Provincie Henegouwen","Province du Hainaut","Waals Gewest","Région wallonne","<5"
"2020-04-07","57064","Péruwelz","Péruwelz","Arrondissement Doornik-Moeskroen","Arrondissement de Tournai-Mouscron","Provincie Henegouwen","Province du Hainaut","Waals Gewest","Région wallonne","<5"
"2020-04-07","57081","Doornik","Tournai","Arrondissement Doornik-Moeskroen","Arrondissement de Tournai-Mouscron","Provincie Henegouwen","Province du Hainaut","Waals Gewest","Région wallonne","<5"
"2020-04-07","57095","Mont-de-l’Enclus","Mont-de-l’Enclus","Arrondissement Doornik-Moeskroen","Arrondissement de Tournai-Mouscron","Provincie Henegouwen","Province du Hainaut","Waals Gewest","Région wallonne","<5"
"2020-04-07","57096","Moeskroen","Mouscron","Arrondissement Doornik-Moeskroen","Arrondissement de Tournai-Mouscron","Provincie Henegouwen","Province du Hainaut","Waals Gewest","Région wallonne","8"
"2020-04-07","58001","La Louvière","La Louvière","Arrondissement La Louvière","Arrondissement de La Louvière","Provincie Henegouwen","Province du Hainaut","Waals Gewest","Région wallonne","14"
"2020-04-07","58002","Binche","Binche","Arrondissement La Louvière","Arrondissement de La Louvière","Provincie Henegouwen","Province du Hainaut","Waals Gewest","Région wallonne","10"
"2020-04-07","58003","Estinnes","Estinnes","Arrondissement La Louvière","Arrondissement de La Louvière","Provincie Henegouwen","Province du Hainaut","Waals Gewest","Région wallonne","<5"
"2020-04-07","61010","Burdinne","Burdinne","Arrondissement Hoei","Arrondissement de Huy","Provincie Luik","Province de Liège","Waals Gewest","Région wallonne","<5"
"2020-04-07","61019","Ferrières","Ferrières","Arrondissement Hoei","Arrondissement de Huy","Provincie Luik","Province de Liège","Waals Gewest","Région wallonne","<5"
"2020-04-07","61024","Hamoir","Hamoir","Arrondissement Hoei","Arrondissement de Huy","Provincie Luik","Province de Liège","Waals Gewest","Région wallonne","<5"
"2020-04-07","61028","Héron","Héron","Arrondissement Hoei","Arrondissement de Huy","Provincie Luik","Province de Liège","Waals Gewest","Région wallonne","<5"
"2020-04-07","61031","Hoei","Huy","Arrondissement Hoei","Arrondissement de Huy","Provincie Luik","Province de Liège","Waals Gewest","Région wallonne","<5"
"2020-04-07","61041","Modave","Modave","Arrondissement Hoei","Arrondissement de Huy","Provincie Luik","Province de Liège","Waals Gewest","Région wallonne","<5"
"2020-04-07","61043","Nandrin","Nandrin","Arrondissement Hoei","Arrondissement de Huy","Provincie Luik","Province de Liège","Waals Gewest","Région wallonne","<5"
"2020-04-07","61072","Wanze","Wanze","Arrondissement Hoei","Arrondissement de Huy","Provincie Luik","Province de Liège","Waals Gewest","Région wallonne","<5"
"2020-04-07","62003","Ans","Ans","Arrondissement Luik","Arrondissement de Liège","Provincie Luik","Province de Liège","Waals Gewest","Région wallonne","5"
"2020-04-07","62006","Awans","Awans","Arrondissement Luik","Arrondissement de Liège","Provincie Luik","Province de Liège","Waals Gewest","Région wallonne","<5"
"2020-04-07","62009","Aywaille","Aywaille","Arrondissement Luik","Arrondissement de Liège","Provincie Luik","Province de Liège","Waals Gewest","Région wallonne","<5"
"2020-04-07","62011","Bitsingen","Bassenge","Arrondissement Luik","Arrondissement de Liège","Provincie Luik","Province de Liège","Waals Gewest","Région wallonne","<5"
"2020-04-07","62015","Beyne-Heusay","Beyne-Heusay","Arrondissement Luik","Arrondissement de Liège","Provincie Luik","Province de Liège","Waals Gewest","Région wallonne","<5"
"2020-04-07","62022","Chaudfontaine","Chaudfontaine","Arrondissement Luik","Arrondissement de Liège","Provincie Luik","Province de Liège","Waals Gewest","Région wallonne","10"
"2020-04-07","62026","Comblain-au-Pont","Comblain-au-Pont","Arrondissement Luik","Arrondissement de Liège","Provincie Luik","Province de Liège","Waals Gewest","Région wallonne","<5"
"2020-04-07","62027","Dalhem","Dalhem","Arrondissement Luik","Arrondissement de Liège","Provincie Luik","Province de Liège","Waals Gewest","Région wallonne","<5"
"2020-04-07","62032","Esneux","Esneux","Arrondissement Luik","Arrondissement de Liège","Provincie Luik","Province de Liège","Waals Gewest","Région wallonne","<5"
"2020-04-07","62038","Fléron","Fléron","Arrondissement Luik","Arrondissement de Liège","Provincie Luik","Province de Liège","Waals Gewest","Région wallonne","7"
"2020-04-07","62051","Herstal","Herstal","Arrondissement Luik","Arrondissement de Liège","Provincie Luik","Province de Liège","Waals Gewest","Région wallonne","<5"
"2020-04-07","62060","Juprelle","Juprelle","Arrondissement Luik","Arrondissement de Liège","Provincie Luik","Province de Liège","Waals Gewest","Région wallonne","<5"
"2020-04-07","62063","Luik","Liège","Arrondissement Luik","Arrondissement de Liège","Provincie Luik","Province de Liège","Waals Gewest","Région wallonne","37"
"2020-04-07","62079","Oupeye","Oupeye","Arrondissement Luik","Arrondissement de Liège","Provincie Luik","Province de Liège","Waals Gewest","Région wallonne","<5"
"2020-04-07","62093","Saint-Nicolas (Luik)","Saint-Nicolas (Liège)","Arrondissement Luik","Arrondissement de Liège","Provincie Luik","Province de Liège","Waals Gewest","Région wallonne","6"
"2020-04-07","62096","Seraing","Seraing","Arrondissement Luik","Arrondissement de Liège","Provincie Luik","Province de Liège","Waals Gewest","Région wallonne","25"
"2020-04-07","62099","Soumagne","Soumagne","Arrondissement Luik","Arrondissement de Liège","Provincie Luik","Province de Liège","Waals Gewest","Région wallonne","<5"
"2020-04-07","62100","Sprimont","Sprimont","Arrondissement Luik","Arrondissement de Liège","Provincie Luik","Province de Liège","Waals Gewest","Région wallonne","<5"
"2020-04-07","62108","Wezet","Visé","Arrondissement Luik","Arrondissement de Liège","Provincie Luik","Province de Liège","Waals Gewest","Région wallonne","<5"
"2020-04-07","62118","Grâce-Hollogne","Grâce-Hollogne","Arrondissement Luik","Arrondissement de Liège","Provincie Luik","Province de Liège","Waals Gewest","Région wallonne","<5"
"2020-04-07","62119","Blegny","Blegny","Arrondissement Luik","Arrondissement de Liège","Provincie Luik","Province de Liège","Waals Gewest","Région wallonne","<5"
"2020-04-07","62120","Flémalle","Flémalle","Arrondissement Luik","Arrondissement de Liège","Provincie Luik","Province de Liège","Waals Gewest","Région wallonne","5"
"2020-04-07","62121","Neupré","Neupré","Arrondissement Luik","Arrondissement de Liège","Provincie Luik","Province de Liège","Waals Gewest","Région wallonne","<5"
"2020-04-07","63001","Amel","Amblève","Arrondissement Verviers","Arrondissement de Verviers","Provincie Luik","Province de Liège","Waals Gewest","Région wallonne","<5"
"2020-04-07","63003","Aubel","Aubel","Arrondissement Verviers","Arrondissement de Verviers","Provincie Luik","Province de Liège","Waals Gewest","Région wallonne","<5"
"2020-04-07","63012","Büllingen","Bullange","Arrondissement Verviers","Arrondissement de Verviers","Provincie Luik","Province de Liège","Waals Gewest","Région wallonne","<5"
"2020-04-07","63013","Bütgenbach","Butgenbach","Arrondissement Verviers","Arrondissement de Verviers","Provincie Luik","Province de Liège","Waals Gewest","Région wallonne","<5"
"2020-04-07","63020","Dison","Dison","Arrondissement Verviers","Arrondissement de Verviers","Provincie Luik","Province de Liège","Waals Gewest","Région wallonne","<5"
"2020-04-07","63023","Eupen","Eupen","Arrondissement Verviers","Arrondissement de Verviers","Provincie Luik","Province de Liège","Waals Gewest","Région wallonne","<5"
"2020-04-07","63035","Herve","Herve","Arrondissement Verviers","Arrondissement de Verviers","Provincie Luik","Province de Liège","Waals Gewest","Région wallonne","6"
"2020-04-07","63045","Lierneux","Lierneux","Arrondissement Verviers","Arrondissement de Verviers","Provincie Luik","Province de Liège","Waals Gewest","Région wallonne","<5"
"2020-04-07","63046","Limburg","Limbourg","Arrondissement Verviers","Arrondissement de Verviers","Provincie Luik","Province de Liège","Waals Gewest","Région wallonne","6"
"2020-04-07","63049","Malmedy","Malmedy","Arrondissement Verviers","Arrondissement de Verviers","Provincie Luik","Province de Liège","Waals Gewest","Région wallonne","<5"
"2020-04-07","63058","Pepinster","Pepinster","Arrondissement Verviers","Arrondissement de Verviers","Provincie Luik","Province de Liège","Waals Gewest","Région wallonne","<5"
"2020-04-07","63061","Raeren","Raeren","Arrondissement Verviers","Arrondissement de Verviers","Provincie Luik","Province de Liège","Waals Gewest","Région wallonne","<5"
"2020-04-07","63067","Sankt Vith","Saint-Vith","Arrondissement Verviers","Arrondissement de Verviers","Provincie Luik","Province de Liège","Waals Gewest","Région wallonne","<5"
"2020-04-07","63072","Spa","Spa","Arrondissement Verviers","Arrondissement de Verviers","Provincie Luik","Province de Liège","Waals Gewest","Région wallonne","<5"
"2020-04-07","63073","Stavelot","Stavelot","Arrondissement Verviers","Arrondissement de Verviers","Provincie Luik","Province de Liège","Waals Gewest","Région wallonne","<5"
"2020-04-07","63076","Theux","Theux","Arrondissement Verviers","Arrondissement de Verviers","Provincie Luik","Province de Liège","Waals Gewest","Région wallonne","<5"
"2020-04-07","63079","Verviers","Verviers","Arrondissement Verviers","Arrondissement de Verviers","Provincie Luik","Province de Liège","Waals Gewest","Région wallonne","10"
"2020-04-07","63080","Weismes","Waimes","Arrondissement Verviers","Arrondissement de Verviers","Provincie Luik","Province de Liège","Waals Gewest","Région wallonne","<5"
"2020-04-07","63084","Welkenraedt","Welkenraedt","Arrondissement Verviers","Arrondissement de Verviers","Provincie Luik","Province de Liège","Waals Gewest","Région wallonne","<5"
"2020-04-07","63088","Plombières","Plombières","Arrondissement Verviers","Arrondissement de Verviers","Provincie Luik","Province de Liège","Waals Gewest","Région wallonne","<5"
"2020-04-07","64015","Braives","Braives","Arrondissement Borgworm","Arrondissement de Waremme","Provincie Luik","Province de Liège","Waals Gewest","Région wallonne","<5"
"2020-04-07","64021","Crisnée","Crisnée","Arrondissement Borgworm","Arrondissement de Waremme","Provincie Luik","Province de Liège","Waals Gewest","Région wallonne","<5"
"2020-04-07","64047","Lijsem","Lincent","Arrondissement Borgworm","Arrondissement de Waremme","Provincie Luik","Province de Liège","Waals Gewest","Région wallonne","<5"
"2020-04-07","64063","Remicourt","Remicourt","Arrondissement Borgworm","Arrondissement de Waremme","Provincie Luik","Province de Liège","Waals Gewest","Région wallonne","<5"
"2020-04-07","64074","Borgworm","Waremme","Arrondissement Borgworm","Arrondissement de Waremme","Provincie Luik","Province de Liège","Waals Gewest","Région wallonne","<5"
"2020-04-07","71002","As","As","Arrondissement Hasselt","Arrondissement de Hasselt","Provincie Limburg","Province du Limbourg","Vlaams Gewest","Région flamande","<5"
"2020-04-07","71004","Beringen","Beringen","Arrondissement Hasselt","Arrondissement de Hasselt","Provincie Limburg","Province du Limbourg","Vlaams Gewest","Région flamande","8"
"2020-04-07","71011","Diepenbeek","Diepenbeek","Arrondissement Hasselt","Arrondissement de Hasselt","Provincie Limburg","Province du Limbourg","Vlaams Gewest","Région flamande","5"
"2020-04-07","71016","Genk","Genk","Arrondissement Hasselt","Arrondissement de Hasselt","Provincie Limburg","Province du Limbourg","Vlaams Gewest","Région flamande","19"
"2020-04-07","71017","Gingelom","Gingelom","Arrondissement Hasselt","Arrondissement de Hasselt","Provincie Limburg","Province du Limbourg","Vlaams Gewest","Région flamande","5"
"2020-04-07","71022","Hasselt","Hasselt","Arrondissement Hasselt","Arrondissement de Hasselt","Provincie Limburg","Province du Limbourg","Vlaams Gewest","Région flamande","21"
"2020-04-07","71024","Herk-de-Stad","Herck-la-Ville","Arrondissement Hasselt","Arrondissement de Hasselt","Provincie Limburg","Province du Limbourg","Vlaams Gewest","Région flamande","<5"
"2020-04-07","71034","Leopoldsburg","Bourg-Léopold","Arrondissement Hasselt","Arrondissement de Hasselt","Provincie Limburg","Province du Limbourg","Vlaams Gewest","Région flamande","<5"
"2020-04-07","71037","Lummen","Lummen","Arrondissement Hasselt","Arrondissement de Hasselt","Provincie Limburg","Province du Limbourg","Vlaams Gewest","Région flamande","<5"
"2020-04-07","71045","Nieuwerkerken (Hasselt)","Nieuwerkerken (Hasselt)","Arrondissement Hasselt","Arrondissement de Hasselt","Provincie Limburg","Province du Limbourg","Vlaams Gewest","Région flamande","6"
"2020-04-07","71053","Sint-Truiden","Saint-Trond","Arrondissement Hasselt","Arrondissement de Hasselt","Provincie Limburg","Province du Limbourg","Vlaams Gewest","Région flamande","38"
"2020-04-07","71057","Tessenderlo","Tessenderlo","Arrondissement Hasselt","Arrondissement de Hasselt","Provincie Limburg","Province du Limbourg","Vlaams Gewest","Région flamande","<5"
"2020-04-07","71066","Zonhoven","Zonhoven","Arrondissement Hasselt","Arrondissement de Hasselt","Provincie Limburg","Province du Limbourg","Vlaams Gewest","Région flamande","10"
"2020-04-07","71067","Zutendaal","Zutendaal","Arrondissement Hasselt","Arrondissement de Hasselt","Provincie Limburg","Province du Limbourg","Vlaams Gewest","Région flamande","<5"
"2020-04-07","71069","Ham","Ham","Arrondissement Hasselt","Arrondissement de Hasselt","Provincie Limburg","Province du Limbourg","Vlaams Gewest","Région flamande","<5"
"2020-04-07","71070","Heusden-Zolder","Heusden-Zolder","Arrondissement Hasselt","Arrondissement de Hasselt","Provincie Limburg","Province du Limbourg","Vlaams Gewest","Région flamande","8"
"2020-04-07","72004","Bree","Bree","Arrondissement Maaseik","Arrondissement de Maaseik","Provincie Limburg","Province du Limbourg","Vlaams Gewest","Région flamande","8"
"2020-04-07","72020","Lommel","Lommel","Arrondissement Maaseik","Arrondissement de Maaseik","Provincie Limburg","Province du Limbourg","Vlaams Gewest","Région flamande","<5"
"2020-04-07","72021","Maaseik","Maaseik","Arrondissement Maaseik","Arrondissement de Maaseik","Provincie Limburg","Province du Limbourg","Vlaams Gewest","Région flamande","7"
"2020-04-07","72037","Hamont-Achel","Hamont-Achel","Arrondissement Maaseik","Arrondissement de Maaseik","Provincie Limburg","Province du Limbourg","Vlaams Gewest","Région flamande","<5"
"2020-04-07","72039","Houthalen-Helchteren","Houthalen-Helchteren","Arrondissement Maaseik","Arrondissement de Maaseik","Provincie Limburg","Province du Limbourg","Vlaams Gewest","Région flamande","<5"
"2020-04-07","72041","Dilsen-Stokkem","Dilsen-Stokkem","Arrondissement Maaseik","Arrondissement de Maaseik","Provincie Limburg","Province du Limbourg","Vlaams Gewest","Région flamande","5"
"2020-04-07","72042","Oudsbergen","Oudsbergen","Arrondissement Maaseik","Arrondissement de Maaseik","Provincie Limburg","Province du Limbourg","Vlaams Gewest","Région flamande","<5"
"2020-04-07","72043","Pelt","Pelt","Arrondissement Maaseik","Arrondissement de Maaseik","Provincie Limburg","Province du Limbourg","Vlaams Gewest","Région flamande","<5"
"2020-04-07","73001","Alken","Alken","Arrondissement Tongeren","Arrondissement de Tongres","Provincie Limburg","Province du Limbourg","Vlaams Gewest","Région flamande","20"
"2020-04-07","73006","Bilzen","Bilzen","Arrondissement Tongeren","Arrondissement de Tongres","Provincie Limburg","Province du Limbourg","Vlaams Gewest","Région flamande","8"
"2020-04-07","73009","Borgloon","Looz","Arrondissement Tongeren","Arrondissement de Tongres","Provincie Limburg","Province du Limbourg","Vlaams Gewest","Région flamande","<5"
"2020-04-07","73032","Hoeselt","Hoeselt","Arrondissement Tongeren","Arrondissement de Tongres","Provincie Limburg","Province du Limbourg","Vlaams Gewest","Région flamande","<5"
"2020-04-07","73042","Lanaken","Lanaken","Arrondissement Tongeren","Arrondissement de Tongres","Provincie Limburg","Province du Limbourg","Vlaams Gewest","Région flamande","13"
"2020-04-07","73066","Riemst","Riemst","Arrondissement Tongeren","Arrondissement de Tongres","Provincie Limburg","Province du Limbourg","Vlaams Gewest","Région flamande","<5"
"2020-04-07","73083","Tongeren","Tongres","Arrondissement Tongeren","Arrondissement de Tongres","Provincie Limburg","Province du Limbourg","Vlaams Gewest","Région flamande","5"
"2020-04-07","73098","Wellen","Wellen","Arrondissement Tongeren","Arrondissement de Tongres","Provincie Limburg","Province du Limbourg","Vlaams Gewest","Région flamande","<5"
"2020-04-07","73107","Maasmechelen","Maasmechelen","Arrondissement Tongeren","Arrondissement de Tongres","Provincie Limburg","Province du Limbourg","Vlaams Gewest","Région flamande","6"
"2020-04-07","73109","Voeren","Fourons","Arrondissement Tongeren","Arrondissement de Tongres","Provincie Limburg","Province du Limbourg","Vlaams Gewest","Région flamande","<5"
"2020-04-07","81001","Aarlen","Arlon","Arrondissement Aarlen","Arrondissement d’Arlon","Provincie Luxemburg","Province du Luxembourg","Waals Gewest","Région wallonne","<5"
"2020-04-07","81003","Attert","Attert","Arrondissement Aarlen","Arrondissement d’Arlon","Provincie Luxemburg","Province du Luxembourg","Waals Gewest","Région wallonne","<5"
"2020-04-07","81004","Aubange","Aubange","Arrondissement Aarlen","Arrondissement d’Arlon","Provincie Luxemburg","Province du Luxembourg","Waals Gewest","Région wallonne","<5"
"2020-04-07","81015","Messancy","Messancy","Arrondissement Aarlen","Arrondissement d’Arlon","Provincie Luxemburg","Province du Luxembourg","Waals Gewest","Région wallonne","<5"
"2020-04-07","82003","Bastenaken","Bastogne","Arrondissement Bastenaken","Arrondissement de Bastogne","Provincie Luxemburg","Province du Luxembourg","Waals Gewest","Région wallonne","<5"
"2020-04-07","82014","Houffalize","Houffalize","Arrondissement Bastenaken","Arrondissement de Bastogne","Provincie Luxemburg","Province du Luxembourg","Waals Gewest","Région wallonne","<5"
"2020-04-07","82032","Vielsalm","Vielsalm","Arrondissement Bastenaken","Arrondissement de Bastogne","Provincie Luxemburg","Province du Luxembourg","Waals Gewest","Région wallonne","5"
"2020-04-07","82036","Vaux-sur-Sûre","Vaux-sur-Sûre","Arrondissement Bastenaken","Arrondissement de Bastogne","Provincie Luxemburg","Province du Luxembourg","Waals Gewest","Région wallonne","<5"
"2020-04-07","82037","Gouvy","Gouvy","Arrondissement Bastenaken","Arrondissement de Bastogne","Provincie Luxemburg","Province du Luxembourg","Waals Gewest","Région wallonne","<5"
"2020-04-07","83012","Durbuy","Durbuy","Arrondissement Marche-en-Famenne","Arrondissement de Marche-en-Famenne","Provincie Luxemburg","Province du Luxembourg","Waals Gewest","Région wallonne","<5"
"2020-04-07","83013","Erezée","Erezée","Arrondissement Marche-en-Famenne","Arrondissement de Marche-en-Famenne","Provincie Luxemburg","Province du Luxembourg","Waals Gewest","Région wallonne","<5"
"2020-04-07","83028","Hotton","Hotton","Arrondissement Marche-en-Famenne","Arrondissement de Marche-en-Famenne","Provincie Luxemburg","Province du Luxembourg","Waals Gewest","Région wallonne","<5"
"2020-04-07","83034","Marche-en-Famenne","Marche-en-Famenne","Arrondissement Marche-en-Famenne","Arrondissement de Marche-en-Famenne","Provincie Luxemburg","Province du Luxembourg","Waals Gewest","Région wallonne","<5"
"2020-04-07","84009","Bertrix","Bertrix","Arrondissement Neufchâteau","Arrondissement de Neufchâteau","Provincie Luxemburg","Province du Luxembourg","Waals Gewest","Région wallonne","<5"
"2020-04-07","84010","Bouillon","Bouillon","Arrondissement Neufchâteau","Arrondissement de Neufchâteau","Provincie Luxemburg","Province du Luxembourg","Waals Gewest","Région wallonne","<5"
"2020-04-07","84033","Léglise","Léglise","Arrondissement Neufchâteau","Arrondissement de Neufchâteau","Provincie Luxemburg","Province du Luxembourg","Waals Gewest","Région wallonne","<5"
"2020-04-07","84035","Libin","Libin","Arrondissement Neufchâteau","Arrondissement de Neufchâteau","Provincie Luxemburg","Province du Luxembourg","Waals Gewest","Région wallonne","<5"
"2020-04-07","84043","Neufchâteau (Neufchâteau)","Neufchâteau (Neufchâteau)","Arrondissement Neufchâteau","Arrondissement de Neufchâteau","Provincie Luxemburg","Province du Luxembourg","Waals Gewest","Région wallonne","<5"
"2020-04-07","84050","Paliseul","Paliseul","Arrondissement Neufchâteau","Arrondissement de Neufchâteau","Provincie Luxemburg","Province du Luxembourg","Waals Gewest","Région wallonne","5"
"2020-04-07","84059","Saint-Hubert","Saint-Hubert","Arrondissement Neufchâteau","Arrondissement de Neufchâteau","Provincie Luxemburg","Province du Luxembourg","Waals Gewest","Région wallonne","<5"
"2020-04-07","84077","Libramont-Chevigny","Libramont-Chevigny","Arrondissement Neufchâteau","Arrondissement de Neufchâteau","Provincie Luxemburg","Province du Luxembourg","Waals Gewest","Région wallonne","<5"
"2020-04-07","85007","Chiny","Chiny","Arrondissement Virton","Arrondissement de Virton","Provincie Luxemburg","Province du Luxembourg","Waals Gewest","Région wallonne","<5"
"2020-04-07","85009","Etalle","Etalle","Arrondissement Virton","Arrondissement de Virton","Provincie Luxemburg","Province du Luxembourg","Waals Gewest","Région wallonne","<5"
"2020-04-07","85026","Musson","Musson","Arrondissement Virton","Arrondissement de Virton","Provincie Luxemburg","Province du Luxembourg","Waals Gewest","Région wallonne","<5"
"2020-04-07","85046","Habay","Habay","Arrondissement Virton","Arrondissement de Virton","Provincie Luxemburg","Province du Luxembourg","Waals Gewest","Région wallonne","<5"
"2020-04-07","91005","Anhée","Anhée","Arrondissement Dinant","Arrondissement de Dinant","Provincie Namen","Province de Namur","Waals Gewest","Région wallonne","<5"
"2020-04-07","91013","Beauraing","Beauraing","Arrondissement Dinant","Arrondissement de Dinant","Provincie Namen","Province de Namur","Waals Gewest","Région wallonne","<5"
"2020-04-07","91030","Ciney","Ciney","Arrondissement Dinant","Arrondissement de Dinant","Provincie Namen","Province de Namur","Waals Gewest","Région wallonne","5"
"2020-04-07","91034","Dinant","Dinant","Arrondissement Dinant","Arrondissement de Dinant","Provincie Namen","Province de Namur","Waals Gewest","Région wallonne","<5"
"2020-04-07","91072","Houyet","Houyet","Arrondissement Dinant","Arrondissement de Dinant","Provincie Namen","Province de Namur","Waals Gewest","Région wallonne","<5"
"2020-04-07","91103","Onhaye","Onhaye","Arrondissement Dinant","Arrondissement de Dinant","Provincie Namen","Province de Namur","Waals Gewest","Région wallonne","<5"
"2020-04-07","91114","Rochefort","Rochefort","Arrondissement Dinant","Arrondissement de Dinant","Provincie Namen","Province de Namur","Waals Gewest","Région wallonne","7"
"2020-04-07","91141","Yvoir","Yvoir","Arrondissement Dinant","Arrondissement de Dinant","Provincie Namen","Province de Namur","Waals Gewest","Région wallonne","<5"
"2020-04-07","91142","Hastière","Hastière","Arrondissement Dinant","Arrondissement de Dinant","Provincie Namen","Province de Namur","Waals Gewest","Région wallonne","<5"
"2020-04-07","92003","Andenne","Andenne","Arrondissement Namen","Arrondissement de Namur","Provincie Namen","Province de Namur","Waals Gewest","Région wallonne","<5"
"2020-04-07","92006","Assesse","Assesse","Arrondissement Namen","Arrondissement de Namur","Provincie Namen","Province de Namur","Waals Gewest","Région wallonne","<5"
"2020-04-07","92035","Eghezée","Eghezée","Arrondissement Namen","Arrondissement de Namur","Provincie Namen","Province de Namur","Waals Gewest","Région wallonne","<5"
"2020-04-07","92045","Floreffe","Floreffe","Arrondissement Namen","Arrondissement de Namur","Provincie Namen","Province de Namur","Waals Gewest","Région wallonne","<5"
"2020-04-07","92087","Mettet","Mettet","Arrondissement Namen","Arrondissement de Namur","Provincie Namen","Province de Namur","Waals Gewest","Région wallonne","<5"
"2020-04-07","92094","Namen","Namur","Arrondissement Namen","Arrondissement de Namur","Provincie Namen","Province de Namur","Waals Gewest","Région wallonne","16"
"2020-04-07","92101","Profondeville","Profondeville","Arrondissement Namen","Arrondissement de Namur","Provincie Namen","Province de Namur","Waals Gewest","Région wallonne","<5"
"2020-04-07","92137","Sambreville","Sambreville","Arrondissement Namen","Arrondissement de Namur","Provincie Namen","Province de Namur","Waals Gewest","Région wallonne","<5"
"2020-04-07","92140","Jemeppe-sur-Sambre","Jemeppe-sur-Sambre","Arrondissement Namen","Arrondissement de Namur","Provincie Namen","Province de Namur","Waals Gewest","Région wallonne","<5"
"2020-04-07","92141","La Bruyère","La Bruyère","Arrondissement Namen","Arrondissement de Namur","Provincie Namen","Province de Namur","Waals Gewest","Région wallonne","<5"
"2020-04-07","92142","Gembloux","Gembloux","Arrondissement Namen","Arrondissement de Namur","Provincie Namen","Province de Namur","Waals Gewest","Région wallonne","6"
"2020-04-07","93014","Couvin","Couvin","Arrondissement Philippeville","Arrondissement de Philippeville","Provincie Namen","Province de Namur","Waals Gewest","Région wallonne","<5"
"2020-04-07","93088","Walcourt","Walcourt","Arrondissement Philippeville","Arrondissement de Philippeville","Provincie Namen","Province de Namur","Waals Gewest","Région wallonne","<5"
"2020-04-07",NA,NA,NA,NA,NA,NA,NA,NA,NA,"32"
"2020-04-08","11001","Aartselaar","Aartselaar","Arrondissement Antwerpen","Arrondissement d’Anvers","Provincie Antwerpen","Province d’Anvers","Vlaams Gewest","Région flamande","36"
"2020-04-08","11002","Antwerpen","Anvers","Arrondissement Antwerpen","Arrondissement d’Anvers","Provincie Antwerpen","Province d’Anvers","Vlaams Gewest","Région flamande","56"
"2020-04-08","11005","Boom","Boom","Arrondissement Antwerpen","Arrondissement d’Anvers","Provincie Antwerpen","Province d’Anvers","Vlaams Gewest","Région flamande","11"
"2020-04-08","11007","Borsbeek","Borsbeek","Arrondissement Antwerpen","Arrondissement d’Anvers","Provincie Antwerpen","Province d’Anvers","Vlaams Gewest","Région flamande","<5"
"2020-04-08","11008","Brasschaat","Brasschaat","Arrondissement Antwerpen","Arrondissement d’Anvers","Provincie Antwerpen","Province d’Anvers","Vlaams Gewest","Région flamande","<5"
"2020-04-08","11009","Brecht","Brecht","Arrondissement Antwerpen","Arrondissement d’Anvers","Provincie Antwerpen","Province d’Anvers","Vlaams Gewest","Région flamande","<5"
"2020-04-08","11016","Essen","Essen","Arrondissement Antwerpen","Arrondissement d’Anvers","Provincie Antwerpen","Province d’Anvers","Vlaams Gewest","Région flamande","<5"
"2020-04-08","11018","Hemiksem","Hemiksem","Arrondissement Antwerpen","Arrondissement d’Anvers","Provincie Antwerpen","Province d’Anvers","Vlaams Gewest","Région flamande","<5"
"2020-04-08","11022","Kalmthout","Kalmthout","Arrondissement Antwerpen","Arrondissement d’Anvers","Provincie Antwerpen","Province d’Anvers","Vlaams Gewest","Région flamande","<5"
"2020-04-08","11023","Kapellen (Antwerpen)","Kapellen (Anvers)","Arrondissement Antwerpen","Arrondissement d’Anvers","Provincie Antwerpen","Province d’Anvers","Vlaams Gewest","Région flamande","<5"
"2020-04-08","11029","Mortsel","Mortsel","Arrondissement Antwerpen","Arrondissement d’Anvers","Provincie Antwerpen","Province d’Anvers","Vlaams Gewest","Région flamande","<5"
"2020-04-08","11037","Rumst","Rumst","Arrondissement Antwerpen","Arrondissement d’Anvers","Provincie Antwerpen","Province d’Anvers","Vlaams Gewest","Région flamande","<5"
"2020-04-08","11039","Schilde","Schilde","Arrondissement Antwerpen","Arrondissement d’Anvers","Provincie Antwerpen","Province d’Anvers","Vlaams Gewest","Région flamande","5"
"2020-04-08","11050","Wijnegem","Wijnegem","Arrondissement Antwerpen","Arrondissement d’Anvers","Provincie Antwerpen","Province d’Anvers","Vlaams Gewest","Région flamande","<5"
"2020-04-08","11054","Zandhoven","Zandhoven","Arrondissement Antwerpen","Arrondissement d’Anvers","Provincie Antwerpen","Province d’Anvers","Vlaams Gewest","Région flamande","6"
"2020-04-08","11055","Zoersel","Zoersel","Arrondissement Antwerpen","Arrondissement d’Anvers","Provincie Antwerpen","Province d’Anvers","Vlaams Gewest","Région flamande","<5"
"2020-04-08","11056","Zwijndrecht","Zwijndrecht","Arrondissement Antwerpen","Arrondissement d’Anvers","Provincie Antwerpen","Province d’Anvers","Vlaams Gewest","Région flamande","<5"
"2020-04-08","12002","Berlaar","Berlaar","Arrondissement Mechelen","Arrondissement de Malines","Provincie Antwerpen","Province d’Anvers","Vlaams Gewest","Région flamande","<5"
"2020-04-08","12009","Duffel","Duffel","Arrondissement Mechelen","Arrondissement de Malines","Provincie Antwerpen","Province d’Anvers","Vlaams Gewest","Région flamande","<5"
"2020-04-08","12014","Heist-op-den-Berg","Heist-op-den-Berg","Arrondissement Mechelen","Arrondissement de Malines","Provincie Antwerpen","Province d’Anvers","Vlaams Gewest","Région flamande","11"
"2020-04-08","12021","Lier","Lierre","Arrondissement Mechelen","Arrondissement de Malines","Provincie Antwerpen","Province d’Anvers","Vlaams Gewest","Région flamande","<5"
"2020-04-08","12025","Mechelen","Malines","Arrondissement Mechelen","Arrondissement de Malines","Provincie Antwerpen","Province d’Anvers","Vlaams Gewest","Région flamande","<5"
"2020-04-08","12026","Nijlen","Nijlen","Arrondissement Mechelen","Arrondissement de Malines","Provincie Antwerpen","Province d’Anvers","Vlaams Gewest","Région flamande","<5"
"2020-04-08","12029","Putte","Putte","Arrondissement Mechelen","Arrondissement de Malines","Provincie Antwerpen","Province d’Anvers","Vlaams Gewest","Région flamande","<5"
"2020-04-08","12035","Sint-Katelijne-Waver","Sint-Katelijne-Waver","Arrondissement Mechelen","Arrondissement de Malines","Provincie Antwerpen","Province d’Anvers","Vlaams Gewest","Région flamande","<5"
"2020-04-08","12040","Willebroek","Willebroek","Arrondissement Mechelen","Arrondissement de Malines","Provincie Antwerpen","Province d’Anvers","Vlaams Gewest","Région flamande","<5"
"2020-04-08","12041","Puurs-Sint-Amands","Puurs-Sint-Amands","Arrondissement Mechelen","Arrondissement de Malines","Provincie Antwerpen","Province d’Anvers","Vlaams Gewest","Région flamande","5"
"2020-04-08","13003","Balen","Balen","Arrondissement Turnhout","Arrondissement de Turnhout","Provincie Antwerpen","Province d’Anvers","Vlaams Gewest","Région flamande","<5"
"2020-04-08","13004","Beerse","Beerse","Arrondissement Turnhout","Arrondissement de Turnhout","Provincie Antwerpen","Province d’Anvers","Vlaams Gewest","Région flamande","<5"
"2020-04-08","13008","Geel","Geel","Arrondissement Turnhout","Arrondissement de Turnhout","Provincie Antwerpen","Province d’Anvers","Vlaams Gewest","Région flamande","6"
"2020-04-08","13010","Grobbendonk","Grobbendonk","Arrondissement Turnhout","Arrondissement de Turnhout","Provincie Antwerpen","Province d’Anvers","Vlaams Gewest","Région flamande","<5"
"2020-04-08","13011","Herentals","Herentals","Arrondissement Turnhout","Arrondissement de Turnhout","Provincie Antwerpen","Province d’Anvers","Vlaams Gewest","Région flamande","<5"
"2020-04-08","13012","Herenthout","Herenthout","Arrondissement Turnhout","Arrondissement de Turnhout","Provincie Antwerpen","Province d’Anvers","Vlaams Gewest","Région flamande","<5"
"2020-04-08","13013","Herselt","Herselt","Arrondissement Turnhout","Arrondissement de Turnhout","Provincie Antwerpen","Province d’Anvers","Vlaams Gewest","Région flamande","5"
"2020-04-08","13016","Hulshout","Hulshout","Arrondissement Turnhout","Arrondissement de Turnhout","Provincie Antwerpen","Province d’Anvers","Vlaams Gewest","Région flamande","<5"
"2020-04-08","13017","Kasterlee","Kasterlee","Arrondissement Turnhout","Arrondissement de Turnhout","Provincie Antwerpen","Province d’Anvers","Vlaams Gewest","Région flamande","<5"
"2020-04-08","13021","Meerhout","Meerhout","Arrondissement Turnhout","Arrondissement de Turnhout","Provincie Antwerpen","Province d’Anvers","Vlaams Gewest","Région flamande","<5"
"2020-04-08","13025","Mol","Mol","Arrondissement Turnhout","Arrondissement de Turnhout","Provincie Antwerpen","Province d’Anvers","Vlaams Gewest","Région flamande","<5"
"2020-04-08","13029","Olen","Olen","Arrondissement Turnhout","Arrondissement de Turnhout","Provincie Antwerpen","Province d’Anvers","Vlaams Gewest","Région flamande","<5"
"2020-04-08","13031","Oud-Turnhout","Oud-Turnhout","Arrondissement Turnhout","Arrondissement de Turnhout","Provincie Antwerpen","Province d’Anvers","Vlaams Gewest","Région flamande","<5"
"2020-04-08","13035","Ravels","Ravels","Arrondissement Turnhout","Arrondissement de Turnhout","Provincie Antwerpen","Province d’Anvers","Vlaams Gewest","Région flamande","<5"
"2020-04-08","13036","Retie","Retie","Arrondissement Turnhout","Arrondissement de Turnhout","Provincie Antwerpen","Province d’Anvers","Vlaams Gewest","Région flamande","<5"
"2020-04-08","13037","Rijkevorsel","Rijkevorsel","Arrondissement Turnhout","Arrondissement de Turnhout","Provincie Antwerpen","Province d’Anvers","Vlaams Gewest","Région flamande","<5"
"2020-04-08","13040","Turnhout","Turnhout","Arrondissement Turnhout","Arrondissement de Turnhout","Provincie Antwerpen","Province d’Anvers","Vlaams Gewest","Région flamande","<5"
"2020-04-08","13044","Vorselaar","Vorselaar","Arrondissement Turnhout","Arrondissement de Turnhout","Provincie Antwerpen","Province d’Anvers","Vlaams Gewest","Région flamande","<5"
"2020-04-08","13053","Laakdal","Laakdal","Arrondissement Turnhout","Arrondissement de Turnhout","Provincie Antwerpen","Province d’Anvers","Vlaams Gewest","Région flamande","<5"
"2020-04-08","21001","Anderlecht","Anderlecht","Arrondissement Brussel-Hoofdstad","Arrondissement de Bruxelles-Capitale",NA,NA,"Brussels Hoofdstedelijk Gewest","Région de Bruxelles-Capitale","47"
"2020-04-08","21002","Oudergem","Auderghem","Arrondissement Brussel-Hoofdstad","Arrondissement de Bruxelles-Capitale",NA,NA,"Brussels Hoofdstedelijk Gewest","Région de Bruxelles-Capitale","<5"
"2020-04-08","21003","Sint-Agatha-Berchem","Berchem-Sainte-Agathe","Arrondissement Brussel-Hoofdstad","Arrondissement de Bruxelles-Capitale",NA,NA,"Brussels Hoofdstedelijk Gewest","Région de Bruxelles-Capitale","5"
"2020-04-08","21004","Brussel","Bruxelles","Arrondissement Brussel-Hoofdstad","Arrondissement de Bruxelles-Capitale",NA,NA,"Brussels Hoofdstedelijk Gewest","Région de Bruxelles-Capitale","25"
"2020-04-08","21005","Etterbeek","Etterbeek","Arrondissement Brussel-Hoofdstad","Arrondissement de Bruxelles-Capitale",NA,NA,"Brussels Hoofdstedelijk Gewest","Région de Bruxelles-Capitale","5"
"2020-04-08","21006","Evere","Evere","Arrondissement Brussel-Hoofdstad","Arrondissement de Bruxelles-Capitale",NA,NA,"Brussels Hoofdstedelijk Gewest","Région de Bruxelles-Capitale","5"
"2020-04-08","21007","Vorst (Brussel-Hoofdstad)","Forest (Bruxelles-Capitale)","Arrondissement Brussel-Hoofdstad","Arrondissement de Bruxelles-Capitale",NA,NA,"Brussels Hoofdstedelijk Gewest","Région de Bruxelles-Capitale","8"
"2020-04-08","21008","Ganshoren","Ganshoren","Arrondissement Brussel-Hoofdstad","Arrondissement de Bruxelles-Capitale",NA,NA,"Brussels Hoofdstedelijk Gewest","Région de Bruxelles-Capitale","6"
"2020-04-08","21009","Elsene","Ixelles","Arrondissement Brussel-Hoofdstad","Arrondissement de Bruxelles-Capitale",NA,NA,"Brussels Hoofdstedelijk Gewest","Région de Bruxelles-Capitale","8"
"2020-04-08","21010","Jette","Jette","Arrondissement Brussel-Hoofdstad","Arrondissement de Bruxelles-Capitale",NA,NA,"Brussels Hoofdstedelijk Gewest","Région de Bruxelles-Capitale","7"
"2020-04-08","21011","Koekelberg","Koekelberg","Arrondissement Brussel-Hoofdstad","Arrondissement de Bruxelles-Capitale",NA,NA,"Brussels Hoofdstedelijk Gewest","Région de Bruxelles-Capitale","<5"
"2020-04-08","21012","Sint-Jans-Molenbeek","Molenbeek-Saint-Jean","Arrondissement Brussel-Hoofdstad","Arrondissement de Bruxelles-Capitale",NA,NA,"Brussels Hoofdstedelijk Gewest","Région de Bruxelles-Capitale","20"
"2020-04-08","21013","Sint-Gillis","Saint-Gilles","Arrondissement Brussel-Hoofdstad","Arrondissement de Bruxelles-Capitale",NA,NA,"Brussels Hoofdstedelijk Gewest","Région de Bruxelles-Capitale","<5"
"2020-04-08","21014","Sint-Joost-ten-Node","Saint-Josse-ten-Noode","Arrondissement Brussel-Hoofdstad","Arrondissement de Bruxelles-Capitale",NA,NA,"Brussels Hoofdstedelijk Gewest","Région de Bruxelles-Capitale","<5"
"2020-04-08","21015","Schaarbeek","Schaerbeek","Arrondissement Brussel-Hoofdstad","Arrondissement de Bruxelles-Capitale",NA,NA,"Brussels Hoofdstedelijk Gewest","Région de Bruxelles-Capitale","15"
"2020-04-08","21016","Ukkel","Uccle","Arrondissement Brussel-Hoofdstad","Arrondissement de Bruxelles-Capitale",NA,NA,"Brussels Hoofdstedelijk Gewest","Région de Bruxelles-Capitale","5"
"2020-04-08","21017","Watermaal-Bosvoorde","Watermael-Boitsfort","Arrondissement Brussel-Hoofdstad","Arrondissement de Bruxelles-Capitale",NA,NA,"Brussels Hoofdstedelijk Gewest","Région de Bruxelles-Capitale","<5"
"2020-04-08","21018","Sint-Lambrechts-Woluwe","Woluwe-Saint-Lambert","Arrondissement Brussel-Hoofdstad","Arrondissement de Bruxelles-Capitale",NA,NA,"Brussels Hoofdstedelijk Gewest","Région de Bruxelles-Capitale","<5"
"2020-04-08","21019","Sint-Pieters-Woluwe","Woluwe-Saint-Pierre","Arrondissement Brussel-Hoofdstad","Arrondissement de Bruxelles-Capitale",NA,NA,"Brussels Hoofdstedelijk Gewest","Région de Bruxelles-Capitale","<5"
"2020-04-08","23002","Asse","Asse","Arrondissement Halle-Vilvoorde","Arrondissement de Hal-Vilvorde","Provincie Vlaams-Brabant","Province du Brabant flamand","Vlaams Gewest","Région flamande","<5"
"2020-04-08","23003","Beersel","Beersel","Arrondissement Halle-Vilvoorde","Arrondissement de Hal-Vilvorde","Provincie Vlaams-Brabant","Province du Brabant flamand","Vlaams Gewest","Région flamande","<5"
"2020-04-08","23016","Dilbeek","Dilbeek","Arrondissement Halle-Vilvoorde","Arrondissement de Hal-Vilvorde","Provincie Vlaams-Brabant","Province du Brabant flamand","Vlaams Gewest","Région flamande","<5"
"2020-04-08","23023","Galmaarden","Gammerages","Arrondissement Halle-Vilvoorde","Arrondissement de Hal-Vilvorde","Provincie Vlaams-Brabant","Province du Brabant flamand","Vlaams Gewest","Région flamande","<5"
"2020-04-08","23025","Grimbergen","Grimbergen","Arrondissement Halle-Vilvoorde","Arrondissement de Hal-Vilvorde","Provincie Vlaams-Brabant","Province du Brabant flamand","Vlaams Gewest","Région flamande","<5"
"2020-04-08","23027","Halle (Halle-Vilvoorde)","Hal (Hal-Vilvorde)","Arrondissement Halle-Vilvoorde","Arrondissement de Hal-Vilvorde","Provincie Vlaams-Brabant","Province du Brabant flamand","Vlaams Gewest","Région flamande","<5"
"2020-04-08","23032","Herne","Herne","Arrondissement Halle-Vilvoorde","Arrondissement de Hal-Vilvorde","Provincie Vlaams-Brabant","Province du Brabant flamand","Vlaams Gewest","Région flamande","<5"
"2020-04-08","23038","Kampenhout","Kampenhout","Arrondissement Halle-Vilvoorde","Arrondissement de Hal-Vilvorde","Provincie Vlaams-Brabant","Province du Brabant flamand","Vlaams Gewest","Région flamande","<5"
"2020-04-08","23039","Kapelle-op-den-Bos","Kapelle-op-den-Bos","Arrondissement Halle-Vilvoorde","Arrondissement de Hal-Vilvorde","Provincie Vlaams-Brabant","Province du Brabant flamand","Vlaams Gewest","Région flamande","11"
"2020-04-08","23044","Liedekerke","Liedekerke","Arrondissement Halle-Vilvoorde","Arrondissement de Hal-Vilvorde","Provincie Vlaams-Brabant","Province du Brabant flamand","Vlaams Gewest","Région flamande","<5"
"2020-04-08","23045","Londerzeel","Londerzeel","Arrondissement Halle-Vilvoorde","Arrondissement de Hal-Vilvorde","Provincie Vlaams-Brabant","Province du Brabant flamand","Vlaams Gewest","Région flamande","<5"
"2020-04-08","23047","Machelen (Halle-Vilvoorde)","Machelen (Hal-Vilvorde)","Arrondissement Halle-Vilvoorde","Arrondissement de Hal-Vilvorde","Provincie Vlaams-Brabant","Province du Brabant flamand","Vlaams Gewest","Région flamande","<5"
"2020-04-08","23060","Opwijk","Opwijk","Arrondissement Halle-Vilvoorde","Arrondissement de Hal-Vilvorde","Provincie Vlaams-Brabant","Province du Brabant flamand","Vlaams Gewest","Région flamande","<5"
"2020-04-08","23062","Overijse","Overijse","Arrondissement Halle-Vilvoorde","Arrondissement de Hal-Vilvorde","Provincie Vlaams-Brabant","Province du Brabant flamand","Vlaams Gewest","Région flamande","<5"
"2020-04-08","23077","Sint-Pieters-Leeuw","Sint-Pieters-Leeuw","Arrondissement Halle-Vilvoorde","Arrondissement de Hal-Vilvorde","Provincie Vlaams-Brabant","Province du Brabant flamand","Vlaams Gewest","Région flamande","8"
"2020-04-08","23081","Steenokkerzeel","Steenokkerzeel","Arrondissement Halle-Vilvoorde","Arrondissement de Hal-Vilvorde","Provincie Vlaams-Brabant","Province du Brabant flamand","Vlaams Gewest","Région flamande","<5"
"2020-04-08","23086","Ternat","Ternat","Arrondissement Halle-Vilvoorde","Arrondissement de Hal-Vilvorde","Provincie Vlaams-Brabant","Province du Brabant flamand","Vlaams Gewest","Région flamande","<5"
"2020-04-08","23088","Vilvoorde","Vilvorde","Arrondissement Halle-Vilvoorde","Arrondissement de Hal-Vilvorde","Provincie Vlaams-Brabant","Province du Brabant flamand","Vlaams Gewest","Région flamande","<5"
"2020-04-08","23094","Zaventem","Zaventem","Arrondissement Halle-Vilvoorde","Arrondissement de Hal-Vilvorde","Provincie Vlaams-Brabant","Province du Brabant flamand","Vlaams Gewest","Région flamande","5"
"2020-04-08","23096","Zemst","Zemst","Arrondissement Halle-Vilvoorde","Arrondissement de Hal-Vilvorde","Provincie Vlaams-Brabant","Province du Brabant flamand","Vlaams Gewest","Région flamande","<5"
"2020-04-08","23098","Drogenbos","Drogenbos","Arrondissement Halle-Vilvoorde","Arrondissement de Hal-Vilvorde","Provincie Vlaams-Brabant","Province du Brabant flamand","Vlaams Gewest","Région flamande","<5"
"2020-04-08","23099","Kraainem","Kraainem","Arrondissement Halle-Vilvoorde","Arrondissement de Hal-Vilvorde","Provincie Vlaams-Brabant","Province du Brabant flamand","Vlaams Gewest","Région flamande","<5"
"2020-04-08","23102","Wemmel","Wemmel","Arrondissement Halle-Vilvoorde","Arrondissement de Hal-Vilvorde","Provincie Vlaams-Brabant","Province du Brabant flamand","Vlaams Gewest","Région flamande","<5"
"2020-04-08","23103","Wezembeek-Oppem","Wezembeek-Oppem","Arrondissement Halle-Vilvoorde","Arrondissement de Hal-Vilvorde","Provincie Vlaams-Brabant","Province du Brabant flamand","Vlaams Gewest","Région flamande","<5"
"2020-04-08","23104","Lennik","Lennik","Arrondissement Halle-Vilvoorde","Arrondissement de Hal-Vilvorde","Provincie Vlaams-Brabant","Province du Brabant flamand","Vlaams Gewest","Région flamande","<5"
"2020-04-08","23105","Affligem","Affligem","Arrondissement Halle-Vilvoorde","Arrondissement de Hal-Vilvorde","Provincie Vlaams-Brabant","Province du Brabant flamand","Vlaams Gewest","Région flamande","<5"
"2020-04-08","24001","Aarschot","Aarschot","Arrondissement Leuven","Arrondissement de Louvain","Provincie Vlaams-Brabant","Province du Brabant flamand","Vlaams Gewest","Région flamande","<5"
"2020-04-08","24007","Begijnendijk","Begijnendijk","Arrondissement Leuven","Arrondissement de Louvain","Provincie Vlaams-Brabant","Province du Brabant flamand","Vlaams Gewest","Région flamande","<5"
"2020-04-08","24008","Bekkevoort","Bekkevoort","Arrondissement Leuven","Arrondissement de Louvain","Provincie Vlaams-Brabant","Province du Brabant flamand","Vlaams Gewest","Région flamande","<5"
"2020-04-08","24009","Bertem","Bertem","Arrondissement Leuven","Arrondissement de Louvain","Provincie Vlaams-Brabant","Province du Brabant flamand","Vlaams Gewest","Région flamande","<5"
"2020-04-08","24016","Boutersem","Boutersem","Arrondissement Leuven","Arrondissement de Louvain","Provincie Vlaams-Brabant","Province du Brabant flamand","Vlaams Gewest","Région flamande","<5"
"2020-04-08","24020","Diest","Diest","Arrondissement Leuven","Arrondissement de Louvain","Provincie Vlaams-Brabant","Province du Brabant flamand","Vlaams Gewest","Région flamande","<5"
"2020-04-08","24028","Geetbets","Geetbets","Arrondissement Leuven","Arrondissement de Louvain","Provincie Vlaams-Brabant","Province du Brabant flamand","Vlaams Gewest","Région flamande","<5"
"2020-04-08","24033","Haacht","Haacht","Arrondissement Leuven","Arrondissement de Louvain","Provincie Vlaams-Brabant","Province du Brabant flamand","Vlaams Gewest","Région flamande","<5"
"2020-04-08","24038","Herent","Herent","Arrondissement Leuven","Arrondissement de Louvain","Provincie Vlaams-Brabant","Province du Brabant flamand","Vlaams Gewest","Région flamande","<5"
"2020-04-08","24043","Holsbeek","Holsbeek","Arrondissement Leuven","Arrondissement de Louvain","Provincie Vlaams-Brabant","Province du Brabant flamand","Vlaams Gewest","Région flamande","<5"
"2020-04-08","24045","Huldenberg","Huldenberg","Arrondissement Leuven","Arrondissement de Louvain","Provincie Vlaams-Brabant","Province du Brabant flamand","Vlaams Gewest","Région flamande","<5"
"2020-04-08","24048","Keerbergen","Keerbergen","Arrondissement Leuven","Arrondissement de Louvain","Provincie Vlaams-Brabant","Province du Brabant flamand","Vlaams Gewest","Région flamande","<5"
"2020-04-08","24054","Kortenaken","Kortenaken","Arrondissement Leuven","Arrondissement de Louvain","Provincie Vlaams-Brabant","Province du Brabant flamand","Vlaams Gewest","Région flamande","<5"
"2020-04-08","24055","Kortenberg","Kortenberg","Arrondissement Leuven","Arrondissement de Louvain","Provincie Vlaams-Brabant","Province du Brabant flamand","Vlaams Gewest","Région flamande","<5"
"2020-04-08","24059","Landen","Landen","Arrondissement Leuven","Arrondissement de Louvain","Provincie Vlaams-Brabant","Province du Brabant flamand","Vlaams Gewest","Région flamande","6"
"2020-04-08","24062","Leuven","Louvain","Arrondissement Leuven","Arrondissement de Louvain","Provincie Vlaams-Brabant","Province du Brabant flamand","Vlaams Gewest","Région flamande","5"
"2020-04-08","24066","Lubbeek","Lubbeek","Arrondissement Leuven","Arrondissement de Louvain","Provincie Vlaams-Brabant","Province du Brabant flamand","Vlaams Gewest","Région flamande","25"
"2020-04-08","24094","Rotselaar","Rotselaar","Arrondissement Leuven","Arrondissement de Louvain","Provincie Vlaams-Brabant","Province du Brabant flamand","Vlaams Gewest","Région flamande","<5"
"2020-04-08","24104","Tervuren","Tervuren","Arrondissement Leuven","Arrondissement de Louvain","Provincie Vlaams-Brabant","Province du Brabant flamand","Vlaams Gewest","Région flamande","<5"
"2020-04-08","24107","Tienen","Tirlemont","Arrondissement Leuven","Arrondissement de Louvain","Provincie Vlaams-Brabant","Province du Brabant flamand","Vlaams Gewest","Région flamande","8"
"2020-04-08","24130","Zoutleeuw","Léau","Arrondissement Leuven","Arrondissement de Louvain","Provincie Vlaams-Brabant","Province du Brabant flamand","Vlaams Gewest","Région flamande","<5"
"2020-04-08","24133","Linter","Linter","Arrondissement Leuven","Arrondissement de Louvain","Provincie Vlaams-Brabant","Province du Brabant flamand","Vlaams Gewest","Région flamande","<5"
"2020-04-08","25014","Eigenbrakel","Braine-l’Alleud","Arrondissement Nijvel","Arrondissement de Nivelles","Provincie Waals-Brabant","Province du Brabant wallon","Waals Gewest","Région wallonne","<5"
"2020-04-08","25015","Kasteelbrakel","Braine-le-Château","Arrondissement Nijvel","Arrondissement de Nivelles","Provincie Waals-Brabant","Province du Brabant wallon","Waals Gewest","Région wallonne","<5"
"2020-04-08","25031","Genepiën","Genappe","Arrondissement Nijvel","Arrondissement de Nivelles","Provincie Waals-Brabant","Province du Brabant wallon","Waals Gewest","Région wallonne","<5"
"2020-04-08","25037","Graven","Grez-Doiceau","Arrondissement Nijvel","Arrondissement de Nivelles","Provincie Waals-Brabant","Province du Brabant wallon","Waals Gewest","Région wallonne","<5"
"2020-04-08","25043","Incourt","Incourt","Arrondissement Nijvel","Arrondissement de Nivelles","Provincie Waals-Brabant","Province du Brabant wallon","Waals Gewest","Région wallonne","<5"
"2020-04-08","25048","Geldenaken","Jodoigne","Arrondissement Nijvel","Arrondissement de Nivelles","Provincie Waals-Brabant","Province du Brabant wallon","Waals Gewest","Région wallonne","14"
"2020-04-08","25072","Nijvel","Nivelles","Arrondissement Nijvel","Arrondissement de Nivelles","Provincie Waals-Brabant","Province du Brabant wallon","Waals Gewest","Région wallonne","<5"
"2020-04-08","25091","Rixensart","Rixensart","Arrondissement Nijvel","Arrondissement de Nivelles","Provincie Waals-Brabant","Province du Brabant wallon","Waals Gewest","Région wallonne","5"
"2020-04-08","25107","Villers-la-Ville","Villers-la-Ville","Arrondissement Nijvel","Arrondissement de Nivelles","Provincie Waals-Brabant","Province du Brabant wallon","Waals Gewest","Région wallonne","<5"
"2020-04-08","25112","Waver","Wavre","Arrondissement Nijvel","Arrondissement de Nivelles","Provincie Waals-Brabant","Province du Brabant wallon","Waals Gewest","Région wallonne","<5"
"2020-04-08","25119","Lasne","Lasne","Arrondissement Nijvel","Arrondissement de Nivelles","Provincie Waals-Brabant","Province du Brabant wallon","Waals Gewest","Région wallonne","<5"
"2020-04-08","25120","Orp-Jauche","Orp-Jauche","Arrondissement Nijvel","Arrondissement de Nivelles","Provincie Waals-Brabant","Province du Brabant wallon","Waals Gewest","Région wallonne","<5"
"2020-04-08","25121","Ottignies-Louvain-la-Neuve","Ottignies-Louvain-la-Neuve","Arrondissement Nijvel","Arrondissement de Nivelles","Provincie Waals-Brabant","Province du Brabant wallon","Waals Gewest","Région wallonne","<5"
"2020-04-08","25122","Ramillies","Ramillies","Arrondissement Nijvel","Arrondissement de Nivelles","Provincie Waals-Brabant","Province du Brabant wallon","Waals Gewest","Région wallonne","<5"
"2020-04-08","25123","Rebecq","Rebecq","Arrondissement Nijvel","Arrondissement de Nivelles","Provincie Waals-Brabant","Province du Brabant wallon","Waals Gewest","Région wallonne","<5"
"2020-04-08","25124","Walhain","Walhain","Arrondissement Nijvel","Arrondissement de Nivelles","Provincie Waals-Brabant","Province du Brabant wallon","Waals Gewest","Région wallonne","<5"
"2020-04-08","31003","Beernem","Beernem","Arrondissement Brugge","Arrondissement de Bruges","Provincie West-Vlaanderen","Province de Flandre occidentale","Vlaams Gewest","Région flamande","<5"
"2020-04-08","31004","Blankenberge","Blankenberge","Arrondissement Brugge","Arrondissement de Bruges","Provincie West-Vlaanderen","Province de Flandre occidentale","Vlaams Gewest","Région flamande","<5"
"2020-04-08","31005","Brugge","Bruges","Arrondissement Brugge","Arrondissement de Bruges","Provincie West-Vlaanderen","Province de Flandre occidentale","Vlaams Gewest","Région flamande","7"
"2020-04-08","31006","Damme","Damme","Arrondissement Brugge","Arrondissement de Bruges","Provincie West-Vlaanderen","Province de Flandre occidentale","Vlaams Gewest","Région flamande","<5"
"2020-04-08","31022","Oostkamp","Oostkamp","Arrondissement Brugge","Arrondissement de Bruges","Provincie West-Vlaanderen","Province de Flandre occidentale","Vlaams Gewest","Région flamande","<5"
"2020-04-08","31033","Torhout","Torhout","Arrondissement Brugge","Arrondissement de Bruges","Provincie West-Vlaanderen","Province de Flandre occidentale","Vlaams Gewest","Région flamande","<5"
"2020-04-08","31040","Zedelgem","Zedelgem","Arrondissement Brugge","Arrondissement de Bruges","Provincie West-Vlaanderen","Province de Flandre occidentale","Vlaams Gewest","Région flamande","<5"
"2020-04-08","31043","Knokke-Heist","Knokke-Heist","Arrondissement Brugge","Arrondissement de Bruges","Provincie West-Vlaanderen","Province de Flandre occidentale","Vlaams Gewest","Région flamande","<5"
"2020-04-08","32003","Diksmuide","Dixmude","Arrondissement Diksmuide","Arrondissement de Dixmude","Provincie West-Vlaanderen","Province de Flandre occidentale","Vlaams Gewest","Région flamande","<5"
"2020-04-08","32006","Houthulst","Houthulst","Arrondissement Diksmuide","Arrondissement de Dixmude","Provincie West-Vlaanderen","Province de Flandre occidentale","Vlaams Gewest","Région flamande","<5"
"2020-04-08","33011","Ieper","Ypres","Arrondissement Ieper","Arrondissement d’Ypres","Provincie West-Vlaanderen","Province de Flandre occidentale","Vlaams Gewest","Région flamande","11"
"2020-04-08","33021","Poperinge","Poperinge","Arrondissement Ieper","Arrondissement d’Ypres","Provincie West-Vlaanderen","Province de Flandre occidentale","Vlaams Gewest","Région flamande","<5"
"2020-04-08","33029","Wervik","Wervik","Arrondissement Ieper","Arrondissement d’Ypres","Provincie West-Vlaanderen","Province de Flandre occidentale","Vlaams Gewest","Région flamande","<5"
"2020-04-08","34002","Anzegem","Anzegem","Arrondissement Kortrijk","Arrondissement de Courtrai","Provincie West-Vlaanderen","Province de Flandre occidentale","Vlaams Gewest","Région flamande","6"
"2020-04-08","34003","Avelgem","Avelgem","Arrondissement Kortrijk","Arrondissement de Courtrai","Provincie West-Vlaanderen","Province de Flandre occidentale","Vlaams Gewest","Région flamande","<5"
"2020-04-08","34009","Deerlijk","Deerlijk","Arrondissement Kortrijk","Arrondissement de Courtrai","Provincie West-Vlaanderen","Province de Flandre occidentale","Vlaams Gewest","Région flamande","<5"
"2020-04-08","34013","Harelbeke","Harelbeke","Arrondissement Kortrijk","Arrondissement de Courtrai","Provincie West-Vlaanderen","Province de Flandre occidentale","Vlaams Gewest","Région flamande","7"
"2020-04-08","34022","Kortrijk","Courtrai","Arrondissement Kortrijk","Arrondissement de Courtrai","Provincie West-Vlaanderen","Province de Flandre occidentale","Vlaams Gewest","Région flamande","19"
"2020-04-08","34023","Kuurne","Kuurne","Arrondissement Kortrijk","Arrondissement de Courtrai","Provincie West-Vlaanderen","Province de Flandre occidentale","Vlaams Gewest","Région flamande","5"
"2020-04-08","34025","Lendelede","Lendelede","Arrondissement Kortrijk","Arrondissement de Courtrai","Provincie West-Vlaanderen","Province de Flandre occidentale","Vlaams Gewest","Région flamande","5"
"2020-04-08","34027","Menen","Menin","Arrondissement Kortrijk","Arrondissement de Courtrai","Provincie West-Vlaanderen","Province de Flandre occidentale","Vlaams Gewest","Région flamande","6"
"2020-04-08","34040","Waregem","Waregem","Arrondissement Kortrijk","Arrondissement de Courtrai","Provincie West-Vlaanderen","Province de Flandre occidentale","Vlaams Gewest","Région flamande","8"
"2020-04-08","34042","Zwevegem","Zwevegem","Arrondissement Kortrijk","Arrondissement de Courtrai","Provincie West-Vlaanderen","Province de Flandre occidentale","Vlaams Gewest","Région flamande","<5"
"2020-04-08","35002","Bredene","Bredene","Arrondissement Oostende","Arrondissement d’Ostende","Provincie West-Vlaanderen","Province de Flandre occidentale","Vlaams Gewest","Région flamande","<5"
"2020-04-08","35006","Ichtegem","Ichtegem","Arrondissement Oostende","Arrondissement d’Ostende","Provincie West-Vlaanderen","Province de Flandre occidentale","Vlaams Gewest","Région flamande","6"
"2020-04-08","35011","Middelkerke","Middelkerke","Arrondissement Oostende","Arrondissement d’Ostende","Provincie West-Vlaanderen","Province de Flandre occidentale","Vlaams Gewest","Région flamande","<5"
"2020-04-08","35013","Oostende","Ostende","Arrondissement Oostende","Arrondissement d’Ostende","Provincie West-Vlaanderen","Province de Flandre occidentale","Vlaams Gewest","Région flamande","9"
"2020-04-08","35029","De Haan","De Haan","Arrondissement Oostende","Arrondissement d’Ostende","Provincie West-Vlaanderen","Province de Flandre occidentale","Vlaams Gewest","Région flamande","<5"
"2020-04-08","36007","Ingelmunster","Ingelmunster","Arrondissement Roeselare","Arrondissement de Roulers","Provincie West-Vlaanderen","Province de Flandre occidentale","Vlaams Gewest","Région flamande","5"
"2020-04-08","36008","Izegem","Izegem","Arrondissement Roeselare","Arrondissement de Roulers","Provincie West-Vlaanderen","Province de Flandre occidentale","Vlaams Gewest","Région flamande","5"
"2020-04-08","36010","Ledegem","Ledegem","Arrondissement Roeselare","Arrondissement de Roulers","Provincie West-Vlaanderen","Province de Flandre occidentale","Vlaams Gewest","Région flamande","<5"
"2020-04-08","36011","Lichtervelde","Lichtervelde","Arrondissement Roeselare","Arrondissement de Roulers","Provincie West-Vlaanderen","Province de Flandre occidentale","Vlaams Gewest","Région flamande","<5"
"2020-04-08","36015","Roeselare","Roulers","Arrondissement Roeselare","Arrondissement de Roulers","Provincie West-Vlaanderen","Province de Flandre occidentale","Vlaams Gewest","Région flamande","7"
"2020-04-08","36019","Staden","Staden","Arrondissement Roeselare","Arrondissement de Roulers","Provincie West-Vlaanderen","Province de Flandre occidentale","Vlaams Gewest","Région flamande","<5"
"2020-04-08","37002","Dentergem","Dentergem","Arrondissement Tielt","Arrondissement de Tielt","Provincie West-Vlaanderen","Province de Flandre occidentale","Vlaams Gewest","Région flamande","<5"
"2020-04-08","37010","Oostrozebeke","Oostrozebeke","Arrondissement Tielt","Arrondissement de Tielt","Provincie West-Vlaanderen","Province de Flandre occidentale","Vlaams Gewest","Région flamande","<5"
"2020-04-08","37015","Tielt (Tielt)","Tielt (Tielt)","Arrondissement Tielt","Arrondissement de Tielt","Provincie West-Vlaanderen","Province de Flandre occidentale","Vlaams Gewest","Région flamande","<5"
"2020-04-08","37018","Wingene","Wingene","Arrondissement Tielt","Arrondissement de Tielt","Provincie West-Vlaanderen","Province de Flandre occidentale","Vlaams Gewest","Région flamande","11"
"2020-04-08","37020","Ardooie","Ardooie","Arrondissement Tielt","Arrondissement de Tielt","Provincie West-Vlaanderen","Province de Flandre occidentale","Vlaams Gewest","Région flamande","<5"
"2020-04-08","38002","Alveringem","Alveringem","Arrondissement Veurne","Arrondissement de Furnes","Provincie West-Vlaanderen","Province de Flandre occidentale","Vlaams Gewest","Région flamande","<5"
"2020-04-08","38008","De Panne","La Panne","Arrondissement Veurne","Arrondissement de Furnes","Provincie West-Vlaanderen","Province de Flandre occidentale","Vlaams Gewest","Région flamande","<5"
"2020-04-08","38014","Koksijde","Koksijde","Arrondissement Veurne","Arrondissement de Furnes","Provincie West-Vlaanderen","Province de Flandre occidentale","Vlaams Gewest","Région flamande","<5"
"2020-04-08","38016","Nieuwpoort","Nieuport","Arrondissement Veurne","Arrondissement de Furnes","Provincie West-Vlaanderen","Province de Flandre occidentale","Vlaams Gewest","Région flamande","<5"
"2020-04-08","38025","Veurne","Furnes","Arrondissement Veurne","Arrondissement de Furnes","Provincie West-Vlaanderen","Province de Flandre occidentale","Vlaams Gewest","Région flamande","<5"
"2020-04-08","41002","Aalst (Aalst)","Alost (Alost)","Arrondissement Aalst","Arrondissement d’Alost","Provincie Oost-Vlaanderen","Province de Flandre orientale","Vlaams Gewest","Région flamande","15"
"2020-04-08","41011","Denderleeuw","Denderleeuw","Arrondissement Aalst","Arrondissement d’Alost","Provincie Oost-Vlaanderen","Province de Flandre orientale","Vlaams Gewest","Région flamande","<5"
"2020-04-08","41018","Geraardsbergen","Grammont","Arrondissement Aalst","Arrondissement d’Alost","Provincie Oost-Vlaanderen","Province de Flandre orientale","Vlaams Gewest","Région flamande","<5"
"2020-04-08","41024","Haaltert","Haaltert","Arrondissement Aalst","Arrondissement d’Alost","Provincie Oost-Vlaanderen","Province de Flandre orientale","Vlaams Gewest","Région flamande","8"
"2020-04-08","41027","Herzele","Herzele","Arrondissement Aalst","Arrondissement d’Alost","Provincie Oost-Vlaanderen","Province de Flandre orientale","Vlaams Gewest","Région flamande","<5"
"2020-04-08","41034","Lede","Lede","Arrondissement Aalst","Arrondissement d’Alost","Provincie Oost-Vlaanderen","Province de Flandre orientale","Vlaams Gewest","Région flamande","<5"
"2020-04-08","41048","Ninove","Ninove","Arrondissement Aalst","Arrondissement d’Alost","Provincie Oost-Vlaanderen","Province de Flandre orientale","Vlaams Gewest","Région flamande","<5"
"2020-04-08","41063","Sint-Lievens-Houtem","Sint-Lievens-Houtem","Arrondissement Aalst","Arrondissement d’Alost","Provincie Oost-Vlaanderen","Province de Flandre orientale","Vlaams Gewest","Région flamande","<5"
"2020-04-08","41081","Zottegem","Zottegem","Arrondissement Aalst","Arrondissement d’Alost","Provincie Oost-Vlaanderen","Province de Flandre orientale","Vlaams Gewest","Région flamande","<5"
"2020-04-08","41082","Erpe-Mere","Erpe-Mere","Arrondissement Aalst","Arrondissement d’Alost","Provincie Oost-Vlaanderen","Province de Flandre orientale","Vlaams Gewest","Région flamande","6"
"2020-04-08","42004","Buggenhout","Buggenhout","Arrondissement Dendermonde","Arrondissement de Termonde","Provincie Oost-Vlaanderen","Province de Flandre orientale","Vlaams Gewest","Région flamande","<5"
"2020-04-08","42006","Dendermonde","Termonde","Arrondissement Dendermonde","Arrondissement de Termonde","Provincie Oost-Vlaanderen","Province de Flandre orientale","Vlaams Gewest","Région flamande","6"
"2020-04-08","42008","Hamme (Dendermonde)","Hamme (Termonde)","Arrondissement Dendermonde","Arrondissement de Termonde","Provincie Oost-Vlaanderen","Province de Flandre orientale","Vlaams Gewest","Région flamande","<5"
"2020-04-08","42010","Laarne","Laarne","Arrondissement Dendermonde","Arrondissement de Termonde","Provincie Oost-Vlaanderen","Province de Flandre orientale","Vlaams Gewest","Région flamande","<5"
"2020-04-08","42011","Lebbeke","Lebbeke","Arrondissement Dendermonde","Arrondissement de Termonde","Provincie Oost-Vlaanderen","Province de Flandre orientale","Vlaams Gewest","Région flamande","<5"
"2020-04-08","42023","Waasmunster","Waasmunster","Arrondissement Dendermonde","Arrondissement de Termonde","Provincie Oost-Vlaanderen","Province de Flandre orientale","Vlaams Gewest","Région flamande","<5"
"2020-04-08","42025","Wetteren","Wetteren","Arrondissement Dendermonde","Arrondissement de Termonde","Provincie Oost-Vlaanderen","Province de Flandre orientale","Vlaams Gewest","Région flamande","5"
"2020-04-08","42026","Wichelen","Wichelen","Arrondissement Dendermonde","Arrondissement de Termonde","Provincie Oost-Vlaanderen","Province de Flandre orientale","Vlaams Gewest","Région flamande","<5"
"2020-04-08","42028","Zele","Zele","Arrondissement Dendermonde","Arrondissement de Termonde","Provincie Oost-Vlaanderen","Province de Flandre orientale","Vlaams Gewest","Région flamande","17"
"2020-04-08","43002","Assenede","Assenede","Arrondissement Eeklo","Arrondissement d’Eeklo","Provincie Oost-Vlaanderen","Province de Flandre orientale","Vlaams Gewest","Région flamande","<5"
"2020-04-08","43005","Eeklo","Eeklo","Arrondissement Eeklo","Arrondissement d’Eeklo","Provincie Oost-Vlaanderen","Province de Flandre orientale","Vlaams Gewest","Région flamande","<5"
"2020-04-08","43007","Kaprijke","Kaprijke","Arrondissement Eeklo","Arrondissement d’Eeklo","Provincie Oost-Vlaanderen","Province de Flandre orientale","Vlaams Gewest","Région flamande","<5"
"2020-04-08","43010","Maldegem","Maldegem","Arrondissement Eeklo","Arrondissement d’Eeklo","Provincie Oost-Vlaanderen","Province de Flandre orientale","Vlaams Gewest","Région flamande","<5"
"2020-04-08","44012","De Pinte","De Pinte","Arrondissement Gent","Arrondissement de Gand","Provincie Oost-Vlaanderen","Province de Flandre orientale","Vlaams Gewest","Région flamande","<5"
"2020-04-08","44013","Destelbergen","Destelbergen","Arrondissement Gent","Arrondissement de Gand","Provincie Oost-Vlaanderen","Province de Flandre orientale","Vlaams Gewest","Région flamande","<5"
"2020-04-08","44019","Evergem","Evergem","Arrondissement Gent","Arrondissement de Gand","Provincie Oost-Vlaanderen","Province de Flandre orientale","Vlaams Gewest","Région flamande","<5"
"2020-04-08","44020","Gavere","Gavere","Arrondissement Gent","Arrondissement de Gand","Provincie Oost-Vlaanderen","Province de Flandre orientale","Vlaams Gewest","Région flamande","<5"
"2020-04-08","44021","Gent","Gand","Arrondissement Gent","Arrondissement de Gand","Provincie Oost-Vlaanderen","Province de Flandre orientale","Vlaams Gewest","Région flamande","10"
"2020-04-08","44034","Lochristi","Lochristi","Arrondissement Gent","Arrondissement de Gand","Provincie Oost-Vlaanderen","Province de Flandre orientale","Vlaams Gewest","Région flamande","<5"
"2020-04-08","44043","Merelbeke","Merelbeke","Arrondissement Gent","Arrondissement de Gand","Provincie Oost-Vlaanderen","Province de Flandre orientale","Vlaams Gewest","Région flamande","<5"
"2020-04-08","44048","Nazareth","Nazareth","Arrondissement Gent","Arrondissement de Gand","Provincie Oost-Vlaanderen","Province de Flandre orientale","Vlaams Gewest","Région flamande","<5"
"2020-04-08","44052","Oosterzele","Oosterzele","Arrondissement Gent","Arrondissement de Gand","Provincie Oost-Vlaanderen","Province de Flandre orientale","Vlaams Gewest","Région flamande","<5"
"2020-04-08","44081","Zulte","Zulte","Arrondissement Gent","Arrondissement de Gand","Provincie Oost-Vlaanderen","Province de Flandre orientale","Vlaams Gewest","Région flamande","<5"
"2020-04-08","44083","Deinze","Deinze","Arrondissement Gent","Arrondissement de Gand","Provincie Oost-Vlaanderen","Province de Flandre orientale","Vlaams Gewest","Région flamande","<5"
"2020-04-08","44084","Aalter","Aalter","Arrondissement Gent","Arrondissement de Gand","Provincie Oost-Vlaanderen","Province de Flandre orientale","Vlaams Gewest","Région flamande","<5"
"2020-04-08","44085","Lievegem","Lievegem","Arrondissement Gent","Arrondissement de Gand","Provincie Oost-Vlaanderen","Province de Flandre orientale","Vlaams Gewest","Région flamande","7"
"2020-04-08","45035","Oudenaarde","Audenarde","Arrondissement Oudenaarde","Arrondissement d’Audenarde","Provincie Oost-Vlaanderen","Province de Flandre orientale","Vlaams Gewest","Région flamande","7"
"2020-04-08","45041","Ronse","Renaix","Arrondissement Oudenaarde","Arrondissement d’Audenarde","Provincie Oost-Vlaanderen","Province de Flandre orientale","Vlaams Gewest","Région flamande","9"
"2020-04-08","45059","Brakel","Brakel","Arrondissement Oudenaarde","Arrondissement d’Audenarde","Provincie Oost-Vlaanderen","Province de Flandre orientale","Vlaams Gewest","Région flamande","<5"
"2020-04-08","45062","Horebeke","Horebeke","Arrondissement Oudenaarde","Arrondissement d’Audenarde","Provincie Oost-Vlaanderen","Province de Flandre orientale","Vlaams Gewest","Région flamande","<5"
"2020-04-08","45065","Zwalm","Zwalin","Arrondissement Oudenaarde","Arrondissement d’Audenarde","Provincie Oost-Vlaanderen","Province de Flandre orientale","Vlaams Gewest","Région flamande","<5"
"2020-04-08","45068","Kruisem","Kruisem","Arrondissement Oudenaarde","Arrondissement d’Audenarde","Provincie Oost-Vlaanderen","Province de Flandre orientale","Vlaams Gewest","Région flamande","<5"
"2020-04-08","46003","Beveren (Sint-Niklaas)","Beveren (Saint-Nicolas)","Arrondissement Sint-Niklaas","Arrondissement de Saint-Nicolas","Provincie Oost-Vlaanderen","Province de Flandre orientale","Vlaams Gewest","Région flamande","<5"
"2020-04-08","46014","Lokeren","Lokeren","Arrondissement Sint-Niklaas","Arrondissement de Saint-Nicolas","Provincie Oost-Vlaanderen","Province de Flandre orientale","Vlaams Gewest","Région flamande","5"
"2020-04-08","46020","Sint-Gillis-Waas","Sint-Gillis-Waas","Arrondissement Sint-Niklaas","Arrondissement de Saint-Nicolas","Provincie Oost-Vlaanderen","Province de Flandre orientale","Vlaams Gewest","Région flamande","<5"
"2020-04-08","46021","Sint-Niklaas (Sint-Niklaas)","Saint-Nicolas (Saint-Nicolas)","Arrondissement Sint-Niklaas","Arrondissement de Saint-Nicolas","Provincie Oost-Vlaanderen","Province de Flandre orientale","Vlaams Gewest","Région flamande","7"
"2020-04-08","46024","Stekene","Stekene","Arrondissement Sint-Niklaas","Arrondissement de Saint-Nicolas","Provincie Oost-Vlaanderen","Province de Flandre orientale","Vlaams Gewest","Région flamande","<5"
"2020-04-08","46025","Temse","Tamise","Arrondissement Sint-Niklaas","Arrondissement de Saint-Nicolas","Provincie Oost-Vlaanderen","Province de Flandre orientale","Vlaams Gewest","Région flamande","<5"
"2020-04-08","51008","Beloeil","Beloeil","Arrondissement Aat","Arrondissement d’Ath","Provincie Henegouwen","Province du Hainaut","Waals Gewest","Région wallonne","<5"
"2020-04-08","51014","Chièvres","Chièvres","Arrondissement Aat","Arrondissement d’Ath","Provincie Henegouwen","Province du Hainaut","Waals Gewest","Région wallonne","<5"
"2020-04-08","51069","Lessen","Lessines","Arrondissement Aat","Arrondissement d’Ath","Provincie Henegouwen","Province du Hainaut","Waals Gewest","Région wallonne","<5"
"2020-04-08","52010","Chapelle-lez-Herlaimont","Chapelle-lez-Herlaimont","Arrondissement Charleroi","Arrondissement de Charleroi","Provincie Henegouwen","Province du Hainaut","Waals Gewest","Région wallonne","<5"
"2020-04-08","52011","Charleroi","Charleroi","Arrondissement Charleroi","Arrondissement de Charleroi","Provincie Henegouwen","Province du Hainaut","Waals Gewest","Région wallonne","21"
"2020-04-08","52012","Châtelet","Châtelet","Arrondissement Charleroi","Arrondissement de Charleroi","Provincie Henegouwen","Province du Hainaut","Waals Gewest","Région wallonne","5"
"2020-04-08","52015","Courcelles","Courcelles","Arrondissement Charleroi","Arrondissement de Charleroi","Provincie Henegouwen","Province du Hainaut","Waals Gewest","Région wallonne","<5"
"2020-04-08","52018","Farciennes","Farciennes","Arrondissement Charleroi","Arrondissement de Charleroi","Provincie Henegouwen","Province du Hainaut","Waals Gewest","Région wallonne","<5"
"2020-04-08","52021","Fleurus","Fleurus","Arrondissement Charleroi","Arrondissement de Charleroi","Provincie Henegouwen","Province du Hainaut","Waals Gewest","Région wallonne","<5"
"2020-04-08","52025","Gerpinnes","Gerpinnes","Arrondissement Charleroi","Arrondissement de Charleroi","Provincie Henegouwen","Province du Hainaut","Waals Gewest","Région wallonne","<5"
"2020-04-08","52055","Pont-à-Celles","Pont-à-Celles","Arrondissement Charleroi","Arrondissement de Charleroi","Provincie Henegouwen","Province du Hainaut","Waals Gewest","Région wallonne","<5"
"2020-04-08","52075","Les Bons Villers","Les Bons Villers","Arrondissement Charleroi","Arrondissement de Charleroi","Provincie Henegouwen","Province du Hainaut","Waals Gewest","Région wallonne","<5"
"2020-04-08","53014","Boussu","Boussu","Arrondissement Bergen","Arrondissement de Mons","Provincie Henegouwen","Province du Hainaut","Waals Gewest","Région wallonne","<5"
"2020-04-08","53020","Dour","Dour","Arrondissement Bergen","Arrondissement de Mons","Provincie Henegouwen","Province du Hainaut","Waals Gewest","Région wallonne","<5"
"2020-04-08","53028","Frameries","Frameries","Arrondissement Bergen","Arrondissement de Mons","Provincie Henegouwen","Province du Hainaut","Waals Gewest","Région wallonne","36"
"2020-04-08","53053","Bergen","Mons","Arrondissement Bergen","Arrondissement de Mons","Provincie Henegouwen","Province du Hainaut","Waals Gewest","Région wallonne","<5"
"2020-04-08","53070","Saint-Ghislain","Saint-Ghislain","Arrondissement Bergen","Arrondissement de Mons","Provincie Henegouwen","Province du Hainaut","Waals Gewest","Région wallonne","<5"
"2020-04-08","53084","Quévy","Quévy","Arrondissement Bergen","Arrondissement de Mons","Provincie Henegouwen","Province du Hainaut","Waals Gewest","Région wallonne","<5"
"2020-04-08","55004","’s Gravenbrakel","Braine-le-Comte","Arrondissement Zinnik","Arrondissement de Soignies","Provincie Henegouwen","Province du Hainaut","Waals Gewest","Région wallonne","<5"
"2020-04-08","55035","Le Roeulx","Le Roeulx","Arrondissement Zinnik","Arrondissement de Soignies","Provincie Henegouwen","Province du Hainaut","Waals Gewest","Région wallonne","11"
"2020-04-08","55040","Zinnik","Soignies","Arrondissement Zinnik","Arrondissement de Soignies","Provincie Henegouwen","Province du Hainaut","Waals Gewest","Région wallonne","<5"
"2020-04-08","55050","Ecaussinnes","Ecaussinnes","Arrondissement Zinnik","Arrondissement de Soignies","Provincie Henegouwen","Province du Hainaut","Waals Gewest","Région wallonne","<5"
"2020-04-08","55086","Manage","Manage","Arrondissement Zinnik","Arrondissement de Soignies","Provincie Henegouwen","Province du Hainaut","Waals Gewest","Région wallonne","<5"
"2020-04-08","56001","Anderlues","Anderlues","Arrondissement Thuin","Arrondissement de Thuin","Provincie Henegouwen","Province du Hainaut","Waals Gewest","Région wallonne","<5"
"2020-04-08","56022","Erquelinnes","Erquelinnes","Arrondissement Thuin","Arrondissement de Thuin","Provincie Henegouwen","Province du Hainaut","Waals Gewest","Région wallonne","<5"
"2020-04-08","56051","Momignies","Momignies","Arrondissement Thuin","Arrondissement de Thuin","Provincie Henegouwen","Province du Hainaut","Waals Gewest","Région wallonne","<5"
"2020-04-08","56078","Thuin","Thuin","Arrondissement Thuin","Arrondissement de Thuin","Provincie Henegouwen","Province du Hainaut","Waals Gewest","Région wallonne","<5"
"2020-04-08","57003","Antoing","Antoing","Arrondissement Doornik-Moeskroen","Arrondissement de Tournai-Mouscron","Provincie Henegouwen","Province du Hainaut","Waals Gewest","Région wallonne","<5"
"2020-04-08","57064","Péruwelz","Péruwelz","Arrondissement Doornik-Moeskroen","Arrondissement de Tournai-Mouscron","Provincie Henegouwen","Province du Hainaut","Waals Gewest","Région wallonne","<5"
"2020-04-08","57081","Doornik","Tournai","Arrondissement Doornik-Moeskroen","Arrondissement de Tournai-Mouscron","Provincie Henegouwen","Province du Hainaut","Waals Gewest","Région wallonne","<5"
"2020-04-08","57093","Brunehaut","Brunehaut","Arrondissement Doornik-Moeskroen","Arrondissement de Tournai-Mouscron","Provincie Henegouwen","Province du Hainaut","Waals Gewest","Région wallonne","<5"
"2020-04-08","57096","Moeskroen","Mouscron","Arrondissement Doornik-Moeskroen","Arrondissement de Tournai-Mouscron","Provincie Henegouwen","Province du Hainaut","Waals Gewest","Région wallonne","5"
"2020-04-08","57097","Komen-Waasten","Comines-Warneton","Arrondissement Doornik-Moeskroen","Arrondissement de Tournai-Mouscron","Provincie Henegouwen","Province du Hainaut","Waals Gewest","Région wallonne","<5"
"2020-04-08","58001","La Louvière","La Louvière","Arrondissement La Louvière","Arrondissement de La Louvière","Provincie Henegouwen","Province du Hainaut","Waals Gewest","Région wallonne","18"
"2020-04-08","58002","Binche","Binche","Arrondissement La Louvière","Arrondissement de La Louvière","Provincie Henegouwen","Province du Hainaut","Waals Gewest","Région wallonne","12"
"2020-04-08","58003","Estinnes","Estinnes","Arrondissement La Louvière","Arrondissement de La Louvière","Provincie Henegouwen","Province du Hainaut","Waals Gewest","Région wallonne","<5"
"2020-04-08","58004","Morlanwelz","Morlanwelz","Arrondissement La Louvière","Arrondissement de La Louvière","Provincie Henegouwen","Province du Hainaut","Waals Gewest","Région wallonne","5"
"2020-04-08","61003","Amay","Amay","Arrondissement Hoei","Arrondissement de Huy","Provincie Luik","Province de Liège","Waals Gewest","Région wallonne","<5"
"2020-04-08","61019","Ferrières","Ferrières","Arrondissement Hoei","Arrondissement de Huy","Provincie Luik","Province de Liège","Waals Gewest","Région wallonne","<5"
"2020-04-08","61024","Hamoir","Hamoir","Arrondissement Hoei","Arrondissement de Huy","Provincie Luik","Province de Liège","Waals Gewest","Région wallonne","<5"
"2020-04-08","61031","Hoei","Huy","Arrondissement Hoei","Arrondissement de Huy","Provincie Luik","Province de Liège","Waals Gewest","Région wallonne","<5"
"2020-04-08","61068","Villers-Le-Bouillet","Villers-Le-Bouillet","Arrondissement Hoei","Arrondissement de Huy","Provincie Luik","Province de Liège","Waals Gewest","Région wallonne","<5"
"2020-04-08","61072","Wanze","Wanze","Arrondissement Hoei","Arrondissement de Huy","Provincie Luik","Province de Liège","Waals Gewest","Région wallonne","<5"
"2020-04-08","61079","Anthisnes","Anthisnes","Arrondissement Hoei","Arrondissement de Huy","Provincie Luik","Province de Liège","Waals Gewest","Région wallonne","<5"
"2020-04-08","61081","Tinlot","Tinlot","Arrondissement Hoei","Arrondissement de Huy","Provincie Luik","Province de Liège","Waals Gewest","Région wallonne","<5"
"2020-04-08","62003","Ans","Ans","Arrondissement Luik","Arrondissement de Liège","Provincie Luik","Province de Liège","Waals Gewest","Région wallonne","<5"
"2020-04-08","62006","Awans","Awans","Arrondissement Luik","Arrondissement de Liège","Provincie Luik","Province de Liège","Waals Gewest","Région wallonne","<5"
"2020-04-08","62009","Aywaille","Aywaille","Arrondissement Luik","Arrondissement de Liège","Provincie Luik","Province de Liège","Waals Gewest","Région wallonne","<5"
"2020-04-08","62011","Bitsingen","Bassenge","Arrondissement Luik","Arrondissement de Liège","Provincie Luik","Province de Liège","Waals Gewest","Région wallonne","5"
"2020-04-08","62015","Beyne-Heusay","Beyne-Heusay","Arrondissement Luik","Arrondissement de Liège","Provincie Luik","Province de Liège","Waals Gewest","Région wallonne","<5"
"2020-04-08","62022","Chaudfontaine","Chaudfontaine","Arrondissement Luik","Arrondissement de Liège","Provincie Luik","Province de Liège","Waals Gewest","Région wallonne","<5"
"2020-04-08","62026","Comblain-au-Pont","Comblain-au-Pont","Arrondissement Luik","Arrondissement de Liège","Provincie Luik","Province de Liège","Waals Gewest","Région wallonne","<5"
"2020-04-08","62027","Dalhem","Dalhem","Arrondissement Luik","Arrondissement de Liège","Provincie Luik","Province de Liège","Waals Gewest","Région wallonne","<5"
"2020-04-08","62032","Esneux","Esneux","Arrondissement Luik","Arrondissement de Liège","Provincie Luik","Province de Liège","Waals Gewest","Région wallonne","10"
"2020-04-08","62038","Fléron","Fléron","Arrondissement Luik","Arrondissement de Liège","Provincie Luik","Province de Liège","Waals Gewest","Région wallonne","<5"
"2020-04-08","62051","Herstal","Herstal","Arrondissement Luik","Arrondissement de Liège","Provincie Luik","Province de Liège","Waals Gewest","Région wallonne","5"
"2020-04-08","62060","Juprelle","Juprelle","Arrondissement Luik","Arrondissement de Liège","Provincie Luik","Province de Liège","Waals Gewest","Région wallonne","<5"
"2020-04-08","62063","Luik","Liège","Arrondissement Luik","Arrondissement de Liège","Provincie Luik","Province de Liège","Waals Gewest","Région wallonne","29"
"2020-04-08","62079","Oupeye","Oupeye","Arrondissement Luik","Arrondissement de Liège","Provincie Luik","Province de Liège","Waals Gewest","Région wallonne","<5"
"2020-04-08","62093","Saint-Nicolas (Luik)","Saint-Nicolas (Liège)","Arrondissement Luik","Arrondissement de Liège","Provincie Luik","Province de Liège","Waals Gewest","Région wallonne","<5"
"2020-04-08","62096","Seraing","Seraing","Arrondissement Luik","Arrondissement de Liège","Provincie Luik","Province de Liège","Waals Gewest","Région wallonne","<5"
"2020-04-08","62099","Soumagne","Soumagne","Arrondissement Luik","Arrondissement de Liège","Provincie Luik","Province de Liège","Waals Gewest","Région wallonne","<5"
"2020-04-08","62100","Sprimont","Sprimont","Arrondissement Luik","Arrondissement de Liège","Provincie Luik","Province de Liège","Waals Gewest","Région wallonne","<5"
"2020-04-08","62108","Wezet","Visé","Arrondissement Luik","Arrondissement de Liège","Provincie Luik","Province de Liège","Waals Gewest","Région wallonne","<5"
"2020-04-08","62118","Grâce-Hollogne","Grâce-Hollogne","Arrondissement Luik","Arrondissement de Liège","Provincie Luik","Province de Liège","Waals Gewest","Région wallonne","<5"
"2020-04-08","62119","Blegny","Blegny","Arrondissement Luik","Arrondissement de Liège","Provincie Luik","Province de Liège","Waals Gewest","Région wallonne","<5"
"2020-04-08","62120","Flémalle","Flémalle","Arrondissement Luik","Arrondissement de Liège","Provincie Luik","Province de Liège","Waals Gewest","Région wallonne","5"
"2020-04-08","62121","Neupré","Neupré","Arrondissement Luik","Arrondissement de Liège","Provincie Luik","Province de Liège","Waals Gewest","Région wallonne","<5"
"2020-04-08","62122","Trooz","Trooz","Arrondissement Luik","Arrondissement de Liège","Provincie Luik","Province de Liège","Waals Gewest","Région wallonne","<5"
"2020-04-08","63001","Amel","Amblève","Arrondissement Verviers","Arrondissement de Verviers","Provincie Luik","Province de Liège","Waals Gewest","Région wallonne","<5"
"2020-04-08","63003","Aubel","Aubel","Arrondissement Verviers","Arrondissement de Verviers","Provincie Luik","Province de Liège","Waals Gewest","Région wallonne","<5"
"2020-04-08","63013","Bütgenbach","Butgenbach","Arrondissement Verviers","Arrondissement de Verviers","Provincie Luik","Province de Liège","Waals Gewest","Région wallonne","<5"
"2020-04-08","63020","Dison","Dison","Arrondissement Verviers","Arrondissement de Verviers","Provincie Luik","Province de Liège","Waals Gewest","Région wallonne","5"
"2020-04-08","63023","Eupen","Eupen","Arrondissement Verviers","Arrondissement de Verviers","Provincie Luik","Province de Liège","Waals Gewest","Région wallonne","5"
"2020-04-08","63035","Herve","Herve","Arrondissement Verviers","Arrondissement de Verviers","Provincie Luik","Province de Liège","Waals Gewest","Région wallonne","<5"
"2020-04-08","63038","Jalhay","Jalhay","Arrondissement Verviers","Arrondissement de Verviers","Provincie Luik","Province de Liège","Waals Gewest","Région wallonne","<5"
"2020-04-08","63040","Kelmis","La Calamine","Arrondissement Verviers","Arrondissement de Verviers","Provincie Luik","Province de Liège","Waals Gewest","Région wallonne","<5"
"2020-04-08","63045","Lierneux","Lierneux","Arrondissement Verviers","Arrondissement de Verviers","Provincie Luik","Province de Liège","Waals Gewest","Région wallonne","<5"
"2020-04-08","63046","Limburg","Limbourg","Arrondissement Verviers","Arrondissement de Verviers","Provincie Luik","Province de Liège","Waals Gewest","Région wallonne","<5"
"2020-04-08","63058","Pepinster","Pepinster","Arrondissement Verviers","Arrondissement de Verviers","Provincie Luik","Province de Liège","Waals Gewest","Région wallonne","<5"
"2020-04-08","63072","Spa","Spa","Arrondissement Verviers","Arrondissement de Verviers","Provincie Luik","Province de Liège","Waals Gewest","Région wallonne","<5"
"2020-04-08","63073","Stavelot","Stavelot","Arrondissement Verviers","Arrondissement de Verviers","Provincie Luik","Province de Liège","Waals Gewest","Région wallonne","<5"
"2020-04-08","63076","Theux","Theux","Arrondissement Verviers","Arrondissement de Verviers","Provincie Luik","Province de Liège","Waals Gewest","Région wallonne","<5"
"2020-04-08","63079","Verviers","Verviers","Arrondissement Verviers","Arrondissement de Verviers","Provincie Luik","Province de Liège","Waals Gewest","Région wallonne","5"
"2020-04-08","63084","Welkenraedt","Welkenraedt","Arrondissement Verviers","Arrondissement de Verviers","Provincie Luik","Province de Liège","Waals Gewest","Région wallonne","<5"
"2020-04-08","63089","Thimister-Clermont","Thimister-Clermont","Arrondissement Verviers","Arrondissement de Verviers","Provincie Luik","Province de Liège","Waals Gewest","Région wallonne","<5"
"2020-04-08","64025","Fexhe-le-Haut-Clocher","Fexhe-le-Haut-Clocher","Arrondissement Borgworm","Arrondissement de Waremme","Provincie Luik","Province de Liège","Waals Gewest","Région wallonne","<5"
"2020-04-08","64034","Hannuit","Hannut","Arrondissement Borgworm","Arrondissement de Waremme","Provincie Luik","Province de Liège","Waals Gewest","Région wallonne","<5"
"2020-04-08","64047","Lijsem","Lincent","Arrondissement Borgworm","Arrondissement de Waremme","Provincie Luik","Province de Liège","Waals Gewest","Région wallonne","<5"
"2020-04-08","64063","Remicourt","Remicourt","Arrondissement Borgworm","Arrondissement de Waremme","Provincie Luik","Province de Liège","Waals Gewest","Région wallonne","<5"
"2020-04-08","64065","Saint-Georges-sur-Meuse","Saint-Georges-sur-Meuse","Arrondissement Borgworm","Arrondissement de Waremme","Provincie Luik","Province de Liège","Waals Gewest","Région wallonne","<5"
"2020-04-08","71002","As","As","Arrondissement Hasselt","Arrondissement de Hasselt","Provincie Limburg","Province du Limbourg","Vlaams Gewest","Région flamande","<5"
"2020-04-08","71004","Beringen","Beringen","Arrondissement Hasselt","Arrondissement de Hasselt","Provincie Limburg","Province du Limbourg","Vlaams Gewest","Région flamande","8"
"2020-04-08","71011","Diepenbeek","Diepenbeek","Arrondissement Hasselt","Arrondissement de Hasselt","Provincie Limburg","Province du Limbourg","Vlaams Gewest","Région flamande","17"
"2020-04-08","71016","Genk","Genk","Arrondissement Hasselt","Arrondissement de Hasselt","Provincie Limburg","Province du Limbourg","Vlaams Gewest","Région flamande","10"
"2020-04-08","71017","Gingelom","Gingelom","Arrondissement Hasselt","Arrondissement de Hasselt","Provincie Limburg","Province du Limbourg","Vlaams Gewest","Région flamande","<5"
"2020-04-08","71020","Halen","Halen","Arrondissement Hasselt","Arrondissement de Hasselt","Provincie Limburg","Province du Limbourg","Vlaams Gewest","Région flamande","<5"
"2020-04-08","71022","Hasselt","Hasselt","Arrondissement Hasselt","Arrondissement de Hasselt","Provincie Limburg","Province du Limbourg","Vlaams Gewest","Région flamande","32"
"2020-04-08","71024","Herk-de-Stad","Herck-la-Ville","Arrondissement Hasselt","Arrondissement de Hasselt","Provincie Limburg","Province du Limbourg","Vlaams Gewest","Région flamande","<5"
"2020-04-08","71034","Leopoldsburg","Bourg-Léopold","Arrondissement Hasselt","Arrondissement de Hasselt","Provincie Limburg","Province du Limbourg","Vlaams Gewest","Région flamande","<5"
"2020-04-08","71037","Lummen","Lummen","Arrondissement Hasselt","Arrondissement de Hasselt","Provincie Limburg","Province du Limbourg","Vlaams Gewest","Région flamande","<5"
"2020-04-08","71045","Nieuwerkerken (Hasselt)","Nieuwerkerken (Hasselt)","Arrondissement Hasselt","Arrondissement de Hasselt","Provincie Limburg","Province du Limbourg","Vlaams Gewest","Région flamande","<5"
"2020-04-08","71053","Sint-Truiden","Saint-Trond","Arrondissement Hasselt","Arrondissement de Hasselt","Provincie Limburg","Province du Limbourg","Vlaams Gewest","Région flamande","26"
"2020-04-08","71057","Tessenderlo","Tessenderlo","Arrondissement Hasselt","Arrondissement de Hasselt","Provincie Limburg","Province du Limbourg","Vlaams Gewest","Région flamande","<5"
"2020-04-08","71066","Zonhoven","Zonhoven","Arrondissement Hasselt","Arrondissement de Hasselt","Provincie Limburg","Province du Limbourg","Vlaams Gewest","Région flamande","9"
"2020-04-08","71067","Zutendaal","Zutendaal","Arrondissement Hasselt","Arrondissement de Hasselt","Provincie Limburg","Province du Limbourg","Vlaams Gewest","Région flamande","<5"
"2020-04-08","71070","Heusden-Zolder","Heusden-Zolder","Arrondissement Hasselt","Arrondissement de Hasselt","Provincie Limburg","Province du Limbourg","Vlaams Gewest","Région flamande","<5"
"2020-04-08","72004","Bree","Bree","Arrondissement Maaseik","Arrondissement de Maaseik","Provincie Limburg","Province du Limbourg","Vlaams Gewest","Région flamande","<5"
"2020-04-08","72020","Lommel","Lommel","Arrondissement Maaseik","Arrondissement de Maaseik","Provincie Limburg","Province du Limbourg","Vlaams Gewest","Région flamande","33"
"2020-04-08","72021","Maaseik","Maaseik","Arrondissement Maaseik","Arrondissement de Maaseik","Provincie Limburg","Province du Limbourg","Vlaams Gewest","Région flamande","5"
"2020-04-08","72030","Peer","Peer","Arrondissement Maaseik","Arrondissement de Maaseik","Provincie Limburg","Province du Limbourg","Vlaams Gewest","Région flamande","<5"
"2020-04-08","72037","Hamont-Achel","Hamont-Achel","Arrondissement Maaseik","Arrondissement de Maaseik","Provincie Limburg","Province du Limbourg","Vlaams Gewest","Région flamande","<5"
"2020-04-08","72039","Houthalen-Helchteren","Houthalen-Helchteren","Arrondissement Maaseik","Arrondissement de Maaseik","Provincie Limburg","Province du Limbourg","Vlaams Gewest","Région flamande","<5"
"2020-04-08","72041","Dilsen-Stokkem","Dilsen-Stokkem","Arrondissement Maaseik","Arrondissement de Maaseik","Provincie Limburg","Province du Limbourg","Vlaams Gewest","Région flamande","5"
"2020-04-08","72042","Oudsbergen","Oudsbergen","Arrondissement Maaseik","Arrondissement de Maaseik","Provincie Limburg","Province du Limbourg","Vlaams Gewest","Région flamande","5"
"2020-04-08","72043","Pelt","Pelt","Arrondissement Maaseik","Arrondissement de Maaseik","Provincie Limburg","Province du Limbourg","Vlaams Gewest","Région flamande","<5"
"2020-04-08","73001","Alken","Alken","Arrondissement Tongeren","Arrondissement de Tongres","Provincie Limburg","Province du Limbourg","Vlaams Gewest","Région flamande","<5"
"2020-04-08","73006","Bilzen","Bilzen","Arrondissement Tongeren","Arrondissement de Tongres","Provincie Limburg","Province du Limbourg","Vlaams Gewest","Région flamande","<5"
"2020-04-08","73009","Borgloon","Looz","Arrondissement Tongeren","Arrondissement de Tongres","Provincie Limburg","Province du Limbourg","Vlaams Gewest","Région flamande","6"
"2020-04-08","73022","Heers","Heers","Arrondissement Tongeren","Arrondissement de Tongres","Provincie Limburg","Province du Limbourg","Vlaams Gewest","Région flamande","<5"
"2020-04-08","73032","Hoeselt","Hoeselt","Arrondissement Tongeren","Arrondissement de Tongres","Provincie Limburg","Province du Limbourg","Vlaams Gewest","Région flamande","<5"
"2020-04-08","73040","Kortessem","Kortessem","Arrondissement Tongeren","Arrondissement de Tongres","Provincie Limburg","Province du Limbourg","Vlaams Gewest","Région flamande","<5"
"2020-04-08","73042","Lanaken","Lanaken","Arrondissement Tongeren","Arrondissement de Tongres","Provincie Limburg","Province du Limbourg","Vlaams Gewest","Région flamande","9"
"2020-04-08","73066","Riemst","Riemst","Arrondissement Tongeren","Arrondissement de Tongres","Provincie Limburg","Province du Limbourg","Vlaams Gewest","Région flamande","<5"
"2020-04-08","73083","Tongeren","Tongres","Arrondissement Tongeren","Arrondissement de Tongres","Provincie Limburg","Province du Limbourg","Vlaams Gewest","Région flamande","6"
"2020-04-08","73107","Maasmechelen","Maasmechelen","Arrondissement Tongeren","Arrondissement de Tongres","Provincie Limburg","Province du Limbourg","Vlaams Gewest","Région flamande","5"
"2020-04-08","81001","Aarlen","Arlon","Arrondissement Aarlen","Arrondissement d’Arlon","Provincie Luxemburg","Province du Luxembourg","Waals Gewest","Région wallonne","<5"
"2020-04-08","81003","Attert","Attert","Arrondissement Aarlen","Arrondissement d’Arlon","Provincie Luxemburg","Province du Luxembourg","Waals Gewest","Région wallonne","<5"
"2020-04-08","81013","Martelange","Martelange","Arrondissement Aarlen","Arrondissement d’Arlon","Provincie Luxemburg","Province du Luxembourg","Waals Gewest","Région wallonne","<5"
"2020-04-08","81015","Messancy","Messancy","Arrondissement Aarlen","Arrondissement d’Arlon","Provincie Luxemburg","Province du Luxembourg","Waals Gewest","Région wallonne","7"
"2020-04-08","82003","Bastenaken","Bastogne","Arrondissement Bastenaken","Arrondissement de Bastogne","Provincie Luxemburg","Province du Luxembourg","Waals Gewest","Région wallonne","<5"
"2020-04-08","82009","Fauvillers","Fauvillers","Arrondissement Bastenaken","Arrondissement de Bastogne","Provincie Luxemburg","Province du Luxembourg","Waals Gewest","Région wallonne","<5"
"2020-04-08","82014","Houffalize","Houffalize","Arrondissement Bastenaken","Arrondissement de Bastogne","Provincie Luxemburg","Province du Luxembourg","Waals Gewest","Région wallonne","<5"
"2020-04-08","82032","Vielsalm","Vielsalm","Arrondissement Bastenaken","Arrondissement de Bastogne","Provincie Luxemburg","Province du Luxembourg","Waals Gewest","Région wallonne","<5"
"2020-04-08","82036","Vaux-sur-Sûre","Vaux-sur-Sûre","Arrondissement Bastenaken","Arrondissement de Bastogne","Provincie Luxemburg","Province du Luxembourg","Waals Gewest","Région wallonne","<5"
"2020-04-08","82037","Gouvy","Gouvy","Arrondissement Bastenaken","Arrondissement de Bastogne","Provincie Luxemburg","Province du Luxembourg","Waals Gewest","Région wallonne","<5"
"2020-04-08","83013","Erezée","Erezée","Arrondissement Marche-en-Famenne","Arrondissement de Marche-en-Famenne","Provincie Luxemburg","Province du Luxembourg","Waals Gewest","Région wallonne","<5"
"2020-04-08","83028","Hotton","Hotton","Arrondissement Marche-en-Famenne","Arrondissement de Marche-en-Famenne","Provincie Luxemburg","Province du Luxembourg","Waals Gewest","Région wallonne","<5"
"2020-04-08","83034","Marche-en-Famenne","Marche-en-Famenne","Arrondissement Marche-en-Famenne","Arrondissement de Marche-en-Famenne","Provincie Luxemburg","Province du Luxembourg","Waals Gewest","Région wallonne","<5"
"2020-04-08","84009","Bertrix","Bertrix","Arrondissement Neufchâteau","Arrondissement de Neufchâteau","Provincie Luxemburg","Province du Luxembourg","Waals Gewest","Région wallonne","<5"
"2020-04-08","84043","Neufchâteau (Neufchâteau)","Neufchâteau (Neufchâteau)","Arrondissement Neufchâteau","Arrondissement de Neufchâteau","Provincie Luxemburg","Province du Luxembourg","Waals Gewest","Région wallonne","<5"
"2020-04-08","84059","Saint-Hubert","Saint-Hubert","Arrondissement Neufchâteau","Arrondissement de Neufchâteau","Provincie Luxemburg","Province du Luxembourg","Waals Gewest","Région wallonne","<5"
"2020-04-08","84077","Libramont-Chevigny","Libramont-Chevigny","Arrondissement Neufchâteau","Arrondissement de Neufchâteau","Provincie Luxemburg","Province du Luxembourg","Waals Gewest","Région wallonne","<5"
"2020-04-08","85007","Chiny","Chiny","Arrondissement Virton","Arrondissement de Virton","Provincie Luxemburg","Province du Luxembourg","Waals Gewest","Région wallonne","<5"
"2020-04-08","85011","Florenville","Florenville","Arrondissement Virton","Arrondissement de Virton","Provincie Luxemburg","Province du Luxembourg","Waals Gewest","Région wallonne","<5"
"2020-04-08","85039","Tintigny","Tintigny","Arrondissement Virton","Arrondissement de Virton","Provincie Luxemburg","Province du Luxembourg","Waals Gewest","Région wallonne","<5"
"2020-04-08","85045","Virton","Virton","Arrondissement Virton","Arrondissement de Virton","Provincie Luxemburg","Province du Luxembourg","Waals Gewest","Région wallonne","<5"
"2020-04-08","91013","Beauraing","Beauraing","Arrondissement Dinant","Arrondissement de Dinant","Provincie Namen","Province de Namur","Waals Gewest","Région wallonne","<5"
"2020-04-08","91030","Ciney","Ciney","Arrondissement Dinant","Arrondissement de Dinant","Provincie Namen","Province de Namur","Waals Gewest","Région wallonne","<5"
"2020-04-08","91034","Dinant","Dinant","Arrondissement Dinant","Arrondissement de Dinant","Provincie Namen","Province de Namur","Waals Gewest","Région wallonne","<5"
"2020-04-08","91059","Hamois","Hamois","Arrondissement Dinant","Arrondissement de Dinant","Provincie Namen","Province de Namur","Waals Gewest","Région wallonne","<5"
"2020-04-08","91141","Yvoir","Yvoir","Arrondissement Dinant","Arrondissement de Dinant","Provincie Namen","Province de Namur","Waals Gewest","Région wallonne","<5"
"2020-04-08","92003","Andenne","Andenne","Arrondissement Namen","Arrondissement de Namur","Provincie Namen","Province de Namur","Waals Gewest","Région wallonne","<5"
"2020-04-08","92006","Assesse","Assesse","Arrondissement Namen","Arrondissement de Namur","Provincie Namen","Province de Namur","Waals Gewest","Région wallonne","<5"
"2020-04-08","92035","Eghezée","Eghezée","Arrondissement Namen","Arrondissement de Namur","Provincie Namen","Province de Namur","Waals Gewest","Région wallonne","<5"
"2020-04-08","92048","Fosses-la-Ville","Fosses-la-Ville","Arrondissement Namen","Arrondissement de Namur","Provincie Namen","Province de Namur","Waals Gewest","Région wallonne","<5"
"2020-04-08","92087","Mettet","Mettet","Arrondissement Namen","Arrondissement de Namur","Provincie Namen","Province de Namur","Waals Gewest","Région wallonne","<5"
"2020-04-08","92094","Namen","Namur","Arrondissement Namen","Arrondissement de Namur","Provincie Namen","Province de Namur","Waals Gewest","Région wallonne","12"
"2020-04-08","92101","Profondeville","Profondeville","Arrondissement Namen","Arrondissement de Namur","Provincie Namen","Province de Namur","Waals Gewest","Région wallonne","<5"
"2020-04-08","92114","Sombreffe","Sombreffe","Arrondissement Namen","Arrondissement de Namur","Provincie Namen","Province de Namur","Waals Gewest","Région wallonne","<5"
"2020-04-08","92137","Sambreville","Sambreville","Arrondissement Namen","Arrondissement de Namur","Provincie Namen","Province de Namur","Waals Gewest","Région wallonne","<5"
"2020-04-08","92138","Fernelmont","Fernelmont","Arrondissement Namen","Arrondissement de Namur","Provincie Namen","Province de Namur","Waals Gewest","Région wallonne","<5"
"2020-04-08","92140","Jemeppe-sur-Sambre","Jemeppe-sur-Sambre","Arrondissement Namen","Arrondissement de Namur","Provincie Namen","Province de Namur","Waals Gewest","Région wallonne","5"
"2020-04-08","92141","La Bruyère","La Bruyère","Arrondissement Namen","Arrondissement de Namur","Provincie Namen","Province de Namur","Waals Gewest","Région wallonne","<5"
"2020-04-08","92142","Gembloux","Gembloux","Arrondissement Namen","Arrondissement de Namur","Provincie Namen","Province de Namur","Waals Gewest","Région wallonne","9"
"2020-04-08","93014","Couvin","Couvin","Arrondissement Philippeville","Arrondissement de Philippeville","Provincie Namen","Province de Namur","Waals Gewest","Région wallonne","6"
"2020-04-08","93088","Walcourt","Walcourt","Arrondissement Philippeville","Arrondissement de Philippeville","Provincie Namen","Province de Namur","Waals Gewest","Région wallonne","<5"
"2020-04-08",NA,NA,NA,NA,NA,NA,NA,NA,NA,"34"
"2020-04-09","11001","Aartselaar","Aartselaar","Arrondissement Antwerpen","Arrondissement d’Anvers","Provincie Antwerpen","Province d’Anvers","Vlaams Gewest","Région flamande","32"
"2020-04-09","11002","Antwerpen","Anvers","Arrondissement Antwerpen","Arrondissement d’Anvers","Provincie Antwerpen","Province d’Anvers","Vlaams Gewest","Région flamande","97"
"2020-04-09","11004","Boechout","Boechout","Arrondissement Antwerpen","Arrondissement d’Anvers","Provincie Antwerpen","Province d’Anvers","Vlaams Gewest","Région flamande","<5"
"2020-04-09","11005","Boom","Boom","Arrondissement Antwerpen","Arrondissement d’Anvers","Provincie Antwerpen","Province d’Anvers","Vlaams Gewest","Région flamande","<5"
"2020-04-09","11007","Borsbeek","Borsbeek","Arrondissement Antwerpen","Arrondissement d’Anvers","Provincie Antwerpen","Province d’Anvers","Vlaams Gewest","Région flamande","<5"
"2020-04-09","11008","Brasschaat","Brasschaat","Arrondissement Antwerpen","Arrondissement d’Anvers","Provincie Antwerpen","Province d’Anvers","Vlaams Gewest","Région flamande","<5"
"2020-04-09","11009","Brecht","Brecht","Arrondissement Antwerpen","Arrondissement d’Anvers","Provincie Antwerpen","Province d’Anvers","Vlaams Gewest","Région flamande","<5"
"2020-04-09","11013","Edegem","Edegem","Arrondissement Antwerpen","Arrondissement d’Anvers","Provincie Antwerpen","Province d’Anvers","Vlaams Gewest","Région flamande","<5"
"2020-04-09","11016","Essen","Essen","Arrondissement Antwerpen","Arrondissement d’Anvers","Provincie Antwerpen","Province d’Anvers","Vlaams Gewest","Région flamande","<5"
"2020-04-09","11018","Hemiksem","Hemiksem","Arrondissement Antwerpen","Arrondissement d’Anvers","Provincie Antwerpen","Province d’Anvers","Vlaams Gewest","Région flamande","<5"
"2020-04-09","11021","Hove (Antwerpen)","Hove (Anvers)","Arrondissement Antwerpen","Arrondissement d’Anvers","Provincie Antwerpen","Province d’Anvers","Vlaams Gewest","Région flamande","<5"
"2020-04-09","11022","Kalmthout","Kalmthout","Arrondissement Antwerpen","Arrondissement d’Anvers","Provincie Antwerpen","Province d’Anvers","Vlaams Gewest","Région flamande","<5"
"2020-04-09","11023","Kapellen (Antwerpen)","Kapellen (Anvers)","Arrondissement Antwerpen","Arrondissement d’Anvers","Provincie Antwerpen","Province d’Anvers","Vlaams Gewest","Région flamande","<5"
"2020-04-09","11024","Kontich","Kontich","Arrondissement Antwerpen","Arrondissement d’Anvers","Provincie Antwerpen","Province d’Anvers","Vlaams Gewest","Région flamande","<5"
"2020-04-09","11029","Mortsel","Mortsel","Arrondissement Antwerpen","Arrondissement d’Anvers","Provincie Antwerpen","Province d’Anvers","Vlaams Gewest","Région flamande","<5"
"2020-04-09","11030","Niel","Niel","Arrondissement Antwerpen","Arrondissement d’Anvers","Provincie Antwerpen","Province d’Anvers","Vlaams Gewest","Région flamande","<5"
"2020-04-09","11037","Rumst","Rumst","Arrondissement Antwerpen","Arrondissement d’Anvers","Provincie Antwerpen","Province d’Anvers","Vlaams Gewest","Région flamande","<5"
"2020-04-09","11038","Schelle","Schelle","Arrondissement Antwerpen","Arrondissement d’Anvers","Provincie Antwerpen","Province d’Anvers","Vlaams Gewest","Région flamande","<5"
"2020-04-09","11039","Schilde","Schilde","Arrondissement Antwerpen","Arrondissement d’Anvers","Provincie Antwerpen","Province d’Anvers","Vlaams Gewest","Région flamande","7"
"2020-04-09","11040","Schoten","Schoten","Arrondissement Antwerpen","Arrondissement d’Anvers","Provincie Antwerpen","Province d’Anvers","Vlaams Gewest","Région flamande","<5"
"2020-04-09","11052","Wommelgem","Wommelgem","Arrondissement Antwerpen","Arrondissement d’Anvers","Provincie Antwerpen","Province d’Anvers","Vlaams Gewest","Région flamande","<5"
"2020-04-09","11054","Zandhoven","Zandhoven","Arrondissement Antwerpen","Arrondissement d’Anvers","Provincie Antwerpen","Province d’Anvers","Vlaams Gewest","Région flamande","8"
"2020-04-09","11055","Zoersel","Zoersel","Arrondissement Antwerpen","Arrondissement d’Anvers","Provincie Antwerpen","Province d’Anvers","Vlaams Gewest","Région flamande","<5"
"2020-04-09","11056","Zwijndrecht","Zwijndrecht","Arrondissement Antwerpen","Arrondissement d’Anvers","Provincie Antwerpen","Province d’Anvers","Vlaams Gewest","Région flamande","<5"
"2020-04-09","12007","Bornem","Bornem","Arrondissement Mechelen","Arrondissement de Malines","Provincie Antwerpen","Province d’Anvers","Vlaams Gewest","Région flamande","<5"
"2020-04-09","12009","Duffel","Duffel","Arrondissement Mechelen","Arrondissement de Malines","Provincie Antwerpen","Province d’Anvers","Vlaams Gewest","Région flamande","<5"
"2020-04-09","12014","Heist-op-den-Berg","Heist-op-den-Berg","Arrondissement Mechelen","Arrondissement de Malines","Provincie Antwerpen","Province d’Anvers","Vlaams Gewest","Région flamande","14"
"2020-04-09","12021","Lier","Lierre","Arrondissement Mechelen","Arrondissement de Malines","Provincie Antwerpen","Province d’Anvers","Vlaams Gewest","Région flamande","<5"
"2020-04-09","12025","Mechelen","Malines","Arrondissement Mechelen","Arrondissement de Malines","Provincie Antwerpen","Province d’Anvers","Vlaams Gewest","Région flamande","7"
"2020-04-09","12026","Nijlen","Nijlen","Arrondissement Mechelen","Arrondissement de Malines","Provincie Antwerpen","Province d’Anvers","Vlaams Gewest","Région flamande","<5"
"2020-04-09","12029","Putte","Putte","Arrondissement Mechelen","Arrondissement de Malines","Provincie Antwerpen","Province d’Anvers","Vlaams Gewest","Région flamande","<5"
"2020-04-09","12035","Sint-Katelijne-Waver","Sint-Katelijne-Waver","Arrondissement Mechelen","Arrondissement de Malines","Provincie Antwerpen","Province d’Anvers","Vlaams Gewest","Région flamande","11"
"2020-04-09","12040","Willebroek","Willebroek","Arrondissement Mechelen","Arrondissement de Malines","Provincie Antwerpen","Province d’Anvers","Vlaams Gewest","Région flamande","<5"
"2020-04-09","12041","Puurs-Sint-Amands","Puurs-Sint-Amands","Arrondissement Mechelen","Arrondissement de Malines","Provincie Antwerpen","Province d’Anvers","Vlaams Gewest","Région flamande","6"
"2020-04-09","13001","Arendonk","Arendonk","Arrondissement Turnhout","Arrondissement de Turnhout","Provincie Antwerpen","Province d’Anvers","Vlaams Gewest","Région flamande","<5"
"2020-04-09","13002","Baarle-Hertog","Baerle-Duc","Arrondissement Turnhout","Arrondissement de Turnhout","Provincie Antwerpen","Province d’Anvers","Vlaams Gewest","Région flamande","<5"
"2020-04-09","13003","Balen","Balen","Arrondissement Turnhout","Arrondissement de Turnhout","Provincie Antwerpen","Province d’Anvers","Vlaams Gewest","Région flamande","<5"
"2020-04-09","13008","Geel","Geel","Arrondissement Turnhout","Arrondissement de Turnhout","Provincie Antwerpen","Province d’Anvers","Vlaams Gewest","Région flamande","<5"
"2020-04-09","13011","Herentals","Herentals","Arrondissement Turnhout","Arrondissement de Turnhout","Provincie Antwerpen","Province d’Anvers","Vlaams Gewest","Région flamande","13"
"2020-04-09","13012","Herenthout","Herenthout","Arrondissement Turnhout","Arrondissement de Turnhout","Provincie Antwerpen","Province d’Anvers","Vlaams Gewest","Région flamande","<5"
"2020-04-09","13019","Lille","Lille","Arrondissement Turnhout","Arrondissement de Turnhout","Provincie Antwerpen","Province d’Anvers","Vlaams Gewest","Région flamande","<5"
"2020-04-09","13025","Mol","Mol","Arrondissement Turnhout","Arrondissement de Turnhout","Provincie Antwerpen","Province d’Anvers","Vlaams Gewest","Région flamande","<5"
"2020-04-09","13031","Oud-Turnhout","Oud-Turnhout","Arrondissement Turnhout","Arrondissement de Turnhout","Provincie Antwerpen","Province d’Anvers","Vlaams Gewest","Région flamande","5"
"2020-04-09","13035","Ravels","Ravels","Arrondissement Turnhout","Arrondissement de Turnhout","Provincie Antwerpen","Province d’Anvers","Vlaams Gewest","Région flamande","39"
"2020-04-09","13040","Turnhout","Turnhout","Arrondissement Turnhout","Arrondissement de Turnhout","Provincie Antwerpen","Province d’Anvers","Vlaams Gewest","Région flamande","<5"
"2020-04-09","13046","Vosselaar","Vosselaar","Arrondissement Turnhout","Arrondissement de Turnhout","Provincie Antwerpen","Province d’Anvers","Vlaams Gewest","Région flamande","<5"
"2020-04-09","13053","Laakdal","Laakdal","Arrondissement Turnhout","Arrondissement de Turnhout","Provincie Antwerpen","Province d’Anvers","Vlaams Gewest","Région flamande","<5"
"2020-04-09","21001","Anderlecht","Anderlecht","Arrondissement Brussel-Hoofdstad","Arrondissement de Bruxelles-Capitale",NA,NA,"Brussels Hoofdstedelijk Gewest","Région de Bruxelles-Capitale","32"
"2020-04-09","21002","Oudergem","Auderghem","Arrondissement Brussel-Hoofdstad","Arrondissement de Bruxelles-Capitale",NA,NA,"Brussels Hoofdstedelijk Gewest","Région de Bruxelles-Capitale","<5"
"2020-04-09","21003","Sint-Agatha-Berchem","Berchem-Sainte-Agathe","Arrondissement Brussel-Hoofdstad","Arrondissement de Bruxelles-Capitale",NA,NA,"Brussels Hoofdstedelijk Gewest","Région de Bruxelles-Capitale","7"
"2020-04-09","21004","Brussel","Bruxelles","Arrondissement Brussel-Hoofdstad","Arrondissement de Bruxelles-Capitale",NA,NA,"Brussels Hoofdstedelijk Gewest","Région de Bruxelles-Capitale","33"
"2020-04-09","21005","Etterbeek","Etterbeek","Arrondissement Brussel-Hoofdstad","Arrondissement de Bruxelles-Capitale",NA,NA,"Brussels Hoofdstedelijk Gewest","Région de Bruxelles-Capitale","5"
"2020-04-09","21006","Evere","Evere","Arrondissement Brussel-Hoofdstad","Arrondissement de Bruxelles-Capitale",NA,NA,"Brussels Hoofdstedelijk Gewest","Région de Bruxelles-Capitale","<5"
"2020-04-09","21007","Vorst (Brussel-Hoofdstad)","Forest (Bruxelles-Capitale)","Arrondissement Brussel-Hoofdstad","Arrondissement de Bruxelles-Capitale",NA,NA,"Brussels Hoofdstedelijk Gewest","Région de Bruxelles-Capitale","12"
"2020-04-09","21008","Ganshoren","Ganshoren","Arrondissement Brussel-Hoofdstad","Arrondissement de Bruxelles-Capitale",NA,NA,"Brussels Hoofdstedelijk Gewest","Région de Bruxelles-Capitale","<5"
"2020-04-09","21009","Elsene","Ixelles","Arrondissement Brussel-Hoofdstad","Arrondissement de Bruxelles-Capitale",NA,NA,"Brussels Hoofdstedelijk Gewest","Région de Bruxelles-Capitale","9"
"2020-04-09","21010","Jette","Jette","Arrondissement Brussel-Hoofdstad","Arrondissement de Bruxelles-Capitale",NA,NA,"Brussels Hoofdstedelijk Gewest","Région de Bruxelles-Capitale","<5"
"2020-04-09","21011","Koekelberg","Koekelberg","Arrondissement Brussel-Hoofdstad","Arrondissement de Bruxelles-Capitale",NA,NA,"Brussels Hoofdstedelijk Gewest","Région de Bruxelles-Capitale","<5"
"2020-04-09","21012","Sint-Jans-Molenbeek","Molenbeek-Saint-Jean","Arrondissement Brussel-Hoofdstad","Arrondissement de Bruxelles-Capitale",NA,NA,"Brussels Hoofdstedelijk Gewest","Région de Bruxelles-Capitale","11"
"2020-04-09","21013","Sint-Gillis","Saint-Gilles","Arrondissement Brussel-Hoofdstad","Arrondissement de Bruxelles-Capitale",NA,NA,"Brussels Hoofdstedelijk Gewest","Région de Bruxelles-Capitale","<5"
"2020-04-09","21014","Sint-Joost-ten-Node","Saint-Josse-ten-Noode","Arrondissement Brussel-Hoofdstad","Arrondissement de Bruxelles-Capitale",NA,NA,"Brussels Hoofdstedelijk Gewest","Région de Bruxelles-Capitale","<5"
"2020-04-09","21015","Schaarbeek","Schaerbeek","Arrondissement Brussel-Hoofdstad","Arrondissement de Bruxelles-Capitale",NA,NA,"Brussels Hoofdstedelijk Gewest","Région de Bruxelles-Capitale","5"
"2020-04-09","21016","Ukkel","Uccle","Arrondissement Brussel-Hoofdstad","Arrondissement de Bruxelles-Capitale",NA,NA,"Brussels Hoofdstedelijk Gewest","Région de Bruxelles-Capitale","20"
"2020-04-09","21017","Watermaal-Bosvoorde","Watermael-Boitsfort","Arrondissement Brussel-Hoofdstad","Arrondissement de Bruxelles-Capitale",NA,NA,"Brussels Hoofdstedelijk Gewest","Région de Bruxelles-Capitale","<5"
"2020-04-09","21018","Sint-Lambrechts-Woluwe","Woluwe-Saint-Lambert","Arrondissement Brussel-Hoofdstad","Arrondissement de Bruxelles-Capitale",NA,NA,"Brussels Hoofdstedelijk Gewest","Région de Bruxelles-Capitale","<5"
"2020-04-09","21019","Sint-Pieters-Woluwe","Woluwe-Saint-Pierre","Arrondissement Brussel-Hoofdstad","Arrondissement de Bruxelles-Capitale",NA,NA,"Brussels Hoofdstedelijk Gewest","Région de Bruxelles-Capitale","<5"
"2020-04-09","23002","Asse","Asse","Arrondissement Halle-Vilvoorde","Arrondissement de Hal-Vilvorde","Provincie Vlaams-Brabant","Province du Brabant flamand","Vlaams Gewest","Région flamande","9"
"2020-04-09","23003","Beersel","Beersel","Arrondissement Halle-Vilvoorde","Arrondissement de Hal-Vilvorde","Provincie Vlaams-Brabant","Province du Brabant flamand","Vlaams Gewest","Région flamande","<5"
"2020-04-09","23016","Dilbeek","Dilbeek","Arrondissement Halle-Vilvoorde","Arrondissement de Hal-Vilvorde","Provincie Vlaams-Brabant","Province du Brabant flamand","Vlaams Gewest","Région flamande","5"
"2020-04-09","23024","Gooik","Gooik","Arrondissement Halle-Vilvoorde","Arrondissement de Hal-Vilvorde","Provincie Vlaams-Brabant","Province du Brabant flamand","Vlaams Gewest","Région flamande","<5"
"2020-04-09","23025","Grimbergen","Grimbergen","Arrondissement Halle-Vilvoorde","Arrondissement de Hal-Vilvorde","Provincie Vlaams-Brabant","Province du Brabant flamand","Vlaams Gewest","Région flamande","9"
"2020-04-09","23027","Halle (Halle-Vilvoorde)","Hal (Hal-Vilvorde)","Arrondissement Halle-Vilvoorde","Arrondissement de Hal-Vilvorde","Provincie Vlaams-Brabant","Province du Brabant flamand","Vlaams Gewest","Région flamande","<5"
"2020-04-09","23039","Kapelle-op-den-Bos","Kapelle-op-den-Bos","Arrondissement Halle-Vilvoorde","Arrondissement de Hal-Vilvorde","Provincie Vlaams-Brabant","Province du Brabant flamand","Vlaams Gewest","Région flamande","16"
"2020-04-09","23044","Liedekerke","Liedekerke","Arrondissement Halle-Vilvoorde","Arrondissement de Hal-Vilvorde","Provincie Vlaams-Brabant","Province du Brabant flamand","Vlaams Gewest","Région flamande","<5"
"2020-04-09","23045","Londerzeel","Londerzeel","Arrondissement Halle-Vilvoorde","Arrondissement de Hal-Vilvorde","Provincie Vlaams-Brabant","Province du Brabant flamand","Vlaams Gewest","Région flamande","5"
"2020-04-09","23050","Meise","Meise","Arrondissement Halle-Vilvoorde","Arrondissement de Hal-Vilvorde","Provincie Vlaams-Brabant","Province du Brabant flamand","Vlaams Gewest","Région flamande","<5"
"2020-04-09","23052","Merchtem","Merchtem","Arrondissement Halle-Vilvoorde","Arrondissement de Hal-Vilvorde","Provincie Vlaams-Brabant","Province du Brabant flamand","Vlaams Gewest","Région flamande","<5"
"2020-04-09","23060","Opwijk","Opwijk","Arrondissement Halle-Vilvoorde","Arrondissement de Hal-Vilvorde","Provincie Vlaams-Brabant","Province du Brabant flamand","Vlaams Gewest","Région flamande","<5"
"2020-04-09","23062","Overijse","Overijse","Arrondissement Halle-Vilvoorde","Arrondissement de Hal-Vilvorde","Provincie Vlaams-Brabant","Province du Brabant flamand","Vlaams Gewest","Région flamande","6"
"2020-04-09","23077","Sint-Pieters-Leeuw","Sint-Pieters-Leeuw","Arrondissement Halle-Vilvoorde","Arrondissement de Hal-Vilvorde","Provincie Vlaams-Brabant","Province du Brabant flamand","Vlaams Gewest","Région flamande","5"
"2020-04-09","23081","Steenokkerzeel","Steenokkerzeel","Arrondissement Halle-Vilvoorde","Arrondissement de Hal-Vilvorde","Provincie Vlaams-Brabant","Province du Brabant flamand","Vlaams Gewest","Région flamande","<5"
"2020-04-09","23088","Vilvoorde","Vilvorde","Arrondissement Halle-Vilvoorde","Arrondissement de Hal-Vilvorde","Provincie Vlaams-Brabant","Province du Brabant flamand","Vlaams Gewest","Région flamande","14"
"2020-04-09","23094","Zaventem","Zaventem","Arrondissement Halle-Vilvoorde","Arrondissement de Hal-Vilvorde","Provincie Vlaams-Brabant","Province du Brabant flamand","Vlaams Gewest","Région flamande","<5"
"2020-04-09","23096","Zemst","Zemst","Arrondissement Halle-Vilvoorde","Arrondissement de Hal-Vilvorde","Provincie Vlaams-Brabant","Province du Brabant flamand","Vlaams Gewest","Région flamande","<5"
"2020-04-09","23097","Roosdaal","Roosdaal","Arrondissement Halle-Vilvoorde","Arrondissement de Hal-Vilvorde","Provincie Vlaams-Brabant","Province du Brabant flamand","Vlaams Gewest","Région flamande","<5"
"2020-04-09","23098","Drogenbos","Drogenbos","Arrondissement Halle-Vilvoorde","Arrondissement de Hal-Vilvorde","Provincie Vlaams-Brabant","Province du Brabant flamand","Vlaams Gewest","Région flamande","<5"
"2020-04-09","23102","Wemmel","Wemmel","Arrondissement Halle-Vilvoorde","Arrondissement de Hal-Vilvorde","Provincie Vlaams-Brabant","Province du Brabant flamand","Vlaams Gewest","Région flamande","<5"
"2020-04-09","23103","Wezembeek-Oppem","Wezembeek-Oppem","Arrondissement Halle-Vilvoorde","Arrondissement de Hal-Vilvorde","Provincie Vlaams-Brabant","Province du Brabant flamand","Vlaams Gewest","Région flamande","<5"
"2020-04-09","23105","Affligem","Affligem","Arrondissement Halle-Vilvoorde","Arrondissement de Hal-Vilvorde","Provincie Vlaams-Brabant","Province du Brabant flamand","Vlaams Gewest","Région flamande","<5"
"2020-04-09","24001","Aarschot","Aarschot","Arrondissement Leuven","Arrondissement de Louvain","Provincie Vlaams-Brabant","Province du Brabant flamand","Vlaams Gewest","Région flamande","7"
"2020-04-09","24007","Begijnendijk","Begijnendijk","Arrondissement Leuven","Arrondissement de Louvain","Provincie Vlaams-Brabant","Province du Brabant flamand","Vlaams Gewest","Région flamande","5"
"2020-04-09","24008","Bekkevoort","Bekkevoort","Arrondissement Leuven","Arrondissement de Louvain","Provincie Vlaams-Brabant","Province du Brabant flamand","Vlaams Gewest","Région flamande","<5"
"2020-04-09","24009","Bertem","Bertem","Arrondissement Leuven","Arrondissement de Louvain","Provincie Vlaams-Brabant","Province du Brabant flamand","Vlaams Gewest","Région flamande","<5"
"2020-04-09","24016","Boutersem","Boutersem","Arrondissement Leuven","Arrondissement de Louvain","Provincie Vlaams-Brabant","Province du Brabant flamand","Vlaams Gewest","Région flamande","<5"
"2020-04-09","24020","Diest","Diest","Arrondissement Leuven","Arrondissement de Louvain","Provincie Vlaams-Brabant","Province du Brabant flamand","Vlaams Gewest","Région flamande","<5"
"2020-04-09","24028","Geetbets","Geetbets","Arrondissement Leuven","Arrondissement de Louvain","Provincie Vlaams-Brabant","Province du Brabant flamand","Vlaams Gewest","Région flamande","<5"
"2020-04-09","24033","Haacht","Haacht","Arrondissement Leuven","Arrondissement de Louvain","Provincie Vlaams-Brabant","Province du Brabant flamand","Vlaams Gewest","Région flamande","<5"
"2020-04-09","24038","Herent","Herent","Arrondissement Leuven","Arrondissement de Louvain","Provincie Vlaams-Brabant","Province du Brabant flamand","Vlaams Gewest","Région flamande","<5"
"2020-04-09","24045","Huldenberg","Huldenberg","Arrondissement Leuven","Arrondissement de Louvain","Provincie Vlaams-Brabant","Province du Brabant flamand","Vlaams Gewest","Région flamande","<5"
"2020-04-09","24054","Kortenaken","Kortenaken","Arrondissement Leuven","Arrondissement de Louvain","Provincie Vlaams-Brabant","Province du Brabant flamand","Vlaams Gewest","Région flamande","<5"
"2020-04-09","24055","Kortenberg","Kortenberg","Arrondissement Leuven","Arrondissement de Louvain","Provincie Vlaams-Brabant","Province du Brabant flamand","Vlaams Gewest","Région flamande","<5"
"2020-04-09","24059","Landen","Landen","Arrondissement Leuven","Arrondissement de Louvain","Provincie Vlaams-Brabant","Province du Brabant flamand","Vlaams Gewest","Région flamande","9"
"2020-04-09","24062","Leuven","Louvain","Arrondissement Leuven","Arrondissement de Louvain","Provincie Vlaams-Brabant","Province du Brabant flamand","Vlaams Gewest","Région flamande","7"
"2020-04-09","24066","Lubbeek","Lubbeek","Arrondissement Leuven","Arrondissement de Louvain","Provincie Vlaams-Brabant","Province du Brabant flamand","Vlaams Gewest","Région flamande","<5"
"2020-04-09","24086","Oud-Heverlee","Oud-Heverlee","Arrondissement Leuven","Arrondissement de Louvain","Provincie Vlaams-Brabant","Province du Brabant flamand","Vlaams Gewest","Région flamande","<5"
"2020-04-09","24094","Rotselaar","Rotselaar","Arrondissement Leuven","Arrondissement de Louvain","Provincie Vlaams-Brabant","Province du Brabant flamand","Vlaams Gewest","Région flamande","<5"
"2020-04-09","24104","Tervuren","Tervuren","Arrondissement Leuven","Arrondissement de Louvain","Provincie Vlaams-Brabant","Province du Brabant flamand","Vlaams Gewest","Région flamande","<5"
"2020-04-09","24107","Tienen","Tirlemont","Arrondissement Leuven","Arrondissement de Louvain","Provincie Vlaams-Brabant","Province du Brabant flamand","Vlaams Gewest","Région flamande","13"
"2020-04-09","24130","Zoutleeuw","Léau","Arrondissement Leuven","Arrondissement de Louvain","Provincie Vlaams-Brabant","Province du Brabant flamand","Vlaams Gewest","Région flamande","<5"
"2020-04-09","24133","Linter","Linter","Arrondissement Leuven","Arrondissement de Louvain","Provincie Vlaams-Brabant","Province du Brabant flamand","Vlaams Gewest","Région flamande","<5"
"2020-04-09","24134","Scherpenheuvel-Zichem","Montaigu-Zichem","Arrondissement Leuven","Arrondissement de Louvain","Provincie Vlaams-Brabant","Province du Brabant flamand","Vlaams Gewest","Région flamande","<5"
"2020-04-09","25014","Eigenbrakel","Braine-l’Alleud","Arrondissement Nijvel","Arrondissement de Nivelles","Provincie Waals-Brabant","Province du Brabant wallon","Waals Gewest","Région wallonne","<5"
"2020-04-09","25015","Kasteelbrakel","Braine-le-Château","Arrondissement Nijvel","Arrondissement de Nivelles","Provincie Waals-Brabant","Province du Brabant wallon","Waals Gewest","Région wallonne","<5"
"2020-04-09","25018","Chaumont-Gistoux","Chaumont-Gistoux","Arrondissement Nijvel","Arrondissement de Nivelles","Provincie Waals-Brabant","Province du Brabant wallon","Waals Gewest","Région wallonne","<5"
"2020-04-09","25023","Court-Saint-Etienne","Court-Saint-Etienne","Arrondissement Nijvel","Arrondissement de Nivelles","Provincie Waals-Brabant","Province du Brabant wallon","Waals Gewest","Région wallonne","<5"
"2020-04-09","25031","Genepiën","Genappe","Arrondissement Nijvel","Arrondissement de Nivelles","Provincie Waals-Brabant","Province du Brabant wallon","Waals Gewest","Région wallonne","<5"
"2020-04-09","25037","Graven","Grez-Doiceau","Arrondissement Nijvel","Arrondissement de Nivelles","Provincie Waals-Brabant","Province du Brabant wallon","Waals Gewest","Région wallonne","<5"
"2020-04-09","25043","Incourt","Incourt","Arrondissement Nijvel","Arrondissement de Nivelles","Provincie Waals-Brabant","Province du Brabant wallon","Waals Gewest","Région wallonne","<5"
"2020-04-09","25048","Geldenaken","Jodoigne","Arrondissement Nijvel","Arrondissement de Nivelles","Provincie Waals-Brabant","Province du Brabant wallon","Waals Gewest","Région wallonne","<5"
"2020-04-09","25050","Terhulpen","La Hulpe","Arrondissement Nijvel","Arrondissement de Nivelles","Provincie Waals-Brabant","Province du Brabant wallon","Waals Gewest","Région wallonne","<5"
"2020-04-09","25072","Nijvel","Nivelles","Arrondissement Nijvel","Arrondissement de Nivelles","Provincie Waals-Brabant","Province du Brabant wallon","Waals Gewest","Région wallonne","<5"
"2020-04-09","25091","Rixensart","Rixensart","Arrondissement Nijvel","Arrondissement de Nivelles","Provincie Waals-Brabant","Province du Brabant wallon","Waals Gewest","Région wallonne","<5"
"2020-04-09","25105","Tubeke","Tubize","Arrondissement Nijvel","Arrondissement de Nivelles","Provincie Waals-Brabant","Province du Brabant wallon","Waals Gewest","Région wallonne","9"
"2020-04-09","25107","Villers-la-Ville","Villers-la-Ville","Arrondissement Nijvel","Arrondissement de Nivelles","Provincie Waals-Brabant","Province du Brabant wallon","Waals Gewest","Région wallonne","<5"
"2020-04-09","25110","Waterloo","Waterloo","Arrondissement Nijvel","Arrondissement de Nivelles","Provincie Waals-Brabant","Province du Brabant wallon","Waals Gewest","Région wallonne","<5"
"2020-04-09","25112","Waver","Wavre","Arrondissement Nijvel","Arrondissement de Nivelles","Provincie Waals-Brabant","Province du Brabant wallon","Waals Gewest","Région wallonne","<5"
"2020-04-09","25118","Hélécine","Hélécine","Arrondissement Nijvel","Arrondissement de Nivelles","Provincie Waals-Brabant","Province du Brabant wallon","Waals Gewest","Région wallonne","<5"
"2020-04-09","25119","Lasne","Lasne","Arrondissement Nijvel","Arrondissement de Nivelles","Provincie Waals-Brabant","Province du Brabant wallon","Waals Gewest","Région wallonne","<5"
"2020-04-09","25121","Ottignies-Louvain-la-Neuve","Ottignies-Louvain-la-Neuve","Arrondissement Nijvel","Arrondissement de Nivelles","Provincie Waals-Brabant","Province du Brabant wallon","Waals Gewest","Région wallonne","7"
"2020-04-09","25122","Ramillies","Ramillies","Arrondissement Nijvel","Arrondissement de Nivelles","Provincie Waals-Brabant","Province du Brabant wallon","Waals Gewest","Région wallonne","<5"
"2020-04-09","25123","Rebecq","Rebecq","Arrondissement Nijvel","Arrondissement de Nivelles","Provincie Waals-Brabant","Province du Brabant wallon","Waals Gewest","Région wallonne","6"
"2020-04-09","31003","Beernem","Beernem","Arrondissement Brugge","Arrondissement de Bruges","Provincie West-Vlaanderen","Province de Flandre occidentale","Vlaams Gewest","Région flamande","5"
"2020-04-09","31005","Brugge","Bruges","Arrondissement Brugge","Arrondissement de Bruges","Provincie West-Vlaanderen","Province de Flandre occidentale","Vlaams Gewest","Région flamande","63"
"2020-04-09","31006","Damme","Damme","Arrondissement Brugge","Arrondissement de Bruges","Provincie West-Vlaanderen","Province de Flandre occidentale","Vlaams Gewest","Région flamande","<5"
"2020-04-09","31022","Oostkamp","Oostkamp","Arrondissement Brugge","Arrondissement de Bruges","Provincie West-Vlaanderen","Province de Flandre occidentale","Vlaams Gewest","Région flamande","<5"
"2020-04-09","31033","Torhout","Torhout","Arrondissement Brugge","Arrondissement de Bruges","Provincie West-Vlaanderen","Province de Flandre occidentale","Vlaams Gewest","Région flamande","6"
"2020-04-09","31040","Zedelgem","Zedelgem","Arrondissement Brugge","Arrondissement de Bruges","Provincie West-Vlaanderen","Province de Flandre occidentale","Vlaams Gewest","Région flamande","<5"
"2020-04-09","31043","Knokke-Heist","Knokke-Heist","Arrondissement Brugge","Arrondissement de Bruges","Provincie West-Vlaanderen","Province de Flandre occidentale","Vlaams Gewest","Région flamande","<5"
"2020-04-09","32006","Houthulst","Houthulst","Arrondissement Diksmuide","Arrondissement de Dixmude","Provincie West-Vlaanderen","Province de Flandre occidentale","Vlaams Gewest","Région flamande","<5"
"2020-04-09","32011","Kortemark","Kortemark","Arrondissement Diksmuide","Arrondissement de Dixmude","Provincie West-Vlaanderen","Province de Flandre occidentale","Vlaams Gewest","Région flamande","<5"
"2020-04-09","32030","Lo-Reninge","Lo-Reninge","Arrondissement Diksmuide","Arrondissement de Dixmude","Provincie West-Vlaanderen","Province de Flandre occidentale","Vlaams Gewest","Région flamande","<5"
"2020-04-09","33011","Ieper","Ypres","Arrondissement Ieper","Arrondissement d’Ypres","Provincie West-Vlaanderen","Province de Flandre occidentale","Vlaams Gewest","Région flamande","7"
"2020-04-09","33021","Poperinge","Poperinge","Arrondissement Ieper","Arrondissement d’Ypres","Provincie West-Vlaanderen","Province de Flandre occidentale","Vlaams Gewest","Région flamande","5"
"2020-04-09","33029","Wervik","Wervik","Arrondissement Ieper","Arrondissement d’Ypres","Provincie West-Vlaanderen","Province de Flandre occidentale","Vlaams Gewest","Région flamande","<5"
"2020-04-09","33037","Zonnebeke","Zonnebeke","Arrondissement Ieper","Arrondissement d’Ypres","Provincie West-Vlaanderen","Province de Flandre occidentale","Vlaams Gewest","Région flamande","<5"
"2020-04-09","33039","Heuvelland","Heuvelland","Arrondissement Ieper","Arrondissement d’Ypres","Provincie West-Vlaanderen","Province de Flandre occidentale","Vlaams Gewest","Région flamande","<5"
"2020-04-09","34002","Anzegem","Anzegem","Arrondissement Kortrijk","Arrondissement de Courtrai","Provincie West-Vlaanderen","Province de Flandre occidentale","Vlaams Gewest","Région flamande","<5"
"2020-04-09","34003","Avelgem","Avelgem","Arrondissement Kortrijk","Arrondissement de Courtrai","Provincie West-Vlaanderen","Province de Flandre occidentale","Vlaams Gewest","Région flamande","<5"
"2020-04-09","34009","Deerlijk","Deerlijk","Arrondissement Kortrijk","Arrondissement de Courtrai","Provincie West-Vlaanderen","Province de Flandre occidentale","Vlaams Gewest","Région flamande","12"
"2020-04-09","34013","Harelbeke","Harelbeke","Arrondissement Kortrijk","Arrondissement de Courtrai","Provincie West-Vlaanderen","Province de Flandre occidentale","Vlaams Gewest","Région flamande","12"
"2020-04-09","34022","Kortrijk","Courtrai","Arrondissement Kortrijk","Arrondissement de Courtrai","Provincie West-Vlaanderen","Province de Flandre occidentale","Vlaams Gewest","Région flamande","48"
"2020-04-09","34023","Kuurne","Kuurne","Arrondissement Kortrijk","Arrondissement de Courtrai","Provincie West-Vlaanderen","Province de Flandre occidentale","Vlaams Gewest","Région flamande","9"
"2020-04-09","34025","Lendelede","Lendelede","Arrondissement Kortrijk","Arrondissement de Courtrai","Provincie West-Vlaanderen","Province de Flandre occidentale","Vlaams Gewest","Région flamande","<5"
"2020-04-09","34027","Menen","Menin","Arrondissement Kortrijk","Arrondissement de Courtrai","Provincie West-Vlaanderen","Province de Flandre occidentale","Vlaams Gewest","Région flamande","8"
"2020-04-09","34040","Waregem","Waregem","Arrondissement Kortrijk","Arrondissement de Courtrai","Provincie West-Vlaanderen","Province de Flandre occidentale","Vlaams Gewest","Région flamande","5"
"2020-04-09","34041","Wevelgem","Wevelgem","Arrondissement Kortrijk","Arrondissement de Courtrai","Provincie West-Vlaanderen","Province de Flandre occidentale","Vlaams Gewest","Région flamande","<5"
"2020-04-09","34042","Zwevegem","Zwevegem","Arrondissement Kortrijk","Arrondissement de Courtrai","Provincie West-Vlaanderen","Province de Flandre occidentale","Vlaams Gewest","Région flamande","6"
"2020-04-09","35002","Bredene","Bredene","Arrondissement Oostende","Arrondissement d’Ostende","Provincie West-Vlaanderen","Province de Flandre occidentale","Vlaams Gewest","Région flamande","<5"
"2020-04-09","35005","Gistel","Gistel","Arrondissement Oostende","Arrondissement d’Ostende","Provincie West-Vlaanderen","Province de Flandre occidentale","Vlaams Gewest","Région flamande","<5"
"2020-04-09","35006","Ichtegem","Ichtegem","Arrondissement Oostende","Arrondissement d’Ostende","Provincie West-Vlaanderen","Province de Flandre occidentale","Vlaams Gewest","Région flamande","<5"
"2020-04-09","35011","Middelkerke","Middelkerke","Arrondissement Oostende","Arrondissement d’Ostende","Provincie West-Vlaanderen","Province de Flandre occidentale","Vlaams Gewest","Région flamande","<5"
"2020-04-09","35013","Oostende","Ostende","Arrondissement Oostende","Arrondissement d’Ostende","Provincie West-Vlaanderen","Province de Flandre occidentale","Vlaams Gewest","Région flamande","19"
"2020-04-09","35029","De Haan","De Haan","Arrondissement Oostende","Arrondissement d’Ostende","Provincie West-Vlaanderen","Province de Flandre occidentale","Vlaams Gewest","Région flamande","9"
"2020-04-09","36006","Hooglede","Hooglede","Arrondissement Roeselare","Arrondissement de Roulers","Provincie West-Vlaanderen","Province de Flandre occidentale","Vlaams Gewest","Région flamande","<5"
"2020-04-09","36007","Ingelmunster","Ingelmunster","Arrondissement Roeselare","Arrondissement de Roulers","Provincie West-Vlaanderen","Province de Flandre occidentale","Vlaams Gewest","Région flamande","<5"
"2020-04-09","36008","Izegem","Izegem","Arrondissement Roeselare","Arrondissement de Roulers","Provincie West-Vlaanderen","Province de Flandre occidentale","Vlaams Gewest","Région flamande","5"
"2020-04-09","36011","Lichtervelde","Lichtervelde","Arrondissement Roeselare","Arrondissement de Roulers","Provincie West-Vlaanderen","Province de Flandre occidentale","Vlaams Gewest","Région flamande","<5"
"2020-04-09","36012","Moorslede","Moorslede","Arrondissement Roeselare","Arrondissement de Roulers","Provincie West-Vlaanderen","Province de Flandre occidentale","Vlaams Gewest","Région flamande","<5"
"2020-04-09","36015","Roeselare","Roulers","Arrondissement Roeselare","Arrondissement de Roulers","Provincie West-Vlaanderen","Province de Flandre occidentale","Vlaams Gewest","Région flamande","5"
"2020-04-09","37002","Dentergem","Dentergem","Arrondissement Tielt","Arrondissement de Tielt","Provincie West-Vlaanderen","Province de Flandre occidentale","Vlaams Gewest","Région flamande","<5"
"2020-04-09","37007","Meulebeke","Meulebeke","Arrondissement Tielt","Arrondissement de Tielt","Provincie West-Vlaanderen","Province de Flandre occidentale","Vlaams Gewest","Région flamande","<5"
"2020-04-09","37010","Oostrozebeke","Oostrozebeke","Arrondissement Tielt","Arrondissement de Tielt","Provincie West-Vlaanderen","Province de Flandre occidentale","Vlaams Gewest","Région flamande","<5"
"2020-04-09","37011","Pittem","Pittem","Arrondissement Tielt","Arrondissement de Tielt","Provincie West-Vlaanderen","Province de Flandre occidentale","Vlaams Gewest","Région flamande","<5"
"2020-04-09","37015","Tielt (Tielt)","Tielt (Tielt)","Arrondissement Tielt","Arrondissement de Tielt","Provincie West-Vlaanderen","Province de Flandre occidentale","Vlaams Gewest","Région flamande","<5"
"2020-04-09","37018","Wingene","Wingene","Arrondissement Tielt","Arrondissement de Tielt","Provincie West-Vlaanderen","Province de Flandre occidentale","Vlaams Gewest","Région flamande","<5"
"2020-04-09","38002","Alveringem","Alveringem","Arrondissement Veurne","Arrondissement de Furnes","Provincie West-Vlaanderen","Province de Flandre occidentale","Vlaams Gewest","Région flamande","<5"
"2020-04-09","38014","Koksijde","Koksijde","Arrondissement Veurne","Arrondissement de Furnes","Provincie West-Vlaanderen","Province de Flandre occidentale","Vlaams Gewest","Région flamande","<5"
"2020-04-09","38025","Veurne","Furnes","Arrondissement Veurne","Arrondissement de Furnes","Provincie West-Vlaanderen","Province de Flandre occidentale","Vlaams Gewest","Région flamande","<5"
"2020-04-09","41002","Aalst (Aalst)","Alost (Alost)","Arrondissement Aalst","Arrondissement d’Alost","Provincie Oost-Vlaanderen","Province de Flandre orientale","Vlaams Gewest","Région flamande","25"
"2020-04-09","41011","Denderleeuw","Denderleeuw","Arrondissement Aalst","Arrondissement d’Alost","Provincie Oost-Vlaanderen","Province de Flandre orientale","Vlaams Gewest","Région flamande","<5"
"2020-04-09","41018","Geraardsbergen","Grammont","Arrondissement Aalst","Arrondissement d’Alost","Provincie Oost-Vlaanderen","Province de Flandre orientale","Vlaams Gewest","Région flamande","<5"
"2020-04-09","41024","Haaltert","Haaltert","Arrondissement Aalst","Arrondissement d’Alost","Provincie Oost-Vlaanderen","Province de Flandre orientale","Vlaams Gewest","Région flamande","5"
"2020-04-09","41027","Herzele","Herzele","Arrondissement Aalst","Arrondissement d’Alost","Provincie Oost-Vlaanderen","Province de Flandre orientale","Vlaams Gewest","Région flamande","<5"
"2020-04-09","41034","Lede","Lede","Arrondissement Aalst","Arrondissement d’Alost","Provincie Oost-Vlaanderen","Province de Flandre orientale","Vlaams Gewest","Région flamande","<5"
"2020-04-09","41048","Ninove","Ninove","Arrondissement Aalst","Arrondissement d’Alost","Provincie Oost-Vlaanderen","Province de Flandre orientale","Vlaams Gewest","Région flamande","7"
"2020-04-09","41063","Sint-Lievens-Houtem","Sint-Lievens-Houtem","Arrondissement Aalst","Arrondissement d’Alost","Provincie Oost-Vlaanderen","Province de Flandre orientale","Vlaams Gewest","Région flamande","<5"
"2020-04-09","41081","Zottegem","Zottegem","Arrondissement Aalst","Arrondissement d’Alost","Provincie Oost-Vlaanderen","Province de Flandre orientale","Vlaams Gewest","Région flamande","<5"
"2020-04-09","41082","Erpe-Mere","Erpe-Mere","Arrondissement Aalst","Arrondissement d’Alost","Provincie Oost-Vlaanderen","Province de Flandre orientale","Vlaams Gewest","Région flamande","17"
"2020-04-09","42003","Berlare","Berlare","Arrondissement Dendermonde","Arrondissement de Termonde","Provincie Oost-Vlaanderen","Province de Flandre orientale","Vlaams Gewest","Région flamande","<5"
"2020-04-09","42004","Buggenhout","Buggenhout","Arrondissement Dendermonde","Arrondissement de Termonde","Provincie Oost-Vlaanderen","Province de Flandre orientale","Vlaams Gewest","Région flamande","<5"
"2020-04-09","42006","Dendermonde","Termonde","Arrondissement Dendermonde","Arrondissement de Termonde","Provincie Oost-Vlaanderen","Province de Flandre orientale","Vlaams Gewest","Région flamande","36"
"2020-04-09","42008","Hamme (Dendermonde)","Hamme (Termonde)","Arrondissement Dendermonde","Arrondissement de Termonde","Provincie Oost-Vlaanderen","Province de Flandre orientale","Vlaams Gewest","Région flamande","<5"
"2020-04-09","42010","Laarne","Laarne","Arrondissement Dendermonde","Arrondissement de Termonde","Provincie Oost-Vlaanderen","Province de Flandre orientale","Vlaams Gewest","Région flamande","<5"
"2020-04-09","42011","Lebbeke","Lebbeke","Arrondissement Dendermonde","Arrondissement de Termonde","Provincie Oost-Vlaanderen","Province de Flandre orientale","Vlaams Gewest","Région flamande","7"
"2020-04-09","42023","Waasmunster","Waasmunster","Arrondissement Dendermonde","Arrondissement de Termonde","Provincie Oost-Vlaanderen","Province de Flandre orientale","Vlaams Gewest","Région flamande","<5"
"2020-04-09","42025","Wetteren","Wetteren","Arrondissement Dendermonde","Arrondissement de Termonde","Provincie Oost-Vlaanderen","Province de Flandre orientale","Vlaams Gewest","Région flamande","7"
"2020-04-09","42026","Wichelen","Wichelen","Arrondissement Dendermonde","Arrondissement de Termonde","Provincie Oost-Vlaanderen","Province de Flandre orientale","Vlaams Gewest","Région flamande","<5"
"2020-04-09","42028","Zele","Zele","Arrondissement Dendermonde","Arrondissement de Termonde","Provincie Oost-Vlaanderen","Province de Flandre orientale","Vlaams Gewest","Région flamande","<5"
"2020-04-09","43002","Assenede","Assenede","Arrondissement Eeklo","Arrondissement d’Eeklo","Provincie Oost-Vlaanderen","Province de Flandre orientale","Vlaams Gewest","Région flamande","5"
"2020-04-09","43005","Eeklo","Eeklo","Arrondissement Eeklo","Arrondissement d’Eeklo","Provincie Oost-Vlaanderen","Province de Flandre orientale","Vlaams Gewest","Région flamande","<5"
"2020-04-09","43007","Kaprijke","Kaprijke","Arrondissement Eeklo","Arrondissement d’Eeklo","Provincie Oost-Vlaanderen","Province de Flandre orientale","Vlaams Gewest","Région flamande","13"
"2020-04-09","43010","Maldegem","Maldegem","Arrondissement Eeklo","Arrondissement d’Eeklo","Provincie Oost-Vlaanderen","Province de Flandre orientale","Vlaams Gewest","Région flamande","<5"
"2020-04-09","44012","De Pinte","De Pinte","Arrondissement Gent","Arrondissement de Gand","Provincie Oost-Vlaanderen","Province de Flandre orientale","Vlaams Gewest","Région flamande","<5"
"2020-04-09","44013","Destelbergen","Destelbergen","Arrondissement Gent","Arrondissement de Gand","Provincie Oost-Vlaanderen","Province de Flandre orientale","Vlaams Gewest","Région flamande","<5"
"2020-04-09","44019","Evergem","Evergem","Arrondissement Gent","Arrondissement de Gand","Provincie Oost-Vlaanderen","Province de Flandre orientale","Vlaams Gewest","Région flamande","<5"
"2020-04-09","44020","Gavere","Gavere","Arrondissement Gent","Arrondissement de Gand","Provincie Oost-Vlaanderen","Province de Flandre orientale","Vlaams Gewest","Région flamande","<5"
"2020-04-09","44021","Gent","Gand","Arrondissement Gent","Arrondissement de Gand","Provincie Oost-Vlaanderen","Province de Flandre orientale","Vlaams Gewest","Région flamande","67"
"2020-04-09","44034","Lochristi","Lochristi","Arrondissement Gent","Arrondissement de Gand","Provincie Oost-Vlaanderen","Province de Flandre orientale","Vlaams Gewest","Région flamande","7"
"2020-04-09","44040","Melle","Melle","Arrondissement Gent","Arrondissement de Gand","Provincie Oost-Vlaanderen","Province de Flandre orientale","Vlaams Gewest","Région flamande","<5"
"2020-04-09","44043","Merelbeke","Merelbeke","Arrondissement Gent","Arrondissement de Gand","Provincie Oost-Vlaanderen","Province de Flandre orientale","Vlaams Gewest","Région flamande","6"
"2020-04-09","44045","Moerbeke (Gent)","Moerbeke (Gand)","Arrondissement Gent","Arrondissement de Gand","Provincie Oost-Vlaanderen","Province de Flandre orientale","Vlaams Gewest","Région flamande","<5"
"2020-04-09","44052","Oosterzele","Oosterzele","Arrondissement Gent","Arrondissement de Gand","Provincie Oost-Vlaanderen","Province de Flandre orientale","Vlaams Gewest","Région flamande","<5"
"2020-04-09","44073","Wachtebeke","Wachtebeke","Arrondissement Gent","Arrondissement de Gand","Provincie Oost-Vlaanderen","Province de Flandre orientale","Vlaams Gewest","Région flamande","35"
"2020-04-09","44083","Deinze","Deinze","Arrondissement Gent","Arrondissement de Gand","Provincie Oost-Vlaanderen","Province de Flandre orientale","Vlaams Gewest","Région flamande","<5"
"2020-04-09","44084","Aalter","Aalter","Arrondissement Gent","Arrondissement de Gand","Provincie Oost-Vlaanderen","Province de Flandre orientale","Vlaams Gewest","Région flamande","<5"
"2020-04-09","44085","Lievegem","Lievegem","Arrondissement Gent","Arrondissement de Gand","Provincie Oost-Vlaanderen","Province de Flandre orientale","Vlaams Gewest","Région flamande","5"
"2020-04-09","45035","Oudenaarde","Audenarde","Arrondissement Oudenaarde","Arrondissement d’Audenarde","Provincie Oost-Vlaanderen","Province de Flandre orientale","Vlaams Gewest","Région flamande","5"
"2020-04-09","45041","Ronse","Renaix","Arrondissement Oudenaarde","Arrondissement d’Audenarde","Provincie Oost-Vlaanderen","Province de Flandre orientale","Vlaams Gewest","Région flamande","5"
"2020-04-09","45063","Lierde","Lierde","Arrondissement Oudenaarde","Arrondissement d’Audenarde","Provincie Oost-Vlaanderen","Province de Flandre orientale","Vlaams Gewest","Région flamande","<5"
"2020-04-09","46003","Beveren (Sint-Niklaas)","Beveren (Saint-Nicolas)","Arrondissement Sint-Niklaas","Arrondissement de Saint-Nicolas","Provincie Oost-Vlaanderen","Province de Flandre orientale","Vlaams Gewest","Région flamande","<5"
"2020-04-09","46014","Lokeren","Lokeren","Arrondissement Sint-Niklaas","Arrondissement de Saint-Nicolas","Provincie Oost-Vlaanderen","Province de Flandre orientale","Vlaams Gewest","Région flamande","<5"
"2020-04-09","46020","Sint-Gillis-Waas","Sint-Gillis-Waas","Arrondissement Sint-Niklaas","Arrondissement de Saint-Nicolas","Provincie Oost-Vlaanderen","Province de Flandre orientale","Vlaams Gewest","Région flamande","<5"
"2020-04-09","46021","Sint-Niklaas (Sint-Niklaas)","Saint-Nicolas (Saint-Nicolas)","Arrondissement Sint-Niklaas","Arrondissement de Saint-Nicolas","Provincie Oost-Vlaanderen","Province de Flandre orientale","Vlaams Gewest","Région flamande","32"
"2020-04-09","46024","Stekene","Stekene","Arrondissement Sint-Niklaas","Arrondissement de Saint-Nicolas","Provincie Oost-Vlaanderen","Province de Flandre orientale","Vlaams Gewest","Région flamande","<5"
"2020-04-09","46025","Temse","Tamise","Arrondissement Sint-Niklaas","Arrondissement de Saint-Nicolas","Provincie Oost-Vlaanderen","Province de Flandre orientale","Vlaams Gewest","Région flamande","16"
"2020-04-09","51004","Aat","Ath","Arrondissement Aat","Arrondissement d’Ath","Provincie Henegouwen","Province du Hainaut","Waals Gewest","Région wallonne","11"
"2020-04-09","51009","Bernissart","Bernissart","Arrondissement Aat","Arrondissement d’Ath","Provincie Henegouwen","Province du Hainaut","Waals Gewest","Région wallonne","<5"
"2020-04-09","51014","Chièvres","Chièvres","Arrondissement Aat","Arrondissement d’Ath","Provincie Henegouwen","Province du Hainaut","Waals Gewest","Région wallonne","<5"
"2020-04-09","51065","Frasnes-lez-Anvaing","Frasnes-lez-Anvaing","Arrondissement Aat","Arrondissement d’Ath","Provincie Henegouwen","Province du Hainaut","Waals Gewest","Région wallonne","<5"
"2020-04-09","51067","Edingen","Enghien","Arrondissement Aat","Arrondissement d’Ath","Provincie Henegouwen","Province du Hainaut","Waals Gewest","Région wallonne","<5"
"2020-04-09","51069","Lessen","Lessines","Arrondissement Aat","Arrondissement d’Ath","Provincie Henegouwen","Province du Hainaut","Waals Gewest","Région wallonne","6"
"2020-04-09","52010","Chapelle-lez-Herlaimont","Chapelle-lez-Herlaimont","Arrondissement Charleroi","Arrondissement de Charleroi","Provincie Henegouwen","Province du Hainaut","Waals Gewest","Région wallonne","<5"
"2020-04-09","52011","Charleroi","Charleroi","Arrondissement Charleroi","Arrondissement de Charleroi","Provincie Henegouwen","Province du Hainaut","Waals Gewest","Région wallonne","49"
"2020-04-09","52012","Châtelet","Châtelet","Arrondissement Charleroi","Arrondissement de Charleroi","Provincie Henegouwen","Province du Hainaut","Waals Gewest","Région wallonne","7"
"2020-04-09","52015","Courcelles","Courcelles","Arrondissement Charleroi","Arrondissement de Charleroi","Provincie Henegouwen","Province du Hainaut","Waals Gewest","Région wallonne","11"
"2020-04-09","52018","Farciennes","Farciennes","Arrondissement Charleroi","Arrondissement de Charleroi","Provincie Henegouwen","Province du Hainaut","Waals Gewest","Région wallonne","<5"
"2020-04-09","52021","Fleurus","Fleurus","Arrondissement Charleroi","Arrondissement de Charleroi","Provincie Henegouwen","Province du Hainaut","Waals Gewest","Région wallonne","5"
"2020-04-09","52022","Fontaine-l’Evêque","Fontaine-l’Evêque","Arrondissement Charleroi","Arrondissement de Charleroi","Provincie Henegouwen","Province du Hainaut","Waals Gewest","Région wallonne","<5"
"2020-04-09","52048","Montigny-le-Tilleul","Montigny-le-Tilleul","Arrondissement Charleroi","Arrondissement de Charleroi","Provincie Henegouwen","Province du Hainaut","Waals Gewest","Région wallonne","<5"
"2020-04-09","52055","Pont-à-Celles","Pont-à-Celles","Arrondissement Charleroi","Arrondissement de Charleroi","Provincie Henegouwen","Province du Hainaut","Waals Gewest","Région wallonne","<5"
"2020-04-09","52074","Aiseau-Presles","Aiseau-Presles","Arrondissement Charleroi","Arrondissement de Charleroi","Provincie Henegouwen","Province du Hainaut","Waals Gewest","Région wallonne","<5"
"2020-04-09","52075","Les Bons Villers","Les Bons Villers","Arrondissement Charleroi","Arrondissement de Charleroi","Provincie Henegouwen","Province du Hainaut","Waals Gewest","Région wallonne","9"
"2020-04-09","53014","Boussu","Boussu","Arrondissement Bergen","Arrondissement de Mons","Provincie Henegouwen","Province du Hainaut","Waals Gewest","Région wallonne","<5"
"2020-04-09","53020","Dour","Dour","Arrondissement Bergen","Arrondissement de Mons","Provincie Henegouwen","Province du Hainaut","Waals Gewest","Région wallonne","<5"
"2020-04-09","53028","Frameries","Frameries","Arrondissement Bergen","Arrondissement de Mons","Provincie Henegouwen","Province du Hainaut","Waals Gewest","Région wallonne","34"
"2020-04-09","53046","Lens","Lens","Arrondissement Bergen","Arrondissement de Mons","Provincie Henegouwen","Province du Hainaut","Waals Gewest","Région wallonne","<5"
"2020-04-09","53053","Bergen","Mons","Arrondissement Bergen","Arrondissement de Mons","Provincie Henegouwen","Province du Hainaut","Waals Gewest","Région wallonne","19"
"2020-04-09","53065","Quaregnon","Quaregnon","Arrondissement Bergen","Arrondissement de Mons","Provincie Henegouwen","Province du Hainaut","Waals Gewest","Région wallonne","<5"
"2020-04-09","53068","Quiévrain","Quiévrain","Arrondissement Bergen","Arrondissement de Mons","Provincie Henegouwen","Province du Hainaut","Waals Gewest","Région wallonne","<5"
"2020-04-09","53070","Saint-Ghislain","Saint-Ghislain","Arrondissement Bergen","Arrondissement de Mons","Provincie Henegouwen","Province du Hainaut","Waals Gewest","Région wallonne","<5"
"2020-04-09","53082","Colfontaine","Colfontaine","Arrondissement Bergen","Arrondissement de Mons","Provincie Henegouwen","Province du Hainaut","Waals Gewest","Région wallonne","<5"
"2020-04-09","53083","Honnelles","Honnelles","Arrondissement Bergen","Arrondissement de Mons","Provincie Henegouwen","Province du Hainaut","Waals Gewest","Région wallonne","<5"
"2020-04-09","55004","’s Gravenbrakel","Braine-le-Comte","Arrondissement Zinnik","Arrondissement de Soignies","Provincie Henegouwen","Province du Hainaut","Waals Gewest","Région wallonne","<5"
"2020-04-09","55035","Le Roeulx","Le Roeulx","Arrondissement Zinnik","Arrondissement de Soignies","Provincie Henegouwen","Province du Hainaut","Waals Gewest","Région wallonne","<5"
"2020-04-09","55040","Zinnik","Soignies","Arrondissement Zinnik","Arrondissement de Soignies","Provincie Henegouwen","Province du Hainaut","Waals Gewest","Région wallonne","<5"
"2020-04-09","55050","Ecaussinnes","Ecaussinnes","Arrondissement Zinnik","Arrondissement de Soignies","Provincie Henegouwen","Province du Hainaut","Waals Gewest","Région wallonne","<5"
"2020-04-09","55085","Seneffe","Seneffe","Arrondissement Zinnik","Arrondissement de Soignies","Provincie Henegouwen","Province du Hainaut","Waals Gewest","Région wallonne","<5"
"2020-04-09","55086","Manage","Manage","Arrondissement Zinnik","Arrondissement de Soignies","Provincie Henegouwen","Province du Hainaut","Waals Gewest","Région wallonne","<5"
"2020-04-09","56001","Anderlues","Anderlues","Arrondissement Thuin","Arrondissement de Thuin","Provincie Henegouwen","Province du Hainaut","Waals Gewest","Région wallonne","<5"
"2020-04-09","56005","Beaumont","Beaumont","Arrondissement Thuin","Arrondissement de Thuin","Provincie Henegouwen","Province du Hainaut","Waals Gewest","Région wallonne","<5"
"2020-04-09","56022","Erquelinnes","Erquelinnes","Arrondissement Thuin","Arrondissement de Thuin","Provincie Henegouwen","Province du Hainaut","Waals Gewest","Région wallonne","<5"
"2020-04-09","56029","Froidchapelle","Froidchapelle","Arrondissement Thuin","Arrondissement de Thuin","Provincie Henegouwen","Province du Hainaut","Waals Gewest","Région wallonne","<5"
"2020-04-09","56051","Momignies","Momignies","Arrondissement Thuin","Arrondissement de Thuin","Provincie Henegouwen","Province du Hainaut","Waals Gewest","Région wallonne","<5"
"2020-04-09","56078","Thuin","Thuin","Arrondissement Thuin","Arrondissement de Thuin","Provincie Henegouwen","Province du Hainaut","Waals Gewest","Région wallonne","<5"
"2020-04-09","56086","Ham-sur-Heure-Nalinnes","Ham-sur-Heure-Nalinnes","Arrondissement Thuin","Arrondissement de Thuin","Provincie Henegouwen","Province du Hainaut","Waals Gewest","Région wallonne","<5"
"2020-04-09","57018","Celles (Doornik)","Celles (Tournai)","Arrondissement Doornik-Moeskroen","Arrondissement de Tournai-Mouscron","Provincie Henegouwen","Province du Hainaut","Waals Gewest","Région wallonne","<5"
"2020-04-09","57027","Estaimpuis","Estaimpuis","Arrondissement Doornik-Moeskroen","Arrondissement de Tournai-Mouscron","Provincie Henegouwen","Province du Hainaut","Waals Gewest","Région wallonne","<5"
"2020-04-09","57062","Pecq","Pecq","Arrondissement Doornik-Moeskroen","Arrondissement de Tournai-Mouscron","Provincie Henegouwen","Province du Hainaut","Waals Gewest","Région wallonne","<5"
"2020-04-09","57064","Péruwelz","Péruwelz","Arrondissement Doornik-Moeskroen","Arrondissement de Tournai-Mouscron","Provincie Henegouwen","Province du Hainaut","Waals Gewest","Région wallonne","<5"
"2020-04-09","57081","Doornik","Tournai","Arrondissement Doornik-Moeskroen","Arrondissement de Tournai-Mouscron","Provincie Henegouwen","Province du Hainaut","Waals Gewest","Région wallonne","<5"
"2020-04-09","57093","Brunehaut","Brunehaut","Arrondissement Doornik-Moeskroen","Arrondissement de Tournai-Mouscron","Provincie Henegouwen","Province du Hainaut","Waals Gewest","Région wallonne","<5"
"2020-04-09","57094","Leuze-en-Hainaut","Leuze-en-Hainaut","Arrondissement Doornik-Moeskroen","Arrondissement de Tournai-Mouscron","Provincie Henegouwen","Province du Hainaut","Waals Gewest","Région wallonne","<5"
"2020-04-09","57096","Moeskroen","Mouscron","Arrondissement Doornik-Moeskroen","Arrondissement de Tournai-Mouscron","Provincie Henegouwen","Province du Hainaut","Waals Gewest","Région wallonne","16"
"2020-04-09","57097","Komen-Waasten","Comines-Warneton","Arrondissement Doornik-Moeskroen","Arrondissement de Tournai-Mouscron","Provincie Henegouwen","Province du Hainaut","Waals Gewest","Région wallonne","<5"
"2020-04-09","58001","La Louvière","La Louvière","Arrondissement La Louvière","Arrondissement de La Louvière","Provincie Henegouwen","Province du Hainaut","Waals Gewest","Région wallonne","8"
"2020-04-09","58002","Binche","Binche","Arrondissement La Louvière","Arrondissement de La Louvière","Provincie Henegouwen","Province du Hainaut","Waals Gewest","Région wallonne","8"
"2020-04-09","58003","Estinnes","Estinnes","Arrondissement La Louvière","Arrondissement de La Louvière","Provincie Henegouwen","Province du Hainaut","Waals Gewest","Région wallonne","<5"
"2020-04-09","58004","Morlanwelz","Morlanwelz","Arrondissement La Louvière","Arrondissement de La Louvière","Provincie Henegouwen","Province du Hainaut","Waals Gewest","Région wallonne","<5"
"2020-04-09","61003","Amay","Amay","Arrondissement Hoei","Arrondissement de Huy","Provincie Luik","Province de Liège","Waals Gewest","Région wallonne","<5"
"2020-04-09","61012","Clavier","Clavier","Arrondissement Hoei","Arrondissement de Huy","Provincie Luik","Province de Liège","Waals Gewest","Région wallonne","<5"
"2020-04-09","61019","Ferrières","Ferrières","Arrondissement Hoei","Arrondissement de Huy","Provincie Luik","Province de Liège","Waals Gewest","Région wallonne","<5"
"2020-04-09","61028","Héron","Héron","Arrondissement Hoei","Arrondissement de Huy","Provincie Luik","Province de Liège","Waals Gewest","Région wallonne","<5"
"2020-04-09","61031","Hoei","Huy","Arrondissement Hoei","Arrondissement de Huy","Provincie Luik","Province de Liège","Waals Gewest","Région wallonne","<5"
"2020-04-09","61039","Marchin","Marchin","Arrondissement Hoei","Arrondissement de Huy","Provincie Luik","Province de Liège","Waals Gewest","Région wallonne","<5"
"2020-04-09","61041","Modave","Modave","Arrondissement Hoei","Arrondissement de Huy","Provincie Luik","Province de Liège","Waals Gewest","Région wallonne","<5"
"2020-04-09","61043","Nandrin","Nandrin","Arrondissement Hoei","Arrondissement de Huy","Provincie Luik","Province de Liège","Waals Gewest","Région wallonne","<5"
"2020-04-09","61063","Verlaine","Verlaine","Arrondissement Hoei","Arrondissement de Huy","Provincie Luik","Province de Liège","Waals Gewest","Région wallonne","<5"
"2020-04-09","61079","Anthisnes","Anthisnes","Arrondissement Hoei","Arrondissement de Huy","Provincie Luik","Province de Liège","Waals Gewest","Région wallonne","<5"
"2020-04-09","61080","Engis","Engis","Arrondissement Hoei","Arrondissement de Huy","Provincie Luik","Province de Liège","Waals Gewest","Région wallonne","<5"
"2020-04-09","62003","Ans","Ans","Arrondissement Luik","Arrondissement de Liège","Provincie Luik","Province de Liège","Waals Gewest","Région wallonne","5"
"2020-04-09","62006","Awans","Awans","Arrondissement Luik","Arrondissement de Liège","Provincie Luik","Province de Liège","Waals Gewest","Région wallonne","<5"
"2020-04-09","62009","Aywaille","Aywaille","Arrondissement Luik","Arrondissement de Liège","Provincie Luik","Province de Liège","Waals Gewest","Région wallonne","<5"
"2020-04-09","62011","Bitsingen","Bassenge","Arrondissement Luik","Arrondissement de Liège","Provincie Luik","Province de Liège","Waals Gewest","Région wallonne","5"
"2020-04-09","62015","Beyne-Heusay","Beyne-Heusay","Arrondissement Luik","Arrondissement de Liège","Provincie Luik","Province de Liège","Waals Gewest","Région wallonne","<5"
"2020-04-09","62022","Chaudfontaine","Chaudfontaine","Arrondissement Luik","Arrondissement de Liège","Provincie Luik","Province de Liège","Waals Gewest","Région wallonne","<5"
"2020-04-09","62026","Comblain-au-Pont","Comblain-au-Pont","Arrondissement Luik","Arrondissement de Liège","Provincie Luik","Province de Liège","Waals Gewest","Région wallonne","<5"
"2020-04-09","62027","Dalhem","Dalhem","Arrondissement Luik","Arrondissement de Liège","Provincie Luik","Province de Liège","Waals Gewest","Région wallonne","<5"
"2020-04-09","62032","Esneux","Esneux","Arrondissement Luik","Arrondissement de Liège","Provincie Luik","Province de Liège","Waals Gewest","Région wallonne","<5"
"2020-04-09","62038","Fléron","Fléron","Arrondissement Luik","Arrondissement de Liège","Provincie Luik","Province de Liège","Waals Gewest","Région wallonne","6"
"2020-04-09","62051","Herstal","Herstal","Arrondissement Luik","Arrondissement de Liège","Provincie Luik","Province de Liège","Waals Gewest","Région wallonne","13"
"2020-04-09","62060","Juprelle","Juprelle","Arrondissement Luik","Arrondissement de Liège","Provincie Luik","Province de Liège","Waals Gewest","Région wallonne","<5"
"2020-04-09","62063","Luik","Liège","Arrondissement Luik","Arrondissement de Liège","Provincie Luik","Province de Liège","Waals Gewest","Région wallonne","39"
"2020-04-09","62079","Oupeye","Oupeye","Arrondissement Luik","Arrondissement de Liège","Provincie Luik","Province de Liège","Waals Gewest","Région wallonne","6"
"2020-04-09","62093","Saint-Nicolas (Luik)","Saint-Nicolas (Liège)","Arrondissement Luik","Arrondissement de Liège","Provincie Luik","Province de Liège","Waals Gewest","Région wallonne","7"
"2020-04-09","62096","Seraing","Seraing","Arrondissement Luik","Arrondissement de Liège","Provincie Luik","Province de Liège","Waals Gewest","Région wallonne","12"
"2020-04-09","62099","Soumagne","Soumagne","Arrondissement Luik","Arrondissement de Liège","Provincie Luik","Province de Liège","Waals Gewest","Région wallonne","<5"
"2020-04-09","62100","Sprimont","Sprimont","Arrondissement Luik","Arrondissement de Liège","Provincie Luik","Province de Liège","Waals Gewest","Région wallonne","5"
"2020-04-09","62108","Wezet","Visé","Arrondissement Luik","Arrondissement de Liège","Provincie Luik","Province de Liège","Waals Gewest","Région wallonne","<5"
"2020-04-09","62118","Grâce-Hollogne","Grâce-Hollogne","Arrondissement Luik","Arrondissement de Liège","Provincie Luik","Province de Liège","Waals Gewest","Région wallonne","<5"
"2020-04-09","62119","Blegny","Blegny","Arrondissement Luik","Arrondissement de Liège","Provincie Luik","Province de Liège","Waals Gewest","Région wallonne","<5"
"2020-04-09","62120","Flémalle","Flémalle","Arrondissement Luik","Arrondissement de Liège","Provincie Luik","Province de Liège","Waals Gewest","Région wallonne","5"
"2020-04-09","62121","Neupré","Neupré","Arrondissement Luik","Arrondissement de Liège","Provincie Luik","Province de Liège","Waals Gewest","Région wallonne","7"
"2020-04-09","62122","Trooz","Trooz","Arrondissement Luik","Arrondissement de Liège","Provincie Luik","Province de Liège","Waals Gewest","Région wallonne","<5"
"2020-04-09","63004","Baelen","Baelen","Arrondissement Verviers","Arrondissement de Verviers","Provincie Luik","Province de Liège","Waals Gewest","Région wallonne","<5"
"2020-04-09","63013","Bütgenbach","Butgenbach","Arrondissement Verviers","Arrondissement de Verviers","Provincie Luik","Province de Liège","Waals Gewest","Région wallonne","<5"
"2020-04-09","63020","Dison","Dison","Arrondissement Verviers","Arrondissement de Verviers","Provincie Luik","Province de Liège","Waals Gewest","Région wallonne","<5"
"2020-04-09","63023","Eupen","Eupen","Arrondissement Verviers","Arrondissement de Verviers","Provincie Luik","Province de Liège","Waals Gewest","Région wallonne","13"
"2020-04-09","63035","Herve","Herve","Arrondissement Verviers","Arrondissement de Verviers","Provincie Luik","Province de Liège","Waals Gewest","Région wallonne","<5"
"2020-04-09","63038","Jalhay","Jalhay","Arrondissement Verviers","Arrondissement de Verviers","Provincie Luik","Province de Liège","Waals Gewest","Région wallonne","<5"
"2020-04-09","63040","Kelmis","La Calamine","Arrondissement Verviers","Arrondissement de Verviers","Provincie Luik","Province de Liège","Waals Gewest","Région wallonne","<5"
"2020-04-09","63046","Limburg","Limbourg","Arrondissement Verviers","Arrondissement de Verviers","Provincie Luik","Province de Liège","Waals Gewest","Région wallonne","<5"
"2020-04-09","63049","Malmedy","Malmedy","Arrondissement Verviers","Arrondissement de Verviers","Provincie Luik","Province de Liège","Waals Gewest","Région wallonne","5"
"2020-04-09","63057","Olne","Olne","Arrondissement Verviers","Arrondissement de Verviers","Provincie Luik","Province de Liège","Waals Gewest","Région wallonne","<5"
"2020-04-09","63058","Pepinster","Pepinster","Arrondissement Verviers","Arrondissement de Verviers","Provincie Luik","Province de Liège","Waals Gewest","Région wallonne","5"
"2020-04-09","63061","Raeren","Raeren","Arrondissement Verviers","Arrondissement de Verviers","Provincie Luik","Province de Liège","Waals Gewest","Région wallonne","<5"
"2020-04-09","63072","Spa","Spa","Arrondissement Verviers","Arrondissement de Verviers","Provincie Luik","Province de Liège","Waals Gewest","Région wallonne","<5"
"2020-04-09","63076","Theux","Theux","Arrondissement Verviers","Arrondissement de Verviers","Provincie Luik","Province de Liège","Waals Gewest","Région wallonne","6"
"2020-04-09","63079","Verviers","Verviers","Arrondissement Verviers","Arrondissement de Verviers","Provincie Luik","Province de Liège","Waals Gewest","Région wallonne","10"
"2020-04-09","63084","Welkenraedt","Welkenraedt","Arrondissement Verviers","Arrondissement de Verviers","Provincie Luik","Province de Liège","Waals Gewest","Région wallonne","<5"
"2020-04-09","63088","Plombières","Plombières","Arrondissement Verviers","Arrondissement de Verviers","Provincie Luik","Province de Liège","Waals Gewest","Région wallonne","8"
"2020-04-09","63089","Thimister-Clermont","Thimister-Clermont","Arrondissement Verviers","Arrondissement de Verviers","Provincie Luik","Province de Liège","Waals Gewest","Région wallonne","<5"
"2020-04-09","64015","Braives","Braives","Arrondissement Borgworm","Arrondissement de Waremme","Provincie Luik","Province de Liège","Waals Gewest","Région wallonne","<5"
"2020-04-09","64047","Lijsem","Lincent","Arrondissement Borgworm","Arrondissement de Waremme","Provincie Luik","Province de Liège","Waals Gewest","Région wallonne","<5"
"2020-04-09","64063","Remicourt","Remicourt","Arrondissement Borgworm","Arrondissement de Waremme","Provincie Luik","Province de Liège","Waals Gewest","Région wallonne","<5"
"2020-04-09","71002","As","As","Arrondissement Hasselt","Arrondissement de Hasselt","Provincie Limburg","Province du Limbourg","Vlaams Gewest","Région flamande","<5"
"2020-04-09","71004","Beringen","Beringen","Arrondissement Hasselt","Arrondissement de Hasselt","Provincie Limburg","Province du Limbourg","Vlaams Gewest","Région flamande","<5"
"2020-04-09","71011","Diepenbeek","Diepenbeek","Arrondissement Hasselt","Arrondissement de Hasselt","Provincie Limburg","Province du Limbourg","Vlaams Gewest","Région flamande","8"
"2020-04-09","71016","Genk","Genk","Arrondissement Hasselt","Arrondissement de Hasselt","Provincie Limburg","Province du Limbourg","Vlaams Gewest","Région flamande","11"
"2020-04-09","71017","Gingelom","Gingelom","Arrondissement Hasselt","Arrondissement de Hasselt","Provincie Limburg","Province du Limbourg","Vlaams Gewest","Région flamande","7"
"2020-04-09","71020","Halen","Halen","Arrondissement Hasselt","Arrondissement de Hasselt","Provincie Limburg","Province du Limbourg","Vlaams Gewest","Région flamande","<5"
"2020-04-09","71022","Hasselt","Hasselt","Arrondissement Hasselt","Arrondissement de Hasselt","Provincie Limburg","Province du Limbourg","Vlaams Gewest","Région flamande","21"
"2020-04-09","71024","Herk-de-Stad","Herck-la-Ville","Arrondissement Hasselt","Arrondissement de Hasselt","Provincie Limburg","Province du Limbourg","Vlaams Gewest","Région flamande","<5"
"2020-04-09","71034","Leopoldsburg","Bourg-Léopold","Arrondissement Hasselt","Arrondissement de Hasselt","Provincie Limburg","Province du Limbourg","Vlaams Gewest","Région flamande","<5"
"2020-04-09","71037","Lummen","Lummen","Arrondissement Hasselt","Arrondissement de Hasselt","Provincie Limburg","Province du Limbourg","Vlaams Gewest","Région flamande","<5"
"2020-04-09","71045","Nieuwerkerken (Hasselt)","Nieuwerkerken (Hasselt)","Arrondissement Hasselt","Arrondissement de Hasselt","Provincie Limburg","Province du Limbourg","Vlaams Gewest","Région flamande","8"
"2020-04-09","71053","Sint-Truiden","Saint-Trond","Arrondissement Hasselt","Arrondissement de Hasselt","Provincie Limburg","Province du Limbourg","Vlaams Gewest","Région flamande","71"
"2020-04-09","71066","Zonhoven","Zonhoven","Arrondissement Hasselt","Arrondissement de Hasselt","Provincie Limburg","Province du Limbourg","Vlaams Gewest","Région flamande","<5"
"2020-04-09","71067","Zutendaal","Zutendaal","Arrondissement Hasselt","Arrondissement de Hasselt","Provincie Limburg","Province du Limbourg","Vlaams Gewest","Région flamande","<5"
"2020-04-09","71069","Ham","Ham","Arrondissement Hasselt","Arrondissement de Hasselt","Provincie Limburg","Province du Limbourg","Vlaams Gewest","Région flamande","<5"
"2020-04-09","71070","Heusden-Zolder","Heusden-Zolder","Arrondissement Hasselt","Arrondissement de Hasselt","Provincie Limburg","Province du Limbourg","Vlaams Gewest","Région flamande","5"
"2020-04-09","72003","Bocholt","Bocholt","Arrondissement Maaseik","Arrondissement de Maaseik","Provincie Limburg","Province du Limbourg","Vlaams Gewest","Région flamande","<5"
"2020-04-09","72004","Bree","Bree","Arrondissement Maaseik","Arrondissement de Maaseik","Provincie Limburg","Province du Limbourg","Vlaams Gewest","Région flamande","<5"
"2020-04-09","72018","Kinrooi","Kinrooi","Arrondissement Maaseik","Arrondissement de Maaseik","Provincie Limburg","Province du Limbourg","Vlaams Gewest","Région flamande","<5"
"2020-04-09","72021","Maaseik","Maaseik","Arrondissement Maaseik","Arrondissement de Maaseik","Provincie Limburg","Province du Limbourg","Vlaams Gewest","Région flamande","5"
"2020-04-09","72030","Peer","Peer","Arrondissement Maaseik","Arrondissement de Maaseik","Provincie Limburg","Province du Limbourg","Vlaams Gewest","Région flamande","<5"
"2020-04-09","72037","Hamont-Achel","Hamont-Achel","Arrondissement Maaseik","Arrondissement de Maaseik","Provincie Limburg","Province du Limbourg","Vlaams Gewest","Région flamande","<5"
"2020-04-09","72038","Hechtel-Eksel","Hechtel-Eksel","Arrondissement Maaseik","Arrondissement de Maaseik","Provincie Limburg","Province du Limbourg","Vlaams Gewest","Région flamande","<5"
"2020-04-09","72039","Houthalen-Helchteren","Houthalen-Helchteren","Arrondissement Maaseik","Arrondissement de Maaseik","Provincie Limburg","Province du Limbourg","Vlaams Gewest","Région flamande","7"
"2020-04-09","72041","Dilsen-Stokkem","Dilsen-Stokkem","Arrondissement Maaseik","Arrondissement de Maaseik","Provincie Limburg","Province du Limbourg","Vlaams Gewest","Région flamande","<5"
"2020-04-09","72042","Oudsbergen","Oudsbergen","Arrondissement Maaseik","Arrondissement de Maaseik","Provincie Limburg","Province du Limbourg","Vlaams Gewest","Région flamande","<5"
"2020-04-09","72043","Pelt","Pelt","Arrondissement Maaseik","Arrondissement de Maaseik","Provincie Limburg","Province du Limbourg","Vlaams Gewest","Région flamande","<5"
"2020-04-09","73001","Alken","Alken","Arrondissement Tongeren","Arrondissement de Tongres","Provincie Limburg","Province du Limbourg","Vlaams Gewest","Région flamande","31"
"2020-04-09","73006","Bilzen","Bilzen","Arrondissement Tongeren","Arrondissement de Tongres","Provincie Limburg","Province du Limbourg","Vlaams Gewest","Région flamande","6"
"2020-04-09","73009","Borgloon","Looz","Arrondissement Tongeren","Arrondissement de Tongres","Provincie Limburg","Province du Limbourg","Vlaams Gewest","Région flamande","5"
"2020-04-09","73022","Heers","Heers","Arrondissement Tongeren","Arrondissement de Tongres","Provincie Limburg","Province du Limbourg","Vlaams Gewest","Région flamande","<5"
"2020-04-09","73032","Hoeselt","Hoeselt","Arrondissement Tongeren","Arrondissement de Tongres","Provincie Limburg","Province du Limbourg","Vlaams Gewest","Région flamande","<5"
"2020-04-09","73040","Kortessem","Kortessem","Arrondissement Tongeren","Arrondissement de Tongres","Provincie Limburg","Province du Limbourg","Vlaams Gewest","Région flamande","<5"
"2020-04-09","73042","Lanaken","Lanaken","Arrondissement Tongeren","Arrondissement de Tongres","Provincie Limburg","Province du Limbourg","Vlaams Gewest","Région flamande","10"
"2020-04-09","73066","Riemst","Riemst","Arrondissement Tongeren","Arrondissement de Tongres","Provincie Limburg","Province du Limbourg","Vlaams Gewest","Région flamande","<5"
"2020-04-09","73083","Tongeren","Tongres","Arrondissement Tongeren","Arrondissement de Tongres","Provincie Limburg","Province du Limbourg","Vlaams Gewest","Région flamande","9"
"2020-04-09","73098","Wellen","Wellen","Arrondissement Tongeren","Arrondissement de Tongres","Provincie Limburg","Province du Limbourg","Vlaams Gewest","Région flamande","<5"
"2020-04-09","73107","Maasmechelen","Maasmechelen","Arrondissement Tongeren","Arrondissement de Tongres","Provincie Limburg","Province du Limbourg","Vlaams Gewest","Région flamande","<5"
"2020-04-09","81001","Aarlen","Arlon","Arrondissement Aarlen","Arrondissement d’Arlon","Provincie Luxemburg","Province du Luxembourg","Waals Gewest","Région wallonne","<5"
"2020-04-09","81003","Attert","Attert","Arrondissement Aarlen","Arrondissement d’Arlon","Provincie Luxemburg","Province du Luxembourg","Waals Gewest","Région wallonne","<5"
"2020-04-09","81004","Aubange","Aubange","Arrondissement Aarlen","Arrondissement d’Arlon","Provincie Luxemburg","Province du Luxembourg","Waals Gewest","Région wallonne","<5"
"2020-04-09","81015","Messancy","Messancy","Arrondissement Aarlen","Arrondissement d’Arlon","Provincie Luxemburg","Province du Luxembourg","Waals Gewest","Région wallonne","<5"
"2020-04-09","82014","Houffalize","Houffalize","Arrondissement Bastenaken","Arrondissement de Bastogne","Provincie Luxemburg","Province du Luxembourg","Waals Gewest","Région wallonne","<5"
"2020-04-09","82032","Vielsalm","Vielsalm","Arrondissement Bastenaken","Arrondissement de Bastogne","Provincie Luxemburg","Province du Luxembourg","Waals Gewest","Région wallonne","<5"
"2020-04-09","82036","Vaux-sur-Sûre","Vaux-sur-Sûre","Arrondissement Bastenaken","Arrondissement de Bastogne","Provincie Luxemburg","Province du Luxembourg","Waals Gewest","Région wallonne","<5"
"2020-04-09","82037","Gouvy","Gouvy","Arrondissement Bastenaken","Arrondissement de Bastogne","Provincie Luxemburg","Province du Luxembourg","Waals Gewest","Région wallonne","<5"
"2020-04-09","83012","Durbuy","Durbuy","Arrondissement Marche-en-Famenne","Arrondissement de Marche-en-Famenne","Provincie Luxemburg","Province du Luxembourg","Waals Gewest","Région wallonne","<5"
"2020-04-09","83028","Hotton","Hotton","Arrondissement Marche-en-Famenne","Arrondissement de Marche-en-Famenne","Provincie Luxemburg","Province du Luxembourg","Waals Gewest","Région wallonne","<5"
"2020-04-09","84009","Bertrix","Bertrix","Arrondissement Neufchâteau","Arrondissement de Neufchâteau","Provincie Luxemburg","Province du Luxembourg","Waals Gewest","Région wallonne","<5"
"2020-04-09","84010","Bouillon","Bouillon","Arrondissement Neufchâteau","Arrondissement de Neufchâteau","Provincie Luxemburg","Province du Luxembourg","Waals Gewest","Région wallonne","7"
"2020-04-09","84035","Libin","Libin","Arrondissement Neufchâteau","Arrondissement de Neufchâteau","Provincie Luxemburg","Province du Luxembourg","Waals Gewest","Région wallonne","<5"
"2020-04-09","84043","Neufchâteau (Neufchâteau)","Neufchâteau (Neufchâteau)","Arrondissement Neufchâteau","Arrondissement de Neufchâteau","Provincie Luxemburg","Province du Luxembourg","Waals Gewest","Région wallonne","<5"
"2020-04-09","84050","Paliseul","Paliseul","Arrondissement Neufchâteau","Arrondissement de Neufchâteau","Provincie Luxemburg","Province du Luxembourg","Waals Gewest","Région wallonne","<5"
"2020-04-09","84059","Saint-Hubert","Saint-Hubert","Arrondissement Neufchâteau","Arrondissement de Neufchâteau","Provincie Luxemburg","Province du Luxembourg","Waals Gewest","Région wallonne","<5"
"2020-04-09","84077","Libramont-Chevigny","Libramont-Chevigny","Arrondissement Neufchâteau","Arrondissement de Neufchâteau","Provincie Luxemburg","Province du Luxembourg","Waals Gewest","Région wallonne","<5"
"2020-04-09","85011","Florenville","Florenville","Arrondissement Virton","Arrondissement de Virton","Provincie Luxemburg","Province du Luxembourg","Waals Gewest","Région wallonne","<5"
"2020-04-09","85045","Virton","Virton","Arrondissement Virton","Arrondissement de Virton","Provincie Luxemburg","Province du Luxembourg","Waals Gewest","Région wallonne","<5"
"2020-04-09","85046","Habay","Habay","Arrondissement Virton","Arrondissement de Virton","Provincie Luxemburg","Province du Luxembourg","Waals Gewest","Région wallonne","<5"
"2020-04-09","91030","Ciney","Ciney","Arrondissement Dinant","Arrondissement de Dinant","Provincie Namen","Province de Namur","Waals Gewest","Région wallonne","<5"
"2020-04-09","91034","Dinant","Dinant","Arrondissement Dinant","Arrondissement de Dinant","Provincie Namen","Province de Namur","Waals Gewest","Région wallonne","<5"
"2020-04-09","91059","Hamois","Hamois","Arrondissement Dinant","Arrondissement de Dinant","Provincie Namen","Province de Namur","Waals Gewest","Région wallonne","<5"
"2020-04-09","91064","Havelange","Havelange","Arrondissement Dinant","Arrondissement de Dinant","Provincie Namen","Province de Namur","Waals Gewest","Région wallonne","<5"
"2020-04-09","91072","Houyet","Houyet","Arrondissement Dinant","Arrondissement de Dinant","Provincie Namen","Province de Namur","Waals Gewest","Région wallonne","<5"
"2020-04-09","91114","Rochefort","Rochefort","Arrondissement Dinant","Arrondissement de Dinant","Provincie Namen","Province de Namur","Waals Gewest","Région wallonne","<5"
"2020-04-09","91141","Yvoir","Yvoir","Arrondissement Dinant","Arrondissement de Dinant","Provincie Namen","Province de Namur","Waals Gewest","Région wallonne","<5"
"2020-04-09","92006","Assesse","Assesse","Arrondissement Namen","Arrondissement de Namur","Provincie Namen","Province de Namur","Waals Gewest","Région wallonne","<5"
"2020-04-09","92035","Eghezée","Eghezée","Arrondissement Namen","Arrondissement de Namur","Provincie Namen","Province de Namur","Waals Gewest","Région wallonne","<5"
"2020-04-09","92045","Floreffe","Floreffe","Arrondissement Namen","Arrondissement de Namur","Provincie Namen","Province de Namur","Waals Gewest","Région wallonne","<5"
"2020-04-09","92048","Fosses-la-Ville","Fosses-la-Ville","Arrondissement Namen","Arrondissement de Namur","Provincie Namen","Province de Namur","Waals Gewest","Région wallonne","<5"
"2020-04-09","92054","Gesves","Gesves","Arrondissement Namen","Arrondissement de Namur","Provincie Namen","Province de Namur","Waals Gewest","Région wallonne","<5"
"2020-04-09","92087","Mettet","Mettet","Arrondissement Namen","Arrondissement de Namur","Provincie Namen","Province de Namur","Waals Gewest","Région wallonne","<5"
"2020-04-09","92094","Namen","Namur","Arrondissement Namen","Arrondissement de Namur","Provincie Namen","Province de Namur","Waals Gewest","Région wallonne","11"
"2020-04-09","92097","Ohey","Ohey","Arrondissement Namen","Arrondissement de Namur","Provincie Namen","Province de Namur","Waals Gewest","Région wallonne","<5"
"2020-04-09","92101","Profondeville","Profondeville","Arrondissement Namen","Arrondissement de Namur","Provincie Namen","Province de Namur","Waals Gewest","Région wallonne","<5"
"2020-04-09","92137","Sambreville","Sambreville","Arrondissement Namen","Arrondissement de Namur","Provincie Namen","Province de Namur","Waals Gewest","Région wallonne","7"
"2020-04-09","92140","Jemeppe-sur-Sambre","Jemeppe-sur-Sambre","Arrondissement Namen","Arrondissement de Namur","Provincie Namen","Province de Namur","Waals Gewest","Région wallonne","<5"
"2020-04-09","92141","La Bruyère","La Bruyère","Arrondissement Namen","Arrondissement de Namur","Provincie Namen","Province de Namur","Waals Gewest","Région wallonne","<5"
"2020-04-09","92142","Gembloux","Gembloux","Arrondissement Namen","Arrondissement de Namur","Provincie Namen","Province de Namur","Waals Gewest","Région wallonne","<5"
"2020-04-09","93010","Cerfontaine","Cerfontaine","Arrondissement Philippeville","Arrondissement de Philippeville","Provincie Namen","Province de Namur","Waals Gewest","Région wallonne","<5"
"2020-04-09","93014","Couvin","Couvin","Arrondissement Philippeville","Arrondissement de Philippeville","Provincie Namen","Province de Namur","Waals Gewest","Région wallonne","<5"
"2020-04-09","93018","Doische","Doische","Arrondissement Philippeville","Arrondissement de Philippeville","Provincie Namen","Province de Namur","Waals Gewest","Région wallonne","<5"
"2020-04-09","93088","Walcourt","Walcourt","Arrondissement Philippeville","Arrondissement de Philippeville","Provincie Namen","Province de Namur","Waals Gewest","Région wallonne","<5"
"2020-04-09",NA,NA,NA,NA,NA,NA,NA,NA,NA,"43"
"2020-04-10","11001","Aartselaar","Aartselaar","Arrondissement Antwerpen","Arrondissement d’Anvers","Provincie Antwerpen","Province d’Anvers","Vlaams Gewest","Région flamande","11"
"2020-04-10","11002","Antwerpen","Anvers","Arrondissement Antwerpen","Arrondissement d’Anvers","Provincie Antwerpen","Province d’Anvers","Vlaams Gewest","Région flamande","58"
"2020-04-10","11005","Boom","Boom","Arrondissement Antwerpen","Arrondissement d’Anvers","Provincie Antwerpen","Province d’Anvers","Vlaams Gewest","Région flamande","<5"
"2020-04-10","11008","Brasschaat","Brasschaat","Arrondissement Antwerpen","Arrondissement d’Anvers","Provincie Antwerpen","Province d’Anvers","Vlaams Gewest","Région flamande","<5"
"2020-04-10","11009","Brecht","Brecht","Arrondissement Antwerpen","Arrondissement d’Anvers","Provincie Antwerpen","Province d’Anvers","Vlaams Gewest","Région flamande","<5"
"2020-04-10","11013","Edegem","Edegem","Arrondissement Antwerpen","Arrondissement d’Anvers","Provincie Antwerpen","Province d’Anvers","Vlaams Gewest","Région flamande","<5"
"2020-04-10","11018","Hemiksem","Hemiksem","Arrondissement Antwerpen","Arrondissement d’Anvers","Provincie Antwerpen","Province d’Anvers","Vlaams Gewest","Région flamande","<5"
"2020-04-10","11021","Hove (Antwerpen)","Hove (Anvers)","Arrondissement Antwerpen","Arrondissement d’Anvers","Provincie Antwerpen","Province d’Anvers","Vlaams Gewest","Région flamande","<5"
"2020-04-10","11022","Kalmthout","Kalmthout","Arrondissement Antwerpen","Arrondissement d’Anvers","Provincie Antwerpen","Province d’Anvers","Vlaams Gewest","Région flamande","<5"
"2020-04-10","11023","Kapellen (Antwerpen)","Kapellen (Anvers)","Arrondissement Antwerpen","Arrondissement d’Anvers","Provincie Antwerpen","Province d’Anvers","Vlaams Gewest","Région flamande","<5"
"2020-04-10","11024","Kontich","Kontich","Arrondissement Antwerpen","Arrondissement d’Anvers","Provincie Antwerpen","Province d’Anvers","Vlaams Gewest","Région flamande","<5"
"2020-04-10","11029","Mortsel","Mortsel","Arrondissement Antwerpen","Arrondissement d’Anvers","Provincie Antwerpen","Province d’Anvers","Vlaams Gewest","Région flamande","<5"
"2020-04-10","11035","Ranst","Ranst","Arrondissement Antwerpen","Arrondissement d’Anvers","Provincie Antwerpen","Province d’Anvers","Vlaams Gewest","Région flamande","<5"
"2020-04-10","11037","Rumst","Rumst","Arrondissement Antwerpen","Arrondissement d’Anvers","Provincie Antwerpen","Province d’Anvers","Vlaams Gewest","Région flamande","12"
"2020-04-10","11038","Schelle","Schelle","Arrondissement Antwerpen","Arrondissement d’Anvers","Provincie Antwerpen","Province d’Anvers","Vlaams Gewest","Région flamande","<5"
"2020-04-10","11039","Schilde","Schilde","Arrondissement Antwerpen","Arrondissement d’Anvers","Provincie Antwerpen","Province d’Anvers","Vlaams Gewest","Région flamande","<5"
"2020-04-10","11044","Stabroek","Stabroek","Arrondissement Antwerpen","Arrondissement d’Anvers","Provincie Antwerpen","Province d’Anvers","Vlaams Gewest","Région flamande","<5"
"2020-04-10","11050","Wijnegem","Wijnegem","Arrondissement Antwerpen","Arrondissement d’Anvers","Provincie Antwerpen","Province d’Anvers","Vlaams Gewest","Région flamande","<5"
"2020-04-10","11053","Wuustwezel","Wuustwezel","Arrondissement Antwerpen","Arrondissement d’Anvers","Provincie Antwerpen","Province d’Anvers","Vlaams Gewest","Région flamande","<5"
"2020-04-10","11054","Zandhoven","Zandhoven","Arrondissement Antwerpen","Arrondissement d’Anvers","Provincie Antwerpen","Province d’Anvers","Vlaams Gewest","Région flamande","<5"
"2020-04-10","11055","Zoersel","Zoersel","Arrondissement Antwerpen","Arrondissement d’Anvers","Provincie Antwerpen","Province d’Anvers","Vlaams Gewest","Région flamande","<5"
"2020-04-10","11056","Zwijndrecht","Zwijndrecht","Arrondissement Antwerpen","Arrondissement d’Anvers","Provincie Antwerpen","Province d’Anvers","Vlaams Gewest","Région flamande","<5"
"2020-04-10","11057","Malle","Malle","Arrondissement Antwerpen","Arrondissement d’Anvers","Provincie Antwerpen","Province d’Anvers","Vlaams Gewest","Région flamande","<5"
"2020-04-10","12005","Bonheiden","Bonheiden","Arrondissement Mechelen","Arrondissement de Malines","Provincie Antwerpen","Province d’Anvers","Vlaams Gewest","Région flamande","<5"
"2020-04-10","12007","Bornem","Bornem","Arrondissement Mechelen","Arrondissement de Malines","Provincie Antwerpen","Province d’Anvers","Vlaams Gewest","Région flamande","<5"
"2020-04-10","12009","Duffel","Duffel","Arrondissement Mechelen","Arrondissement de Malines","Provincie Antwerpen","Province d’Anvers","Vlaams Gewest","Région flamande","<5"
"2020-04-10","12014","Heist-op-den-Berg","Heist-op-den-Berg","Arrondissement Mechelen","Arrondissement de Malines","Provincie Antwerpen","Province d’Anvers","Vlaams Gewest","Région flamande","<5"
"2020-04-10","12021","Lier","Lierre","Arrondissement Mechelen","Arrondissement de Malines","Provincie Antwerpen","Province d’Anvers","Vlaams Gewest","Région flamande","10"
"2020-04-10","12025","Mechelen","Malines","Arrondissement Mechelen","Arrondissement de Malines","Provincie Antwerpen","Province d’Anvers","Vlaams Gewest","Région flamande","50"
"2020-04-10","12026","Nijlen","Nijlen","Arrondissement Mechelen","Arrondissement de Malines","Provincie Antwerpen","Province d’Anvers","Vlaams Gewest","Région flamande","<5"
"2020-04-10","12035","Sint-Katelijne-Waver","Sint-Katelijne-Waver","Arrondissement Mechelen","Arrondissement de Malines","Provincie Antwerpen","Province d’Anvers","Vlaams Gewest","Région flamande","<5"
"2020-04-10","12040","Willebroek","Willebroek","Arrondissement Mechelen","Arrondissement de Malines","Provincie Antwerpen","Province d’Anvers","Vlaams Gewest","Région flamande","<5"
"2020-04-10","13001","Arendonk","Arendonk","Arrondissement Turnhout","Arrondissement de Turnhout","Provincie Antwerpen","Province d’Anvers","Vlaams Gewest","Région flamande","<5"
"2020-04-10","13008","Geel","Geel","Arrondissement Turnhout","Arrondissement de Turnhout","Provincie Antwerpen","Province d’Anvers","Vlaams Gewest","Région flamande","16"
"2020-04-10","13011","Herentals","Herentals","Arrondissement Turnhout","Arrondissement de Turnhout","Provincie Antwerpen","Province d’Anvers","Vlaams Gewest","Région flamande","<5"
"2020-04-10","13013","Herselt","Herselt","Arrondissement Turnhout","Arrondissement de Turnhout","Provincie Antwerpen","Province d’Anvers","Vlaams Gewest","Région flamande","<5"
"2020-04-10","13014","Hoogstraten","Hoogstraten","Arrondissement Turnhout","Arrondissement de Turnhout","Provincie Antwerpen","Province d’Anvers","Vlaams Gewest","Région flamande","<5"
"2020-04-10","13017","Kasterlee","Kasterlee","Arrondissement Turnhout","Arrondissement de Turnhout","Provincie Antwerpen","Province d’Anvers","Vlaams Gewest","Région flamande","<5"
"2020-04-10","13019","Lille","Lille","Arrondissement Turnhout","Arrondissement de Turnhout","Provincie Antwerpen","Province d’Anvers","Vlaams Gewest","Région flamande","<5"
"2020-04-10","13021","Meerhout","Meerhout","Arrondissement Turnhout","Arrondissement de Turnhout","Provincie Antwerpen","Province d’Anvers","Vlaams Gewest","Région flamande","<5"
"2020-04-10","13025","Mol","Mol","Arrondissement Turnhout","Arrondissement de Turnhout","Provincie Antwerpen","Province d’Anvers","Vlaams Gewest","Région flamande","<5"
"2020-04-10","13029","Olen","Olen","Arrondissement Turnhout","Arrondissement de Turnhout","Provincie Antwerpen","Province d’Anvers","Vlaams Gewest","Région flamande","7"
"2020-04-10","13031","Oud-Turnhout","Oud-Turnhout","Arrondissement Turnhout","Arrondissement de Turnhout","Provincie Antwerpen","Province d’Anvers","Vlaams Gewest","Région flamande","<5"
"2020-04-10","13035","Ravels","Ravels","Arrondissement Turnhout","Arrondissement de Turnhout","Provincie Antwerpen","Province d’Anvers","Vlaams Gewest","Région flamande","18"
"2020-04-10","13036","Retie","Retie","Arrondissement Turnhout","Arrondissement de Turnhout","Provincie Antwerpen","Province d’Anvers","Vlaams Gewest","Région flamande","<5"
"2020-04-10","13037","Rijkevorsel","Rijkevorsel","Arrondissement Turnhout","Arrondissement de Turnhout","Provincie Antwerpen","Province d’Anvers","Vlaams Gewest","Région flamande","<5"
"2020-04-10","13040","Turnhout","Turnhout","Arrondissement Turnhout","Arrondissement de Turnhout","Provincie Antwerpen","Province d’Anvers","Vlaams Gewest","Région flamande","<5"
"2020-04-10","13044","Vorselaar","Vorselaar","Arrondissement Turnhout","Arrondissement de Turnhout","Provincie Antwerpen","Province d’Anvers","Vlaams Gewest","Région flamande","<5"
"2020-04-10","13046","Vosselaar","Vosselaar","Arrondissement Turnhout","Arrondissement de Turnhout","Provincie Antwerpen","Province d’Anvers","Vlaams Gewest","Région flamande","<5"
"2020-04-10","13049","Westerlo","Westerlo","Arrondissement Turnhout","Arrondissement de Turnhout","Provincie Antwerpen","Province d’Anvers","Vlaams Gewest","Région flamande","<5"
"2020-04-10","13053","Laakdal","Laakdal","Arrondissement Turnhout","Arrondissement de Turnhout","Provincie Antwerpen","Province d’Anvers","Vlaams Gewest","Région flamande","<5"
"2020-04-10","21001","Anderlecht","Anderlecht","Arrondissement Brussel-Hoofdstad","Arrondissement de Bruxelles-Capitale",NA,NA,"Brussels Hoofdstedelijk Gewest","Région de Bruxelles-Capitale","17"
"2020-04-10","21002","Oudergem","Auderghem","Arrondissement Brussel-Hoofdstad","Arrondissement de Bruxelles-Capitale",NA,NA,"Brussels Hoofdstedelijk Gewest","Région de Bruxelles-Capitale","<5"
"2020-04-10","21003","Sint-Agatha-Berchem","Berchem-Sainte-Agathe","Arrondissement Brussel-Hoofdstad","Arrondissement de Bruxelles-Capitale",NA,NA,"Brussels Hoofdstedelijk Gewest","Région de Bruxelles-Capitale","7"
"2020-04-10","21004","Brussel","Bruxelles","Arrondissement Brussel-Hoofdstad","Arrondissement de Bruxelles-Capitale",NA,NA,"Brussels Hoofdstedelijk Gewest","Région de Bruxelles-Capitale","22"
"2020-04-10","21005","Etterbeek","Etterbeek","Arrondissement Brussel-Hoofdstad","Arrondissement de Bruxelles-Capitale",NA,NA,"Brussels Hoofdstedelijk Gewest","Région de Bruxelles-Capitale","<5"
"2020-04-10","21006","Evere","Evere","Arrondissement Brussel-Hoofdstad","Arrondissement de Bruxelles-Capitale",NA,NA,"Brussels Hoofdstedelijk Gewest","Région de Bruxelles-Capitale","<5"
"2020-04-10","21007","Vorst (Brussel-Hoofdstad)","Forest (Bruxelles-Capitale)","Arrondissement Brussel-Hoofdstad","Arrondissement de Bruxelles-Capitale",NA,NA,"Brussels Hoofdstedelijk Gewest","Région de Bruxelles-Capitale","6"
"2020-04-10","21008","Ganshoren","Ganshoren","Arrondissement Brussel-Hoofdstad","Arrondissement de Bruxelles-Capitale",NA,NA,"Brussels Hoofdstedelijk Gewest","Région de Bruxelles-Capitale","8"
"2020-04-10","21009","Elsene","Ixelles","Arrondissement Brussel-Hoofdstad","Arrondissement de Bruxelles-Capitale",NA,NA,"Brussels Hoofdstedelijk Gewest","Région de Bruxelles-Capitale","12"
"2020-04-10","21010","Jette","Jette","Arrondissement Brussel-Hoofdstad","Arrondissement de Bruxelles-Capitale",NA,NA,"Brussels Hoofdstedelijk Gewest","Région de Bruxelles-Capitale","12"
"2020-04-10","21011","Koekelberg","Koekelberg","Arrondissement Brussel-Hoofdstad","Arrondissement de Bruxelles-Capitale",NA,NA,"Brussels Hoofdstedelijk Gewest","Région de Bruxelles-Capitale","<5"
"2020-04-10","21012","Sint-Jans-Molenbeek","Molenbeek-Saint-Jean","Arrondissement Brussel-Hoofdstad","Arrondissement de Bruxelles-Capitale",NA,NA,"Brussels Hoofdstedelijk Gewest","Région de Bruxelles-Capitale","9"
"2020-04-10","21013","Sint-Gillis","Saint-Gilles","Arrondissement Brussel-Hoofdstad","Arrondissement de Bruxelles-Capitale",NA,NA,"Brussels Hoofdstedelijk Gewest","Région de Bruxelles-Capitale","10"
"2020-04-10","21014","Sint-Joost-ten-Node","Saint-Josse-ten-Noode","Arrondissement Brussel-Hoofdstad","Arrondissement de Bruxelles-Capitale",NA,NA,"Brussels Hoofdstedelijk Gewest","Région de Bruxelles-Capitale","<5"
"2020-04-10","21015","Schaarbeek","Schaerbeek","Arrondissement Brussel-Hoofdstad","Arrondissement de Bruxelles-Capitale",NA,NA,"Brussels Hoofdstedelijk Gewest","Région de Bruxelles-Capitale","11"
"2020-04-10","21016","Ukkel","Uccle","Arrondissement Brussel-Hoofdstad","Arrondissement de Bruxelles-Capitale",NA,NA,"Brussels Hoofdstedelijk Gewest","Région de Bruxelles-Capitale","9"
"2020-04-10","21017","Watermaal-Bosvoorde","Watermael-Boitsfort","Arrondissement Brussel-Hoofdstad","Arrondissement de Bruxelles-Capitale",NA,NA,"Brussels Hoofdstedelijk Gewest","Région de Bruxelles-Capitale","<5"
"2020-04-10","21018","Sint-Lambrechts-Woluwe","Woluwe-Saint-Lambert","Arrondissement Brussel-Hoofdstad","Arrondissement de Bruxelles-Capitale",NA,NA,"Brussels Hoofdstedelijk Gewest","Région de Bruxelles-Capitale","<5"
"2020-04-10","23002","Asse","Asse","Arrondissement Halle-Vilvoorde","Arrondissement de Hal-Vilvorde","Provincie Vlaams-Brabant","Province du Brabant flamand","Vlaams Gewest","Région flamande","21"
"2020-04-10","23003","Beersel","Beersel","Arrondissement Halle-Vilvoorde","Arrondissement de Hal-Vilvorde","Provincie Vlaams-Brabant","Province du Brabant flamand","Vlaams Gewest","Région flamande","<5"
"2020-04-10","23016","Dilbeek","Dilbeek","Arrondissement Halle-Vilvoorde","Arrondissement de Hal-Vilvorde","Provincie Vlaams-Brabant","Province du Brabant flamand","Vlaams Gewest","Région flamande","<5"
"2020-04-10","23024","Gooik","Gooik","Arrondissement Halle-Vilvoorde","Arrondissement de Hal-Vilvorde","Provincie Vlaams-Brabant","Province du Brabant flamand","Vlaams Gewest","Région flamande","<5"
"2020-04-10","23025","Grimbergen","Grimbergen","Arrondissement Halle-Vilvoorde","Arrondissement de Hal-Vilvorde","Provincie Vlaams-Brabant","Province du Brabant flamand","Vlaams Gewest","Région flamande","6"
"2020-04-10","23027","Halle (Halle-Vilvoorde)","Hal (Hal-Vilvorde)","Arrondissement Halle-Vilvoorde","Arrondissement de Hal-Vilvorde","Provincie Vlaams-Brabant","Province du Brabant flamand","Vlaams Gewest","Région flamande","<5"
"2020-04-10","23033","Hoeilaart","Hoeilaart","Arrondissement Halle-Vilvoorde","Arrondissement de Hal-Vilvorde","Provincie Vlaams-Brabant","Province du Brabant flamand","Vlaams Gewest","Région flamande","<5"
"2020-04-10","23038","Kampenhout","Kampenhout","Arrondissement Halle-Vilvoorde","Arrondissement de Hal-Vilvorde","Provincie Vlaams-Brabant","Province du Brabant flamand","Vlaams Gewest","Région flamande","<5"
"2020-04-10","23039","Kapelle-op-den-Bos","Kapelle-op-den-Bos","Arrondissement Halle-Vilvoorde","Arrondissement de Hal-Vilvorde","Provincie Vlaams-Brabant","Province du Brabant flamand","Vlaams Gewest","Région flamande","<5"
"2020-04-10","23044","Liedekerke","Liedekerke","Arrondissement Halle-Vilvoorde","Arrondissement de Hal-Vilvorde","Provincie Vlaams-Brabant","Province du Brabant flamand","Vlaams Gewest","Région flamande","<5"
"2020-04-10","23045","Londerzeel","Londerzeel","Arrondissement Halle-Vilvoorde","Arrondissement de Hal-Vilvorde","Provincie Vlaams-Brabant","Province du Brabant flamand","Vlaams Gewest","Région flamande","<5"
"2020-04-10","23047","Machelen (Halle-Vilvoorde)","Machelen (Hal-Vilvorde)","Arrondissement Halle-Vilvoorde","Arrondissement de Hal-Vilvorde","Provincie Vlaams-Brabant","Province du Brabant flamand","Vlaams Gewest","Région flamande","6"
"2020-04-10","23050","Meise","Meise","Arrondissement Halle-Vilvoorde","Arrondissement de Hal-Vilvorde","Provincie Vlaams-Brabant","Province du Brabant flamand","Vlaams Gewest","Région flamande","<5"
"2020-04-10","23052","Merchtem","Merchtem","Arrondissement Halle-Vilvoorde","Arrondissement de Hal-Vilvorde","Provincie Vlaams-Brabant","Province du Brabant flamand","Vlaams Gewest","Région flamande","<5"
"2020-04-10","23060","Opwijk","Opwijk","Arrondissement Halle-Vilvoorde","Arrondissement de Hal-Vilvorde","Provincie Vlaams-Brabant","Province du Brabant flamand","Vlaams Gewest","Région flamande","<5"
"2020-04-10","23062","Overijse","Overijse","Arrondissement Halle-Vilvoorde","Arrondissement de Hal-Vilvorde","Provincie Vlaams-Brabant","Province du Brabant flamand","Vlaams Gewest","Région flamande","<5"
"2020-04-10","23081","Steenokkerzeel","Steenokkerzeel","Arrondissement Halle-Vilvoorde","Arrondissement de Hal-Vilvorde","Provincie Vlaams-Brabant","Province du Brabant flamand","Vlaams Gewest","Région flamande","<5"
"2020-04-10","23088","Vilvoorde","Vilvorde","Arrondissement Halle-Vilvoorde","Arrondissement de Hal-Vilvorde","Provincie Vlaams-Brabant","Province du Brabant flamand","Vlaams Gewest","Région flamande","42"
"2020-04-10","23096","Zemst","Zemst","Arrondissement Halle-Vilvoorde","Arrondissement de Hal-Vilvorde","Provincie Vlaams-Brabant","Province du Brabant flamand","Vlaams Gewest","Région flamande","<5"
"2020-04-10","23097","Roosdaal","Roosdaal","Arrondissement Halle-Vilvoorde","Arrondissement de Hal-Vilvorde","Provincie Vlaams-Brabant","Province du Brabant flamand","Vlaams Gewest","Région flamande","<5"
"2020-04-10","23098","Drogenbos","Drogenbos","Arrondissement Halle-Vilvoorde","Arrondissement de Hal-Vilvorde","Provincie Vlaams-Brabant","Province du Brabant flamand","Vlaams Gewest","Région flamande","<5"
"2020-04-10","23101","Sint-Genesius-Rode","Rhode-Saint-Genèse","Arrondissement Halle-Vilvoorde","Arrondissement de Hal-Vilvorde","Provincie Vlaams-Brabant","Province du Brabant flamand","Vlaams Gewest","Région flamande","<5"
"2020-04-10","23102","Wemmel","Wemmel","Arrondissement Halle-Vilvoorde","Arrondissement de Hal-Vilvorde","Provincie Vlaams-Brabant","Province du Brabant flamand","Vlaams Gewest","Région flamande","<5"
"2020-04-10","23103","Wezembeek-Oppem","Wezembeek-Oppem","Arrondissement Halle-Vilvoorde","Arrondissement de Hal-Vilvorde","Provincie Vlaams-Brabant","Province du Brabant flamand","Vlaams Gewest","Région flamande","<5"
"2020-04-10","23105","Affligem","Affligem","Arrondissement Halle-Vilvoorde","Arrondissement de Hal-Vilvorde","Provincie Vlaams-Brabant","Province du Brabant flamand","Vlaams Gewest","Région flamande","<5"
"2020-04-10","24001","Aarschot","Aarschot","Arrondissement Leuven","Arrondissement de Louvain","Provincie Vlaams-Brabant","Province du Brabant flamand","Vlaams Gewest","Région flamande","<5"
"2020-04-10","24007","Begijnendijk","Begijnendijk","Arrondissement Leuven","Arrondissement de Louvain","Provincie Vlaams-Brabant","Province du Brabant flamand","Vlaams Gewest","Région flamande","<5"
"2020-04-10","24008","Bekkevoort","Bekkevoort","Arrondissement Leuven","Arrondissement de Louvain","Provincie Vlaams-Brabant","Province du Brabant flamand","Vlaams Gewest","Région flamande","9"
"2020-04-10","24016","Boutersem","Boutersem","Arrondissement Leuven","Arrondissement de Louvain","Provincie Vlaams-Brabant","Province du Brabant flamand","Vlaams Gewest","Région flamande","<5"
"2020-04-10","24020","Diest","Diest","Arrondissement Leuven","Arrondissement de Louvain","Provincie Vlaams-Brabant","Province du Brabant flamand","Vlaams Gewest","Région flamande","<5"
"2020-04-10","24028","Geetbets","Geetbets","Arrondissement Leuven","Arrondissement de Louvain","Provincie Vlaams-Brabant","Province du Brabant flamand","Vlaams Gewest","Région flamande","<5"
"2020-04-10","24055","Kortenberg","Kortenberg","Arrondissement Leuven","Arrondissement de Louvain","Provincie Vlaams-Brabant","Province du Brabant flamand","Vlaams Gewest","Région flamande","<5"
"2020-04-10","24059","Landen","Landen","Arrondissement Leuven","Arrondissement de Louvain","Provincie Vlaams-Brabant","Province du Brabant flamand","Vlaams Gewest","Région flamande","38"
"2020-04-10","24062","Leuven","Louvain","Arrondissement Leuven","Arrondissement de Louvain","Provincie Vlaams-Brabant","Province du Brabant flamand","Vlaams Gewest","Région flamande","13"
"2020-04-10","24086","Oud-Heverlee","Oud-Heverlee","Arrondissement Leuven","Arrondissement de Louvain","Provincie Vlaams-Brabant","Province du Brabant flamand","Vlaams Gewest","Région flamande","<5"
"2020-04-10","24104","Tervuren","Tervuren","Arrondissement Leuven","Arrondissement de Louvain","Provincie Vlaams-Brabant","Province du Brabant flamand","Vlaams Gewest","Région flamande","<5"
"2020-04-10","24107","Tienen","Tirlemont","Arrondissement Leuven","Arrondissement de Louvain","Provincie Vlaams-Brabant","Province du Brabant flamand","Vlaams Gewest","Région flamande","13"
"2020-04-10","24130","Zoutleeuw","Léau","Arrondissement Leuven","Arrondissement de Louvain","Provincie Vlaams-Brabant","Province du Brabant flamand","Vlaams Gewest","Région flamande","<5"
"2020-04-10","24133","Linter","Linter","Arrondissement Leuven","Arrondissement de Louvain","Provincie Vlaams-Brabant","Province du Brabant flamand","Vlaams Gewest","Région flamande","<5"
"2020-04-10","24134","Scherpenheuvel-Zichem","Montaigu-Zichem","Arrondissement Leuven","Arrondissement de Louvain","Provincie Vlaams-Brabant","Province du Brabant flamand","Vlaams Gewest","Région flamande","9"
"2020-04-10","24135","Tielt-Winge","Tielt-Winge","Arrondissement Leuven","Arrondissement de Louvain","Provincie Vlaams-Brabant","Province du Brabant flamand","Vlaams Gewest","Région flamande","<5"
"2020-04-10","24137","Glabbeek","Glabbeek","Arrondissement Leuven","Arrondissement de Louvain","Provincie Vlaams-Brabant","Province du Brabant flamand","Vlaams Gewest","Région flamande","<5"
"2020-04-10","25014","Eigenbrakel","Braine-l’Alleud","Arrondissement Nijvel","Arrondissement de Nivelles","Provincie Waals-Brabant","Province du Brabant wallon","Waals Gewest","Région wallonne","6"
"2020-04-10","25031","Genepiën","Genappe","Arrondissement Nijvel","Arrondissement de Nivelles","Provincie Waals-Brabant","Province du Brabant wallon","Waals Gewest","Région wallonne","<5"
"2020-04-10","25037","Graven","Grez-Doiceau","Arrondissement Nijvel","Arrondissement de Nivelles","Provincie Waals-Brabant","Province du Brabant wallon","Waals Gewest","Région wallonne","<5"
"2020-04-10","25043","Incourt","Incourt","Arrondissement Nijvel","Arrondissement de Nivelles","Provincie Waals-Brabant","Province du Brabant wallon","Waals Gewest","Région wallonne","<5"
"2020-04-10","25048","Geldenaken","Jodoigne","Arrondissement Nijvel","Arrondissement de Nivelles","Provincie Waals-Brabant","Province du Brabant wallon","Waals Gewest","Région wallonne","<5"
"2020-04-10","25050","Terhulpen","La Hulpe","Arrondissement Nijvel","Arrondissement de Nivelles","Provincie Waals-Brabant","Province du Brabant wallon","Waals Gewest","Région wallonne","<5"
"2020-04-10","25072","Nijvel","Nivelles","Arrondissement Nijvel","Arrondissement de Nivelles","Provincie Waals-Brabant","Province du Brabant wallon","Waals Gewest","Région wallonne","<5"
"2020-04-10","25091","Rixensart","Rixensart","Arrondissement Nijvel","Arrondissement de Nivelles","Provincie Waals-Brabant","Province du Brabant wallon","Waals Gewest","Région wallonne","<5"
"2020-04-10","25107","Villers-la-Ville","Villers-la-Ville","Arrondissement Nijvel","Arrondissement de Nivelles","Provincie Waals-Brabant","Province du Brabant wallon","Waals Gewest","Région wallonne","<5"
"2020-04-10","25110","Waterloo","Waterloo","Arrondissement Nijvel","Arrondissement de Nivelles","Provincie Waals-Brabant","Province du Brabant wallon","Waals Gewest","Région wallonne","<5"
"2020-04-10","25112","Waver","Wavre","Arrondissement Nijvel","Arrondissement de Nivelles","Provincie Waals-Brabant","Province du Brabant wallon","Waals Gewest","Région wallonne","5"
"2020-04-10","25117","Chastre","Chastre","Arrondissement Nijvel","Arrondissement de Nivelles","Provincie Waals-Brabant","Province du Brabant wallon","Waals Gewest","Région wallonne","<5"
"2020-04-10","25119","Lasne","Lasne","Arrondissement Nijvel","Arrondissement de Nivelles","Provincie Waals-Brabant","Province du Brabant wallon","Waals Gewest","Région wallonne","<5"
"2020-04-10","25121","Ottignies-Louvain-la-Neuve","Ottignies-Louvain-la-Neuve","Arrondissement Nijvel","Arrondissement de Nivelles","Provincie Waals-Brabant","Province du Brabant wallon","Waals Gewest","Région wallonne","<5"
"2020-04-10","25123","Rebecq","Rebecq","Arrondissement Nijvel","Arrondissement de Nivelles","Provincie Waals-Brabant","Province du Brabant wallon","Waals Gewest","Région wallonne","<5"
"2020-04-10","25124","Walhain","Walhain","Arrondissement Nijvel","Arrondissement de Nivelles","Provincie Waals-Brabant","Province du Brabant wallon","Waals Gewest","Région wallonne","<5"
"2020-04-10","31003","Beernem","Beernem","Arrondissement Brugge","Arrondissement de Bruges","Provincie West-Vlaanderen","Province de Flandre occidentale","Vlaams Gewest","Région flamande","5"
"2020-04-10","31004","Blankenberge","Blankenberge","Arrondissement Brugge","Arrondissement de Bruges","Provincie West-Vlaanderen","Province de Flandre occidentale","Vlaams Gewest","Région flamande","<5"
"2020-04-10","31005","Brugge","Bruges","Arrondissement Brugge","Arrondissement de Bruges","Provincie West-Vlaanderen","Province de Flandre occidentale","Vlaams Gewest","Région flamande","41"
"2020-04-10","31006","Damme","Damme","Arrondissement Brugge","Arrondissement de Bruges","Provincie West-Vlaanderen","Province de Flandre occidentale","Vlaams Gewest","Région flamande","<5"
"2020-04-10","31012","Jabbeke","Jabbeke","Arrondissement Brugge","Arrondissement de Bruges","Provincie West-Vlaanderen","Province de Flandre occidentale","Vlaams Gewest","Région flamande","<5"
"2020-04-10","31022","Oostkamp","Oostkamp","Arrondissement Brugge","Arrondissement de Bruges","Provincie West-Vlaanderen","Province de Flandre occidentale","Vlaams Gewest","Région flamande","42"
"2020-04-10","31033","Torhout","Torhout","Arrondissement Brugge","Arrondissement de Bruges","Provincie West-Vlaanderen","Province de Flandre occidentale","Vlaams Gewest","Région flamande","<5"
"2020-04-10","31040","Zedelgem","Zedelgem","Arrondissement Brugge","Arrondissement de Bruges","Provincie West-Vlaanderen","Province de Flandre occidentale","Vlaams Gewest","Région flamande","<5"
"2020-04-10","31043","Knokke-Heist","Knokke-Heist","Arrondissement Brugge","Arrondissement de Bruges","Provincie West-Vlaanderen","Province de Flandre occidentale","Vlaams Gewest","Région flamande","25"
"2020-04-10","32003","Diksmuide","Dixmude","Arrondissement Diksmuide","Arrondissement de Dixmude","Provincie West-Vlaanderen","Province de Flandre occidentale","Vlaams Gewest","Région flamande","<5"
"2020-04-10","32006","Houthulst","Houthulst","Arrondissement Diksmuide","Arrondissement de Dixmude","Provincie West-Vlaanderen","Province de Flandre occidentale","Vlaams Gewest","Région flamande","<5"
"2020-04-10","33011","Ieper","Ypres","Arrondissement Ieper","Arrondissement d’Ypres","Provincie West-Vlaanderen","Province de Flandre occidentale","Vlaams Gewest","Région flamande","23"
"2020-04-10","33016","Mesen","Messines","Arrondissement Ieper","Arrondissement d’Ypres","Provincie West-Vlaanderen","Province de Flandre occidentale","Vlaams Gewest","Région flamande","<5"
"2020-04-10","33021","Poperinge","Poperinge","Arrondissement Ieper","Arrondissement d’Ypres","Provincie West-Vlaanderen","Province de Flandre occidentale","Vlaams Gewest","Région flamande","7"
"2020-04-10","33029","Wervik","Wervik","Arrondissement Ieper","Arrondissement d’Ypres","Provincie West-Vlaanderen","Province de Flandre occidentale","Vlaams Gewest","Région flamande","<5"
"2020-04-10","33037","Zonnebeke","Zonnebeke","Arrondissement Ieper","Arrondissement d’Ypres","Provincie West-Vlaanderen","Province de Flandre occidentale","Vlaams Gewest","Région flamande","<5"
"2020-04-10","33039","Heuvelland","Heuvelland","Arrondissement Ieper","Arrondissement d’Ypres","Provincie West-Vlaanderen","Province de Flandre occidentale","Vlaams Gewest","Région flamande","<5"
"2020-04-10","33040","Langemark-Poelkapelle","Langemark-Poelkapelle","Arrondissement Ieper","Arrondissement d’Ypres","Provincie West-Vlaanderen","Province de Flandre occidentale","Vlaams Gewest","Région flamande","<5"
"2020-04-10","33041","Vleteren","Vleteren","Arrondissement Ieper","Arrondissement d’Ypres","Provincie West-Vlaanderen","Province de Flandre occidentale","Vlaams Gewest","Région flamande","<5"
"2020-04-10","34002","Anzegem","Anzegem","Arrondissement Kortrijk","Arrondissement de Courtrai","Provincie West-Vlaanderen","Province de Flandre occidentale","Vlaams Gewest","Région flamande","6"
"2020-04-10","34003","Avelgem","Avelgem","Arrondissement Kortrijk","Arrondissement de Courtrai","Provincie West-Vlaanderen","Province de Flandre occidentale","Vlaams Gewest","Région flamande","<5"
"2020-04-10","34009","Deerlijk","Deerlijk","Arrondissement Kortrijk","Arrondissement de Courtrai","Provincie West-Vlaanderen","Province de Flandre occidentale","Vlaams Gewest","Région flamande","<5"
"2020-04-10","34013","Harelbeke","Harelbeke","Arrondissement Kortrijk","Arrondissement de Courtrai","Provincie West-Vlaanderen","Province de Flandre occidentale","Vlaams Gewest","Région flamande","<5"
"2020-04-10","34022","Kortrijk","Courtrai","Arrondissement Kortrijk","Arrondissement de Courtrai","Provincie West-Vlaanderen","Province de Flandre occidentale","Vlaams Gewest","Région flamande","16"
"2020-04-10","34023","Kuurne","Kuurne","Arrondissement Kortrijk","Arrondissement de Courtrai","Provincie West-Vlaanderen","Province de Flandre occidentale","Vlaams Gewest","Région flamande","<5"
"2020-04-10","34025","Lendelede","Lendelede","Arrondissement Kortrijk","Arrondissement de Courtrai","Provincie West-Vlaanderen","Province de Flandre occidentale","Vlaams Gewest","Région flamande","10"
"2020-04-10","34027","Menen","Menin","Arrondissement Kortrijk","Arrondissement de Courtrai","Provincie West-Vlaanderen","Province de Flandre occidentale","Vlaams Gewest","Région flamande","15"
"2020-04-10","34040","Waregem","Waregem","Arrondissement Kortrijk","Arrondissement de Courtrai","Provincie West-Vlaanderen","Province de Flandre occidentale","Vlaams Gewest","Région flamande","37"
"2020-04-10","34041","Wevelgem","Wevelgem","Arrondissement Kortrijk","Arrondissement de Courtrai","Provincie West-Vlaanderen","Province de Flandre occidentale","Vlaams Gewest","Région flamande","<5"
"2020-04-10","34042","Zwevegem","Zwevegem","Arrondissement Kortrijk","Arrondissement de Courtrai","Provincie West-Vlaanderen","Province de Flandre occidentale","Vlaams Gewest","Région flamande","6"
"2020-04-10","34043","Spiere-Helkijn","Espierres-Helchin","Arrondissement Kortrijk","Arrondissement de Courtrai","Provincie West-Vlaanderen","Province de Flandre occidentale","Vlaams Gewest","Région flamande","<5"
"2020-04-10","35002","Bredene","Bredene","Arrondissement Oostende","Arrondissement d’Ostende","Provincie West-Vlaanderen","Province de Flandre occidentale","Vlaams Gewest","Région flamande","<5"
"2020-04-10","35005","Gistel","Gistel","Arrondissement Oostende","Arrondissement d’Ostende","Provincie West-Vlaanderen","Province de Flandre occidentale","Vlaams Gewest","Région flamande","<5"
"2020-04-10","35006","Ichtegem","Ichtegem","Arrondissement Oostende","Arrondissement d’Ostende","Provincie West-Vlaanderen","Province de Flandre occidentale","Vlaams Gewest","Région flamande","<5"
"2020-04-10","35011","Middelkerke","Middelkerke","Arrondissement Oostende","Arrondissement d’Ostende","Provincie West-Vlaanderen","Province de Flandre occidentale","Vlaams Gewest","Région flamande","<5"
"2020-04-10","35013","Oostende","Ostende","Arrondissement Oostende","Arrondissement d’Ostende","Provincie West-Vlaanderen","Province de Flandre occidentale","Vlaams Gewest","Région flamande","5"
"2020-04-10","35014","Oudenburg","Oudenburg","Arrondissement Oostende","Arrondissement d’Ostende","Provincie West-Vlaanderen","Province de Flandre occidentale","Vlaams Gewest","Région flamande","<5"
"2020-04-10","35029","De Haan","De Haan","Arrondissement Oostende","Arrondissement d’Ostende","Provincie West-Vlaanderen","Province de Flandre occidentale","Vlaams Gewest","Région flamande","11"
"2020-04-10","36007","Ingelmunster","Ingelmunster","Arrondissement Roeselare","Arrondissement de Roulers","Provincie West-Vlaanderen","Province de Flandre occidentale","Vlaams Gewest","Région flamande","<5"
"2020-04-10","36008","Izegem","Izegem","Arrondissement Roeselare","Arrondissement de Roulers","Provincie West-Vlaanderen","Province de Flandre occidentale","Vlaams Gewest","Région flamande","<5"
"2020-04-10","36010","Ledegem","Ledegem","Arrondissement Roeselare","Arrondissement de Roulers","Provincie West-Vlaanderen","Province de Flandre occidentale","Vlaams Gewest","Région flamande","<5"
"2020-04-10","36012","Moorslede","Moorslede","Arrondissement Roeselare","Arrondissement de Roulers","Provincie West-Vlaanderen","Province de Flandre occidentale","Vlaams Gewest","Région flamande","<5"
"2020-04-10","36015","Roeselare","Roulers","Arrondissement Roeselare","Arrondissement de Roulers","Provincie West-Vlaanderen","Province de Flandre occidentale","Vlaams Gewest","Région flamande","16"
"2020-04-10","36019","Staden","Staden","Arrondissement Roeselare","Arrondissement de Roulers","Provincie West-Vlaanderen","Province de Flandre occidentale","Vlaams Gewest","Région flamande","<5"
"2020-04-10","37002","Dentergem","Dentergem","Arrondissement Tielt","Arrondissement de Tielt","Provincie West-Vlaanderen","Province de Flandre occidentale","Vlaams Gewest","Région flamande","<5"
"2020-04-10","37007","Meulebeke","Meulebeke","Arrondissement Tielt","Arrondissement de Tielt","Provincie West-Vlaanderen","Province de Flandre occidentale","Vlaams Gewest","Région flamande","<5"
"2020-04-10","37010","Oostrozebeke","Oostrozebeke","Arrondissement Tielt","Arrondissement de Tielt","Provincie West-Vlaanderen","Province de Flandre occidentale","Vlaams Gewest","Région flamande","<5"
"2020-04-10","37012","Ruiselede","Ruiselede","Arrondissement Tielt","Arrondissement de Tielt","Provincie West-Vlaanderen","Province de Flandre occidentale","Vlaams Gewest","Région flamande","<5"
"2020-04-10","37015","Tielt (Tielt)","Tielt (Tielt)","Arrondissement Tielt","Arrondissement de Tielt","Provincie West-Vlaanderen","Province de Flandre occidentale","Vlaams Gewest","Région flamande","<5"
"2020-04-10","37017","Wielsbeke","Wielsbeke","Arrondissement Tielt","Arrondissement de Tielt","Provincie West-Vlaanderen","Province de Flandre occidentale","Vlaams Gewest","Région flamande","<5"
"2020-04-10","37018","Wingene","Wingene","Arrondissement Tielt","Arrondissement de Tielt","Provincie West-Vlaanderen","Province de Flandre occidentale","Vlaams Gewest","Région flamande","7"
"2020-04-10","38014","Koksijde","Koksijde","Arrondissement Veurne","Arrondissement de Furnes","Provincie West-Vlaanderen","Province de Flandre occidentale","Vlaams Gewest","Région flamande","<5"
"2020-04-10","38025","Veurne","Furnes","Arrondissement Veurne","Arrondissement de Furnes","Provincie West-Vlaanderen","Province de Flandre occidentale","Vlaams Gewest","Région flamande","<5"
"2020-04-10","41002","Aalst (Aalst)","Alost (Alost)","Arrondissement Aalst","Arrondissement d’Alost","Provincie Oost-Vlaanderen","Province de Flandre orientale","Vlaams Gewest","Région flamande","31"
"2020-04-10","41011","Denderleeuw","Denderleeuw","Arrondissement Aalst","Arrondissement d’Alost","Provincie Oost-Vlaanderen","Province de Flandre orientale","Vlaams Gewest","Région flamande","7"
"2020-04-10","41018","Geraardsbergen","Grammont","Arrondissement Aalst","Arrondissement d’Alost","Provincie Oost-Vlaanderen","Province de Flandre orientale","Vlaams Gewest","Région flamande","<5"
"2020-04-10","41024","Haaltert","Haaltert","Arrondissement Aalst","Arrondissement d’Alost","Provincie Oost-Vlaanderen","Province de Flandre orientale","Vlaams Gewest","Région flamande","41"
"2020-04-10","41027","Herzele","Herzele","Arrondissement Aalst","Arrondissement d’Alost","Provincie Oost-Vlaanderen","Province de Flandre orientale","Vlaams Gewest","Région flamande","<5"
"2020-04-10","41034","Lede","Lede","Arrondissement Aalst","Arrondissement d’Alost","Provincie Oost-Vlaanderen","Province de Flandre orientale","Vlaams Gewest","Région flamande","<5"
"2020-04-10","41048","Ninove","Ninove","Arrondissement Aalst","Arrondissement d’Alost","Provincie Oost-Vlaanderen","Province de Flandre orientale","Vlaams Gewest","Région flamande","9"
"2020-04-10","41063","Sint-Lievens-Houtem","Sint-Lievens-Houtem","Arrondissement Aalst","Arrondissement d’Alost","Provincie Oost-Vlaanderen","Province de Flandre orientale","Vlaams Gewest","Région flamande","<5"
"2020-04-10","41081","Zottegem","Zottegem","Arrondissement Aalst","Arrondissement d’Alost","Provincie Oost-Vlaanderen","Province de Flandre orientale","Vlaams Gewest","Région flamande","<5"
"2020-04-10","41082","Erpe-Mere","Erpe-Mere","Arrondissement Aalst","Arrondissement d’Alost","Provincie Oost-Vlaanderen","Province de Flandre orientale","Vlaams Gewest","Région flamande","21"
"2020-04-10","42003","Berlare","Berlare","Arrondissement Dendermonde","Arrondissement de Termonde","Provincie Oost-Vlaanderen","Province de Flandre orientale","Vlaams Gewest","Région flamande","<5"
"2020-04-10","42004","Buggenhout","Buggenhout","Arrondissement Dendermonde","Arrondissement de Termonde","Provincie Oost-Vlaanderen","Province de Flandre orientale","Vlaams Gewest","Région flamande","5"
"2020-04-10","42006","Dendermonde","Termonde","Arrondissement Dendermonde","Arrondissement de Termonde","Provincie Oost-Vlaanderen","Province de Flandre orientale","Vlaams Gewest","Région flamande","17"
"2020-04-10","42008","Hamme (Dendermonde)","Hamme (Termonde)","Arrondissement Dendermonde","Arrondissement de Termonde","Provincie Oost-Vlaanderen","Province de Flandre orientale","Vlaams Gewest","Région flamande","<5"
"2020-04-10","42010","Laarne","Laarne","Arrondissement Dendermonde","Arrondissement de Termonde","Provincie Oost-Vlaanderen","Province de Flandre orientale","Vlaams Gewest","Région flamande","<5"
"2020-04-10","42011","Lebbeke","Lebbeke","Arrondissement Dendermonde","Arrondissement de Termonde","Provincie Oost-Vlaanderen","Province de Flandre orientale","Vlaams Gewest","Région flamande","<5"
"2020-04-10","42023","Waasmunster","Waasmunster","Arrondissement Dendermonde","Arrondissement de Termonde","Provincie Oost-Vlaanderen","Province de Flandre orientale","Vlaams Gewest","Région flamande","<5"
"2020-04-10","42025","Wetteren","Wetteren","Arrondissement Dendermonde","Arrondissement de Termonde","Provincie Oost-Vlaanderen","Province de Flandre orientale","Vlaams Gewest","Région flamande","14"
"2020-04-10","42026","Wichelen","Wichelen","Arrondissement Dendermonde","Arrondissement de Termonde","Provincie Oost-Vlaanderen","Province de Flandre orientale","Vlaams Gewest","Région flamande","11"
"2020-04-10","42028","Zele","Zele","Arrondissement Dendermonde","Arrondissement de Termonde","Provincie Oost-Vlaanderen","Province de Flandre orientale","Vlaams Gewest","Région flamande","<5"
"2020-04-10","43002","Assenede","Assenede","Arrondissement Eeklo","Arrondissement d’Eeklo","Provincie Oost-Vlaanderen","Province de Flandre orientale","Vlaams Gewest","Région flamande","<5"
"2020-04-10","43005","Eeklo","Eeklo","Arrondissement Eeklo","Arrondissement d’Eeklo","Provincie Oost-Vlaanderen","Province de Flandre orientale","Vlaams Gewest","Région flamande","<5"
"2020-04-10","43007","Kaprijke","Kaprijke","Arrondissement Eeklo","Arrondissement d’Eeklo","Provincie Oost-Vlaanderen","Province de Flandre orientale","Vlaams Gewest","Région flamande","<5"
"2020-04-10","43010","Maldegem","Maldegem","Arrondissement Eeklo","Arrondissement d’Eeklo","Provincie Oost-Vlaanderen","Province de Flandre orientale","Vlaams Gewest","Région flamande","6"
"2020-04-10","43014","Sint-Laureins","Sint-Laureins","Arrondissement Eeklo","Arrondissement d’Eeklo","Provincie Oost-Vlaanderen","Province de Flandre orientale","Vlaams Gewest","Région flamande","<5"
"2020-04-10","43018","Zelzate","Zelzate","Arrondissement Eeklo","Arrondissement d’Eeklo","Provincie Oost-Vlaanderen","Province de Flandre orientale","Vlaams Gewest","Région flamande","<5"
"2020-04-10","44013","Destelbergen","Destelbergen","Arrondissement Gent","Arrondissement de Gand","Provincie Oost-Vlaanderen","Province de Flandre orientale","Vlaams Gewest","Région flamande","<5"
"2020-04-10","44019","Evergem","Evergem","Arrondissement Gent","Arrondissement de Gand","Provincie Oost-Vlaanderen","Province de Flandre orientale","Vlaams Gewest","Région flamande","29"
"2020-04-10","44021","Gent","Gand","Arrondissement Gent","Arrondissement de Gand","Provincie Oost-Vlaanderen","Province de Flandre orientale","Vlaams Gewest","Région flamande","30"
"2020-04-10","44034","Lochristi","Lochristi","Arrondissement Gent","Arrondissement de Gand","Provincie Oost-Vlaanderen","Province de Flandre orientale","Vlaams Gewest","Région flamande","<5"
"2020-04-10","44043","Merelbeke","Merelbeke","Arrondissement Gent","Arrondissement de Gand","Provincie Oost-Vlaanderen","Province de Flandre orientale","Vlaams Gewest","Région flamande","6"
"2020-04-10","44045","Moerbeke (Gent)","Moerbeke (Gand)","Arrondissement Gent","Arrondissement de Gand","Provincie Oost-Vlaanderen","Province de Flandre orientale","Vlaams Gewest","Région flamande","<5"
"2020-04-10","44048","Nazareth","Nazareth","Arrondissement Gent","Arrondissement de Gand","Provincie Oost-Vlaanderen","Province de Flandre orientale","Vlaams Gewest","Région flamande","<5"
"2020-04-10","44052","Oosterzele","Oosterzele","Arrondissement Gent","Arrondissement de Gand","Provincie Oost-Vlaanderen","Province de Flandre orientale","Vlaams Gewest","Région flamande","<5"
"2020-04-10","44064","Sint-Martens-Latem","Sint-Martens-Latem","Arrondissement Gent","Arrondissement de Gand","Provincie Oost-Vlaanderen","Province de Flandre orientale","Vlaams Gewest","Région flamande","<5"
"2020-04-10","44073","Wachtebeke","Wachtebeke","Arrondissement Gent","Arrondissement de Gand","Provincie Oost-Vlaanderen","Province de Flandre orientale","Vlaams Gewest","Région flamande","17"
"2020-04-10","44081","Zulte","Zulte","Arrondissement Gent","Arrondissement de Gand","Provincie Oost-Vlaanderen","Province de Flandre orientale","Vlaams Gewest","Région flamande","<5"
"2020-04-10","44083","Deinze","Deinze","Arrondissement Gent","Arrondissement de Gand","Provincie Oost-Vlaanderen","Province de Flandre orientale","Vlaams Gewest","Région flamande","<5"
"2020-04-10","44084","Aalter","Aalter","Arrondissement Gent","Arrondissement de Gand","Provincie Oost-Vlaanderen","Province de Flandre orientale","Vlaams Gewest","Région flamande","6"
"2020-04-10","44085","Lievegem","Lievegem","Arrondissement Gent","Arrondissement de Gand","Provincie Oost-Vlaanderen","Province de Flandre orientale","Vlaams Gewest","Région flamande","<5"
"2020-04-10","45035","Oudenaarde","Audenarde","Arrondissement Oudenaarde","Arrondissement d’Audenarde","Provincie Oost-Vlaanderen","Province de Flandre orientale","Vlaams Gewest","Région flamande","7"
"2020-04-10","45041","Ronse","Renaix","Arrondissement Oudenaarde","Arrondissement d’Audenarde","Provincie Oost-Vlaanderen","Province de Flandre orientale","Vlaams Gewest","Région flamande","24"
"2020-04-10","45064","Maarkedal","Maarkedal","Arrondissement Oudenaarde","Arrondissement d’Audenarde","Provincie Oost-Vlaanderen","Province de Flandre orientale","Vlaams Gewest","Région flamande","<5"
"2020-04-10","46003","Beveren (Sint-Niklaas)","Beveren (Saint-Nicolas)","Arrondissement Sint-Niklaas","Arrondissement de Saint-Nicolas","Provincie Oost-Vlaanderen","Province de Flandre orientale","Vlaams Gewest","Région flamande","6"
"2020-04-10","46014","Lokeren","Lokeren","Arrondissement Sint-Niklaas","Arrondissement de Saint-Nicolas","Provincie Oost-Vlaanderen","Province de Flandre orientale","Vlaams Gewest","Région flamande","5"
"2020-04-10","46020","Sint-Gillis-Waas","Sint-Gillis-Waas","Arrondissement Sint-Niklaas","Arrondissement de Saint-Nicolas","Provincie Oost-Vlaanderen","Province de Flandre orientale","Vlaams Gewest","Région flamande","39"
"2020-04-10","46021","Sint-Niklaas (Sint-Niklaas)","Saint-Nicolas (Saint-Nicolas)","Arrondissement Sint-Niklaas","Arrondissement de Saint-Nicolas","Provincie Oost-Vlaanderen","Province de Flandre orientale","Vlaams Gewest","Région flamande","13"
"2020-04-10","46024","Stekene","Stekene","Arrondissement Sint-Niklaas","Arrondissement de Saint-Nicolas","Provincie Oost-Vlaanderen","Province de Flandre orientale","Vlaams Gewest","Région flamande","<5"
"2020-04-10","46025","Temse","Tamise","Arrondissement Sint-Niklaas","Arrondissement de Saint-Nicolas","Provincie Oost-Vlaanderen","Province de Flandre orientale","Vlaams Gewest","Région flamande","<5"
"2020-04-10","51004","Aat","Ath","Arrondissement Aat","Arrondissement d’Ath","Provincie Henegouwen","Province du Hainaut","Waals Gewest","Région wallonne","7"
"2020-04-10","51008","Beloeil","Beloeil","Arrondissement Aat","Arrondissement d’Ath","Provincie Henegouwen","Province du Hainaut","Waals Gewest","Région wallonne","<5"
"2020-04-10","51009","Bernissart","Bernissart","Arrondissement Aat","Arrondissement d’Ath","Provincie Henegouwen","Province du Hainaut","Waals Gewest","Région wallonne","<5"
"2020-04-10","51017","Elzele","Ellezelles","Arrondissement Aat","Arrondissement d’Ath","Provincie Henegouwen","Province du Hainaut","Waals Gewest","Région wallonne","<5"
"2020-04-10","51019","Vloesberg","Flobecq","Arrondissement Aat","Arrondissement d’Ath","Provincie Henegouwen","Province du Hainaut","Waals Gewest","Région wallonne","<5"
"2020-04-10","51067","Edingen","Enghien","Arrondissement Aat","Arrondissement d’Ath","Provincie Henegouwen","Province du Hainaut","Waals Gewest","Région wallonne","<5"
"2020-04-10","52011","Charleroi","Charleroi","Arrondissement Charleroi","Arrondissement de Charleroi","Provincie Henegouwen","Province du Hainaut","Waals Gewest","Région wallonne","24"
"2020-04-10","52012","Châtelet","Châtelet","Arrondissement Charleroi","Arrondissement de Charleroi","Provincie Henegouwen","Province du Hainaut","Waals Gewest","Région wallonne","9"
"2020-04-10","52015","Courcelles","Courcelles","Arrondissement Charleroi","Arrondissement de Charleroi","Provincie Henegouwen","Province du Hainaut","Waals Gewest","Région wallonne","<5"
"2020-04-10","52018","Farciennes","Farciennes","Arrondissement Charleroi","Arrondissement de Charleroi","Provincie Henegouwen","Province du Hainaut","Waals Gewest","Région wallonne","<5"
"2020-04-10","52021","Fleurus","Fleurus","Arrondissement Charleroi","Arrondissement de Charleroi","Provincie Henegouwen","Province du Hainaut","Waals Gewest","Région wallonne","<5"
"2020-04-10","52022","Fontaine-l’Evêque","Fontaine-l’Evêque","Arrondissement Charleroi","Arrondissement de Charleroi","Provincie Henegouwen","Province du Hainaut","Waals Gewest","Région wallonne","<5"
"2020-04-10","52025","Gerpinnes","Gerpinnes","Arrondissement Charleroi","Arrondissement de Charleroi","Provincie Henegouwen","Province du Hainaut","Waals Gewest","Région wallonne","5"
"2020-04-10","52055","Pont-à-Celles","Pont-à-Celles","Arrondissement Charleroi","Arrondissement de Charleroi","Provincie Henegouwen","Province du Hainaut","Waals Gewest","Région wallonne","<5"
"2020-04-10","53014","Boussu","Boussu","Arrondissement Bergen","Arrondissement de Mons","Provincie Henegouwen","Province du Hainaut","Waals Gewest","Région wallonne","7"
"2020-04-10","53020","Dour","Dour","Arrondissement Bergen","Arrondissement de Mons","Provincie Henegouwen","Province du Hainaut","Waals Gewest","Région wallonne","6"
"2020-04-10","53028","Frameries","Frameries","Arrondissement Bergen","Arrondissement de Mons","Provincie Henegouwen","Province du Hainaut","Waals Gewest","Région wallonne","9"
"2020-04-10","53039","Hensies","Hensies","Arrondissement Bergen","Arrondissement de Mons","Provincie Henegouwen","Province du Hainaut","Waals Gewest","Région wallonne","<5"
"2020-04-10","53044","Jurbeke","Jurbise","Arrondissement Bergen","Arrondissement de Mons","Provincie Henegouwen","Province du Hainaut","Waals Gewest","Région wallonne","<5"
"2020-04-10","53053","Bergen","Mons","Arrondissement Bergen","Arrondissement de Mons","Provincie Henegouwen","Province du Hainaut","Waals Gewest","Région wallonne","55"
"2020-04-10","53065","Quaregnon","Quaregnon","Arrondissement Bergen","Arrondissement de Mons","Provincie Henegouwen","Province du Hainaut","Waals Gewest","Région wallonne","8"
"2020-04-10","53068","Quiévrain","Quiévrain","Arrondissement Bergen","Arrondissement de Mons","Provincie Henegouwen","Province du Hainaut","Waals Gewest","Région wallonne","<5"
"2020-04-10","53070","Saint-Ghislain","Saint-Ghislain","Arrondissement Bergen","Arrondissement de Mons","Provincie Henegouwen","Province du Hainaut","Waals Gewest","Région wallonne","<5"
"2020-04-10","53082","Colfontaine","Colfontaine","Arrondissement Bergen","Arrondissement de Mons","Provincie Henegouwen","Province du Hainaut","Waals Gewest","Région wallonne","<5"
"2020-04-10","53083","Honnelles","Honnelles","Arrondissement Bergen","Arrondissement de Mons","Provincie Henegouwen","Province du Hainaut","Waals Gewest","Région wallonne","<5"
"2020-04-10","53084","Quévy","Quévy","Arrondissement Bergen","Arrondissement de Mons","Provincie Henegouwen","Province du Hainaut","Waals Gewest","Région wallonne","<5"
"2020-04-10","55004","’s Gravenbrakel","Braine-le-Comte","Arrondissement Zinnik","Arrondissement de Soignies","Provincie Henegouwen","Province du Hainaut","Waals Gewest","Région wallonne","<5"
"2020-04-10","55035","Le Roeulx","Le Roeulx","Arrondissement Zinnik","Arrondissement de Soignies","Provincie Henegouwen","Province du Hainaut","Waals Gewest","Région wallonne","<5"
"2020-04-10","55040","Zinnik","Soignies","Arrondissement Zinnik","Arrondissement de Soignies","Provincie Henegouwen","Province du Hainaut","Waals Gewest","Région wallonne","9"
"2020-04-10","55086","Manage","Manage","Arrondissement Zinnik","Arrondissement de Soignies","Provincie Henegouwen","Province du Hainaut","Waals Gewest","Région wallonne","<5"
"2020-04-10","56005","Beaumont","Beaumont","Arrondissement Thuin","Arrondissement de Thuin","Provincie Henegouwen","Province du Hainaut","Waals Gewest","Région wallonne","<5"
"2020-04-10","56016","Chimay","Chimay","Arrondissement Thuin","Arrondissement de Thuin","Provincie Henegouwen","Province du Hainaut","Waals Gewest","Région wallonne","<5"
"2020-04-10","56022","Erquelinnes","Erquelinnes","Arrondissement Thuin","Arrondissement de Thuin","Provincie Henegouwen","Province du Hainaut","Waals Gewest","Région wallonne","<5"
"2020-04-10","56044","Lobbes","Lobbes","Arrondissement Thuin","Arrondissement de Thuin","Provincie Henegouwen","Province du Hainaut","Waals Gewest","Région wallonne","<5"
"2020-04-10","56049","Merbes-le-Château","Merbes-le-Château","Arrondissement Thuin","Arrondissement de Thuin","Provincie Henegouwen","Province du Hainaut","Waals Gewest","Région wallonne","<5"
"2020-04-10","56086","Ham-sur-Heure-Nalinnes","Ham-sur-Heure-Nalinnes","Arrondissement Thuin","Arrondissement de Thuin","Provincie Henegouwen","Province du Hainaut","Waals Gewest","Région wallonne","<5"
"2020-04-10","57064","Péruwelz","Péruwelz","Arrondissement Doornik-Moeskroen","Arrondissement de Tournai-Mouscron","Provincie Henegouwen","Province du Hainaut","Waals Gewest","Région wallonne","<5"
"2020-04-10","57081","Doornik","Tournai","Arrondissement Doornik-Moeskroen","Arrondissement de Tournai-Mouscron","Provincie Henegouwen","Province du Hainaut","Waals Gewest","Région wallonne","7"
"2020-04-10","57093","Brunehaut","Brunehaut","Arrondissement Doornik-Moeskroen","Arrondissement de Tournai-Mouscron","Provincie Henegouwen","Province du Hainaut","Waals Gewest","Région wallonne","<5"
"2020-04-10","57094","Leuze-en-Hainaut","Leuze-en-Hainaut","Arrondissement Doornik-Moeskroen","Arrondissement de Tournai-Mouscron","Provincie Henegouwen","Province du Hainaut","Waals Gewest","Région wallonne","<5"
"2020-04-10","57096","Moeskroen","Mouscron","Arrondissement Doornik-Moeskroen","Arrondissement de Tournai-Mouscron","Provincie Henegouwen","Province du Hainaut","Waals Gewest","Région wallonne","11"
"2020-04-10","57097","Komen-Waasten","Comines-Warneton","Arrondissement Doornik-Moeskroen","Arrondissement de Tournai-Mouscron","Provincie Henegouwen","Province du Hainaut","Waals Gewest","Région wallonne","<5"
"2020-04-10","58001","La Louvière","La Louvière","Arrondissement La Louvière","Arrondissement de La Louvière","Provincie Henegouwen","Province du Hainaut","Waals Gewest","Région wallonne","11"
"2020-04-10","58002","Binche","Binche","Arrondissement La Louvière","Arrondissement de La Louvière","Provincie Henegouwen","Province du Hainaut","Waals Gewest","Région wallonne","<5"
"2020-04-10","58004","Morlanwelz","Morlanwelz","Arrondissement La Louvière","Arrondissement de La Louvière","Provincie Henegouwen","Province du Hainaut","Waals Gewest","Région wallonne","<5"
"2020-04-10","61003","Amay","Amay","Arrondissement Hoei","Arrondissement de Huy","Provincie Luik","Province de Liège","Waals Gewest","Région wallonne","<5"
"2020-04-10","61010","Burdinne","Burdinne","Arrondissement Hoei","Arrondissement de Huy","Provincie Luik","Province de Liège","Waals Gewest","Région wallonne","<5"
"2020-04-10","61019","Ferrières","Ferrières","Arrondissement Hoei","Arrondissement de Huy","Provincie Luik","Province de Liège","Waals Gewest","Région wallonne","<5"
"2020-04-10","61031","Hoei","Huy","Arrondissement Hoei","Arrondissement de Huy","Provincie Luik","Province de Liège","Waals Gewest","Région wallonne","<5"
"2020-04-10","61039","Marchin","Marchin","Arrondissement Hoei","Arrondissement de Huy","Provincie Luik","Province de Liège","Waals Gewest","Région wallonne","<5"
"2020-04-10","61043","Nandrin","Nandrin","Arrondissement Hoei","Arrondissement de Huy","Provincie Luik","Province de Liège","Waals Gewest","Région wallonne","<5"
"2020-04-10","61068","Villers-Le-Bouillet","Villers-Le-Bouillet","Arrondissement Hoei","Arrondissement de Huy","Provincie Luik","Province de Liège","Waals Gewest","Région wallonne","<5"
"2020-04-10","61072","Wanze","Wanze","Arrondissement Hoei","Arrondissement de Huy","Provincie Luik","Province de Liège","Waals Gewest","Région wallonne","<5"
"2020-04-10","61080","Engis","Engis","Arrondissement Hoei","Arrondissement de Huy","Provincie Luik","Province de Liège","Waals Gewest","Région wallonne","<5"
"2020-04-10","62003","Ans","Ans","Arrondissement Luik","Arrondissement de Liège","Provincie Luik","Province de Liège","Waals Gewest","Région wallonne","<5"
"2020-04-10","62006","Awans","Awans","Arrondissement Luik","Arrondissement de Liège","Provincie Luik","Province de Liège","Waals Gewest","Région wallonne","<5"
"2020-04-10","62009","Aywaille","Aywaille","Arrondissement Luik","Arrondissement de Liège","Provincie Luik","Province de Liège","Waals Gewest","Région wallonne","<5"
"2020-04-10","62011","Bitsingen","Bassenge","Arrondissement Luik","Arrondissement de Liège","Provincie Luik","Province de Liège","Waals Gewest","Région wallonne","<5"
"2020-04-10","62015","Beyne-Heusay","Beyne-Heusay","Arrondissement Luik","Arrondissement de Liège","Provincie Luik","Province de Liège","Waals Gewest","Région wallonne","<5"
"2020-04-10","62022","Chaudfontaine","Chaudfontaine","Arrondissement Luik","Arrondissement de Liège","Provincie Luik","Province de Liège","Waals Gewest","Région wallonne","5"
"2020-04-10","62027","Dalhem","Dalhem","Arrondissement Luik","Arrondissement de Liège","Provincie Luik","Province de Liège","Waals Gewest","Région wallonne","<5"
"2020-04-10","62032","Esneux","Esneux","Arrondissement Luik","Arrondissement de Liège","Provincie Luik","Province de Liège","Waals Gewest","Région wallonne","<5"
"2020-04-10","62038","Fléron","Fléron","Arrondissement Luik","Arrondissement de Liège","Provincie Luik","Province de Liège","Waals Gewest","Région wallonne","<5"
"2020-04-10","62051","Herstal","Herstal","Arrondissement Luik","Arrondissement de Liège","Provincie Luik","Province de Liège","Waals Gewest","Région wallonne","18"
"2020-04-10","62060","Juprelle","Juprelle","Arrondissement Luik","Arrondissement de Liège","Provincie Luik","Province de Liège","Waals Gewest","Région wallonne","<5"
"2020-04-10","62063","Luik","Liège","Arrondissement Luik","Arrondissement de Liège","Provincie Luik","Province de Liège","Waals Gewest","Région wallonne","44"
"2020-04-10","62079","Oupeye","Oupeye","Arrondissement Luik","Arrondissement de Liège","Provincie Luik","Province de Liège","Waals Gewest","Région wallonne","6"
"2020-04-10","62093","Saint-Nicolas (Luik)","Saint-Nicolas (Liège)","Arrondissement Luik","Arrondissement de Liège","Provincie Luik","Province de Liège","Waals Gewest","Région wallonne","17"
"2020-04-10","62096","Seraing","Seraing","Arrondissement Luik","Arrondissement de Liège","Provincie Luik","Province de Liège","Waals Gewest","Région wallonne","10"
"2020-04-10","62099","Soumagne","Soumagne","Arrondissement Luik","Arrondissement de Liège","Provincie Luik","Province de Liège","Waals Gewest","Région wallonne","<5"
"2020-04-10","62100","Sprimont","Sprimont","Arrondissement Luik","Arrondissement de Liège","Provincie Luik","Province de Liège","Waals Gewest","Région wallonne","<5"
"2020-04-10","62108","Wezet","Visé","Arrondissement Luik","Arrondissement de Liège","Provincie Luik","Province de Liège","Waals Gewest","Région wallonne","<5"
"2020-04-10","62118","Grâce-Hollogne","Grâce-Hollogne","Arrondissement Luik","Arrondissement de Liège","Provincie Luik","Province de Liège","Waals Gewest","Région wallonne","<5"
"2020-04-10","62119","Blegny","Blegny","Arrondissement Luik","Arrondissement de Liège","Provincie Luik","Province de Liège","Waals Gewest","Région wallonne","<5"
"2020-04-10","62120","Flémalle","Flémalle","Arrondissement Luik","Arrondissement de Liège","Provincie Luik","Province de Liège","Waals Gewest","Région wallonne","5"
"2020-04-10","62121","Neupré","Neupré","Arrondissement Luik","Arrondissement de Liège","Provincie Luik","Province de Liège","Waals Gewest","Région wallonne","<5"
"2020-04-10","63001","Amel","Amblève","Arrondissement Verviers","Arrondissement de Verviers","Provincie Luik","Province de Liège","Waals Gewest","Région wallonne","<5"
"2020-04-10","63003","Aubel","Aubel","Arrondissement Verviers","Arrondissement de Verviers","Provincie Luik","Province de Liège","Waals Gewest","Région wallonne","<5"
"2020-04-10","63004","Baelen","Baelen","Arrondissement Verviers","Arrondissement de Verviers","Provincie Luik","Province de Liège","Waals Gewest","Région wallonne","<5"
"2020-04-10","63012","Büllingen","Bullange","Arrondissement Verviers","Arrondissement de Verviers","Provincie Luik","Province de Liège","Waals Gewest","Région wallonne","<5"
"2020-04-10","63013","Bütgenbach","Butgenbach","Arrondissement Verviers","Arrondissement de Verviers","Provincie Luik","Province de Liège","Waals Gewest","Région wallonne","<5"
"2020-04-10","63020","Dison","Dison","Arrondissement Verviers","Arrondissement de Verviers","Provincie Luik","Province de Liège","Waals Gewest","Région wallonne","<5"
"2020-04-10","63023","Eupen","Eupen","Arrondissement Verviers","Arrondissement de Verviers","Provincie Luik","Province de Liège","Waals Gewest","Région wallonne","6"
"2020-04-10","63035","Herve","Herve","Arrondissement Verviers","Arrondissement de Verviers","Provincie Luik","Province de Liège","Waals Gewest","Région wallonne","<5"
"2020-04-10","63038","Jalhay","Jalhay","Arrondissement Verviers","Arrondissement de Verviers","Provincie Luik","Province de Liège","Waals Gewest","Région wallonne","<5"
"2020-04-10","63040","Kelmis","La Calamine","Arrondissement Verviers","Arrondissement de Verviers","Provincie Luik","Province de Liège","Waals Gewest","Région wallonne","<5"
"2020-04-10","63049","Malmedy","Malmedy","Arrondissement Verviers","Arrondissement de Verviers","Provincie Luik","Province de Liège","Waals Gewest","Région wallonne","<5"
"2020-04-10","63057","Olne","Olne","Arrondissement Verviers","Arrondissement de Verviers","Provincie Luik","Province de Liège","Waals Gewest","Région wallonne","<5"
"2020-04-10","63058","Pepinster","Pepinster","Arrondissement Verviers","Arrondissement de Verviers","Provincie Luik","Province de Liège","Waals Gewest","Région wallonne","5"
"2020-04-10","63061","Raeren","Raeren","Arrondissement Verviers","Arrondissement de Verviers","Provincie Luik","Province de Liège","Waals Gewest","Région wallonne","<5"
"2020-04-10","63067","Sankt Vith","Saint-Vith","Arrondissement Verviers","Arrondissement de Verviers","Provincie Luik","Province de Liège","Waals Gewest","Région wallonne","<5"
"2020-04-10","63072","Spa","Spa","Arrondissement Verviers","Arrondissement de Verviers","Provincie Luik","Province de Liège","Waals Gewest","Région wallonne","<5"
"2020-04-10","63073","Stavelot","Stavelot","Arrondissement Verviers","Arrondissement de Verviers","Provincie Luik","Province de Liège","Waals Gewest","Région wallonne","<5"
"2020-04-10","63076","Theux","Theux","Arrondissement Verviers","Arrondissement de Verviers","Provincie Luik","Province de Liège","Waals Gewest","Région wallonne","13"
"2020-04-10","63079","Verviers","Verviers","Arrondissement Verviers","Arrondissement de Verviers","Provincie Luik","Province de Liège","Waals Gewest","Région wallonne","15"
"2020-04-10","63084","Welkenraedt","Welkenraedt","Arrondissement Verviers","Arrondissement de Verviers","Provincie Luik","Province de Liège","Waals Gewest","Région wallonne","<5"
"2020-04-10","63088","Plombières","Plombières","Arrondissement Verviers","Arrondissement de Verviers","Provincie Luik","Province de Liège","Waals Gewest","Région wallonne","<5"
"2020-04-10","63089","Thimister-Clermont","Thimister-Clermont","Arrondissement Verviers","Arrondissement de Verviers","Provincie Luik","Province de Liège","Waals Gewest","Région wallonne","<5"
"2020-04-10","64015","Braives","Braives","Arrondissement Borgworm","Arrondissement de Waremme","Provincie Luik","Province de Liège","Waals Gewest","Région wallonne","<5"
"2020-04-10","64034","Hannuit","Hannut","Arrondissement Borgworm","Arrondissement de Waremme","Provincie Luik","Province de Liège","Waals Gewest","Région wallonne","<5"
"2020-04-10","64056","Oerle","Oreye","Arrondissement Borgworm","Arrondissement de Waremme","Provincie Luik","Province de Liège","Waals Gewest","Région wallonne","<5"
"2020-04-10","64065","Saint-Georges-sur-Meuse","Saint-Georges-sur-Meuse","Arrondissement Borgworm","Arrondissement de Waremme","Provincie Luik","Province de Liège","Waals Gewest","Région wallonne","<5"
"2020-04-10","64074","Borgworm","Waremme","Arrondissement Borgworm","Arrondissement de Waremme","Provincie Luik","Province de Liège","Waals Gewest","Région wallonne","<5"
"2020-04-10","71002","As","As","Arrondissement Hasselt","Arrondissement de Hasselt","Provincie Limburg","Province du Limbourg","Vlaams Gewest","Région flamande","<5"
"2020-04-10","71004","Beringen","Beringen","Arrondissement Hasselt","Arrondissement de Hasselt","Provincie Limburg","Province du Limbourg","Vlaams Gewest","Région flamande","27"
"2020-04-10","71011","Diepenbeek","Diepenbeek","Arrondissement Hasselt","Arrondissement de Hasselt","Provincie Limburg","Province du Limbourg","Vlaams Gewest","Région flamande","<5"
"2020-04-10","71016","Genk","Genk","Arrondissement Hasselt","Arrondissement de Hasselt","Provincie Limburg","Province du Limbourg","Vlaams Gewest","Région flamande","20"
"2020-04-10","71017","Gingelom","Gingelom","Arrondissement Hasselt","Arrondissement de Hasselt","Provincie Limburg","Province du Limbourg","Vlaams Gewest","Région flamande","<5"
"2020-04-10","71020","Halen","Halen","Arrondissement Hasselt","Arrondissement de Hasselt","Provincie Limburg","Province du Limbourg","Vlaams Gewest","Région flamande","<5"
"2020-04-10","71022","Hasselt","Hasselt","Arrondissement Hasselt","Arrondissement de Hasselt","Provincie Limburg","Province du Limbourg","Vlaams Gewest","Région flamande","65"
"2020-04-10","71024","Herk-de-Stad","Herck-la-Ville","Arrondissement Hasselt","Arrondissement de Hasselt","Provincie Limburg","Province du Limbourg","Vlaams Gewest","Région flamande","<5"
"2020-04-10","71034","Leopoldsburg","Bourg-Léopold","Arrondissement Hasselt","Arrondissement de Hasselt","Provincie Limburg","Province du Limbourg","Vlaams Gewest","Région flamande","<5"
"2020-04-10","71037","Lummen","Lummen","Arrondissement Hasselt","Arrondissement de Hasselt","Provincie Limburg","Province du Limbourg","Vlaams Gewest","Région flamande","<5"
"2020-04-10","71045","Nieuwerkerken (Hasselt)","Nieuwerkerken (Hasselt)","Arrondissement Hasselt","Arrondissement de Hasselt","Provincie Limburg","Province du Limbourg","Vlaams Gewest","Région flamande","<5"
"2020-04-10","71053","Sint-Truiden","Saint-Trond","Arrondissement Hasselt","Arrondissement de Hasselt","Provincie Limburg","Province du Limbourg","Vlaams Gewest","Région flamande","18"
"2020-04-10","71057","Tessenderlo","Tessenderlo","Arrondissement Hasselt","Arrondissement de Hasselt","Provincie Limburg","Province du Limbourg","Vlaams Gewest","Région flamande","<5"
"2020-04-10","71066","Zonhoven","Zonhoven","Arrondissement Hasselt","Arrondissement de Hasselt","Provincie Limburg","Province du Limbourg","Vlaams Gewest","Région flamande","<5"
"2020-04-10","71069","Ham","Ham","Arrondissement Hasselt","Arrondissement de Hasselt","Provincie Limburg","Province du Limbourg","Vlaams Gewest","Région flamande","<5"
"2020-04-10","71070","Heusden-Zolder","Heusden-Zolder","Arrondissement Hasselt","Arrondissement de Hasselt","Provincie Limburg","Province du Limbourg","Vlaams Gewest","Région flamande","<5"
"2020-04-10","72003","Bocholt","Bocholt","Arrondissement Maaseik","Arrondissement de Maaseik","Provincie Limburg","Province du Limbourg","Vlaams Gewest","Région flamande","<5"
"2020-04-10","72004","Bree","Bree","Arrondissement Maaseik","Arrondissement de Maaseik","Provincie Limburg","Province du Limbourg","Vlaams Gewest","Région flamande","17"
"2020-04-10","72018","Kinrooi","Kinrooi","Arrondissement Maaseik","Arrondissement de Maaseik","Provincie Limburg","Province du Limbourg","Vlaams Gewest","Région flamande","<5"
"2020-04-10","72020","Lommel","Lommel","Arrondissement Maaseik","Arrondissement de Maaseik","Provincie Limburg","Province du Limbourg","Vlaams Gewest","Région flamande","<5"
"2020-04-10","72021","Maaseik","Maaseik","Arrondissement Maaseik","Arrondissement de Maaseik","Provincie Limburg","Province du Limbourg","Vlaams Gewest","Région flamande","15"
"2020-04-10","72030","Peer","Peer","Arrondissement Maaseik","Arrondissement de Maaseik","Provincie Limburg","Province du Limbourg","Vlaams Gewest","Région flamande","<5"
"2020-04-10","72037","Hamont-Achel","Hamont-Achel","Arrondissement Maaseik","Arrondissement de Maaseik","Provincie Limburg","Province du Limbourg","Vlaams Gewest","Région flamande","<5"
"2020-04-10","72038","Hechtel-Eksel","Hechtel-Eksel","Arrondissement Maaseik","Arrondissement de Maaseik","Provincie Limburg","Province du Limbourg","Vlaams Gewest","Région flamande","<5"
"2020-04-10","72039","Houthalen-Helchteren","Houthalen-Helchteren","Arrondissement Maaseik","Arrondissement de Maaseik","Provincie Limburg","Province du Limbourg","Vlaams Gewest","Région flamande","7"
"2020-04-10","72041","Dilsen-Stokkem","Dilsen-Stokkem","Arrondissement Maaseik","Arrondissement de Maaseik","Provincie Limburg","Province du Limbourg","Vlaams Gewest","Région flamande","38"
"2020-04-10","72042","Oudsbergen","Oudsbergen","Arrondissement Maaseik","Arrondissement de Maaseik","Provincie Limburg","Province du Limbourg","Vlaams Gewest","Région flamande","9"
"2020-04-10","72043","Pelt","Pelt","Arrondissement Maaseik","Arrondissement de Maaseik","Provincie Limburg","Province du Limbourg","Vlaams Gewest","Région flamande","<5"
"2020-04-10","73001","Alken","Alken","Arrondissement Tongeren","Arrondissement de Tongres","Provincie Limburg","Province du Limbourg","Vlaams Gewest","Région flamande","<5"
"2020-04-10","73006","Bilzen","Bilzen","Arrondissement Tongeren","Arrondissement de Tongres","Provincie Limburg","Province du Limbourg","Vlaams Gewest","Région flamande","7"
"2020-04-10","73009","Borgloon","Looz","Arrondissement Tongeren","Arrondissement de Tongres","Provincie Limburg","Province du Limbourg","Vlaams Gewest","Région flamande","<5"
"2020-04-10","73032","Hoeselt","Hoeselt","Arrondissement Tongeren","Arrondissement de Tongres","Provincie Limburg","Province du Limbourg","Vlaams Gewest","Région flamande","21"
"2020-04-10","73040","Kortessem","Kortessem","Arrondissement Tongeren","Arrondissement de Tongres","Provincie Limburg","Province du Limbourg","Vlaams Gewest","Région flamande","<5"
"2020-04-10","73042","Lanaken","Lanaken","Arrondissement Tongeren","Arrondissement de Tongres","Provincie Limburg","Province du Limbourg","Vlaams Gewest","Région flamande","6"
"2020-04-10","73066","Riemst","Riemst","Arrondissement Tongeren","Arrondissement de Tongres","Provincie Limburg","Province du Limbourg","Vlaams Gewest","Région flamande","5"
"2020-04-10","73083","Tongeren","Tongres","Arrondissement Tongeren","Arrondissement de Tongres","Provincie Limburg","Province du Limbourg","Vlaams Gewest","Région flamande","7"
"2020-04-10","73107","Maasmechelen","Maasmechelen","Arrondissement Tongeren","Arrondissement de Tongres","Provincie Limburg","Province du Limbourg","Vlaams Gewest","Région flamande","5"
"2020-04-10","73109","Voeren","Fourons","Arrondissement Tongeren","Arrondissement de Tongres","Provincie Limburg","Province du Limbourg","Vlaams Gewest","Région flamande","<5"
"2020-04-10","81001","Aarlen","Arlon","Arrondissement Aarlen","Arrondissement d’Arlon","Provincie Luxemburg","Province du Luxembourg","Waals Gewest","Région wallonne","<5"
"2020-04-10","82003","Bastenaken","Bastogne","Arrondissement Bastenaken","Arrondissement de Bastogne","Provincie Luxemburg","Province du Luxembourg","Waals Gewest","Région wallonne","<5"
"2020-04-10","82014","Houffalize","Houffalize","Arrondissement Bastenaken","Arrondissement de Bastogne","Provincie Luxemburg","Province du Luxembourg","Waals Gewest","Région wallonne","<5"
"2020-04-10","82032","Vielsalm","Vielsalm","Arrondissement Bastenaken","Arrondissement de Bastogne","Provincie Luxemburg","Province du Luxembourg","Waals Gewest","Région wallonne","<5"
"2020-04-10","82036","Vaux-sur-Sûre","Vaux-sur-Sûre","Arrondissement Bastenaken","Arrondissement de Bastogne","Provincie Luxemburg","Province du Luxembourg","Waals Gewest","Région wallonne","<5"
"2020-04-10","83013","Erezée","Erezée","Arrondissement Marche-en-Famenne","Arrondissement de Marche-en-Famenne","Provincie Luxemburg","Province du Luxembourg","Waals Gewest","Région wallonne","<5"
"2020-04-10","83031","La Roche-en-Ardenne","La Roche-en-Ardenne","Arrondissement Marche-en-Famenne","Arrondissement de Marche-en-Famenne","Provincie Luxemburg","Province du Luxembourg","Waals Gewest","Région wallonne","<5"
"2020-04-10","83034","Marche-en-Famenne","Marche-en-Famenne","Arrondissement Marche-en-Famenne","Arrondissement de Marche-en-Famenne","Provincie Luxemburg","Province du Luxembourg","Waals Gewest","Région wallonne","<5"
"2020-04-10","83040","Nassogne","Nassogne","Arrondissement Marche-en-Famenne","Arrondissement de Marche-en-Famenne","Provincie Luxemburg","Province du Luxembourg","Waals Gewest","Région wallonne","<5"
"2020-04-10","83044","Rendeux","Rendeux","Arrondissement Marche-en-Famenne","Arrondissement de Marche-en-Famenne","Provincie Luxemburg","Province du Luxembourg","Waals Gewest","Région wallonne","<5"
"2020-04-10","84033","Léglise","Léglise","Arrondissement Neufchâteau","Arrondissement de Neufchâteau","Provincie Luxemburg","Province du Luxembourg","Waals Gewest","Région wallonne","<5"
"2020-04-10","84043","Neufchâteau (Neufchâteau)","Neufchâteau (Neufchâteau)","Arrondissement Neufchâteau","Arrondissement de Neufchâteau","Provincie Luxemburg","Province du Luxembourg","Waals Gewest","Région wallonne","<5"
"2020-04-10","84050","Paliseul","Paliseul","Arrondissement Neufchâteau","Arrondissement de Neufchâteau","Provincie Luxemburg","Province du Luxembourg","Waals Gewest","Région wallonne","<5"
"2020-04-10","84059","Saint-Hubert","Saint-Hubert","Arrondissement Neufchâteau","Arrondissement de Neufchâteau","Provincie Luxemburg","Province du Luxembourg","Waals Gewest","Région wallonne","<5"
"2020-04-10","84077","Libramont-Chevigny","Libramont-Chevigny","Arrondissement Neufchâteau","Arrondissement de Neufchâteau","Provincie Luxemburg","Province du Luxembourg","Waals Gewest","Région wallonne","<5"
"2020-04-10","85046","Habay","Habay","Arrondissement Virton","Arrondissement de Virton","Provincie Luxemburg","Province du Luxembourg","Waals Gewest","Région wallonne","<5"
"2020-04-10","85047","Rouvroy","Rouvroy","Arrondissement Virton","Arrondissement de Virton","Provincie Luxemburg","Province du Luxembourg","Waals Gewest","Région wallonne","<5"
"2020-04-10","91005","Anhée","Anhée","Arrondissement Dinant","Arrondissement de Dinant","Provincie Namen","Province de Namur","Waals Gewest","Région wallonne","<5"
"2020-04-10","91030","Ciney","Ciney","Arrondissement Dinant","Arrondissement de Dinant","Provincie Namen","Province de Namur","Waals Gewest","Région wallonne","5"
"2020-04-10","91034","Dinant","Dinant","Arrondissement Dinant","Arrondissement de Dinant","Provincie Namen","Province de Namur","Waals Gewest","Région wallonne","<5"
"2020-04-10","91059","Hamois","Hamois","Arrondissement Dinant","Arrondissement de Dinant","Provincie Namen","Province de Namur","Waals Gewest","Région wallonne","<5"
"2020-04-10","91064","Havelange","Havelange","Arrondissement Dinant","Arrondissement de Dinant","Provincie Namen","Province de Namur","Waals Gewest","Région wallonne","<5"
"2020-04-10","91114","Rochefort","Rochefort","Arrondissement Dinant","Arrondissement de Dinant","Provincie Namen","Province de Namur","Waals Gewest","Région wallonne","<5"
"2020-04-10","91141","Yvoir","Yvoir","Arrondissement Dinant","Arrondissement de Dinant","Provincie Namen","Province de Namur","Waals Gewest","Région wallonne","<5"
"2020-04-10","92048","Fosses-la-Ville","Fosses-la-Ville","Arrondissement Namen","Arrondissement de Namur","Provincie Namen","Province de Namur","Waals Gewest","Région wallonne","<5"
"2020-04-10","92094","Namen","Namur","Arrondissement Namen","Arrondissement de Namur","Provincie Namen","Province de Namur","Waals Gewest","Région wallonne","13"
"2020-04-10","92101","Profondeville","Profondeville","Arrondissement Namen","Arrondissement de Namur","Provincie Namen","Province de Namur","Waals Gewest","Région wallonne","<5"
"2020-04-10","92137","Sambreville","Sambreville","Arrondissement Namen","Arrondissement de Namur","Provincie Namen","Province de Namur","Waals Gewest","Région wallonne","5"
"2020-04-10","92140","Jemeppe-sur-Sambre","Jemeppe-sur-Sambre","Arrondissement Namen","Arrondissement de Namur","Provincie Namen","Province de Namur","Waals Gewest","Région wallonne","<5"
"2020-04-10","92142","Gembloux","Gembloux","Arrondissement Namen","Arrondissement de Namur","Provincie Namen","Province de Namur","Waals Gewest","Région wallonne","<5"
"2020-04-10","93014","Couvin","Couvin","Arrondissement Philippeville","Arrondissement de Philippeville","Provincie Namen","Province de Namur","Waals Gewest","Région wallonne","<5"
"2020-04-10","93022","Florennes","Florennes","Arrondissement Philippeville","Arrondissement de Philippeville","Provincie Namen","Province de Namur","Waals Gewest","Région wallonne","<5"
"2020-04-10","93090","Viroinval","Viroinval","Arrondissement Philippeville","Arrondissement de Philippeville","Provincie Namen","Province de Namur","Waals Gewest","Région wallonne","<5"
"2020-04-10",NA,NA,NA,NA,NA,NA,NA,NA,NA,"48"
"2020-04-11","11001","Aartselaar","Aartselaar","Arrondissement Antwerpen","Arrondissement d’Anvers","Provincie Antwerpen","Province d’Anvers","Vlaams Gewest","Région flamande","<5"
"2020-04-11","11002","Antwerpen","Anvers","Arrondissement Antwerpen","Arrondissement d’Anvers","Provincie Antwerpen","Province d’Anvers","Vlaams Gewest","Région flamande","13"
"2020-04-11","11016","Essen","Essen","Arrondissement Antwerpen","Arrondissement d’Anvers","Provincie Antwerpen","Province d’Anvers","Vlaams Gewest","Région flamande","<5"
"2020-04-11","11024","Kontich","Kontich","Arrondissement Antwerpen","Arrondissement d’Anvers","Provincie Antwerpen","Province d’Anvers","Vlaams Gewest","Région flamande","<5"
"2020-04-11","11029","Mortsel","Mortsel","Arrondissement Antwerpen","Arrondissement d’Anvers","Provincie Antwerpen","Province d’Anvers","Vlaams Gewest","Région flamande","<5"
"2020-04-11","11030","Niel","Niel","Arrondissement Antwerpen","Arrondissement d’Anvers","Provincie Antwerpen","Province d’Anvers","Vlaams Gewest","Région flamande","<5"
"2020-04-11","11037","Rumst","Rumst","Arrondissement Antwerpen","Arrondissement d’Anvers","Provincie Antwerpen","Province d’Anvers","Vlaams Gewest","Région flamande","<5"
"2020-04-11","11039","Schilde","Schilde","Arrondissement Antwerpen","Arrondissement d’Anvers","Provincie Antwerpen","Province d’Anvers","Vlaams Gewest","Région flamande","<5"
"2020-04-11","11040","Schoten","Schoten","Arrondissement Antwerpen","Arrondissement d’Anvers","Provincie Antwerpen","Province d’Anvers","Vlaams Gewest","Région flamande","<5"
"2020-04-11","11044","Stabroek","Stabroek","Arrondissement Antwerpen","Arrondissement d’Anvers","Provincie Antwerpen","Province d’Anvers","Vlaams Gewest","Région flamande","<5"
"2020-04-11","11053","Wuustwezel","Wuustwezel","Arrondissement Antwerpen","Arrondissement d’Anvers","Provincie Antwerpen","Province d’Anvers","Vlaams Gewest","Région flamande","<5"
"2020-04-11","11054","Zandhoven","Zandhoven","Arrondissement Antwerpen","Arrondissement d’Anvers","Provincie Antwerpen","Province d’Anvers","Vlaams Gewest","Région flamande","<5"
"2020-04-11","12007","Bornem","Bornem","Arrondissement Mechelen","Arrondissement de Malines","Provincie Antwerpen","Province d’Anvers","Vlaams Gewest","Région flamande","<5"
"2020-04-11","12009","Duffel","Duffel","Arrondissement Mechelen","Arrondissement de Malines","Provincie Antwerpen","Province d’Anvers","Vlaams Gewest","Région flamande","21"
"2020-04-11","12025","Mechelen","Malines","Arrondissement Mechelen","Arrondissement de Malines","Provincie Antwerpen","Province d’Anvers","Vlaams Gewest","Région flamande","5"
"2020-04-11","12026","Nijlen","Nijlen","Arrondissement Mechelen","Arrondissement de Malines","Provincie Antwerpen","Province d’Anvers","Vlaams Gewest","Région flamande","<5"
"2020-04-11","12035","Sint-Katelijne-Waver","Sint-Katelijne-Waver","Arrondissement Mechelen","Arrondissement de Malines","Provincie Antwerpen","Province d’Anvers","Vlaams Gewest","Région flamande","5"
"2020-04-11","12040","Willebroek","Willebroek","Arrondissement Mechelen","Arrondissement de Malines","Provincie Antwerpen","Province d’Anvers","Vlaams Gewest","Région flamande","6"
"2020-04-11","12041","Puurs-Sint-Amands","Puurs-Sint-Amands","Arrondissement Mechelen","Arrondissement de Malines","Provincie Antwerpen","Province d’Anvers","Vlaams Gewest","Région flamande","<5"
"2020-04-11","13003","Balen","Balen","Arrondissement Turnhout","Arrondissement de Turnhout","Provincie Antwerpen","Province d’Anvers","Vlaams Gewest","Région flamande","<5"
"2020-04-11","13010","Grobbendonk","Grobbendonk","Arrondissement Turnhout","Arrondissement de Turnhout","Provincie Antwerpen","Province d’Anvers","Vlaams Gewest","Région flamande","<5"
"2020-04-11","13011","Herentals","Herentals","Arrondissement Turnhout","Arrondissement de Turnhout","Provincie Antwerpen","Province d’Anvers","Vlaams Gewest","Région flamande","<5"
"2020-04-11","13013","Herselt","Herselt","Arrondissement Turnhout","Arrondissement de Turnhout","Provincie Antwerpen","Province d’Anvers","Vlaams Gewest","Région flamande","<5"
"2020-04-11","13016","Hulshout","Hulshout","Arrondissement Turnhout","Arrondissement de Turnhout","Provincie Antwerpen","Province d’Anvers","Vlaams Gewest","Région flamande","<5"
"2020-04-11","13017","Kasterlee","Kasterlee","Arrondissement Turnhout","Arrondissement de Turnhout","Provincie Antwerpen","Province d’Anvers","Vlaams Gewest","Région flamande","<5"
"2020-04-11","13019","Lille","Lille","Arrondissement Turnhout","Arrondissement de Turnhout","Provincie Antwerpen","Province d’Anvers","Vlaams Gewest","Région flamande","<5"
"2020-04-11","13021","Meerhout","Meerhout","Arrondissement Turnhout","Arrondissement de Turnhout","Provincie Antwerpen","Province d’Anvers","Vlaams Gewest","Région flamande","<5"
"2020-04-11","13025","Mol","Mol","Arrondissement Turnhout","Arrondissement de Turnhout","Provincie Antwerpen","Province d’Anvers","Vlaams Gewest","Région flamande","<5"
"2020-04-11","13029","Olen","Olen","Arrondissement Turnhout","Arrondissement de Turnhout","Provincie Antwerpen","Province d’Anvers","Vlaams Gewest","Région flamande","<5"
"2020-04-11","13044","Vorselaar","Vorselaar","Arrondissement Turnhout","Arrondissement de Turnhout","Provincie Antwerpen","Province d’Anvers","Vlaams Gewest","Région flamande","<5"
"2020-04-11","13049","Westerlo","Westerlo","Arrondissement Turnhout","Arrondissement de Turnhout","Provincie Antwerpen","Province d’Anvers","Vlaams Gewest","Région flamande","<5"
"2020-04-11","13053","Laakdal","Laakdal","Arrondissement Turnhout","Arrondissement de Turnhout","Provincie Antwerpen","Province d’Anvers","Vlaams Gewest","Région flamande","<5"
"2020-04-11","21001","Anderlecht","Anderlecht","Arrondissement Brussel-Hoofdstad","Arrondissement de Bruxelles-Capitale",NA,NA,"Brussels Hoofdstedelijk Gewest","Région de Bruxelles-Capitale","15"
"2020-04-11","21002","Oudergem","Auderghem","Arrondissement Brussel-Hoofdstad","Arrondissement de Bruxelles-Capitale",NA,NA,"Brussels Hoofdstedelijk Gewest","Région de Bruxelles-Capitale","<5"
"2020-04-11","21003","Sint-Agatha-Berchem","Berchem-Sainte-Agathe","Arrondissement Brussel-Hoofdstad","Arrondissement de Bruxelles-Capitale",NA,NA,"Brussels Hoofdstedelijk Gewest","Région de Bruxelles-Capitale","<5"
"2020-04-11","21004","Brussel","Bruxelles","Arrondissement Brussel-Hoofdstad","Arrondissement de Bruxelles-Capitale",NA,NA,"Brussels Hoofdstedelijk Gewest","Région de Bruxelles-Capitale","8"
"2020-04-11","21007","Vorst (Brussel-Hoofdstad)","Forest (Bruxelles-Capitale)","Arrondissement Brussel-Hoofdstad","Arrondissement de Bruxelles-Capitale",NA,NA,"Brussels Hoofdstedelijk Gewest","Région de Bruxelles-Capitale","<5"
"2020-04-11","21008","Ganshoren","Ganshoren","Arrondissement Brussel-Hoofdstad","Arrondissement de Bruxelles-Capitale",NA,NA,"Brussels Hoofdstedelijk Gewest","Région de Bruxelles-Capitale","<5"
"2020-04-11","21009","Elsene","Ixelles","Arrondissement Brussel-Hoofdstad","Arrondissement de Bruxelles-Capitale",NA,NA,"Brussels Hoofdstedelijk Gewest","Région de Bruxelles-Capitale","5"
"2020-04-11","21010","Jette","Jette","Arrondissement Brussel-Hoofdstad","Arrondissement de Bruxelles-Capitale",NA,NA,"Brussels Hoofdstedelijk Gewest","Région de Bruxelles-Capitale","8"
"2020-04-11","21012","Sint-Jans-Molenbeek","Molenbeek-Saint-Jean","Arrondissement Brussel-Hoofdstad","Arrondissement de Bruxelles-Capitale",NA,NA,"Brussels Hoofdstedelijk Gewest","Région de Bruxelles-Capitale","5"
"2020-04-11","21013","Sint-Gillis","Saint-Gilles","Arrondissement Brussel-Hoofdstad","Arrondissement de Bruxelles-Capitale",NA,NA,"Brussels Hoofdstedelijk Gewest","Région de Bruxelles-Capitale","6"
"2020-04-11","21014","Sint-Joost-ten-Node","Saint-Josse-ten-Noode","Arrondissement Brussel-Hoofdstad","Arrondissement de Bruxelles-Capitale",NA,NA,"Brussels Hoofdstedelijk Gewest","Région de Bruxelles-Capitale","<5"
"2020-04-11","21015","Schaarbeek","Schaerbeek","Arrondissement Brussel-Hoofdstad","Arrondissement de Bruxelles-Capitale",NA,NA,"Brussels Hoofdstedelijk Gewest","Région de Bruxelles-Capitale","<5"
"2020-04-11","21016","Ukkel","Uccle","Arrondissement Brussel-Hoofdstad","Arrondissement de Bruxelles-Capitale",NA,NA,"Brussels Hoofdstedelijk Gewest","Région de Bruxelles-Capitale","10"
"2020-04-11","21017","Watermaal-Bosvoorde","Watermael-Boitsfort","Arrondissement Brussel-Hoofdstad","Arrondissement de Bruxelles-Capitale",NA,NA,"Brussels Hoofdstedelijk Gewest","Région de Bruxelles-Capitale","<5"
"2020-04-11","21018","Sint-Lambrechts-Woluwe","Woluwe-Saint-Lambert","Arrondissement Brussel-Hoofdstad","Arrondissement de Bruxelles-Capitale",NA,NA,"Brussels Hoofdstedelijk Gewest","Région de Bruxelles-Capitale","<5"
"2020-04-11","21019","Sint-Pieters-Woluwe","Woluwe-Saint-Pierre","Arrondissement Brussel-Hoofdstad","Arrondissement de Bruxelles-Capitale",NA,NA,"Brussels Hoofdstedelijk Gewest","Région de Bruxelles-Capitale","<5"
"2020-04-11","23002","Asse","Asse","Arrondissement Halle-Vilvoorde","Arrondissement de Hal-Vilvorde","Provincie Vlaams-Brabant","Province du Brabant flamand","Vlaams Gewest","Région flamande","<5"
"2020-04-11","23003","Beersel","Beersel","Arrondissement Halle-Vilvoorde","Arrondissement de Hal-Vilvorde","Provincie Vlaams-Brabant","Province du Brabant flamand","Vlaams Gewest","Région flamande","<5"
"2020-04-11","23016","Dilbeek","Dilbeek","Arrondissement Halle-Vilvoorde","Arrondissement de Hal-Vilvorde","Provincie Vlaams-Brabant","Province du Brabant flamand","Vlaams Gewest","Région flamande","<5"
"2020-04-11","23024","Gooik","Gooik","Arrondissement Halle-Vilvoorde","Arrondissement de Hal-Vilvorde","Provincie Vlaams-Brabant","Province du Brabant flamand","Vlaams Gewest","Région flamande","<5"
"2020-04-11","23025","Grimbergen","Grimbergen","Arrondissement Halle-Vilvoorde","Arrondissement de Hal-Vilvorde","Provincie Vlaams-Brabant","Province du Brabant flamand","Vlaams Gewest","Région flamande","59"
"2020-04-11","23027","Halle (Halle-Vilvoorde)","Hal (Hal-Vilvorde)","Arrondissement Halle-Vilvoorde","Arrondissement de Hal-Vilvorde","Provincie Vlaams-Brabant","Province du Brabant flamand","Vlaams Gewest","Région flamande","7"
"2020-04-11","23033","Hoeilaart","Hoeilaart","Arrondissement Halle-Vilvoorde","Arrondissement de Hal-Vilvorde","Provincie Vlaams-Brabant","Province du Brabant flamand","Vlaams Gewest","Région flamande","<5"
"2020-04-11","23038","Kampenhout","Kampenhout","Arrondissement Halle-Vilvoorde","Arrondissement de Hal-Vilvorde","Provincie Vlaams-Brabant","Province du Brabant flamand","Vlaams Gewest","Région flamande","<5"
"2020-04-11","23039","Kapelle-op-den-Bos","Kapelle-op-den-Bos","Arrondissement Halle-Vilvoorde","Arrondissement de Hal-Vilvorde","Provincie Vlaams-Brabant","Province du Brabant flamand","Vlaams Gewest","Région flamande","9"
"2020-04-11","23044","Liedekerke","Liedekerke","Arrondissement Halle-Vilvoorde","Arrondissement de Hal-Vilvorde","Provincie Vlaams-Brabant","Province du Brabant flamand","Vlaams Gewest","Région flamande","<5"
"2020-04-11","23045","Londerzeel","Londerzeel","Arrondissement Halle-Vilvoorde","Arrondissement de Hal-Vilvorde","Provincie Vlaams-Brabant","Province du Brabant flamand","Vlaams Gewest","Région flamande","<5"
"2020-04-11","23050","Meise","Meise","Arrondissement Halle-Vilvoorde","Arrondissement de Hal-Vilvorde","Provincie Vlaams-Brabant","Province du Brabant flamand","Vlaams Gewest","Région flamande","<5"
"2020-04-11","23060","Opwijk","Opwijk","Arrondissement Halle-Vilvoorde","Arrondissement de Hal-Vilvorde","Provincie Vlaams-Brabant","Province du Brabant flamand","Vlaams Gewest","Région flamande","<5"
"2020-04-11","23062","Overijse","Overijse","Arrondissement Halle-Vilvoorde","Arrondissement de Hal-Vilvorde","Provincie Vlaams-Brabant","Province du Brabant flamand","Vlaams Gewest","Région flamande","<5"
"2020-04-11","23077","Sint-Pieters-Leeuw","Sint-Pieters-Leeuw","Arrondissement Halle-Vilvoorde","Arrondissement de Hal-Vilvorde","Provincie Vlaams-Brabant","Province du Brabant flamand","Vlaams Gewest","Région flamande","<5"
"2020-04-11","23088","Vilvoorde","Vilvorde","Arrondissement Halle-Vilvoorde","Arrondissement de Hal-Vilvorde","Provincie Vlaams-Brabant","Province du Brabant flamand","Vlaams Gewest","Région flamande","<5"
"2020-04-11","23094","Zaventem","Zaventem","Arrondissement Halle-Vilvoorde","Arrondissement de Hal-Vilvorde","Provincie Vlaams-Brabant","Province du Brabant flamand","Vlaams Gewest","Région flamande","<5"
"2020-04-11","23096","Zemst","Zemst","Arrondissement Halle-Vilvoorde","Arrondissement de Hal-Vilvorde","Provincie Vlaams-Brabant","Province du Brabant flamand","Vlaams Gewest","Région flamande","<5"
"2020-04-11","23099","Kraainem","Kraainem","Arrondissement Halle-Vilvoorde","Arrondissement de Hal-Vilvorde","Provincie Vlaams-Brabant","Province du Brabant flamand","Vlaams Gewest","Région flamande","<5"
"2020-04-11","23102","Wemmel","Wemmel","Arrondissement Halle-Vilvoorde","Arrondissement de Hal-Vilvorde","Provincie Vlaams-Brabant","Province du Brabant flamand","Vlaams Gewest","Région flamande","<5"
"2020-04-11","23103","Wezembeek-Oppem","Wezembeek-Oppem","Arrondissement Halle-Vilvoorde","Arrondissement de Hal-Vilvorde","Provincie Vlaams-Brabant","Province du Brabant flamand","Vlaams Gewest","Région flamande","<5"
"2020-04-11","23105","Affligem","Affligem","Arrondissement Halle-Vilvoorde","Arrondissement de Hal-Vilvorde","Provincie Vlaams-Brabant","Province du Brabant flamand","Vlaams Gewest","Région flamande","<5"
"2020-04-11","24007","Begijnendijk","Begijnendijk","Arrondissement Leuven","Arrondissement de Louvain","Provincie Vlaams-Brabant","Province du Brabant flamand","Vlaams Gewest","Région flamande","<5"
"2020-04-11","24008","Bekkevoort","Bekkevoort","Arrondissement Leuven","Arrondissement de Louvain","Provincie Vlaams-Brabant","Province du Brabant flamand","Vlaams Gewest","Région flamande","9"
"2020-04-11","24011","Bierbeek","Bierbeek","Arrondissement Leuven","Arrondissement de Louvain","Provincie Vlaams-Brabant","Province du Brabant flamand","Vlaams Gewest","Région flamande","<5"
"2020-04-11","24014","Boortmeerbeek","Boortmeerbeek","Arrondissement Leuven","Arrondissement de Louvain","Provincie Vlaams-Brabant","Province du Brabant flamand","Vlaams Gewest","Région flamande","<5"
"2020-04-11","24016","Boutersem","Boutersem","Arrondissement Leuven","Arrondissement de Louvain","Provincie Vlaams-Brabant","Province du Brabant flamand","Vlaams Gewest","Région flamande","<5"
"2020-04-11","24020","Diest","Diest","Arrondissement Leuven","Arrondissement de Louvain","Provincie Vlaams-Brabant","Province du Brabant flamand","Vlaams Gewest","Région flamande","5"
"2020-04-11","24028","Geetbets","Geetbets","Arrondissement Leuven","Arrondissement de Louvain","Provincie Vlaams-Brabant","Province du Brabant flamand","Vlaams Gewest","Région flamande","<5"
"2020-04-11","24038","Herent","Herent","Arrondissement Leuven","Arrondissement de Louvain","Provincie Vlaams-Brabant","Province du Brabant flamand","Vlaams Gewest","Région flamande","<5"
"2020-04-11","24041","Hoegaarden","Hoegaarden","Arrondissement Leuven","Arrondissement de Louvain","Provincie Vlaams-Brabant","Province du Brabant flamand","Vlaams Gewest","Région flamande","<5"
"2020-04-11","24054","Kortenaken","Kortenaken","Arrondissement Leuven","Arrondissement de Louvain","Provincie Vlaams-Brabant","Province du Brabant flamand","Vlaams Gewest","Région flamande","25"
"2020-04-11","24055","Kortenberg","Kortenberg","Arrondissement Leuven","Arrondissement de Louvain","Provincie Vlaams-Brabant","Province du Brabant flamand","Vlaams Gewest","Région flamande","<5"
"2020-04-11","24059","Landen","Landen","Arrondissement Leuven","Arrondissement de Louvain","Provincie Vlaams-Brabant","Province du Brabant flamand","Vlaams Gewest","Région flamande","<5"
"2020-04-11","24062","Leuven","Louvain","Arrondissement Leuven","Arrondissement de Louvain","Provincie Vlaams-Brabant","Province du Brabant flamand","Vlaams Gewest","Région flamande","<5"
"2020-04-11","24086","Oud-Heverlee","Oud-Heverlee","Arrondissement Leuven","Arrondissement de Louvain","Provincie Vlaams-Brabant","Province du Brabant flamand","Vlaams Gewest","Région flamande","<5"
"2020-04-11","24104","Tervuren","Tervuren","Arrondissement Leuven","Arrondissement de Louvain","Provincie Vlaams-Brabant","Province du Brabant flamand","Vlaams Gewest","Région flamande","<5"
"2020-04-11","24107","Tienen","Tirlemont","Arrondissement Leuven","Arrondissement de Louvain","Provincie Vlaams-Brabant","Province du Brabant flamand","Vlaams Gewest","Région flamande","16"
"2020-04-11","24130","Zoutleeuw","Léau","Arrondissement Leuven","Arrondissement de Louvain","Provincie Vlaams-Brabant","Province du Brabant flamand","Vlaams Gewest","Région flamande","<5"
"2020-04-11","24133","Linter","Linter","Arrondissement Leuven","Arrondissement de Louvain","Provincie Vlaams-Brabant","Province du Brabant flamand","Vlaams Gewest","Région flamande","<5"
"2020-04-11","24134","Scherpenheuvel-Zichem","Montaigu-Zichem","Arrondissement Leuven","Arrondissement de Louvain","Provincie Vlaams-Brabant","Province du Brabant flamand","Vlaams Gewest","Région flamande","<5"
"2020-04-11","24137","Glabbeek","Glabbeek","Arrondissement Leuven","Arrondissement de Louvain","Provincie Vlaams-Brabant","Province du Brabant flamand","Vlaams Gewest","Région flamande","<5"
"2020-04-11","25014","Eigenbrakel","Braine-l’Alleud","Arrondissement Nijvel","Arrondissement de Nivelles","Provincie Waals-Brabant","Province du Brabant wallon","Waals Gewest","Région wallonne","<5"
"2020-04-11","25015","Kasteelbrakel","Braine-le-Château","Arrondissement Nijvel","Arrondissement de Nivelles","Provincie Waals-Brabant","Province du Brabant wallon","Waals Gewest","Région wallonne","<5"
"2020-04-11","25043","Incourt","Incourt","Arrondissement Nijvel","Arrondissement de Nivelles","Provincie Waals-Brabant","Province du Brabant wallon","Waals Gewest","Région wallonne","<5"
"2020-04-11","25048","Geldenaken","Jodoigne","Arrondissement Nijvel","Arrondissement de Nivelles","Provincie Waals-Brabant","Province du Brabant wallon","Waals Gewest","Région wallonne","<5"
"2020-04-11","25050","Terhulpen","La Hulpe","Arrondissement Nijvel","Arrondissement de Nivelles","Provincie Waals-Brabant","Province du Brabant wallon","Waals Gewest","Région wallonne","<5"
"2020-04-11","25072","Nijvel","Nivelles","Arrondissement Nijvel","Arrondissement de Nivelles","Provincie Waals-Brabant","Province du Brabant wallon","Waals Gewest","Région wallonne","<5"
"2020-04-11","25084","Perwijs (Nijvel)","Perwez (Nivelles)","Arrondissement Nijvel","Arrondissement de Nivelles","Provincie Waals-Brabant","Province du Brabant wallon","Waals Gewest","Région wallonne","<5"
"2020-04-11","25105","Tubeke","Tubize","Arrondissement Nijvel","Arrondissement de Nivelles","Provincie Waals-Brabant","Province du Brabant wallon","Waals Gewest","Région wallonne","<5"
"2020-04-11","25110","Waterloo","Waterloo","Arrondissement Nijvel","Arrondissement de Nivelles","Provincie Waals-Brabant","Province du Brabant wallon","Waals Gewest","Région wallonne","<5"
"2020-04-11","25112","Waver","Wavre","Arrondissement Nijvel","Arrondissement de Nivelles","Provincie Waals-Brabant","Province du Brabant wallon","Waals Gewest","Région wallonne","<5"
"2020-04-11","25119","Lasne","Lasne","Arrondissement Nijvel","Arrondissement de Nivelles","Provincie Waals-Brabant","Province du Brabant wallon","Waals Gewest","Région wallonne","<5"
"2020-04-11","31004","Blankenberge","Blankenberge","Arrondissement Brugge","Arrondissement de Bruges","Provincie West-Vlaanderen","Province de Flandre occidentale","Vlaams Gewest","Région flamande","<5"
"2020-04-11","31005","Brugge","Bruges","Arrondissement Brugge","Arrondissement de Bruges","Provincie West-Vlaanderen","Province de Flandre occidentale","Vlaams Gewest","Région flamande","<5"
"2020-04-11","31006","Damme","Damme","Arrondissement Brugge","Arrondissement de Bruges","Provincie West-Vlaanderen","Province de Flandre occidentale","Vlaams Gewest","Région flamande","<5"
"2020-04-11","31012","Jabbeke","Jabbeke","Arrondissement Brugge","Arrondissement de Bruges","Provincie West-Vlaanderen","Province de Flandre occidentale","Vlaams Gewest","Région flamande","<5"
"2020-04-11","31033","Torhout","Torhout","Arrondissement Brugge","Arrondissement de Bruges","Provincie West-Vlaanderen","Province de Flandre occidentale","Vlaams Gewest","Région flamande","<5"
"2020-04-11","31040","Zedelgem","Zedelgem","Arrondissement Brugge","Arrondissement de Bruges","Provincie West-Vlaanderen","Province de Flandre occidentale","Vlaams Gewest","Région flamande","<5"
"2020-04-11","31043","Knokke-Heist","Knokke-Heist","Arrondissement Brugge","Arrondissement de Bruges","Provincie West-Vlaanderen","Province de Flandre occidentale","Vlaams Gewest","Région flamande","<5"
"2020-04-11","32003","Diksmuide","Dixmude","Arrondissement Diksmuide","Arrondissement de Dixmude","Provincie West-Vlaanderen","Province de Flandre occidentale","Vlaams Gewest","Région flamande","<5"
"2020-04-11","32011","Kortemark","Kortemark","Arrondissement Diksmuide","Arrondissement de Dixmude","Provincie West-Vlaanderen","Province de Flandre occidentale","Vlaams Gewest","Région flamande","<5"
"2020-04-11","32030","Lo-Reninge","Lo-Reninge","Arrondissement Diksmuide","Arrondissement de Dixmude","Provincie West-Vlaanderen","Province de Flandre occidentale","Vlaams Gewest","Région flamande","<5"
"2020-04-11","33011","Ieper","Ypres","Arrondissement Ieper","Arrondissement d’Ypres","Provincie West-Vlaanderen","Province de Flandre occidentale","Vlaams Gewest","Région flamande","11"
"2020-04-11","33021","Poperinge","Poperinge","Arrondissement Ieper","Arrondissement d’Ypres","Provincie West-Vlaanderen","Province de Flandre occidentale","Vlaams Gewest","Région flamande","<5"
"2020-04-11","33040","Langemark-Poelkapelle","Langemark-Poelkapelle","Arrondissement Ieper","Arrondissement d’Ypres","Provincie West-Vlaanderen","Province de Flandre occidentale","Vlaams Gewest","Région flamande","<5"
"2020-04-11","34002","Anzegem","Anzegem","Arrondissement Kortrijk","Arrondissement de Courtrai","Provincie West-Vlaanderen","Province de Flandre occidentale","Vlaams Gewest","Région flamande","<5"
"2020-04-11","34003","Avelgem","Avelgem","Arrondissement Kortrijk","Arrondissement de Courtrai","Provincie West-Vlaanderen","Province de Flandre occidentale","Vlaams Gewest","Région flamande","<5"
"2020-04-11","34013","Harelbeke","Harelbeke","Arrondissement Kortrijk","Arrondissement de Courtrai","Provincie West-Vlaanderen","Province de Flandre occidentale","Vlaams Gewest","Région flamande","<5"
"2020-04-11","34022","Kortrijk","Courtrai","Arrondissement Kortrijk","Arrondissement de Courtrai","Provincie West-Vlaanderen","Province de Flandre occidentale","Vlaams Gewest","Région flamande","11"
"2020-04-11","34023","Kuurne","Kuurne","Arrondissement Kortrijk","Arrondissement de Courtrai","Provincie West-Vlaanderen","Province de Flandre occidentale","Vlaams Gewest","Région flamande","<5"
"2020-04-11","34027","Menen","Menin","Arrondissement Kortrijk","Arrondissement de Courtrai","Provincie West-Vlaanderen","Province de Flandre occidentale","Vlaams Gewest","Région flamande","<5"
"2020-04-11","34040","Waregem","Waregem","Arrondissement Kortrijk","Arrondissement de Courtrai","Provincie West-Vlaanderen","Province de Flandre occidentale","Vlaams Gewest","Région flamande","114"
"2020-04-11","35002","Bredene","Bredene","Arrondissement Oostende","Arrondissement d’Ostende","Provincie West-Vlaanderen","Province de Flandre occidentale","Vlaams Gewest","Région flamande","6"
"2020-04-11","35005","Gistel","Gistel","Arrondissement Oostende","Arrondissement d’Ostende","Provincie West-Vlaanderen","Province de Flandre occidentale","Vlaams Gewest","Région flamande","<5"
"2020-04-11","35011","Middelkerke","Middelkerke","Arrondissement Oostende","Arrondissement d’Ostende","Provincie West-Vlaanderen","Province de Flandre occidentale","Vlaams Gewest","Région flamande","<5"
"2020-04-11","35013","Oostende","Ostende","Arrondissement Oostende","Arrondissement d’Ostende","Provincie West-Vlaanderen","Province de Flandre occidentale","Vlaams Gewest","Région flamande","<5"
"2020-04-11","35014","Oudenburg","Oudenburg","Arrondissement Oostende","Arrondissement d’Ostende","Provincie West-Vlaanderen","Province de Flandre occidentale","Vlaams Gewest","Région flamande","<5"
"2020-04-11","35029","De Haan","De Haan","Arrondissement Oostende","Arrondissement d’Ostende","Provincie West-Vlaanderen","Province de Flandre occidentale","Vlaams Gewest","Région flamande","<5"
"2020-04-11","36007","Ingelmunster","Ingelmunster","Arrondissement Roeselare","Arrondissement de Roulers","Provincie West-Vlaanderen","Province de Flandre occidentale","Vlaams Gewest","Région flamande","<5"
"2020-04-11","36008","Izegem","Izegem","Arrondissement Roeselare","Arrondissement de Roulers","Provincie West-Vlaanderen","Province de Flandre occidentale","Vlaams Gewest","Région flamande","<5"
"2020-04-11","36015","Roeselare","Roulers","Arrondissement Roeselare","Arrondissement de Roulers","Provincie West-Vlaanderen","Province de Flandre occidentale","Vlaams Gewest","Région flamande","<5"
"2020-04-11","36019","Staden","Staden","Arrondissement Roeselare","Arrondissement de Roulers","Provincie West-Vlaanderen","Province de Flandre occidentale","Vlaams Gewest","Région flamande","<5"
"2020-04-11","37012","Ruiselede","Ruiselede","Arrondissement Tielt","Arrondissement de Tielt","Provincie West-Vlaanderen","Province de Flandre occidentale","Vlaams Gewest","Région flamande","<5"
"2020-04-11","37015","Tielt (Tielt)","Tielt (Tielt)","Arrondissement Tielt","Arrondissement de Tielt","Provincie West-Vlaanderen","Province de Flandre occidentale","Vlaams Gewest","Région flamande","<5"
"2020-04-11","37017","Wielsbeke","Wielsbeke","Arrondissement Tielt","Arrondissement de Tielt","Provincie West-Vlaanderen","Province de Flandre occidentale","Vlaams Gewest","Région flamande","<5"
"2020-04-11","38002","Alveringem","Alveringem","Arrondissement Veurne","Arrondissement de Furnes","Provincie West-Vlaanderen","Province de Flandre occidentale","Vlaams Gewest","Région flamande","<5"
"2020-04-11","38014","Koksijde","Koksijde","Arrondissement Veurne","Arrondissement de Furnes","Provincie West-Vlaanderen","Province de Flandre occidentale","Vlaams Gewest","Région flamande","<5"
"2020-04-11","38025","Veurne","Furnes","Arrondissement Veurne","Arrondissement de Furnes","Provincie West-Vlaanderen","Province de Flandre occidentale","Vlaams Gewest","Région flamande","<5"
"2020-04-11","41002","Aalst (Aalst)","Alost (Alost)","Arrondissement Aalst","Arrondissement d’Alost","Provincie Oost-Vlaanderen","Province de Flandre orientale","Vlaams Gewest","Région flamande","11"
"2020-04-11","41011","Denderleeuw","Denderleeuw","Arrondissement Aalst","Arrondissement d’Alost","Provincie Oost-Vlaanderen","Province de Flandre orientale","Vlaams Gewest","Région flamande","5"
"2020-04-11","41018","Geraardsbergen","Grammont","Arrondissement Aalst","Arrondissement d’Alost","Provincie Oost-Vlaanderen","Province de Flandre orientale","Vlaams Gewest","Région flamande","<5"
"2020-04-11","41024","Haaltert","Haaltert","Arrondissement Aalst","Arrondissement d’Alost","Provincie Oost-Vlaanderen","Province de Flandre orientale","Vlaams Gewest","Région flamande","<5"
"2020-04-11","41034","Lede","Lede","Arrondissement Aalst","Arrondissement d’Alost","Provincie Oost-Vlaanderen","Province de Flandre orientale","Vlaams Gewest","Région flamande","<5"
"2020-04-11","41048","Ninove","Ninove","Arrondissement Aalst","Arrondissement d’Alost","Provincie Oost-Vlaanderen","Province de Flandre orientale","Vlaams Gewest","Région flamande","<5"
"2020-04-11","41082","Erpe-Mere","Erpe-Mere","Arrondissement Aalst","Arrondissement d’Alost","Provincie Oost-Vlaanderen","Province de Flandre orientale","Vlaams Gewest","Région flamande","<5"
"2020-04-11","42003","Berlare","Berlare","Arrondissement Dendermonde","Arrondissement de Termonde","Provincie Oost-Vlaanderen","Province de Flandre orientale","Vlaams Gewest","Région flamande","<5"
"2020-04-11","42006","Dendermonde","Termonde","Arrondissement Dendermonde","Arrondissement de Termonde","Provincie Oost-Vlaanderen","Province de Flandre orientale","Vlaams Gewest","Région flamande","<5"
"2020-04-11","42008","Hamme (Dendermonde)","Hamme (Termonde)","Arrondissement Dendermonde","Arrondissement de Termonde","Provincie Oost-Vlaanderen","Province de Flandre orientale","Vlaams Gewest","Région flamande","<5"
"2020-04-11","42010","Laarne","Laarne","Arrondissement Dendermonde","Arrondissement de Termonde","Provincie Oost-Vlaanderen","Province de Flandre orientale","Vlaams Gewest","Région flamande","<5"
"2020-04-11","42025","Wetteren","Wetteren","Arrondissement Dendermonde","Arrondissement de Termonde","Provincie Oost-Vlaanderen","Province de Flandre orientale","Vlaams Gewest","Région flamande","<5"
"2020-04-11","42028","Zele","Zele","Arrondissement Dendermonde","Arrondissement de Termonde","Provincie Oost-Vlaanderen","Province de Flandre orientale","Vlaams Gewest","Région flamande","<5"
"2020-04-11","43002","Assenede","Assenede","Arrondissement Eeklo","Arrondissement d’Eeklo","Provincie Oost-Vlaanderen","Province de Flandre orientale","Vlaams Gewest","Région flamande","<5"
"2020-04-11","43005","Eeklo","Eeklo","Arrondissement Eeklo","Arrondissement d’Eeklo","Provincie Oost-Vlaanderen","Province de Flandre orientale","Vlaams Gewest","Région flamande","<5"
"2020-04-11","43007","Kaprijke","Kaprijke","Arrondissement Eeklo","Arrondissement d’Eeklo","Provincie Oost-Vlaanderen","Province de Flandre orientale","Vlaams Gewest","Région flamande","<5"
"2020-04-11","43018","Zelzate","Zelzate","Arrondissement Eeklo","Arrondissement d’Eeklo","Provincie Oost-Vlaanderen","Province de Flandre orientale","Vlaams Gewest","Région flamande","<5"
"2020-04-11","44013","Destelbergen","Destelbergen","Arrondissement Gent","Arrondissement de Gand","Provincie Oost-Vlaanderen","Province de Flandre orientale","Vlaams Gewest","Région flamande","<5"
"2020-04-11","44021","Gent","Gand","Arrondissement Gent","Arrondissement de Gand","Provincie Oost-Vlaanderen","Province de Flandre orientale","Vlaams Gewest","Région flamande","5"
"2020-04-11","44034","Lochristi","Lochristi","Arrondissement Gent","Arrondissement de Gand","Provincie Oost-Vlaanderen","Province de Flandre orientale","Vlaams Gewest","Région flamande","<5"
"2020-04-11","44043","Merelbeke","Merelbeke","Arrondissement Gent","Arrondissement de Gand","Provincie Oost-Vlaanderen","Province de Flandre orientale","Vlaams Gewest","Région flamande","<5"
"2020-04-11","44052","Oosterzele","Oosterzele","Arrondissement Gent","Arrondissement de Gand","Provincie Oost-Vlaanderen","Province de Flandre orientale","Vlaams Gewest","Région flamande","<5"
"2020-04-11","44064","Sint-Martens-Latem","Sint-Martens-Latem","Arrondissement Gent","Arrondissement de Gand","Provincie Oost-Vlaanderen","Province de Flandre orientale","Vlaams Gewest","Région flamande","<5"
"2020-04-11","44081","Zulte","Zulte","Arrondissement Gent","Arrondissement de Gand","Provincie Oost-Vlaanderen","Province de Flandre orientale","Vlaams Gewest","Région flamande","<5"
"2020-04-11","44083","Deinze","Deinze","Arrondissement Gent","Arrondissement de Gand","Provincie Oost-Vlaanderen","Province de Flandre orientale","Vlaams Gewest","Région flamande","<5"
"2020-04-11","44085","Lievegem","Lievegem","Arrondissement Gent","Arrondissement de Gand","Provincie Oost-Vlaanderen","Province de Flandre orientale","Vlaams Gewest","Région flamande","<5"
"2020-04-11","45035","Oudenaarde","Audenarde","Arrondissement Oudenaarde","Arrondissement d’Audenarde","Provincie Oost-Vlaanderen","Province de Flandre orientale","Vlaams Gewest","Région flamande","<5"
"2020-04-11","45041","Ronse","Renaix","Arrondissement Oudenaarde","Arrondissement d’Audenarde","Provincie Oost-Vlaanderen","Province de Flandre orientale","Vlaams Gewest","Région flamande","10"
"2020-04-11","46003","Beveren (Sint-Niklaas)","Beveren (Saint-Nicolas)","Arrondissement Sint-Niklaas","Arrondissement de Saint-Nicolas","Provincie Oost-Vlaanderen","Province de Flandre orientale","Vlaams Gewest","Région flamande","<5"
"2020-04-11","46013","Kruibeke","Kruibeke","Arrondissement Sint-Niklaas","Arrondissement de Saint-Nicolas","Provincie Oost-Vlaanderen","Province de Flandre orientale","Vlaams Gewest","Région flamande","<5"
"2020-04-11","46014","Lokeren","Lokeren","Arrondissement Sint-Niklaas","Arrondissement de Saint-Nicolas","Provincie Oost-Vlaanderen","Province de Flandre orientale","Vlaams Gewest","Région flamande","<5"
"2020-04-11","46020","Sint-Gillis-Waas","Sint-Gillis-Waas","Arrondissement Sint-Niklaas","Arrondissement de Saint-Nicolas","Provincie Oost-Vlaanderen","Province de Flandre orientale","Vlaams Gewest","Région flamande","<5"
"2020-04-11","46021","Sint-Niklaas (Sint-Niklaas)","Saint-Nicolas (Saint-Nicolas)","Arrondissement Sint-Niklaas","Arrondissement de Saint-Nicolas","Provincie Oost-Vlaanderen","Province de Flandre orientale","Vlaams Gewest","Région flamande","10"
"2020-04-11","46025","Temse","Tamise","Arrondissement Sint-Niklaas","Arrondissement de Saint-Nicolas","Provincie Oost-Vlaanderen","Province de Flandre orientale","Vlaams Gewest","Région flamande","<5"
"2020-04-11","51004","Aat","Ath","Arrondissement Aat","Arrondissement d’Ath","Provincie Henegouwen","Province du Hainaut","Waals Gewest","Région wallonne","<5"
"2020-04-11","51008","Beloeil","Beloeil","Arrondissement Aat","Arrondissement d’Ath","Provincie Henegouwen","Province du Hainaut","Waals Gewest","Région wallonne","<5"
"2020-04-11","51009","Bernissart","Bernissart","Arrondissement Aat","Arrondissement d’Ath","Provincie Henegouwen","Province du Hainaut","Waals Gewest","Région wallonne","<5"
"2020-04-11","51017","Elzele","Ellezelles","Arrondissement Aat","Arrondissement d’Ath","Provincie Henegouwen","Province du Hainaut","Waals Gewest","Région wallonne","<5"
"2020-04-11","51065","Frasnes-lez-Anvaing","Frasnes-lez-Anvaing","Arrondissement Aat","Arrondissement d’Ath","Provincie Henegouwen","Province du Hainaut","Waals Gewest","Région wallonne","<5"
"2020-04-11","51067","Edingen","Enghien","Arrondissement Aat","Arrondissement d’Ath","Provincie Henegouwen","Province du Hainaut","Waals Gewest","Région wallonne","<5"
"2020-04-11","51068","Opzullik","Silly","Arrondissement Aat","Arrondissement d’Ath","Provincie Henegouwen","Province du Hainaut","Waals Gewest","Région wallonne","<5"
"2020-04-11","52011","Charleroi","Charleroi","Arrondissement Charleroi","Arrondissement de Charleroi","Provincie Henegouwen","Province du Hainaut","Waals Gewest","Région wallonne","7"
"2020-04-11","52015","Courcelles","Courcelles","Arrondissement Charleroi","Arrondissement de Charleroi","Provincie Henegouwen","Province du Hainaut","Waals Gewest","Région wallonne","<5"
"2020-04-11","52021","Fleurus","Fleurus","Arrondissement Charleroi","Arrondissement de Charleroi","Provincie Henegouwen","Province du Hainaut","Waals Gewest","Région wallonne","<5"
"2020-04-11","52022","Fontaine-l’Evêque","Fontaine-l’Evêque","Arrondissement Charleroi","Arrondissement de Charleroi","Provincie Henegouwen","Province du Hainaut","Waals Gewest","Région wallonne","<5"
"2020-04-11","52075","Les Bons Villers","Les Bons Villers","Arrondissement Charleroi","Arrondissement de Charleroi","Provincie Henegouwen","Province du Hainaut","Waals Gewest","Région wallonne","<5"
"2020-04-11","53028","Frameries","Frameries","Arrondissement Bergen","Arrondissement de Mons","Provincie Henegouwen","Province du Hainaut","Waals Gewest","Région wallonne","<5"
"2020-04-11","53039","Hensies","Hensies","Arrondissement Bergen","Arrondissement de Mons","Provincie Henegouwen","Province du Hainaut","Waals Gewest","Région wallonne","<5"
"2020-04-11","53053","Bergen","Mons","Arrondissement Bergen","Arrondissement de Mons","Provincie Henegouwen","Province du Hainaut","Waals Gewest","Région wallonne","10"
"2020-04-11","53083","Honnelles","Honnelles","Arrondissement Bergen","Arrondissement de Mons","Provincie Henegouwen","Province du Hainaut","Waals Gewest","Région wallonne","<5"
"2020-04-11","55035","Le Roeulx","Le Roeulx","Arrondissement Zinnik","Arrondissement de Soignies","Provincie Henegouwen","Province du Hainaut","Waals Gewest","Région wallonne","<5"
"2020-04-11","55040","Zinnik","Soignies","Arrondissement Zinnik","Arrondissement de Soignies","Provincie Henegouwen","Province du Hainaut","Waals Gewest","Région wallonne","<5"
"2020-04-11","55050","Ecaussinnes","Ecaussinnes","Arrondissement Zinnik","Arrondissement de Soignies","Provincie Henegouwen","Province du Hainaut","Waals Gewest","Région wallonne","<5"
"2020-04-11","55086","Manage","Manage","Arrondissement Zinnik","Arrondissement de Soignies","Provincie Henegouwen","Province du Hainaut","Waals Gewest","Région wallonne","<5"
"2020-04-11","56001","Anderlues","Anderlues","Arrondissement Thuin","Arrondissement de Thuin","Provincie Henegouwen","Province du Hainaut","Waals Gewest","Région wallonne","<5"
"2020-04-11","57062","Pecq","Pecq","Arrondissement Doornik-Moeskroen","Arrondissement de Tournai-Mouscron","Provincie Henegouwen","Province du Hainaut","Waals Gewest","Région wallonne","<5"
"2020-04-11","57064","Péruwelz","Péruwelz","Arrondissement Doornik-Moeskroen","Arrondissement de Tournai-Mouscron","Provincie Henegouwen","Province du Hainaut","Waals Gewest","Région wallonne","<5"
"2020-04-11","57093","Brunehaut","Brunehaut","Arrondissement Doornik-Moeskroen","Arrondissement de Tournai-Mouscron","Provincie Henegouwen","Province du Hainaut","Waals Gewest","Région wallonne","<5"
"2020-04-11","57094","Leuze-en-Hainaut","Leuze-en-Hainaut","Arrondissement Doornik-Moeskroen","Arrondissement de Tournai-Mouscron","Provincie Henegouwen","Province du Hainaut","Waals Gewest","Région wallonne","<5"
"2020-04-11","57096","Moeskroen","Mouscron","Arrondissement Doornik-Moeskroen","Arrondissement de Tournai-Mouscron","Provincie Henegouwen","Province du Hainaut","Waals Gewest","Région wallonne","<5"
"2020-04-11","58001","La Louvière","La Louvière","Arrondissement La Louvière","Arrondissement de La Louvière","Provincie Henegouwen","Province du Hainaut","Waals Gewest","Région wallonne","<5"
"2020-04-11","58002","Binche","Binche","Arrondissement La Louvière","Arrondissement de La Louvière","Provincie Henegouwen","Province du Hainaut","Waals Gewest","Région wallonne","<5"
"2020-04-11","61003","Amay","Amay","Arrondissement Hoei","Arrondissement de Huy","Provincie Luik","Province de Liège","Waals Gewest","Région wallonne","<5"
"2020-04-11","61031","Hoei","Huy","Arrondissement Hoei","Arrondissement de Huy","Provincie Luik","Province de Liège","Waals Gewest","Région wallonne","<5"
"2020-04-11","61043","Nandrin","Nandrin","Arrondissement Hoei","Arrondissement de Huy","Provincie Luik","Province de Liège","Waals Gewest","Région wallonne","<5"
"2020-04-11","62003","Ans","Ans","Arrondissement Luik","Arrondissement de Liège","Provincie Luik","Province de Liège","Waals Gewest","Région wallonne","<5"
"2020-04-11","62006","Awans","Awans","Arrondissement Luik","Arrondissement de Liège","Provincie Luik","Province de Liège","Waals Gewest","Région wallonne","<5"
"2020-04-11","62009","Aywaille","Aywaille","Arrondissement Luik","Arrondissement de Liège","Provincie Luik","Province de Liège","Waals Gewest","Région wallonne","<5"
"2020-04-11","62011","Bitsingen","Bassenge","Arrondissement Luik","Arrondissement de Liège","Provincie Luik","Province de Liège","Waals Gewest","Région wallonne","<5"
"2020-04-11","62015","Beyne-Heusay","Beyne-Heusay","Arrondissement Luik","Arrondissement de Liège","Provincie Luik","Province de Liège","Waals Gewest","Région wallonne","<5"
"2020-04-11","62022","Chaudfontaine","Chaudfontaine","Arrondissement Luik","Arrondissement de Liège","Provincie Luik","Province de Liège","Waals Gewest","Région wallonne","6"
"2020-04-11","62032","Esneux","Esneux","Arrondissement Luik","Arrondissement de Liège","Provincie Luik","Province de Liège","Waals Gewest","Région wallonne","<5"
"2020-04-11","62051","Herstal","Herstal","Arrondissement Luik","Arrondissement de Liège","Provincie Luik","Province de Liège","Waals Gewest","Région wallonne","<5"
"2020-04-11","62060","Juprelle","Juprelle","Arrondissement Luik","Arrondissement de Liège","Provincie Luik","Province de Liège","Waals Gewest","Région wallonne","<5"
"2020-04-11","62063","Luik","Liège","Arrondissement Luik","Arrondissement de Liège","Provincie Luik","Province de Liège","Waals Gewest","Région wallonne","15"
"2020-04-11","62079","Oupeye","Oupeye","Arrondissement Luik","Arrondissement de Liège","Provincie Luik","Province de Liège","Waals Gewest","Région wallonne","<5"
"2020-04-11","62093","Saint-Nicolas (Luik)","Saint-Nicolas (Liège)","Arrondissement Luik","Arrondissement de Liège","Provincie Luik","Province de Liège","Waals Gewest","Région wallonne","<5"
"2020-04-11","62096","Seraing","Seraing","Arrondissement Luik","Arrondissement de Liège","Provincie Luik","Province de Liège","Waals Gewest","Région wallonne","<5"
"2020-04-11","62099","Soumagne","Soumagne","Arrondissement Luik","Arrondissement de Liège","Provincie Luik","Province de Liège","Waals Gewest","Région wallonne","<5"
"2020-04-11","62100","Sprimont","Sprimont","Arrondissement Luik","Arrondissement de Liège","Provincie Luik","Province de Liège","Waals Gewest","Région wallonne","<5"
"2020-04-11","62108","Wezet","Visé","Arrondissement Luik","Arrondissement de Liège","Provincie Luik","Province de Liège","Waals Gewest","Région wallonne","<5"
"2020-04-11","62118","Grâce-Hollogne","Grâce-Hollogne","Arrondissement Luik","Arrondissement de Liège","Provincie Luik","Province de Liège","Waals Gewest","Région wallonne","5"
"2020-04-11","62119","Blegny","Blegny","Arrondissement Luik","Arrondissement de Liège","Provincie Luik","Province de Liège","Waals Gewest","Région wallonne","<5"
"2020-04-11","62120","Flémalle","Flémalle","Arrondissement Luik","Arrondissement de Liège","Provincie Luik","Province de Liège","Waals Gewest","Région wallonne","<5"
"2020-04-11","62122","Trooz","Trooz","Arrondissement Luik","Arrondissement de Liège","Provincie Luik","Province de Liège","Waals Gewest","Région wallonne","<5"
"2020-04-11","63003","Aubel","Aubel","Arrondissement Verviers","Arrondissement de Verviers","Provincie Luik","Province de Liège","Waals Gewest","Région wallonne","<5"
"2020-04-11","63013","Bütgenbach","Butgenbach","Arrondissement Verviers","Arrondissement de Verviers","Provincie Luik","Province de Liège","Waals Gewest","Région wallonne","<5"
"2020-04-11","63035","Herve","Herve","Arrondissement Verviers","Arrondissement de Verviers","Provincie Luik","Province de Liège","Waals Gewest","Région wallonne","<5"
"2020-04-11","63038","Jalhay","Jalhay","Arrondissement Verviers","Arrondissement de Verviers","Provincie Luik","Province de Liège","Waals Gewest","Région wallonne","<5"
"2020-04-11","63046","Limburg","Limbourg","Arrondissement Verviers","Arrondissement de Verviers","Provincie Luik","Province de Liège","Waals Gewest","Région wallonne","<5"
"2020-04-11","63049","Malmedy","Malmedy","Arrondissement Verviers","Arrondissement de Verviers","Provincie Luik","Province de Liège","Waals Gewest","Région wallonne","7"
"2020-04-11","63058","Pepinster","Pepinster","Arrondissement Verviers","Arrondissement de Verviers","Provincie Luik","Province de Liège","Waals Gewest","Région wallonne","<5"
"2020-04-11","63061","Raeren","Raeren","Arrondissement Verviers","Arrondissement de Verviers","Provincie Luik","Province de Liège","Waals Gewest","Région wallonne","<5"
"2020-04-11","63067","Sankt Vith","Saint-Vith","Arrondissement Verviers","Arrondissement de Verviers","Provincie Luik","Province de Liège","Waals Gewest","Région wallonne","<5"
"2020-04-11","63072","Spa","Spa","Arrondissement Verviers","Arrondissement de Verviers","Provincie Luik","Province de Liège","Waals Gewest","Région wallonne","<5"
"2020-04-11","63073","Stavelot","Stavelot","Arrondissement Verviers","Arrondissement de Verviers","Provincie Luik","Province de Liège","Waals Gewest","Région wallonne","<5"
"2020-04-11","63076","Theux","Theux","Arrondissement Verviers","Arrondissement de Verviers","Provincie Luik","Province de Liège","Waals Gewest","Région wallonne","16"
"2020-04-11","63079","Verviers","Verviers","Arrondissement Verviers","Arrondissement de Verviers","Provincie Luik","Province de Liège","Waals Gewest","Région wallonne","17"
"2020-04-11","63084","Welkenraedt","Welkenraedt","Arrondissement Verviers","Arrondissement de Verviers","Provincie Luik","Province de Liège","Waals Gewest","Région wallonne","<5"
"2020-04-11","63088","Plombières","Plombières","Arrondissement Verviers","Arrondissement de Verviers","Provincie Luik","Province de Liège","Waals Gewest","Région wallonne","6"
"2020-04-11","63089","Thimister-Clermont","Thimister-Clermont","Arrondissement Verviers","Arrondissement de Verviers","Provincie Luik","Province de Liège","Waals Gewest","Région wallonne","<5"
"2020-04-11","64008","Berloz","Berloz","Arrondissement Borgworm","Arrondissement de Waremme","Provincie Luik","Province de Liège","Waals Gewest","Région wallonne","<5"
"2020-04-11","64021","Crisnée","Crisnée","Arrondissement Borgworm","Arrondissement de Waremme","Provincie Luik","Province de Liège","Waals Gewest","Région wallonne","<5"
"2020-04-11","64029","Geer","Geer","Arrondissement Borgworm","Arrondissement de Waremme","Provincie Luik","Province de Liège","Waals Gewest","Région wallonne","<5"
"2020-04-11","64034","Hannuit","Hannut","Arrondissement Borgworm","Arrondissement de Waremme","Provincie Luik","Province de Liège","Waals Gewest","Région wallonne","<5"
"2020-04-11","64063","Remicourt","Remicourt","Arrondissement Borgworm","Arrondissement de Waremme","Provincie Luik","Province de Liège","Waals Gewest","Région wallonne","<5"
"2020-04-11","64076","Faimes","Faimes","Arrondissement Borgworm","Arrondissement de Waremme","Provincie Luik","Province de Liège","Waals Gewest","Région wallonne","<5"
"2020-04-11","71002","As","As","Arrondissement Hasselt","Arrondissement de Hasselt","Provincie Limburg","Province du Limbourg","Vlaams Gewest","Région flamande","<5"
"2020-04-11","71004","Beringen","Beringen","Arrondissement Hasselt","Arrondissement de Hasselt","Provincie Limburg","Province du Limbourg","Vlaams Gewest","Région flamande","<5"
"2020-04-11","71011","Diepenbeek","Diepenbeek","Arrondissement Hasselt","Arrondissement de Hasselt","Provincie Limburg","Province du Limbourg","Vlaams Gewest","Région flamande","<5"
"2020-04-11","71016","Genk","Genk","Arrondissement Hasselt","Arrondissement de Hasselt","Provincie Limburg","Province du Limbourg","Vlaams Gewest","Région flamande","12"
"2020-04-11","71017","Gingelom","Gingelom","Arrondissement Hasselt","Arrondissement de Hasselt","Provincie Limburg","Province du Limbourg","Vlaams Gewest","Région flamande","<5"
"2020-04-11","71020","Halen","Halen","Arrondissement Hasselt","Arrondissement de Hasselt","Provincie Limburg","Province du Limbourg","Vlaams Gewest","Région flamande","<5"
"2020-04-11","71022","Hasselt","Hasselt","Arrondissement Hasselt","Arrondissement de Hasselt","Provincie Limburg","Province du Limbourg","Vlaams Gewest","Région flamande","5"
"2020-04-11","71024","Herk-de-Stad","Herck-la-Ville","Arrondissement Hasselt","Arrondissement de Hasselt","Provincie Limburg","Province du Limbourg","Vlaams Gewest","Région flamande","<5"
"2020-04-11","71037","Lummen","Lummen","Arrondissement Hasselt","Arrondissement de Hasselt","Provincie Limburg","Province du Limbourg","Vlaams Gewest","Région flamande","<5"
"2020-04-11","71045","Nieuwerkerken (Hasselt)","Nieuwerkerken (Hasselt)","Arrondissement Hasselt","Arrondissement de Hasselt","Provincie Limburg","Province du Limbourg","Vlaams Gewest","Région flamande","5"
"2020-04-11","71053","Sint-Truiden","Saint-Trond","Arrondissement Hasselt","Arrondissement de Hasselt","Provincie Limburg","Province du Limbourg","Vlaams Gewest","Région flamande","5"
"2020-04-11","71057","Tessenderlo","Tessenderlo","Arrondissement Hasselt","Arrondissement de Hasselt","Provincie Limburg","Province du Limbourg","Vlaams Gewest","Région flamande","<5"
"2020-04-11","71066","Zonhoven","Zonhoven","Arrondissement Hasselt","Arrondissement de Hasselt","Provincie Limburg","Province du Limbourg","Vlaams Gewest","Région flamande","<5"
"2020-04-11","71067","Zutendaal","Zutendaal","Arrondissement Hasselt","Arrondissement de Hasselt","Provincie Limburg","Province du Limbourg","Vlaams Gewest","Région flamande","<5"
"2020-04-11","71069","Ham","Ham","Arrondissement Hasselt","Arrondissement de Hasselt","Provincie Limburg","Province du Limbourg","Vlaams Gewest","Région flamande","<5"
"2020-04-11","71070","Heusden-Zolder","Heusden-Zolder","Arrondissement Hasselt","Arrondissement de Hasselt","Provincie Limburg","Province du Limbourg","Vlaams Gewest","Région flamande","<5"
"2020-04-11","72003","Bocholt","Bocholt","Arrondissement Maaseik","Arrondissement de Maaseik","Provincie Limburg","Province du Limbourg","Vlaams Gewest","Région flamande","<5"
"2020-04-11","72004","Bree","Bree","Arrondissement Maaseik","Arrondissement de Maaseik","Provincie Limburg","Province du Limbourg","Vlaams Gewest","Région flamande","<5"
"2020-04-11","72018","Kinrooi","Kinrooi","Arrondissement Maaseik","Arrondissement de Maaseik","Provincie Limburg","Province du Limbourg","Vlaams Gewest","Région flamande","<5"
"2020-04-11","72021","Maaseik","Maaseik","Arrondissement Maaseik","Arrondissement de Maaseik","Provincie Limburg","Province du Limbourg","Vlaams Gewest","Région flamande","<5"
"2020-04-11","72030","Peer","Peer","Arrondissement Maaseik","Arrondissement de Maaseik","Provincie Limburg","Province du Limbourg","Vlaams Gewest","Région flamande","<5"
"2020-04-11","72038","Hechtel-Eksel","Hechtel-Eksel","Arrondissement Maaseik","Arrondissement de Maaseik","Provincie Limburg","Province du Limbourg","Vlaams Gewest","Région flamande","<5"
"2020-04-11","72039","Houthalen-Helchteren","Houthalen-Helchteren","Arrondissement Maaseik","Arrondissement de Maaseik","Provincie Limburg","Province du Limbourg","Vlaams Gewest","Région flamande","5"
"2020-04-11","72041","Dilsen-Stokkem","Dilsen-Stokkem","Arrondissement Maaseik","Arrondissement de Maaseik","Provincie Limburg","Province du Limbourg","Vlaams Gewest","Région flamande","<5"
"2020-04-11","72042","Oudsbergen","Oudsbergen","Arrondissement Maaseik","Arrondissement de Maaseik","Provincie Limburg","Province du Limbourg","Vlaams Gewest","Région flamande","<5"
"2020-04-11","73001","Alken","Alken","Arrondissement Tongeren","Arrondissement de Tongres","Provincie Limburg","Province du Limbourg","Vlaams Gewest","Région flamande","<5"
"2020-04-11","73006","Bilzen","Bilzen","Arrondissement Tongeren","Arrondissement de Tongres","Provincie Limburg","Province du Limbourg","Vlaams Gewest","Région flamande","<5"
"2020-04-11","73009","Borgloon","Looz","Arrondissement Tongeren","Arrondissement de Tongres","Provincie Limburg","Province du Limbourg","Vlaams Gewest","Région flamande","<5"
"2020-04-11","73040","Kortessem","Kortessem","Arrondissement Tongeren","Arrondissement de Tongres","Provincie Limburg","Province du Limbourg","Vlaams Gewest","Région flamande","<5"
"2020-04-11","73066","Riemst","Riemst","Arrondissement Tongeren","Arrondissement de Tongres","Provincie Limburg","Province du Limbourg","Vlaams Gewest","Région flamande","<5"
"2020-04-11","73083","Tongeren","Tongres","Arrondissement Tongeren","Arrondissement de Tongres","Provincie Limburg","Province du Limbourg","Vlaams Gewest","Région flamande","<5"
"2020-04-11","73109","Voeren","Fourons","Arrondissement Tongeren","Arrondissement de Tongres","Provincie Limburg","Province du Limbourg","Vlaams Gewest","Région flamande","9"
"2020-04-11","81001","Aarlen","Arlon","Arrondissement Aarlen","Arrondissement d’Arlon","Provincie Luxemburg","Province du Luxembourg","Waals Gewest","Région wallonne","<5"
"2020-04-11","82003","Bastenaken","Bastogne","Arrondissement Bastenaken","Arrondissement de Bastogne","Provincie Luxemburg","Province du Luxembourg","Waals Gewest","Région wallonne","<5"
"2020-04-11","82037","Gouvy","Gouvy","Arrondissement Bastenaken","Arrondissement de Bastogne","Provincie Luxemburg","Province du Luxembourg","Waals Gewest","Région wallonne","<5"
"2020-04-11","83012","Durbuy","Durbuy","Arrondissement Marche-en-Famenne","Arrondissement de Marche-en-Famenne","Provincie Luxemburg","Province du Luxembourg","Waals Gewest","Région wallonne","<5"
"2020-04-11","83034","Marche-en-Famenne","Marche-en-Famenne","Arrondissement Marche-en-Famenne","Arrondissement de Marche-en-Famenne","Provincie Luxemburg","Province du Luxembourg","Waals Gewest","Région wallonne","<5"
"2020-04-11","83044","Rendeux","Rendeux","Arrondissement Marche-en-Famenne","Arrondissement de Marche-en-Famenne","Provincie Luxemburg","Province du Luxembourg","Waals Gewest","Région wallonne","<5"
"2020-04-11","84009","Bertrix","Bertrix","Arrondissement Neufchâteau","Arrondissement de Neufchâteau","Provincie Luxemburg","Province du Luxembourg","Waals Gewest","Région wallonne","<5"
"2020-04-11","84033","Léglise","Léglise","Arrondissement Neufchâteau","Arrondissement de Neufchâteau","Provincie Luxemburg","Province du Luxembourg","Waals Gewest","Région wallonne","<5"
"2020-04-11","84043","Neufchâteau (Neufchâteau)","Neufchâteau (Neufchâteau)","Arrondissement Neufchâteau","Arrondissement de Neufchâteau","Provincie Luxemburg","Province du Luxembourg","Waals Gewest","Région wallonne","<5"
"2020-04-11","84059","Saint-Hubert","Saint-Hubert","Arrondissement Neufchâteau","Arrondissement de Neufchâteau","Provincie Luxemburg","Province du Luxembourg","Waals Gewest","Région wallonne","<5"
"2020-04-11","84077","Libramont-Chevigny","Libramont-Chevigny","Arrondissement Neufchâteau","Arrondissement de Neufchâteau","Provincie Luxemburg","Province du Luxembourg","Waals Gewest","Région wallonne","<5"
"2020-04-11","91015","Bièvre","Bièvre","Arrondissement Dinant","Arrondissement de Dinant","Provincie Namen","Province de Namur","Waals Gewest","Région wallonne","<5"
"2020-04-11","91030","Ciney","Ciney","Arrondissement Dinant","Arrondissement de Dinant","Provincie Namen","Province de Namur","Waals Gewest","Région wallonne","<5"
"2020-04-11","91034","Dinant","Dinant","Arrondissement Dinant","Arrondissement de Dinant","Provincie Namen","Province de Namur","Waals Gewest","Région wallonne","<5"
"2020-04-11","91059","Hamois","Hamois","Arrondissement Dinant","Arrondissement de Dinant","Provincie Namen","Province de Namur","Waals Gewest","Région wallonne","<5"
"2020-04-11","91064","Havelange","Havelange","Arrondissement Dinant","Arrondissement de Dinant","Provincie Namen","Province de Namur","Waals Gewest","Région wallonne","<5"
"2020-04-11","91141","Yvoir","Yvoir","Arrondissement Dinant","Arrondissement de Dinant","Provincie Namen","Province de Namur","Waals Gewest","Région wallonne","<5"
"2020-04-11","92003","Andenne","Andenne","Arrondissement Namen","Arrondissement de Namur","Provincie Namen","Province de Namur","Waals Gewest","Région wallonne","6"
"2020-04-11","92054","Gesves","Gesves","Arrondissement Namen","Arrondissement de Namur","Provincie Namen","Province de Namur","Waals Gewest","Région wallonne","<5"
"2020-04-11","92087","Mettet","Mettet","Arrondissement Namen","Arrondissement de Namur","Provincie Namen","Province de Namur","Waals Gewest","Région wallonne","<5"
"2020-04-11","92094","Namen","Namur","Arrondissement Namen","Arrondissement de Namur","Provincie Namen","Province de Namur","Waals Gewest","Région wallonne","8"
"2020-04-11","92137","Sambreville","Sambreville","Arrondissement Namen","Arrondissement de Namur","Provincie Namen","Province de Namur","Waals Gewest","Région wallonne","<5"
"2020-04-11","92138","Fernelmont","Fernelmont","Arrondissement Namen","Arrondissement de Namur","Provincie Namen","Province de Namur","Waals Gewest","Région wallonne","<5"
"2020-04-11","92141","La Bruyère","La Bruyère","Arrondissement Namen","Arrondissement de Namur","Provincie Namen","Province de Namur","Waals Gewest","Région wallonne","<5"
"2020-04-11","92142","Gembloux","Gembloux","Arrondissement Namen","Arrondissement de Namur","Provincie Namen","Province de Namur","Waals Gewest","Région wallonne","<5"
"2020-04-11","93014","Couvin","Couvin","Arrondissement Philippeville","Arrondissement de Philippeville","Provincie Namen","Province de Namur","Waals Gewest","Région wallonne","<5"
"2020-04-11","93022","Florennes","Florennes","Arrondissement Philippeville","Arrondissement de Philippeville","Provincie Namen","Province de Namur","Waals Gewest","Région wallonne","<5"
"2020-04-11","93088","Walcourt","Walcourt","Arrondissement Philippeville","Arrondissement de Philippeville","Provincie Namen","Province de Namur","Waals Gewest","Région wallonne","<5"
"2020-04-11",NA,NA,NA,NA,NA,NA,NA,NA,NA,"18"
"2020-04-12","11002","Antwerpen","Anvers","Arrondissement Antwerpen","Arrondissement d’Anvers","Provincie Antwerpen","Province d’Anvers","Vlaams Gewest","Région flamande","7"
"2020-04-12","11005","Boom","Boom","Arrondissement Antwerpen","Arrondissement d’Anvers","Provincie Antwerpen","Province d’Anvers","Vlaams Gewest","Région flamande","<5"
"2020-04-12","11008","Brasschaat","Brasschaat","Arrondissement Antwerpen","Arrondissement d’Anvers","Provincie Antwerpen","Province d’Anvers","Vlaams Gewest","Région flamande","11"
"2020-04-12","11009","Brecht","Brecht","Arrondissement Antwerpen","Arrondissement d’Anvers","Provincie Antwerpen","Province d’Anvers","Vlaams Gewest","Région flamande","<5"
"2020-04-12","11016","Essen","Essen","Arrondissement Antwerpen","Arrondissement d’Anvers","Provincie Antwerpen","Province d’Anvers","Vlaams Gewest","Région flamande","<5"
"2020-04-12","11021","Hove (Antwerpen)","Hove (Anvers)","Arrondissement Antwerpen","Arrondissement d’Anvers","Provincie Antwerpen","Province d’Anvers","Vlaams Gewest","Région flamande","<5"
"2020-04-12","11022","Kalmthout","Kalmthout","Arrondissement Antwerpen","Arrondissement d’Anvers","Provincie Antwerpen","Province d’Anvers","Vlaams Gewest","Région flamande","<5"
"2020-04-12","11029","Mortsel","Mortsel","Arrondissement Antwerpen","Arrondissement d’Anvers","Provincie Antwerpen","Province d’Anvers","Vlaams Gewest","Région flamande","<5"
"2020-04-12","11030","Niel","Niel","Arrondissement Antwerpen","Arrondissement d’Anvers","Provincie Antwerpen","Province d’Anvers","Vlaams Gewest","Région flamande","<5"
"2020-04-12","11040","Schoten","Schoten","Arrondissement Antwerpen","Arrondissement d’Anvers","Provincie Antwerpen","Province d’Anvers","Vlaams Gewest","Région flamande","<5"
"2020-04-12","11044","Stabroek","Stabroek","Arrondissement Antwerpen","Arrondissement d’Anvers","Provincie Antwerpen","Province d’Anvers","Vlaams Gewest","Région flamande","<5"
"2020-04-12","11053","Wuustwezel","Wuustwezel","Arrondissement Antwerpen","Arrondissement d’Anvers","Provincie Antwerpen","Province d’Anvers","Vlaams Gewest","Région flamande","5"
"2020-04-12","11054","Zandhoven","Zandhoven","Arrondissement Antwerpen","Arrondissement d’Anvers","Provincie Antwerpen","Province d’Anvers","Vlaams Gewest","Région flamande","<5"
"2020-04-12","11056","Zwijndrecht","Zwijndrecht","Arrondissement Antwerpen","Arrondissement d’Anvers","Provincie Antwerpen","Province d’Anvers","Vlaams Gewest","Région flamande","<5"
"2020-04-12","12009","Duffel","Duffel","Arrondissement Mechelen","Arrondissement de Malines","Provincie Antwerpen","Province d’Anvers","Vlaams Gewest","Région flamande","<5"
"2020-04-12","12021","Lier","Lierre","Arrondissement Mechelen","Arrondissement de Malines","Provincie Antwerpen","Province d’Anvers","Vlaams Gewest","Région flamande","<5"
"2020-04-12","12025","Mechelen","Malines","Arrondissement Mechelen","Arrondissement de Malines","Provincie Antwerpen","Province d’Anvers","Vlaams Gewest","Région flamande","5"
"2020-04-12","12026","Nijlen","Nijlen","Arrondissement Mechelen","Arrondissement de Malines","Provincie Antwerpen","Province d’Anvers","Vlaams Gewest","Région flamande","<5"
"2020-04-12","12035","Sint-Katelijne-Waver","Sint-Katelijne-Waver","Arrondissement Mechelen","Arrondissement de Malines","Provincie Antwerpen","Province d’Anvers","Vlaams Gewest","Région flamande","12"
"2020-04-12","12040","Willebroek","Willebroek","Arrondissement Mechelen","Arrondissement de Malines","Provincie Antwerpen","Province d’Anvers","Vlaams Gewest","Région flamande","<5"
"2020-04-12","12041","Puurs-Sint-Amands","Puurs-Sint-Amands","Arrondissement Mechelen","Arrondissement de Malines","Provincie Antwerpen","Province d’Anvers","Vlaams Gewest","Région flamande","17"
"2020-04-12","13017","Kasterlee","Kasterlee","Arrondissement Turnhout","Arrondissement de Turnhout","Provincie Antwerpen","Province d’Anvers","Vlaams Gewest","Région flamande","<5"
"2020-04-12","13025","Mol","Mol","Arrondissement Turnhout","Arrondissement de Turnhout","Provincie Antwerpen","Province d’Anvers","Vlaams Gewest","Région flamande","<5"
"2020-04-12","13029","Olen","Olen","Arrondissement Turnhout","Arrondissement de Turnhout","Provincie Antwerpen","Province d’Anvers","Vlaams Gewest","Région flamande","<5"
"2020-04-12","13035","Ravels","Ravels","Arrondissement Turnhout","Arrondissement de Turnhout","Provincie Antwerpen","Province d’Anvers","Vlaams Gewest","Région flamande","<5"
"2020-04-12","13053","Laakdal","Laakdal","Arrondissement Turnhout","Arrondissement de Turnhout","Provincie Antwerpen","Province d’Anvers","Vlaams Gewest","Région flamande","<5"
"2020-04-12","21001","Anderlecht","Anderlecht","Arrondissement Brussel-Hoofdstad","Arrondissement de Bruxelles-Capitale",NA,NA,"Brussels Hoofdstedelijk Gewest","Région de Bruxelles-Capitale","5"
"2020-04-12","21002","Oudergem","Auderghem","Arrondissement Brussel-Hoofdstad","Arrondissement de Bruxelles-Capitale",NA,NA,"Brussels Hoofdstedelijk Gewest","Région de Bruxelles-Capitale","<5"
"2020-04-12","21004","Brussel","Bruxelles","Arrondissement Brussel-Hoofdstad","Arrondissement de Bruxelles-Capitale",NA,NA,"Brussels Hoofdstedelijk Gewest","Région de Bruxelles-Capitale","12"
"2020-04-12","21005","Etterbeek","Etterbeek","Arrondissement Brussel-Hoofdstad","Arrondissement de Bruxelles-Capitale",NA,NA,"Brussels Hoofdstedelijk Gewest","Région de Bruxelles-Capitale","<5"
"2020-04-12","21006","Evere","Evere","Arrondissement Brussel-Hoofdstad","Arrondissement de Bruxelles-Capitale",NA,NA,"Brussels Hoofdstedelijk Gewest","Région de Bruxelles-Capitale","<5"
"2020-04-12","21007","Vorst (Brussel-Hoofdstad)","Forest (Bruxelles-Capitale)","Arrondissement Brussel-Hoofdstad","Arrondissement de Bruxelles-Capitale",NA,NA,"Brussels Hoofdstedelijk Gewest","Région de Bruxelles-Capitale","<5"
"2020-04-12","21009","Elsene","Ixelles","Arrondissement Brussel-Hoofdstad","Arrondissement de Bruxelles-Capitale",NA,NA,"Brussels Hoofdstedelijk Gewest","Région de Bruxelles-Capitale","5"
"2020-04-12","21010","Jette","Jette","Arrondissement Brussel-Hoofdstad","Arrondissement de Bruxelles-Capitale",NA,NA,"Brussels Hoofdstedelijk Gewest","Région de Bruxelles-Capitale","<5"
"2020-04-12","21011","Koekelberg","Koekelberg","Arrondissement Brussel-Hoofdstad","Arrondissement de Bruxelles-Capitale",NA,NA,"Brussels Hoofdstedelijk Gewest","Région de Bruxelles-Capitale","<5"
"2020-04-12","21012","Sint-Jans-Molenbeek","Molenbeek-Saint-Jean","Arrondissement Brussel-Hoofdstad","Arrondissement de Bruxelles-Capitale",NA,NA,"Brussels Hoofdstedelijk Gewest","Région de Bruxelles-Capitale","5"
"2020-04-12","21013","Sint-Gillis","Saint-Gilles","Arrondissement Brussel-Hoofdstad","Arrondissement de Bruxelles-Capitale",NA,NA,"Brussels Hoofdstedelijk Gewest","Région de Bruxelles-Capitale","<5"
"2020-04-12","21014","Sint-Joost-ten-Node","Saint-Josse-ten-Noode","Arrondissement Brussel-Hoofdstad","Arrondissement de Bruxelles-Capitale",NA,NA,"Brussels Hoofdstedelijk Gewest","Région de Bruxelles-Capitale","<5"
"2020-04-12","21015","Schaarbeek","Schaerbeek","Arrondissement Brussel-Hoofdstad","Arrondissement de Bruxelles-Capitale",NA,NA,"Brussels Hoofdstedelijk Gewest","Région de Bruxelles-Capitale","<5"
"2020-04-12","21016","Ukkel","Uccle","Arrondissement Brussel-Hoofdstad","Arrondissement de Bruxelles-Capitale",NA,NA,"Brussels Hoofdstedelijk Gewest","Région de Bruxelles-Capitale","10"
"2020-04-12","21019","Sint-Pieters-Woluwe","Woluwe-Saint-Pierre","Arrondissement Brussel-Hoofdstad","Arrondissement de Bruxelles-Capitale",NA,NA,"Brussels Hoofdstedelijk Gewest","Région de Bruxelles-Capitale","<5"
"2020-04-12","23002","Asse","Asse","Arrondissement Halle-Vilvoorde","Arrondissement de Hal-Vilvorde","Provincie Vlaams-Brabant","Province du Brabant flamand","Vlaams Gewest","Région flamande","<5"
"2020-04-12","23003","Beersel","Beersel","Arrondissement Halle-Vilvoorde","Arrondissement de Hal-Vilvorde","Provincie Vlaams-Brabant","Province du Brabant flamand","Vlaams Gewest","Région flamande","<5"
"2020-04-12","23016","Dilbeek","Dilbeek","Arrondissement Halle-Vilvoorde","Arrondissement de Hal-Vilvorde","Provincie Vlaams-Brabant","Province du Brabant flamand","Vlaams Gewest","Région flamande","<5"
"2020-04-12","23025","Grimbergen","Grimbergen","Arrondissement Halle-Vilvoorde","Arrondissement de Hal-Vilvorde","Provincie Vlaams-Brabant","Province du Brabant flamand","Vlaams Gewest","Région flamande","<5"
"2020-04-12","23039","Kapelle-op-den-Bos","Kapelle-op-den-Bos","Arrondissement Halle-Vilvoorde","Arrondissement de Hal-Vilvorde","Provincie Vlaams-Brabant","Province du Brabant flamand","Vlaams Gewest","Région flamande","<5"
"2020-04-12","23045","Londerzeel","Londerzeel","Arrondissement Halle-Vilvoorde","Arrondissement de Hal-Vilvorde","Provincie Vlaams-Brabant","Province du Brabant flamand","Vlaams Gewest","Région flamande","<5"
"2020-04-12","23052","Merchtem","Merchtem","Arrondissement Halle-Vilvoorde","Arrondissement de Hal-Vilvorde","Provincie Vlaams-Brabant","Province du Brabant flamand","Vlaams Gewest","Région flamande","<5"
"2020-04-12","23060","Opwijk","Opwijk","Arrondissement Halle-Vilvoorde","Arrondissement de Hal-Vilvorde","Provincie Vlaams-Brabant","Province du Brabant flamand","Vlaams Gewest","Région flamande","<5"
"2020-04-12","23086","Ternat","Ternat","Arrondissement Halle-Vilvoorde","Arrondissement de Hal-Vilvorde","Provincie Vlaams-Brabant","Province du Brabant flamand","Vlaams Gewest","Région flamande","<5"
"2020-04-12","23094","Zaventem","Zaventem","Arrondissement Halle-Vilvoorde","Arrondissement de Hal-Vilvorde","Provincie Vlaams-Brabant","Province du Brabant flamand","Vlaams Gewest","Région flamande","<5"
"2020-04-12","23096","Zemst","Zemst","Arrondissement Halle-Vilvoorde","Arrondissement de Hal-Vilvorde","Provincie Vlaams-Brabant","Province du Brabant flamand","Vlaams Gewest","Région flamande","<5"
"2020-04-12","23103","Wezembeek-Oppem","Wezembeek-Oppem","Arrondissement Halle-Vilvoorde","Arrondissement de Hal-Vilvorde","Provincie Vlaams-Brabant","Province du Brabant flamand","Vlaams Gewest","Région flamande","<5"
"2020-04-12","23104","Lennik","Lennik","Arrondissement Halle-Vilvoorde","Arrondissement de Hal-Vilvorde","Provincie Vlaams-Brabant","Province du Brabant flamand","Vlaams Gewest","Région flamande","<5"
"2020-04-12","23105","Affligem","Affligem","Arrondissement Halle-Vilvoorde","Arrondissement de Hal-Vilvorde","Provincie Vlaams-Brabant","Province du Brabant flamand","Vlaams Gewest","Région flamande","<5"
"2020-04-12","24009","Bertem","Bertem","Arrondissement Leuven","Arrondissement de Louvain","Provincie Vlaams-Brabant","Province du Brabant flamand","Vlaams Gewest","Région flamande","<5"
"2020-04-12","24016","Boutersem","Boutersem","Arrondissement Leuven","Arrondissement de Louvain","Provincie Vlaams-Brabant","Province du Brabant flamand","Vlaams Gewest","Région flamande","<5"
"2020-04-12","24043","Holsbeek","Holsbeek","Arrondissement Leuven","Arrondissement de Louvain","Provincie Vlaams-Brabant","Province du Brabant flamand","Vlaams Gewest","Région flamande","<5"
"2020-04-12","24055","Kortenberg","Kortenberg","Arrondissement Leuven","Arrondissement de Louvain","Provincie Vlaams-Brabant","Province du Brabant flamand","Vlaams Gewest","Région flamande","<5"
"2020-04-12","24059","Landen","Landen","Arrondissement Leuven","Arrondissement de Louvain","Provincie Vlaams-Brabant","Province du Brabant flamand","Vlaams Gewest","Région flamande","<5"
"2020-04-12","24062","Leuven","Louvain","Arrondissement Leuven","Arrondissement de Louvain","Provincie Vlaams-Brabant","Province du Brabant flamand","Vlaams Gewest","Région flamande","<5"
"2020-04-12","24107","Tienen","Tirlemont","Arrondissement Leuven","Arrondissement de Louvain","Provincie Vlaams-Brabant","Province du Brabant flamand","Vlaams Gewest","Région flamande","26"
"2020-04-12","24130","Zoutleeuw","Léau","Arrondissement Leuven","Arrondissement de Louvain","Provincie Vlaams-Brabant","Province du Brabant flamand","Vlaams Gewest","Région flamande","<5"
"2020-04-12","24137","Glabbeek","Glabbeek","Arrondissement Leuven","Arrondissement de Louvain","Provincie Vlaams-Brabant","Province du Brabant flamand","Vlaams Gewest","Région flamande","<5"
"2020-04-12","25015","Kasteelbrakel","Braine-le-Château","Arrondissement Nijvel","Arrondissement de Nivelles","Provincie Waals-Brabant","Province du Brabant wallon","Waals Gewest","Région wallonne","<5"
"2020-04-12","25072","Nijvel","Nivelles","Arrondissement Nijvel","Arrondissement de Nivelles","Provincie Waals-Brabant","Province du Brabant wallon","Waals Gewest","Région wallonne","<5"
"2020-04-12","25110","Waterloo","Waterloo","Arrondissement Nijvel","Arrondissement de Nivelles","Provincie Waals-Brabant","Province du Brabant wallon","Waals Gewest","Région wallonne","<5"
"2020-04-12","25112","Waver","Wavre","Arrondissement Nijvel","Arrondissement de Nivelles","Provincie Waals-Brabant","Province du Brabant wallon","Waals Gewest","Région wallonne","<5"
"2020-04-12","31003","Beernem","Beernem","Arrondissement Brugge","Arrondissement de Bruges","Provincie West-Vlaanderen","Province de Flandre occidentale","Vlaams Gewest","Région flamande","<5"
"2020-04-12","31004","Blankenberge","Blankenberge","Arrondissement Brugge","Arrondissement de Bruges","Provincie West-Vlaanderen","Province de Flandre occidentale","Vlaams Gewest","Région flamande","<5"
"2020-04-12","31005","Brugge","Bruges","Arrondissement Brugge","Arrondissement de Bruges","Provincie West-Vlaanderen","Province de Flandre occidentale","Vlaams Gewest","Région flamande","9"
"2020-04-12","31022","Oostkamp","Oostkamp","Arrondissement Brugge","Arrondissement de Bruges","Provincie West-Vlaanderen","Province de Flandre occidentale","Vlaams Gewest","Région flamande","<5"
"2020-04-12","31043","Knokke-Heist","Knokke-Heist","Arrondissement Brugge","Arrondissement de Bruges","Provincie West-Vlaanderen","Province de Flandre occidentale","Vlaams Gewest","Région flamande","5"
"2020-04-12","32003","Diksmuide","Dixmude","Arrondissement Diksmuide","Arrondissement de Dixmude","Provincie West-Vlaanderen","Province de Flandre occidentale","Vlaams Gewest","Région flamande","<5"
"2020-04-12","33011","Ieper","Ypres","Arrondissement Ieper","Arrondissement d’Ypres","Provincie West-Vlaanderen","Province de Flandre occidentale","Vlaams Gewest","Région flamande","<5"
"2020-04-12","33021","Poperinge","Poperinge","Arrondissement Ieper","Arrondissement d’Ypres","Provincie West-Vlaanderen","Province de Flandre occidentale","Vlaams Gewest","Région flamande","<5"
"2020-04-12","33029","Wervik","Wervik","Arrondissement Ieper","Arrondissement d’Ypres","Provincie West-Vlaanderen","Province de Flandre occidentale","Vlaams Gewest","Région flamande","<5"
"2020-04-12","33037","Zonnebeke","Zonnebeke","Arrondissement Ieper","Arrondissement d’Ypres","Provincie West-Vlaanderen","Province de Flandre occidentale","Vlaams Gewest","Région flamande","<5"
"2020-04-12","33039","Heuvelland","Heuvelland","Arrondissement Ieper","Arrondissement d’Ypres","Provincie West-Vlaanderen","Province de Flandre occidentale","Vlaams Gewest","Région flamande","<5"
"2020-04-12","34002","Anzegem","Anzegem","Arrondissement Kortrijk","Arrondissement de Courtrai","Provincie West-Vlaanderen","Province de Flandre occidentale","Vlaams Gewest","Région flamande","<5"
"2020-04-12","34013","Harelbeke","Harelbeke","Arrondissement Kortrijk","Arrondissement de Courtrai","Provincie West-Vlaanderen","Province de Flandre occidentale","Vlaams Gewest","Région flamande","<5"
"2020-04-12","34022","Kortrijk","Courtrai","Arrondissement Kortrijk","Arrondissement de Courtrai","Provincie West-Vlaanderen","Province de Flandre occidentale","Vlaams Gewest","Région flamande","6"
"2020-04-12","34023","Kuurne","Kuurne","Arrondissement Kortrijk","Arrondissement de Courtrai","Provincie West-Vlaanderen","Province de Flandre occidentale","Vlaams Gewest","Région flamande","<5"
"2020-04-12","34027","Menen","Menin","Arrondissement Kortrijk","Arrondissement de Courtrai","Provincie West-Vlaanderen","Province de Flandre occidentale","Vlaams Gewest","Région flamande","<5"
"2020-04-12","34040","Waregem","Waregem","Arrondissement Kortrijk","Arrondissement de Courtrai","Provincie West-Vlaanderen","Province de Flandre occidentale","Vlaams Gewest","Région flamande","<5"
"2020-04-12","35002","Bredene","Bredene","Arrondissement Oostende","Arrondissement d’Ostende","Provincie West-Vlaanderen","Province de Flandre occidentale","Vlaams Gewest","Région flamande","<5"
"2020-04-12","35013","Oostende","Ostende","Arrondissement Oostende","Arrondissement d’Ostende","Provincie West-Vlaanderen","Province de Flandre occidentale","Vlaams Gewest","Région flamande","<5"
"2020-04-12","35029","De Haan","De Haan","Arrondissement Oostende","Arrondissement d’Ostende","Provincie West-Vlaanderen","Province de Flandre occidentale","Vlaams Gewest","Région flamande","<5"
"2020-04-12","36006","Hooglede","Hooglede","Arrondissement Roeselare","Arrondissement de Roulers","Provincie West-Vlaanderen","Province de Flandre occidentale","Vlaams Gewest","Région flamande","<5"
"2020-04-12","36007","Ingelmunster","Ingelmunster","Arrondissement Roeselare","Arrondissement de Roulers","Provincie West-Vlaanderen","Province de Flandre occidentale","Vlaams Gewest","Région flamande","<5"
"2020-04-12","36008","Izegem","Izegem","Arrondissement Roeselare","Arrondissement de Roulers","Provincie West-Vlaanderen","Province de Flandre occidentale","Vlaams Gewest","Région flamande","<5"
"2020-04-12","36015","Roeselare","Roulers","Arrondissement Roeselare","Arrondissement de Roulers","Provincie West-Vlaanderen","Province de Flandre occidentale","Vlaams Gewest","Région flamande","<5"
"2020-04-12","36019","Staden","Staden","Arrondissement Roeselare","Arrondissement de Roulers","Provincie West-Vlaanderen","Province de Flandre occidentale","Vlaams Gewest","Région flamande","<5"
"2020-04-12","38008","De Panne","La Panne","Arrondissement Veurne","Arrondissement de Furnes","Provincie West-Vlaanderen","Province de Flandre occidentale","Vlaams Gewest","Région flamande","<5"
"2020-04-12","38014","Koksijde","Koksijde","Arrondissement Veurne","Arrondissement de Furnes","Provincie West-Vlaanderen","Province de Flandre occidentale","Vlaams Gewest","Région flamande","<5"
"2020-04-12","41002","Aalst (Aalst)","Alost (Alost)","Arrondissement Aalst","Arrondissement d’Alost","Provincie Oost-Vlaanderen","Province de Flandre orientale","Vlaams Gewest","Région flamande","<5"
"2020-04-12","41011","Denderleeuw","Denderleeuw","Arrondissement Aalst","Arrondissement d’Alost","Provincie Oost-Vlaanderen","Province de Flandre orientale","Vlaams Gewest","Région flamande","<5"
"2020-04-12","41018","Geraardsbergen","Grammont","Arrondissement Aalst","Arrondissement d’Alost","Provincie Oost-Vlaanderen","Province de Flandre orientale","Vlaams Gewest","Région flamande","<5"
"2020-04-12","41024","Haaltert","Haaltert","Arrondissement Aalst","Arrondissement d’Alost","Provincie Oost-Vlaanderen","Province de Flandre orientale","Vlaams Gewest","Région flamande","<5"
"2020-04-12","41048","Ninove","Ninove","Arrondissement Aalst","Arrondissement d’Alost","Provincie Oost-Vlaanderen","Province de Flandre orientale","Vlaams Gewest","Région flamande","<5"
"2020-04-12","41081","Zottegem","Zottegem","Arrondissement Aalst","Arrondissement d’Alost","Provincie Oost-Vlaanderen","Province de Flandre orientale","Vlaams Gewest","Région flamande","<5"
"2020-04-12","41082","Erpe-Mere","Erpe-Mere","Arrondissement Aalst","Arrondissement d’Alost","Provincie Oost-Vlaanderen","Province de Flandre orientale","Vlaams Gewest","Région flamande","<5"
"2020-04-12","42004","Buggenhout","Buggenhout","Arrondissement Dendermonde","Arrondissement de Termonde","Provincie Oost-Vlaanderen","Province de Flandre orientale","Vlaams Gewest","Région flamande","5"
"2020-04-12","42006","Dendermonde","Termonde","Arrondissement Dendermonde","Arrondissement de Termonde","Provincie Oost-Vlaanderen","Province de Flandre orientale","Vlaams Gewest","Région flamande","<5"
"2020-04-12","42008","Hamme (Dendermonde)","Hamme (Termonde)","Arrondissement Dendermonde","Arrondissement de Termonde","Provincie Oost-Vlaanderen","Province de Flandre orientale","Vlaams Gewest","Région flamande","<5"
"2020-04-12","42011","Lebbeke","Lebbeke","Arrondissement Dendermonde","Arrondissement de Termonde","Provincie Oost-Vlaanderen","Province de Flandre orientale","Vlaams Gewest","Région flamande","<5"
"2020-04-12","42023","Waasmunster","Waasmunster","Arrondissement Dendermonde","Arrondissement de Termonde","Provincie Oost-Vlaanderen","Province de Flandre orientale","Vlaams Gewest","Région flamande","<5"
"2020-04-12","42028","Zele","Zele","Arrondissement Dendermonde","Arrondissement de Termonde","Provincie Oost-Vlaanderen","Province de Flandre orientale","Vlaams Gewest","Région flamande","<5"
"2020-04-12","44021","Gent","Gand","Arrondissement Gent","Arrondissement de Gand","Provincie Oost-Vlaanderen","Province de Flandre orientale","Vlaams Gewest","Région flamande","<5"
"2020-04-12","44043","Merelbeke","Merelbeke","Arrondissement Gent","Arrondissement de Gand","Provincie Oost-Vlaanderen","Province de Flandre orientale","Vlaams Gewest","Région flamande","<5"
"2020-04-12","44064","Sint-Martens-Latem","Sint-Martens-Latem","Arrondissement Gent","Arrondissement de Gand","Provincie Oost-Vlaanderen","Province de Flandre orientale","Vlaams Gewest","Région flamande","<5"
"2020-04-12","44084","Aalter","Aalter","Arrondissement Gent","Arrondissement de Gand","Provincie Oost-Vlaanderen","Province de Flandre orientale","Vlaams Gewest","Région flamande","<5"
"2020-04-12","45035","Oudenaarde","Audenarde","Arrondissement Oudenaarde","Arrondissement d’Audenarde","Provincie Oost-Vlaanderen","Province de Flandre orientale","Vlaams Gewest","Région flamande","<5"
"2020-04-12","45041","Ronse","Renaix","Arrondissement Oudenaarde","Arrondissement d’Audenarde","Provincie Oost-Vlaanderen","Province de Flandre orientale","Vlaams Gewest","Région flamande","<5"
"2020-04-12","45060","Kluisbergen","Kluisbergen","Arrondissement Oudenaarde","Arrondissement d’Audenarde","Provincie Oost-Vlaanderen","Province de Flandre orientale","Vlaams Gewest","Région flamande","<5"
"2020-04-12","45062","Horebeke","Horebeke","Arrondissement Oudenaarde","Arrondissement d’Audenarde","Provincie Oost-Vlaanderen","Province de Flandre orientale","Vlaams Gewest","Région flamande","<5"
"2020-04-12","45064","Maarkedal","Maarkedal","Arrondissement Oudenaarde","Arrondissement d’Audenarde","Provincie Oost-Vlaanderen","Province de Flandre orientale","Vlaams Gewest","Région flamande","<5"
"2020-04-12","46014","Lokeren","Lokeren","Arrondissement Sint-Niklaas","Arrondissement de Saint-Nicolas","Provincie Oost-Vlaanderen","Province de Flandre orientale","Vlaams Gewest","Région flamande","<5"
"2020-04-12","46025","Temse","Tamise","Arrondissement Sint-Niklaas","Arrondissement de Saint-Nicolas","Provincie Oost-Vlaanderen","Province de Flandre orientale","Vlaams Gewest","Région flamande","<5"
"2020-04-12","51014","Chièvres","Chièvres","Arrondissement Aat","Arrondissement d’Ath","Provincie Henegouwen","Province du Hainaut","Waals Gewest","Région wallonne","<5"
"2020-04-12","51067","Edingen","Enghien","Arrondissement Aat","Arrondissement d’Ath","Provincie Henegouwen","Province du Hainaut","Waals Gewest","Région wallonne","<5"
"2020-04-12","51068","Opzullik","Silly","Arrondissement Aat","Arrondissement d’Ath","Provincie Henegouwen","Province du Hainaut","Waals Gewest","Région wallonne","<5"
"2020-04-12","52011","Charleroi","Charleroi","Arrondissement Charleroi","Arrondissement de Charleroi","Provincie Henegouwen","Province du Hainaut","Waals Gewest","Région wallonne","<5"
"2020-04-12","52021","Fleurus","Fleurus","Arrondissement Charleroi","Arrondissement de Charleroi","Provincie Henegouwen","Province du Hainaut","Waals Gewest","Région wallonne","<5"
"2020-04-12","52025","Gerpinnes","Gerpinnes","Arrondissement Charleroi","Arrondissement de Charleroi","Provincie Henegouwen","Province du Hainaut","Waals Gewest","Région wallonne","<5"
"2020-04-12","52048","Montigny-le-Tilleul","Montigny-le-Tilleul","Arrondissement Charleroi","Arrondissement de Charleroi","Provincie Henegouwen","Province du Hainaut","Waals Gewest","Région wallonne","<5"
"2020-04-12","52074","Aiseau-Presles","Aiseau-Presles","Arrondissement Charleroi","Arrondissement de Charleroi","Provincie Henegouwen","Province du Hainaut","Waals Gewest","Région wallonne","<5"
"2020-04-12","53020","Dour","Dour","Arrondissement Bergen","Arrondissement de Mons","Provincie Henegouwen","Province du Hainaut","Waals Gewest","Région wallonne","<5"
"2020-04-12","53065","Quaregnon","Quaregnon","Arrondissement Bergen","Arrondissement de Mons","Provincie Henegouwen","Province du Hainaut","Waals Gewest","Région wallonne","<5"
"2020-04-12","55040","Zinnik","Soignies","Arrondissement Zinnik","Arrondissement de Soignies","Provincie Henegouwen","Province du Hainaut","Waals Gewest","Région wallonne","<5"
"2020-04-12","55085","Seneffe","Seneffe","Arrondissement Zinnik","Arrondissement de Soignies","Provincie Henegouwen","Province du Hainaut","Waals Gewest","Région wallonne","<5"
"2020-04-12","55086","Manage","Manage","Arrondissement Zinnik","Arrondissement de Soignies","Provincie Henegouwen","Province du Hainaut","Waals Gewest","Région wallonne","<5"
"2020-04-12","56001","Anderlues","Anderlues","Arrondissement Thuin","Arrondissement de Thuin","Provincie Henegouwen","Province du Hainaut","Waals Gewest","Région wallonne","<5"
"2020-04-12","57018","Celles (Doornik)","Celles (Tournai)","Arrondissement Doornik-Moeskroen","Arrondissement de Tournai-Mouscron","Provincie Henegouwen","Province du Hainaut","Waals Gewest","Région wallonne","<5"
"2020-04-12","57064","Péruwelz","Péruwelz","Arrondissement Doornik-Moeskroen","Arrondissement de Tournai-Mouscron","Provincie Henegouwen","Province du Hainaut","Waals Gewest","Région wallonne","<5"
"2020-04-12","57081","Doornik","Tournai","Arrondissement Doornik-Moeskroen","Arrondissement de Tournai-Mouscron","Provincie Henegouwen","Province du Hainaut","Waals Gewest","Région wallonne","<5"
"2020-04-12","57096","Moeskroen","Mouscron","Arrondissement Doornik-Moeskroen","Arrondissement de Tournai-Mouscron","Provincie Henegouwen","Province du Hainaut","Waals Gewest","Région wallonne","<5"
"2020-04-12","58001","La Louvière","La Louvière","Arrondissement La Louvière","Arrondissement de La Louvière","Provincie Henegouwen","Province du Hainaut","Waals Gewest","Région wallonne","<5"
"2020-04-12","58002","Binche","Binche","Arrondissement La Louvière","Arrondissement de La Louvière","Provincie Henegouwen","Province du Hainaut","Waals Gewest","Région wallonne","<5"
"2020-04-12","58004","Morlanwelz","Morlanwelz","Arrondissement La Louvière","Arrondissement de La Louvière","Provincie Henegouwen","Province du Hainaut","Waals Gewest","Région wallonne","5"
"2020-04-12","61019","Ferrières","Ferrières","Arrondissement Hoei","Arrondissement de Huy","Provincie Luik","Province de Liège","Waals Gewest","Région wallonne","<5"
"2020-04-12","61039","Marchin","Marchin","Arrondissement Hoei","Arrondissement de Huy","Provincie Luik","Province de Liège","Waals Gewest","Région wallonne","<5"
"2020-04-12","61041","Modave","Modave","Arrondissement Hoei","Arrondissement de Huy","Provincie Luik","Province de Liège","Waals Gewest","Région wallonne","<5"
"2020-04-12","62003","Ans","Ans","Arrondissement Luik","Arrondissement de Liège","Provincie Luik","Province de Liège","Waals Gewest","Région wallonne","<5"
"2020-04-12","62022","Chaudfontaine","Chaudfontaine","Arrondissement Luik","Arrondissement de Liège","Provincie Luik","Province de Liège","Waals Gewest","Région wallonne","<5"
"2020-04-12","62027","Dalhem","Dalhem","Arrondissement Luik","Arrondissement de Liège","Provincie Luik","Province de Liège","Waals Gewest","Région wallonne","<5"
"2020-04-12","62038","Fléron","Fléron","Arrondissement Luik","Arrondissement de Liège","Provincie Luik","Province de Liège","Waals Gewest","Région wallonne","<5"
"2020-04-12","62051","Herstal","Herstal","Arrondissement Luik","Arrondissement de Liège","Provincie Luik","Province de Liège","Waals Gewest","Région wallonne","<5"
"2020-04-12","62063","Luik","Liège","Arrondissement Luik","Arrondissement de Liège","Provincie Luik","Province de Liège","Waals Gewest","Région wallonne","8"
"2020-04-12","62079","Oupeye","Oupeye","Arrondissement Luik","Arrondissement de Liège","Provincie Luik","Province de Liège","Waals Gewest","Région wallonne","<5"
"2020-04-12","62093","Saint-Nicolas (Luik)","Saint-Nicolas (Liège)","Arrondissement Luik","Arrondissement de Liège","Provincie Luik","Province de Liège","Waals Gewest","Région wallonne","5"
"2020-04-12","62096","Seraing","Seraing","Arrondissement Luik","Arrondissement de Liège","Provincie Luik","Province de Liège","Waals Gewest","Région wallonne","<5"
"2020-04-12","62099","Soumagne","Soumagne","Arrondissement Luik","Arrondissement de Liège","Provincie Luik","Province de Liège","Waals Gewest","Région wallonne","<5"
"2020-04-12","62108","Wezet","Visé","Arrondissement Luik","Arrondissement de Liège","Provincie Luik","Province de Liège","Waals Gewest","Région wallonne","<5"
"2020-04-12","62120","Flémalle","Flémalle","Arrondissement Luik","Arrondissement de Liège","Provincie Luik","Province de Liège","Waals Gewest","Région wallonne","<5"
"2020-04-12","62121","Neupré","Neupré","Arrondissement Luik","Arrondissement de Liège","Provincie Luik","Province de Liège","Waals Gewest","Région wallonne","<5"
"2020-04-12","62122","Trooz","Trooz","Arrondissement Luik","Arrondissement de Liège","Provincie Luik","Province de Liège","Waals Gewest","Région wallonne","<5"
"2020-04-12","63003","Aubel","Aubel","Arrondissement Verviers","Arrondissement de Verviers","Provincie Luik","Province de Liège","Waals Gewest","Région wallonne","<5"
"2020-04-12","63004","Baelen","Baelen","Arrondissement Verviers","Arrondissement de Verviers","Provincie Luik","Province de Liège","Waals Gewest","Région wallonne","<5"
"2020-04-12","63012","Büllingen","Bullange","Arrondissement Verviers","Arrondissement de Verviers","Provincie Luik","Province de Liège","Waals Gewest","Région wallonne","<5"
"2020-04-12","63013","Bütgenbach","Butgenbach","Arrondissement Verviers","Arrondissement de Verviers","Provincie Luik","Province de Liège","Waals Gewest","Région wallonne","<5"
"2020-04-12","63035","Herve","Herve","Arrondissement Verviers","Arrondissement de Verviers","Provincie Luik","Province de Liège","Waals Gewest","Région wallonne","<5"
"2020-04-12","63038","Jalhay","Jalhay","Arrondissement Verviers","Arrondissement de Verviers","Provincie Luik","Province de Liège","Waals Gewest","Région wallonne","<5"
"2020-04-12","63046","Limburg","Limbourg","Arrondissement Verviers","Arrondissement de Verviers","Provincie Luik","Province de Liège","Waals Gewest","Région wallonne","<5"
"2020-04-12","63049","Malmedy","Malmedy","Arrondissement Verviers","Arrondissement de Verviers","Provincie Luik","Province de Liège","Waals Gewest","Région wallonne","<5"
"2020-04-12","63058","Pepinster","Pepinster","Arrondissement Verviers","Arrondissement de Verviers","Provincie Luik","Province de Liège","Waals Gewest","Région wallonne","<5"
"2020-04-12","63072","Spa","Spa","Arrondissement Verviers","Arrondissement de Verviers","Provincie Luik","Province de Liège","Waals Gewest","Région wallonne","<5"
"2020-04-12","63076","Theux","Theux","Arrondissement Verviers","Arrondissement de Verviers","Provincie Luik","Province de Liège","Waals Gewest","Région wallonne","<5"
"2020-04-12","63079","Verviers","Verviers","Arrondissement Verviers","Arrondissement de Verviers","Provincie Luik","Province de Liège","Waals Gewest","Région wallonne","6"
"2020-04-12","63080","Weismes","Waimes","Arrondissement Verviers","Arrondissement de Verviers","Provincie Luik","Province de Liège","Waals Gewest","Région wallonne","<5"
"2020-04-12","63088","Plombières","Plombières","Arrondissement Verviers","Arrondissement de Verviers","Provincie Luik","Province de Liège","Waals Gewest","Région wallonne","5"
"2020-04-12","64021","Crisnée","Crisnée","Arrondissement Borgworm","Arrondissement de Waremme","Provincie Luik","Province de Liège","Waals Gewest","Région wallonne","<5"
"2020-04-12","64025","Fexhe-le-Haut-Clocher","Fexhe-le-Haut-Clocher","Arrondissement Borgworm","Arrondissement de Waremme","Provincie Luik","Province de Liège","Waals Gewest","Région wallonne","<5"
"2020-04-12","64034","Hannuit","Hannut","Arrondissement Borgworm","Arrondissement de Waremme","Provincie Luik","Province de Liège","Waals Gewest","Région wallonne","<5"
"2020-04-12","64075","Wasseiges","Wasseiges","Arrondissement Borgworm","Arrondissement de Waremme","Provincie Luik","Province de Liège","Waals Gewest","Région wallonne","<5"
"2020-04-12","71004","Beringen","Beringen","Arrondissement Hasselt","Arrondissement de Hasselt","Provincie Limburg","Province du Limbourg","Vlaams Gewest","Région flamande","<5"
"2020-04-12","71016","Genk","Genk","Arrondissement Hasselt","Arrondissement de Hasselt","Provincie Limburg","Province du Limbourg","Vlaams Gewest","Région flamande","<5"
"2020-04-12","71017","Gingelom","Gingelom","Arrondissement Hasselt","Arrondissement de Hasselt","Provincie Limburg","Province du Limbourg","Vlaams Gewest","Région flamande","<5"
"2020-04-12","71020","Halen","Halen","Arrondissement Hasselt","Arrondissement de Hasselt","Provincie Limburg","Province du Limbourg","Vlaams Gewest","Région flamande","<5"
"2020-04-12","71022","Hasselt","Hasselt","Arrondissement Hasselt","Arrondissement de Hasselt","Provincie Limburg","Province du Limbourg","Vlaams Gewest","Région flamande","<5"
"2020-04-12","71045","Nieuwerkerken (Hasselt)","Nieuwerkerken (Hasselt)","Arrondissement Hasselt","Arrondissement de Hasselt","Provincie Limburg","Province du Limbourg","Vlaams Gewest","Région flamande","<5"
"2020-04-12","71053","Sint-Truiden","Saint-Trond","Arrondissement Hasselt","Arrondissement de Hasselt","Provincie Limburg","Province du Limbourg","Vlaams Gewest","Région flamande","<5"
"2020-04-12","71057","Tessenderlo","Tessenderlo","Arrondissement Hasselt","Arrondissement de Hasselt","Provincie Limburg","Province du Limbourg","Vlaams Gewest","Région flamande","<5"
"2020-04-12","71066","Zonhoven","Zonhoven","Arrondissement Hasselt","Arrondissement de Hasselt","Provincie Limburg","Province du Limbourg","Vlaams Gewest","Région flamande","<5"
"2020-04-12","71067","Zutendaal","Zutendaal","Arrondissement Hasselt","Arrondissement de Hasselt","Provincie Limburg","Province du Limbourg","Vlaams Gewest","Région flamande","<5"
"2020-04-12","71070","Heusden-Zolder","Heusden-Zolder","Arrondissement Hasselt","Arrondissement de Hasselt","Provincie Limburg","Province du Limbourg","Vlaams Gewest","Région flamande","<5"
"2020-04-12","72004","Bree","Bree","Arrondissement Maaseik","Arrondissement de Maaseik","Provincie Limburg","Province du Limbourg","Vlaams Gewest","Région flamande","<5"
"2020-04-12","72018","Kinrooi","Kinrooi","Arrondissement Maaseik","Arrondissement de Maaseik","Provincie Limburg","Province du Limbourg","Vlaams Gewest","Région flamande","<5"
"2020-04-12","72020","Lommel","Lommel","Arrondissement Maaseik","Arrondissement de Maaseik","Provincie Limburg","Province du Limbourg","Vlaams Gewest","Région flamande","<5"
"2020-04-12","72021","Maaseik","Maaseik","Arrondissement Maaseik","Arrondissement de Maaseik","Provincie Limburg","Province du Limbourg","Vlaams Gewest","Région flamande","<5"
"2020-04-12","72039","Houthalen-Helchteren","Houthalen-Helchteren","Arrondissement Maaseik","Arrondissement de Maaseik","Provincie Limburg","Province du Limbourg","Vlaams Gewest","Région flamande","<5"
"2020-04-12","72041","Dilsen-Stokkem","Dilsen-Stokkem","Arrondissement Maaseik","Arrondissement de Maaseik","Provincie Limburg","Province du Limbourg","Vlaams Gewest","Région flamande","<5"
"2020-04-12","72042","Oudsbergen","Oudsbergen","Arrondissement Maaseik","Arrondissement de Maaseik","Provincie Limburg","Province du Limbourg","Vlaams Gewest","Région flamande","<5"
"2020-04-12","72043","Pelt","Pelt","Arrondissement Maaseik","Arrondissement de Maaseik","Provincie Limburg","Province du Limbourg","Vlaams Gewest","Région flamande","<5"
"2020-04-12","73001","Alken","Alken","Arrondissement Tongeren","Arrondissement de Tongres","Provincie Limburg","Province du Limbourg","Vlaams Gewest","Région flamande","<5"
"2020-04-12","73006","Bilzen","Bilzen","Arrondissement Tongeren","Arrondissement de Tongres","Provincie Limburg","Province du Limbourg","Vlaams Gewest","Région flamande","<5"
"2020-04-12","73009","Borgloon","Looz","Arrondissement Tongeren","Arrondissement de Tongres","Provincie Limburg","Province du Limbourg","Vlaams Gewest","Région flamande","9"
"2020-04-12","73022","Heers","Heers","Arrondissement Tongeren","Arrondissement de Tongres","Provincie Limburg","Province du Limbourg","Vlaams Gewest","Région flamande","<5"
"2020-04-12","73042","Lanaken","Lanaken","Arrondissement Tongeren","Arrondissement de Tongres","Provincie Limburg","Province du Limbourg","Vlaams Gewest","Région flamande","<5"
"2020-04-12","73066","Riemst","Riemst","Arrondissement Tongeren","Arrondissement de Tongres","Provincie Limburg","Province du Limbourg","Vlaams Gewest","Région flamande","<5"
"2020-04-12","73098","Wellen","Wellen","Arrondissement Tongeren","Arrondissement de Tongres","Provincie Limburg","Province du Limbourg","Vlaams Gewest","Région flamande","<5"
"2020-04-12","73107","Maasmechelen","Maasmechelen","Arrondissement Tongeren","Arrondissement de Tongres","Provincie Limburg","Province du Limbourg","Vlaams Gewest","Région flamande","<5"
"2020-04-12","82014","Houffalize","Houffalize","Arrondissement Bastenaken","Arrondissement de Bastogne","Provincie Luxemburg","Province du Luxembourg","Waals Gewest","Région wallonne","<5"
"2020-04-12","82032","Vielsalm","Vielsalm","Arrondissement Bastenaken","Arrondissement de Bastogne","Provincie Luxemburg","Province du Luxembourg","Waals Gewest","Région wallonne","<5"
"2020-04-12","82037","Gouvy","Gouvy","Arrondissement Bastenaken","Arrondissement de Bastogne","Provincie Luxemburg","Province du Luxembourg","Waals Gewest","Région wallonne","<5"
"2020-04-12","83034","Marche-en-Famenne","Marche-en-Famenne","Arrondissement Marche-en-Famenne","Arrondissement de Marche-en-Famenne","Provincie Luxemburg","Province du Luxembourg","Waals Gewest","Région wallonne","<5"
"2020-04-12","91059","Hamois","Hamois","Arrondissement Dinant","Arrondissement de Dinant","Provincie Namen","Province de Namur","Waals Gewest","Région wallonne","<5"
"2020-04-12","91064","Havelange","Havelange","Arrondissement Dinant","Arrondissement de Dinant","Provincie Namen","Province de Namur","Waals Gewest","Région wallonne","<5"
"2020-04-12","92003","Andenne","Andenne","Arrondissement Namen","Arrondissement de Namur","Provincie Namen","Province de Namur","Waals Gewest","Région wallonne","<5"
"2020-04-12","92035","Eghezée","Eghezée","Arrondissement Namen","Arrondissement de Namur","Provincie Namen","Province de Namur","Waals Gewest","Région wallonne","<5"
"2020-04-12","92094","Namen","Namur","Arrondissement Namen","Arrondissement de Namur","Provincie Namen","Province de Namur","Waals Gewest","Région wallonne","8"
"2020-04-12","92137","Sambreville","Sambreville","Arrondissement Namen","Arrondissement de Namur","Provincie Namen","Province de Namur","Waals Gewest","Région wallonne","<5"
"2020-04-12","92140","Jemeppe-sur-Sambre","Jemeppe-sur-Sambre","Arrondissement Namen","Arrondissement de Namur","Provincie Namen","Province de Namur","Waals Gewest","Région wallonne","<5"
"2020-04-12","92141","La Bruyère","La Bruyère","Arrondissement Namen","Arrondissement de Namur","Provincie Namen","Province de Namur","Waals Gewest","Région wallonne","<5"
"2020-04-12","92142","Gembloux","Gembloux","Arrondissement Namen","Arrondissement de Namur","Provincie Namen","Province de Namur","Waals Gewest","Région wallonne","<5"
"2020-04-12","93014","Couvin","Couvin","Arrondissement Philippeville","Arrondissement de Philippeville","Provincie Namen","Province de Namur","Waals Gewest","Région wallonne","<5"
"2020-04-12",NA,NA,NA,NA,NA,NA,NA,NA,NA,"18"
"2020-04-13","11002","Antwerpen","Anvers","Arrondissement Antwerpen","Arrondissement d’Anvers","Provincie Antwerpen","Province d’Anvers","Vlaams Gewest","Région flamande","12"
"2020-04-13","11004","Boechout","Boechout","Arrondissement Antwerpen","Arrondissement d’Anvers","Provincie Antwerpen","Province d’Anvers","Vlaams Gewest","Région flamande","<5"
"2020-04-13","11005","Boom","Boom","Arrondissement Antwerpen","Arrondissement d’Anvers","Provincie Antwerpen","Province d’Anvers","Vlaams Gewest","Région flamande","<5"
"2020-04-13","11007","Borsbeek","Borsbeek","Arrondissement Antwerpen","Arrondissement d’Anvers","Provincie Antwerpen","Province d’Anvers","Vlaams Gewest","Région flamande","<5"
"2020-04-13","11008","Brasschaat","Brasschaat","Arrondissement Antwerpen","Arrondissement d’Anvers","Provincie Antwerpen","Province d’Anvers","Vlaams Gewest","Région flamande","<5"
"2020-04-13","11009","Brecht","Brecht","Arrondissement Antwerpen","Arrondissement d’Anvers","Provincie Antwerpen","Province d’Anvers","Vlaams Gewest","Région flamande","<5"
"2020-04-13","11013","Edegem","Edegem","Arrondissement Antwerpen","Arrondissement d’Anvers","Provincie Antwerpen","Province d’Anvers","Vlaams Gewest","Région flamande","<5"
"2020-04-13","11016","Essen","Essen","Arrondissement Antwerpen","Arrondissement d’Anvers","Provincie Antwerpen","Province d’Anvers","Vlaams Gewest","Région flamande","<5"
"2020-04-13","11018","Hemiksem","Hemiksem","Arrondissement Antwerpen","Arrondissement d’Anvers","Provincie Antwerpen","Province d’Anvers","Vlaams Gewest","Région flamande","<5"
"2020-04-13","11021","Hove (Antwerpen)","Hove (Anvers)","Arrondissement Antwerpen","Arrondissement d’Anvers","Provincie Antwerpen","Province d’Anvers","Vlaams Gewest","Région flamande","<5"
"2020-04-13","11022","Kalmthout","Kalmthout","Arrondissement Antwerpen","Arrondissement d’Anvers","Provincie Antwerpen","Province d’Anvers","Vlaams Gewest","Région flamande","<5"
"2020-04-13","11023","Kapellen (Antwerpen)","Kapellen (Anvers)","Arrondissement Antwerpen","Arrondissement d’Anvers","Provincie Antwerpen","Province d’Anvers","Vlaams Gewest","Région flamande","<5"
"2020-04-13","11024","Kontich","Kontich","Arrondissement Antwerpen","Arrondissement d’Anvers","Provincie Antwerpen","Province d’Anvers","Vlaams Gewest","Région flamande","<5"
"2020-04-13","11029","Mortsel","Mortsel","Arrondissement Antwerpen","Arrondissement d’Anvers","Provincie Antwerpen","Province d’Anvers","Vlaams Gewest","Région flamande","<5"
"2020-04-13","11039","Schilde","Schilde","Arrondissement Antwerpen","Arrondissement d’Anvers","Provincie Antwerpen","Province d’Anvers","Vlaams Gewest","Région flamande","<5"
"2020-04-13","11044","Stabroek","Stabroek","Arrondissement Antwerpen","Arrondissement d’Anvers","Provincie Antwerpen","Province d’Anvers","Vlaams Gewest","Région flamande","<5"
"2020-04-13","11052","Wommelgem","Wommelgem","Arrondissement Antwerpen","Arrondissement d’Anvers","Provincie Antwerpen","Province d’Anvers","Vlaams Gewest","Région flamande","<5"
"2020-04-13","11053","Wuustwezel","Wuustwezel","Arrondissement Antwerpen","Arrondissement d’Anvers","Provincie Antwerpen","Province d’Anvers","Vlaams Gewest","Région flamande","<5"
"2020-04-13","11055","Zoersel","Zoersel","Arrondissement Antwerpen","Arrondissement d’Anvers","Provincie Antwerpen","Province d’Anvers","Vlaams Gewest","Région flamande","<5"
"2020-04-13","12007","Bornem","Bornem","Arrondissement Mechelen","Arrondissement de Malines","Provincie Antwerpen","Province d’Anvers","Vlaams Gewest","Région flamande","<5"
"2020-04-13","12014","Heist-op-den-Berg","Heist-op-den-Berg","Arrondissement Mechelen","Arrondissement de Malines","Provincie Antwerpen","Province d’Anvers","Vlaams Gewest","Région flamande","<5"
"2020-04-13","12021","Lier","Lierre","Arrondissement Mechelen","Arrondissement de Malines","Provincie Antwerpen","Province d’Anvers","Vlaams Gewest","Région flamande","<5"
"2020-04-13","12025","Mechelen","Malines","Arrondissement Mechelen","Arrondissement de Malines","Provincie Antwerpen","Province d’Anvers","Vlaams Gewest","Région flamande","5"
"2020-04-13","12026","Nijlen","Nijlen","Arrondissement Mechelen","Arrondissement de Malines","Provincie Antwerpen","Province d’Anvers","Vlaams Gewest","Région flamande","<5"
"2020-04-13","12040","Willebroek","Willebroek","Arrondissement Mechelen","Arrondissement de Malines","Provincie Antwerpen","Province d’Anvers","Vlaams Gewest","Région flamande","<5"
"2020-04-13","12041","Puurs-Sint-Amands","Puurs-Sint-Amands","Arrondissement Mechelen","Arrondissement de Malines","Provincie Antwerpen","Province d’Anvers","Vlaams Gewest","Région flamande","<5"
"2020-04-13","13001","Arendonk","Arendonk","Arrondissement Turnhout","Arrondissement de Turnhout","Provincie Antwerpen","Province d’Anvers","Vlaams Gewest","Région flamande","<5"
"2020-04-13","13011","Herentals","Herentals","Arrondissement Turnhout","Arrondissement de Turnhout","Provincie Antwerpen","Province d’Anvers","Vlaams Gewest","Région flamande","<5"
"2020-04-13","13013","Herselt","Herselt","Arrondissement Turnhout","Arrondissement de Turnhout","Provincie Antwerpen","Province d’Anvers","Vlaams Gewest","Région flamande","<5"
"2020-04-13","13019","Lille","Lille","Arrondissement Turnhout","Arrondissement de Turnhout","Provincie Antwerpen","Province d’Anvers","Vlaams Gewest","Région flamande","<5"
"2020-04-13","13021","Meerhout","Meerhout","Arrondissement Turnhout","Arrondissement de Turnhout","Provincie Antwerpen","Province d’Anvers","Vlaams Gewest","Région flamande","<5"
"2020-04-13","13025","Mol","Mol","Arrondissement Turnhout","Arrondissement de Turnhout","Provincie Antwerpen","Province d’Anvers","Vlaams Gewest","Région flamande","<5"
"2020-04-13","13031","Oud-Turnhout","Oud-Turnhout","Arrondissement Turnhout","Arrondissement de Turnhout","Provincie Antwerpen","Province d’Anvers","Vlaams Gewest","Région flamande","<5"
"2020-04-13","13035","Ravels","Ravels","Arrondissement Turnhout","Arrondissement de Turnhout","Provincie Antwerpen","Province d’Anvers","Vlaams Gewest","Région flamande","<5"
"2020-04-13","13036","Retie","Retie","Arrondissement Turnhout","Arrondissement de Turnhout","Provincie Antwerpen","Province d’Anvers","Vlaams Gewest","Région flamande","<5"
"2020-04-13","13046","Vosselaar","Vosselaar","Arrondissement Turnhout","Arrondissement de Turnhout","Provincie Antwerpen","Province d’Anvers","Vlaams Gewest","Région flamande","<5"
"2020-04-13","21001","Anderlecht","Anderlecht","Arrondissement Brussel-Hoofdstad","Arrondissement de Bruxelles-Capitale",NA,NA,"Brussels Hoofdstedelijk Gewest","Région de Bruxelles-Capitale","6"
"2020-04-13","21002","Oudergem","Auderghem","Arrondissement Brussel-Hoofdstad","Arrondissement de Bruxelles-Capitale",NA,NA,"Brussels Hoofdstedelijk Gewest","Région de Bruxelles-Capitale","<5"
"2020-04-13","21004","Brussel","Bruxelles","Arrondissement Brussel-Hoofdstad","Arrondissement de Bruxelles-Capitale",NA,NA,"Brussels Hoofdstedelijk Gewest","Région de Bruxelles-Capitale","15"
"2020-04-13","21005","Etterbeek","Etterbeek","Arrondissement Brussel-Hoofdstad","Arrondissement de Bruxelles-Capitale",NA,NA,"Brussels Hoofdstedelijk Gewest","Région de Bruxelles-Capitale","<5"
"2020-04-13","21006","Evere","Evere","Arrondissement Brussel-Hoofdstad","Arrondissement de Bruxelles-Capitale",NA,NA,"Brussels Hoofdstedelijk Gewest","Région de Bruxelles-Capitale","5"
"2020-04-13","21007","Vorst (Brussel-Hoofdstad)","Forest (Bruxelles-Capitale)","Arrondissement Brussel-Hoofdstad","Arrondissement de Bruxelles-Capitale",NA,NA,"Brussels Hoofdstedelijk Gewest","Région de Bruxelles-Capitale","<5"
"2020-04-13","21009","Elsene","Ixelles","Arrondissement Brussel-Hoofdstad","Arrondissement de Bruxelles-Capitale",NA,NA,"Brussels Hoofdstedelijk Gewest","Région de Bruxelles-Capitale","17"
"2020-04-13","21011","Koekelberg","Koekelberg","Arrondissement Brussel-Hoofdstad","Arrondissement de Bruxelles-Capitale",NA,NA,"Brussels Hoofdstedelijk Gewest","Région de Bruxelles-Capitale","<5"
"2020-04-13","21012","Sint-Jans-Molenbeek","Molenbeek-Saint-Jean","Arrondissement Brussel-Hoofdstad","Arrondissement de Bruxelles-Capitale",NA,NA,"Brussels Hoofdstedelijk Gewest","Région de Bruxelles-Capitale","9"
"2020-04-13","21013","Sint-Gillis","Saint-Gilles","Arrondissement Brussel-Hoofdstad","Arrondissement de Bruxelles-Capitale",NA,NA,"Brussels Hoofdstedelijk Gewest","Région de Bruxelles-Capitale","<5"
"2020-04-13","21014","Sint-Joost-ten-Node","Saint-Josse-ten-Noode","Arrondissement Brussel-Hoofdstad","Arrondissement de Bruxelles-Capitale",NA,NA,"Brussels Hoofdstedelijk Gewest","Région de Bruxelles-Capitale","<5"
"2020-04-13","21015","Schaarbeek","Schaerbeek","Arrondissement Brussel-Hoofdstad","Arrondissement de Bruxelles-Capitale",NA,NA,"Brussels Hoofdstedelijk Gewest","Région de Bruxelles-Capitale","5"
"2020-04-13","21016","Ukkel","Uccle","Arrondissement Brussel-Hoofdstad","Arrondissement de Bruxelles-Capitale",NA,NA,"Brussels Hoofdstedelijk Gewest","Région de Bruxelles-Capitale","<5"
"2020-04-13","21017","Watermaal-Bosvoorde","Watermael-Boitsfort","Arrondissement Brussel-Hoofdstad","Arrondissement de Bruxelles-Capitale",NA,NA,"Brussels Hoofdstedelijk Gewest","Région de Bruxelles-Capitale","<5"
"2020-04-13","21018","Sint-Lambrechts-Woluwe","Woluwe-Saint-Lambert","Arrondissement Brussel-Hoofdstad","Arrondissement de Bruxelles-Capitale",NA,NA,"Brussels Hoofdstedelijk Gewest","Région de Bruxelles-Capitale","<5"
"2020-04-13","23003","Beersel","Beersel","Arrondissement Halle-Vilvoorde","Arrondissement de Hal-Vilvorde","Provincie Vlaams-Brabant","Province du Brabant flamand","Vlaams Gewest","Région flamande","<5"
"2020-04-13","23016","Dilbeek","Dilbeek","Arrondissement Halle-Vilvoorde","Arrondissement de Hal-Vilvorde","Provincie Vlaams-Brabant","Province du Brabant flamand","Vlaams Gewest","Région flamande","7"
"2020-04-13","23024","Gooik","Gooik","Arrondissement Halle-Vilvoorde","Arrondissement de Hal-Vilvorde","Provincie Vlaams-Brabant","Province du Brabant flamand","Vlaams Gewest","Région flamande","<5"
"2020-04-13","23025","Grimbergen","Grimbergen","Arrondissement Halle-Vilvoorde","Arrondissement de Hal-Vilvorde","Provincie Vlaams-Brabant","Province du Brabant flamand","Vlaams Gewest","Région flamande","<5"
"2020-04-13","23027","Halle (Halle-Vilvoorde)","Hal (Hal-Vilvorde)","Arrondissement Halle-Vilvoorde","Arrondissement de Hal-Vilvorde","Provincie Vlaams-Brabant","Province du Brabant flamand","Vlaams Gewest","Région flamande","8"
"2020-04-13","23039","Kapelle-op-den-Bos","Kapelle-op-den-Bos","Arrondissement Halle-Vilvoorde","Arrondissement de Hal-Vilvorde","Provincie Vlaams-Brabant","Province du Brabant flamand","Vlaams Gewest","Région flamande","23"
"2020-04-13","23052","Merchtem","Merchtem","Arrondissement Halle-Vilvoorde","Arrondissement de Hal-Vilvorde","Provincie Vlaams-Brabant","Province du Brabant flamand","Vlaams Gewest","Région flamande","<5"
"2020-04-13","23060","Opwijk","Opwijk","Arrondissement Halle-Vilvoorde","Arrondissement de Hal-Vilvorde","Provincie Vlaams-Brabant","Province du Brabant flamand","Vlaams Gewest","Région flamande","<5"
"2020-04-13","23062","Overijse","Overijse","Arrondissement Halle-Vilvoorde","Arrondissement de Hal-Vilvorde","Provincie Vlaams-Brabant","Province du Brabant flamand","Vlaams Gewest","Région flamande","<5"
"2020-04-13","23064","Pepingen","Pepingen","Arrondissement Halle-Vilvoorde","Arrondissement de Hal-Vilvorde","Provincie Vlaams-Brabant","Province du Brabant flamand","Vlaams Gewest","Région flamande","<5"
"2020-04-13","23077","Sint-Pieters-Leeuw","Sint-Pieters-Leeuw","Arrondissement Halle-Vilvoorde","Arrondissement de Hal-Vilvorde","Provincie Vlaams-Brabant","Province du Brabant flamand","Vlaams Gewest","Région flamande","<5"
"2020-04-13","23081","Steenokkerzeel","Steenokkerzeel","Arrondissement Halle-Vilvoorde","Arrondissement de Hal-Vilvorde","Provincie Vlaams-Brabant","Province du Brabant flamand","Vlaams Gewest","Région flamande","<5"
"2020-04-13","23094","Zaventem","Zaventem","Arrondissement Halle-Vilvoorde","Arrondissement de Hal-Vilvorde","Provincie Vlaams-Brabant","Province du Brabant flamand","Vlaams Gewest","Région flamande","<5"
"2020-04-13","23096","Zemst","Zemst","Arrondissement Halle-Vilvoorde","Arrondissement de Hal-Vilvorde","Provincie Vlaams-Brabant","Province du Brabant flamand","Vlaams Gewest","Région flamande","<5"
"2020-04-13","23104","Lennik","Lennik","Arrondissement Halle-Vilvoorde","Arrondissement de Hal-Vilvorde","Provincie Vlaams-Brabant","Province du Brabant flamand","Vlaams Gewest","Région flamande","<5"
"2020-04-13","24016","Boutersem","Boutersem","Arrondissement Leuven","Arrondissement de Louvain","Provincie Vlaams-Brabant","Province du Brabant flamand","Vlaams Gewest","Région flamande","<5"
"2020-04-13","24038","Herent","Herent","Arrondissement Leuven","Arrondissement de Louvain","Provincie Vlaams-Brabant","Province du Brabant flamand","Vlaams Gewest","Région flamande","8"
"2020-04-13","24054","Kortenaken","Kortenaken","Arrondissement Leuven","Arrondissement de Louvain","Provincie Vlaams-Brabant","Province du Brabant flamand","Vlaams Gewest","Région flamande","<5"
"2020-04-13","24059","Landen","Landen","Arrondissement Leuven","Arrondissement de Louvain","Provincie Vlaams-Brabant","Province du Brabant flamand","Vlaams Gewest","Région flamande","<5"
"2020-04-13","24062","Leuven","Louvain","Arrondissement Leuven","Arrondissement de Louvain","Provincie Vlaams-Brabant","Province du Brabant flamand","Vlaams Gewest","Région flamande","6"
"2020-04-13","24104","Tervuren","Tervuren","Arrondissement Leuven","Arrondissement de Louvain","Provincie Vlaams-Brabant","Province du Brabant flamand","Vlaams Gewest","Région flamande","<5"
"2020-04-13","24107","Tienen","Tirlemont","Arrondissement Leuven","Arrondissement de Louvain","Provincie Vlaams-Brabant","Province du Brabant flamand","Vlaams Gewest","Région flamande","8"
"2020-04-13","24109","Tremelo","Tremelo","Arrondissement Leuven","Arrondissement de Louvain","Provincie Vlaams-Brabant","Province du Brabant flamand","Vlaams Gewest","Région flamande","<5"
"2020-04-13","24133","Linter","Linter","Arrondissement Leuven","Arrondissement de Louvain","Provincie Vlaams-Brabant","Province du Brabant flamand","Vlaams Gewest","Région flamande","<5"
"2020-04-13","24137","Glabbeek","Glabbeek","Arrondissement Leuven","Arrondissement de Louvain","Provincie Vlaams-Brabant","Province du Brabant flamand","Vlaams Gewest","Région flamande","<5"
"2020-04-13","25014","Eigenbrakel","Braine-l’Alleud","Arrondissement Nijvel","Arrondissement de Nivelles","Provincie Waals-Brabant","Province du Brabant wallon","Waals Gewest","Région wallonne","<5"
"2020-04-13","25072","Nijvel","Nivelles","Arrondissement Nijvel","Arrondissement de Nivelles","Provincie Waals-Brabant","Province du Brabant wallon","Waals Gewest","Région wallonne","<5"
"2020-04-13","25105","Tubeke","Tubize","Arrondissement Nijvel","Arrondissement de Nivelles","Provincie Waals-Brabant","Province du Brabant wallon","Waals Gewest","Région wallonne","<5"
"2020-04-13","25107","Villers-la-Ville","Villers-la-Ville","Arrondissement Nijvel","Arrondissement de Nivelles","Provincie Waals-Brabant","Province du Brabant wallon","Waals Gewest","Région wallonne","<5"
"2020-04-13","25112","Waver","Wavre","Arrondissement Nijvel","Arrondissement de Nivelles","Provincie Waals-Brabant","Province du Brabant wallon","Waals Gewest","Région wallonne","<5"
"2020-04-13","25121","Ottignies-Louvain-la-Neuve","Ottignies-Louvain-la-Neuve","Arrondissement Nijvel","Arrondissement de Nivelles","Provincie Waals-Brabant","Province du Brabant wallon","Waals Gewest","Région wallonne","<5"
"2020-04-13","31003","Beernem","Beernem","Arrondissement Brugge","Arrondissement de Bruges","Provincie West-Vlaanderen","Province de Flandre occidentale","Vlaams Gewest","Région flamande","<5"
"2020-04-13","31005","Brugge","Bruges","Arrondissement Brugge","Arrondissement de Bruges","Provincie West-Vlaanderen","Province de Flandre occidentale","Vlaams Gewest","Région flamande","21"
"2020-04-13","31012","Jabbeke","Jabbeke","Arrondissement Brugge","Arrondissement de Bruges","Provincie West-Vlaanderen","Province de Flandre occidentale","Vlaams Gewest","Région flamande","<5"
"2020-04-13","31022","Oostkamp","Oostkamp","Arrondissement Brugge","Arrondissement de Bruges","Provincie West-Vlaanderen","Province de Flandre occidentale","Vlaams Gewest","Région flamande","<5"
"2020-04-13","31040","Zedelgem","Zedelgem","Arrondissement Brugge","Arrondissement de Bruges","Provincie West-Vlaanderen","Province de Flandre occidentale","Vlaams Gewest","Région flamande","<5"
"2020-04-13","33011","Ieper","Ypres","Arrondissement Ieper","Arrondissement d’Ypres","Provincie West-Vlaanderen","Province de Flandre occidentale","Vlaams Gewest","Région flamande","<5"
"2020-04-13","33029","Wervik","Wervik","Arrondissement Ieper","Arrondissement d’Ypres","Provincie West-Vlaanderen","Province de Flandre occidentale","Vlaams Gewest","Région flamande","<5"
"2020-04-13","33037","Zonnebeke","Zonnebeke","Arrondissement Ieper","Arrondissement d’Ypres","Provincie West-Vlaanderen","Province de Flandre occidentale","Vlaams Gewest","Région flamande","<5"
"2020-04-13","34002","Anzegem","Anzegem","Arrondissement Kortrijk","Arrondissement de Courtrai","Provincie West-Vlaanderen","Province de Flandre occidentale","Vlaams Gewest","Région flamande","<5"
"2020-04-13","34003","Avelgem","Avelgem","Arrondissement Kortrijk","Arrondissement de Courtrai","Provincie West-Vlaanderen","Province de Flandre occidentale","Vlaams Gewest","Région flamande","<5"
"2020-04-13","34013","Harelbeke","Harelbeke","Arrondissement Kortrijk","Arrondissement de Courtrai","Provincie West-Vlaanderen","Province de Flandre occidentale","Vlaams Gewest","Région flamande","<5"
"2020-04-13","34022","Kortrijk","Courtrai","Arrondissement Kortrijk","Arrondissement de Courtrai","Provincie West-Vlaanderen","Province de Flandre occidentale","Vlaams Gewest","Région flamande","<5"
"2020-04-13","34023","Kuurne","Kuurne","Arrondissement Kortrijk","Arrondissement de Courtrai","Provincie West-Vlaanderen","Province de Flandre occidentale","Vlaams Gewest","Région flamande","<5"
"2020-04-13","34027","Menen","Menin","Arrondissement Kortrijk","Arrondissement de Courtrai","Provincie West-Vlaanderen","Province de Flandre occidentale","Vlaams Gewest","Région flamande","<5"
"2020-04-13","34040","Waregem","Waregem","Arrondissement Kortrijk","Arrondissement de Courtrai","Provincie West-Vlaanderen","Province de Flandre occidentale","Vlaams Gewest","Région flamande","<5"
"2020-04-13","34042","Zwevegem","Zwevegem","Arrondissement Kortrijk","Arrondissement de Courtrai","Provincie West-Vlaanderen","Province de Flandre occidentale","Vlaams Gewest","Région flamande","5"
"2020-04-13","35005","Gistel","Gistel","Arrondissement Oostende","Arrondissement d’Ostende","Provincie West-Vlaanderen","Province de Flandre occidentale","Vlaams Gewest","Région flamande","<5"
"2020-04-13","35014","Oudenburg","Oudenburg","Arrondissement Oostende","Arrondissement d’Ostende","Provincie West-Vlaanderen","Province de Flandre occidentale","Vlaams Gewest","Région flamande","<5"
"2020-04-13","36015","Roeselare","Roulers","Arrondissement Roeselare","Arrondissement de Roulers","Provincie West-Vlaanderen","Province de Flandre occidentale","Vlaams Gewest","Région flamande","<5"
"2020-04-13","37010","Oostrozebeke","Oostrozebeke","Arrondissement Tielt","Arrondissement de Tielt","Provincie West-Vlaanderen","Province de Flandre occidentale","Vlaams Gewest","Région flamande","<5"
"2020-04-13","37015","Tielt (Tielt)","Tielt (Tielt)","Arrondissement Tielt","Arrondissement de Tielt","Provincie West-Vlaanderen","Province de Flandre occidentale","Vlaams Gewest","Région flamande","<5"
"2020-04-13","37018","Wingene","Wingene","Arrondissement Tielt","Arrondissement de Tielt","Provincie West-Vlaanderen","Province de Flandre occidentale","Vlaams Gewest","Région flamande","<5"
"2020-04-13","41002","Aalst (Aalst)","Alost (Alost)","Arrondissement Aalst","Arrondissement d’Alost","Provincie Oost-Vlaanderen","Province de Flandre orientale","Vlaams Gewest","Région flamande","7"
"2020-04-13","41011","Denderleeuw","Denderleeuw","Arrondissement Aalst","Arrondissement d’Alost","Provincie Oost-Vlaanderen","Province de Flandre orientale","Vlaams Gewest","Région flamande","<5"
"2020-04-13","41018","Geraardsbergen","Grammont","Arrondissement Aalst","Arrondissement d’Alost","Provincie Oost-Vlaanderen","Province de Flandre orientale","Vlaams Gewest","Région flamande","<5"
"2020-04-13","41024","Haaltert","Haaltert","Arrondissement Aalst","Arrondissement d’Alost","Provincie Oost-Vlaanderen","Province de Flandre orientale","Vlaams Gewest","Région flamande","<5"
"2020-04-13","41034","Lede","Lede","Arrondissement Aalst","Arrondissement d’Alost","Provincie Oost-Vlaanderen","Province de Flandre orientale","Vlaams Gewest","Région flamande","<5"
"2020-04-13","41048","Ninove","Ninove","Arrondissement Aalst","Arrondissement d’Alost","Provincie Oost-Vlaanderen","Province de Flandre orientale","Vlaams Gewest","Région flamande","7"
"2020-04-13","41081","Zottegem","Zottegem","Arrondissement Aalst","Arrondissement d’Alost","Provincie Oost-Vlaanderen","Province de Flandre orientale","Vlaams Gewest","Région flamande","<5"
"2020-04-13","41082","Erpe-Mere","Erpe-Mere","Arrondissement Aalst","Arrondissement d’Alost","Provincie Oost-Vlaanderen","Province de Flandre orientale","Vlaams Gewest","Région flamande","<5"
"2020-04-13","42006","Dendermonde","Termonde","Arrondissement Dendermonde","Arrondissement de Termonde","Provincie Oost-Vlaanderen","Province de Flandre orientale","Vlaams Gewest","Région flamande","5"
"2020-04-13","42008","Hamme (Dendermonde)","Hamme (Termonde)","Arrondissement Dendermonde","Arrondissement de Termonde","Provincie Oost-Vlaanderen","Province de Flandre orientale","Vlaams Gewest","Région flamande","<5"
"2020-04-13","42026","Wichelen","Wichelen","Arrondissement Dendermonde","Arrondissement de Termonde","Provincie Oost-Vlaanderen","Province de Flandre orientale","Vlaams Gewest","Région flamande","<5"
"2020-04-13","42028","Zele","Zele","Arrondissement Dendermonde","Arrondissement de Termonde","Provincie Oost-Vlaanderen","Province de Flandre orientale","Vlaams Gewest","Région flamande","<5"
"2020-04-13","44019","Evergem","Evergem","Arrondissement Gent","Arrondissement de Gand","Provincie Oost-Vlaanderen","Province de Flandre orientale","Vlaams Gewest","Région flamande","<5"
"2020-04-13","44021","Gent","Gand","Arrondissement Gent","Arrondissement de Gand","Provincie Oost-Vlaanderen","Province de Flandre orientale","Vlaams Gewest","Région flamande","5"
"2020-04-13","44040","Melle","Melle","Arrondissement Gent","Arrondissement de Gand","Provincie Oost-Vlaanderen","Province de Flandre orientale","Vlaams Gewest","Région flamande","<5"
"2020-04-13","44043","Merelbeke","Merelbeke","Arrondissement Gent","Arrondissement de Gand","Provincie Oost-Vlaanderen","Province de Flandre orientale","Vlaams Gewest","Région flamande","<5"
"2020-04-13","44083","Deinze","Deinze","Arrondissement Gent","Arrondissement de Gand","Provincie Oost-Vlaanderen","Province de Flandre orientale","Vlaams Gewest","Région flamande","<5"
"2020-04-13","44084","Aalter","Aalter","Arrondissement Gent","Arrondissement de Gand","Provincie Oost-Vlaanderen","Province de Flandre orientale","Vlaams Gewest","Région flamande","<5"
"2020-04-13","45035","Oudenaarde","Audenarde","Arrondissement Oudenaarde","Arrondissement d’Audenarde","Provincie Oost-Vlaanderen","Province de Flandre orientale","Vlaams Gewest","Région flamande","5"
"2020-04-13","45041","Ronse","Renaix","Arrondissement Oudenaarde","Arrondissement d’Audenarde","Provincie Oost-Vlaanderen","Province de Flandre orientale","Vlaams Gewest","Région flamande","<5"
"2020-04-13","45059","Brakel","Brakel","Arrondissement Oudenaarde","Arrondissement d’Audenarde","Provincie Oost-Vlaanderen","Province de Flandre orientale","Vlaams Gewest","Région flamande","<5"
"2020-04-13","45060","Kluisbergen","Kluisbergen","Arrondissement Oudenaarde","Arrondissement d’Audenarde","Provincie Oost-Vlaanderen","Province de Flandre orientale","Vlaams Gewest","Région flamande","<5"
"2020-04-13","45061","Wortegem-Petegem","Wortegem-Petegem","Arrondissement Oudenaarde","Arrondissement d’Audenarde","Provincie Oost-Vlaanderen","Province de Flandre orientale","Vlaams Gewest","Région flamande","<5"
"2020-04-13","46003","Beveren (Sint-Niklaas)","Beveren (Saint-Nicolas)","Arrondissement Sint-Niklaas","Arrondissement de Saint-Nicolas","Provincie Oost-Vlaanderen","Province de Flandre orientale","Vlaams Gewest","Région flamande","<5"
"2020-04-13","46013","Kruibeke","Kruibeke","Arrondissement Sint-Niklaas","Arrondissement de Saint-Nicolas","Provincie Oost-Vlaanderen","Province de Flandre orientale","Vlaams Gewest","Région flamande","<5"
"2020-04-13","46014","Lokeren","Lokeren","Arrondissement Sint-Niklaas","Arrondissement de Saint-Nicolas","Provincie Oost-Vlaanderen","Province de Flandre orientale","Vlaams Gewest","Région flamande","<5"
"2020-04-13","46021","Sint-Niklaas (Sint-Niklaas)","Saint-Nicolas (Saint-Nicolas)","Arrondissement Sint-Niklaas","Arrondissement de Saint-Nicolas","Provincie Oost-Vlaanderen","Province de Flandre orientale","Vlaams Gewest","Région flamande","<5"
"2020-04-13","51004","Aat","Ath","Arrondissement Aat","Arrondissement d’Ath","Provincie Henegouwen","Province du Hainaut","Waals Gewest","Région wallonne","<5"
"2020-04-13","51009","Bernissart","Bernissart","Arrondissement Aat","Arrondissement d’Ath","Provincie Henegouwen","Province du Hainaut","Waals Gewest","Région wallonne","<5"
"2020-04-13","51017","Elzele","Ellezelles","Arrondissement Aat","Arrondissement d’Ath","Provincie Henegouwen","Province du Hainaut","Waals Gewest","Région wallonne","<5"
"2020-04-13","51065","Frasnes-lez-Anvaing","Frasnes-lez-Anvaing","Arrondissement Aat","Arrondissement d’Ath","Provincie Henegouwen","Province du Hainaut","Waals Gewest","Région wallonne","<5"
"2020-04-13","51067","Edingen","Enghien","Arrondissement Aat","Arrondissement d’Ath","Provincie Henegouwen","Province du Hainaut","Waals Gewest","Région wallonne","<5"
"2020-04-13","52010","Chapelle-lez-Herlaimont","Chapelle-lez-Herlaimont","Arrondissement Charleroi","Arrondissement de Charleroi","Provincie Henegouwen","Province du Hainaut","Waals Gewest","Région wallonne","<5"
"2020-04-13","52011","Charleroi","Charleroi","Arrondissement Charleroi","Arrondissement de Charleroi","Provincie Henegouwen","Province du Hainaut","Waals Gewest","Région wallonne","5"
"2020-04-13","52012","Châtelet","Châtelet","Arrondissement Charleroi","Arrondissement de Charleroi","Provincie Henegouwen","Province du Hainaut","Waals Gewest","Région wallonne","<5"
"2020-04-13","52074","Aiseau-Presles","Aiseau-Presles","Arrondissement Charleroi","Arrondissement de Charleroi","Provincie Henegouwen","Province du Hainaut","Waals Gewest","Région wallonne","<5"
"2020-04-13","52075","Les Bons Villers","Les Bons Villers","Arrondissement Charleroi","Arrondissement de Charleroi","Provincie Henegouwen","Province du Hainaut","Waals Gewest","Région wallonne","<5"
"2020-04-13","53014","Boussu","Boussu","Arrondissement Bergen","Arrondissement de Mons","Provincie Henegouwen","Province du Hainaut","Waals Gewest","Région wallonne","<5"
"2020-04-13","53020","Dour","Dour","Arrondissement Bergen","Arrondissement de Mons","Provincie Henegouwen","Province du Hainaut","Waals Gewest","Région wallonne","<5"
"2020-04-13","53028","Frameries","Frameries","Arrondissement Bergen","Arrondissement de Mons","Provincie Henegouwen","Province du Hainaut","Waals Gewest","Région wallonne","<5"
"2020-04-13","53053","Bergen","Mons","Arrondissement Bergen","Arrondissement de Mons","Provincie Henegouwen","Province du Hainaut","Waals Gewest","Région wallonne","<5"
"2020-04-13","53065","Quaregnon","Quaregnon","Arrondissement Bergen","Arrondissement de Mons","Provincie Henegouwen","Province du Hainaut","Waals Gewest","Région wallonne","<5"
"2020-04-13","53083","Honnelles","Honnelles","Arrondissement Bergen","Arrondissement de Mons","Provincie Henegouwen","Province du Hainaut","Waals Gewest","Région wallonne","<5"
"2020-04-13","55004","’s Gravenbrakel","Braine-le-Comte","Arrondissement Zinnik","Arrondissement de Soignies","Provincie Henegouwen","Province du Hainaut","Waals Gewest","Région wallonne","<5"
"2020-04-13","55035","Le Roeulx","Le Roeulx","Arrondissement Zinnik","Arrondissement de Soignies","Provincie Henegouwen","Province du Hainaut","Waals Gewest","Région wallonne","<5"
"2020-04-13","55040","Zinnik","Soignies","Arrondissement Zinnik","Arrondissement de Soignies","Provincie Henegouwen","Province du Hainaut","Waals Gewest","Région wallonne","<5"
"2020-04-13","55050","Ecaussinnes","Ecaussinnes","Arrondissement Zinnik","Arrondissement de Soignies","Provincie Henegouwen","Province du Hainaut","Waals Gewest","Région wallonne","<5"
"2020-04-13","55086","Manage","Manage","Arrondissement Zinnik","Arrondissement de Soignies","Provincie Henegouwen","Province du Hainaut","Waals Gewest","Région wallonne","<5"
"2020-04-13","56016","Chimay","Chimay","Arrondissement Thuin","Arrondissement de Thuin","Provincie Henegouwen","Province du Hainaut","Waals Gewest","Région wallonne","<5"
"2020-04-13","56022","Erquelinnes","Erquelinnes","Arrondissement Thuin","Arrondissement de Thuin","Provincie Henegouwen","Province du Hainaut","Waals Gewest","Région wallonne","<5"
"2020-04-13","56029","Froidchapelle","Froidchapelle","Arrondissement Thuin","Arrondissement de Thuin","Provincie Henegouwen","Province du Hainaut","Waals Gewest","Région wallonne","<5"
"2020-04-13","57081","Doornik","Tournai","Arrondissement Doornik-Moeskroen","Arrondissement de Tournai-Mouscron","Provincie Henegouwen","Province du Hainaut","Waals Gewest","Région wallonne","<5"
"2020-04-13","57095","Mont-de-l’Enclus","Mont-de-l’Enclus","Arrondissement Doornik-Moeskroen","Arrondissement de Tournai-Mouscron","Provincie Henegouwen","Province du Hainaut","Waals Gewest","Région wallonne","<5"
"2020-04-13","57096","Moeskroen","Mouscron","Arrondissement Doornik-Moeskroen","Arrondissement de Tournai-Mouscron","Provincie Henegouwen","Province du Hainaut","Waals Gewest","Région wallonne","<5"
"2020-04-13","58001","La Louvière","La Louvière","Arrondissement La Louvière","Arrondissement de La Louvière","Provincie Henegouwen","Province du Hainaut","Waals Gewest","Région wallonne","<5"
"2020-04-13","58002","Binche","Binche","Arrondissement La Louvière","Arrondissement de La Louvière","Provincie Henegouwen","Province du Hainaut","Waals Gewest","Région wallonne","<5"
"2020-04-13","58004","Morlanwelz","Morlanwelz","Arrondissement La Louvière","Arrondissement de La Louvière","Provincie Henegouwen","Province du Hainaut","Waals Gewest","Région wallonne","<5"
"2020-04-13","61019","Ferrières","Ferrières","Arrondissement Hoei","Arrondissement de Huy","Provincie Luik","Province de Liège","Waals Gewest","Région wallonne","<5"
"2020-04-13","61031","Hoei","Huy","Arrondissement Hoei","Arrondissement de Huy","Provincie Luik","Province de Liège","Waals Gewest","Région wallonne","5"
"2020-04-13","61039","Marchin","Marchin","Arrondissement Hoei","Arrondissement de Huy","Provincie Luik","Province de Liège","Waals Gewest","Région wallonne","<5"
"2020-04-13","61041","Modave","Modave","Arrondissement Hoei","Arrondissement de Huy","Provincie Luik","Province de Liège","Waals Gewest","Région wallonne","<5"
"2020-04-13","61068","Villers-Le-Bouillet","Villers-Le-Bouillet","Arrondissement Hoei","Arrondissement de Huy","Provincie Luik","Province de Liège","Waals Gewest","Région wallonne","<5"
"2020-04-13","61072","Wanze","Wanze","Arrondissement Hoei","Arrondissement de Huy","Provincie Luik","Province de Liège","Waals Gewest","Région wallonne","<5"
"2020-04-13","62011","Bitsingen","Bassenge","Arrondissement Luik","Arrondissement de Liège","Provincie Luik","Province de Liège","Waals Gewest","Région wallonne","<5"
"2020-04-13","62027","Dalhem","Dalhem","Arrondissement Luik","Arrondissement de Liège","Provincie Luik","Province de Liège","Waals Gewest","Région wallonne","<5"
"2020-04-13","62032","Esneux","Esneux","Arrondissement Luik","Arrondissement de Liège","Provincie Luik","Province de Liège","Waals Gewest","Région wallonne","<5"
"2020-04-13","62051","Herstal","Herstal","Arrondissement Luik","Arrondissement de Liège","Provincie Luik","Province de Liège","Waals Gewest","Région wallonne","<5"
"2020-04-13","62063","Luik","Liège","Arrondissement Luik","Arrondissement de Liège","Provincie Luik","Province de Liège","Waals Gewest","Région wallonne","9"
"2020-04-13","62079","Oupeye","Oupeye","Arrondissement Luik","Arrondissement de Liège","Provincie Luik","Province de Liège","Waals Gewest","Région wallonne","<5"
"2020-04-13","62093","Saint-Nicolas (Luik)","Saint-Nicolas (Liège)","Arrondissement Luik","Arrondissement de Liège","Provincie Luik","Province de Liège","Waals Gewest","Région wallonne","<5"
"2020-04-13","62096","Seraing","Seraing","Arrondissement Luik","Arrondissement de Liège","Provincie Luik","Province de Liège","Waals Gewest","Région wallonne","<5"
"2020-04-13","62099","Soumagne","Soumagne","Arrondissement Luik","Arrondissement de Liège","Provincie Luik","Province de Liège","Waals Gewest","Région wallonne","<5"
"2020-04-13","62100","Sprimont","Sprimont","Arrondissement Luik","Arrondissement de Liège","Provincie Luik","Province de Liège","Waals Gewest","Région wallonne","<5"
"2020-04-13","62108","Wezet","Visé","Arrondissement Luik","Arrondissement de Liège","Provincie Luik","Province de Liège","Waals Gewest","Région wallonne","<5"
"2020-04-13","62118","Grâce-Hollogne","Grâce-Hollogne","Arrondissement Luik","Arrondissement de Liège","Provincie Luik","Province de Liège","Waals Gewest","Région wallonne","<5"
"2020-04-13","62120","Flémalle","Flémalle","Arrondissement Luik","Arrondissement de Liège","Provincie Luik","Province de Liège","Waals Gewest","Région wallonne","<5"
"2020-04-13","63003","Aubel","Aubel","Arrondissement Verviers","Arrondissement de Verviers","Provincie Luik","Province de Liège","Waals Gewest","Région wallonne","<5"
"2020-04-13","63020","Dison","Dison","Arrondissement Verviers","Arrondissement de Verviers","Provincie Luik","Province de Liège","Waals Gewest","Région wallonne","<5"
"2020-04-13","63023","Eupen","Eupen","Arrondissement Verviers","Arrondissement de Verviers","Provincie Luik","Province de Liège","Waals Gewest","Région wallonne","<5"
"2020-04-13","63040","Kelmis","La Calamine","Arrondissement Verviers","Arrondissement de Verviers","Provincie Luik","Province de Liège","Waals Gewest","Région wallonne","<5"
"2020-04-13","63049","Malmedy","Malmedy","Arrondissement Verviers","Arrondissement de Verviers","Provincie Luik","Province de Liège","Waals Gewest","Région wallonne","17"
"2020-04-13","63057","Olne","Olne","Arrondissement Verviers","Arrondissement de Verviers","Provincie Luik","Province de Liège","Waals Gewest","Région wallonne","<5"
"2020-04-13","71011","Diepenbeek","Diepenbeek","Arrondissement Hasselt","Arrondissement de Hasselt","Provincie Limburg","Province du Limbourg","Vlaams Gewest","Région flamande","<5"
"2020-04-13","71016","Genk","Genk","Arrondissement Hasselt","Arrondissement de Hasselt","Provincie Limburg","Province du Limbourg","Vlaams Gewest","Région flamande","<5"
"2020-04-13","71020","Halen","Halen","Arrondissement Hasselt","Arrondissement de Hasselt","Provincie Limburg","Province du Limbourg","Vlaams Gewest","Région flamande","<5"
"2020-04-13","71022","Hasselt","Hasselt","Arrondissement Hasselt","Arrondissement de Hasselt","Provincie Limburg","Province du Limbourg","Vlaams Gewest","Région flamande","<5"
"2020-04-13","71024","Herk-de-Stad","Herck-la-Ville","Arrondissement Hasselt","Arrondissement de Hasselt","Provincie Limburg","Province du Limbourg","Vlaams Gewest","Région flamande","<5"
"2020-04-13","71034","Leopoldsburg","Bourg-Léopold","Arrondissement Hasselt","Arrondissement de Hasselt","Provincie Limburg","Province du Limbourg","Vlaams Gewest","Région flamande","<5"
"2020-04-13","71053","Sint-Truiden","Saint-Trond","Arrondissement Hasselt","Arrondissement de Hasselt","Provincie Limburg","Province du Limbourg","Vlaams Gewest","Région flamande","<5"
"2020-04-13","71066","Zonhoven","Zonhoven","Arrondissement Hasselt","Arrondissement de Hasselt","Provincie Limburg","Province du Limbourg","Vlaams Gewest","Région flamande","<5"
"2020-04-13","71070","Heusden-Zolder","Heusden-Zolder","Arrondissement Hasselt","Arrondissement de Hasselt","Provincie Limburg","Province du Limbourg","Vlaams Gewest","Région flamande","<5"
"2020-04-13","72004","Bree","Bree","Arrondissement Maaseik","Arrondissement de Maaseik","Provincie Limburg","Province du Limbourg","Vlaams Gewest","Région flamande","<5"
"2020-04-13","72018","Kinrooi","Kinrooi","Arrondissement Maaseik","Arrondissement de Maaseik","Provincie Limburg","Province du Limbourg","Vlaams Gewest","Région flamande","<5"
"2020-04-13","72021","Maaseik","Maaseik","Arrondissement Maaseik","Arrondissement de Maaseik","Provincie Limburg","Province du Limbourg","Vlaams Gewest","Région flamande","<5"
"2020-04-13","72037","Hamont-Achel","Hamont-Achel","Arrondissement Maaseik","Arrondissement de Maaseik","Provincie Limburg","Province du Limbourg","Vlaams Gewest","Région flamande","<5"
"2020-04-13","72039","Houthalen-Helchteren","Houthalen-Helchteren","Arrondissement Maaseik","Arrondissement de Maaseik","Provincie Limburg","Province du Limbourg","Vlaams Gewest","Région flamande","<5"
"2020-04-13","72042","Oudsbergen","Oudsbergen","Arrondissement Maaseik","Arrondissement de Maaseik","Provincie Limburg","Province du Limbourg","Vlaams Gewest","Région flamande","<5"
"2020-04-13","73001","Alken","Alken","Arrondissement Tongeren","Arrondissement de Tongres","Provincie Limburg","Province du Limbourg","Vlaams Gewest","Région flamande","<5"
"2020-04-13","73006","Bilzen","Bilzen","Arrondissement Tongeren","Arrondissement de Tongres","Provincie Limburg","Province du Limbourg","Vlaams Gewest","Région flamande","<5"
"2020-04-13","73009","Borgloon","Looz","Arrondissement Tongeren","Arrondissement de Tongres","Provincie Limburg","Province du Limbourg","Vlaams Gewest","Région flamande","<5"
"2020-04-13","73042","Lanaken","Lanaken","Arrondissement Tongeren","Arrondissement de Tongres","Provincie Limburg","Province du Limbourg","Vlaams Gewest","Région flamande","<5"
"2020-04-13","73083","Tongeren","Tongres","Arrondissement Tongeren","Arrondissement de Tongres","Provincie Limburg","Province du Limbourg","Vlaams Gewest","Région flamande","<5"
"2020-04-13","73107","Maasmechelen","Maasmechelen","Arrondissement Tongeren","Arrondissement de Tongres","Provincie Limburg","Province du Limbourg","Vlaams Gewest","Région flamande","5"
"2020-04-13","81015","Messancy","Messancy","Arrondissement Aarlen","Arrondissement d’Arlon","Provincie Luxemburg","Province du Luxembourg","Waals Gewest","Région wallonne","<5"
"2020-04-13","82037","Gouvy","Gouvy","Arrondissement Bastenaken","Arrondissement de Bastogne","Provincie Luxemburg","Province du Luxembourg","Waals Gewest","Région wallonne","<5"
"2020-04-13","83012","Durbuy","Durbuy","Arrondissement Marche-en-Famenne","Arrondissement de Marche-en-Famenne","Provincie Luxemburg","Province du Luxembourg","Waals Gewest","Région wallonne","<5"
"2020-04-13","84077","Libramont-Chevigny","Libramont-Chevigny","Arrondissement Neufchâteau","Arrondissement de Neufchâteau","Provincie Luxemburg","Province du Luxembourg","Waals Gewest","Région wallonne","<5"
"2020-04-13","91005","Anhée","Anhée","Arrondissement Dinant","Arrondissement de Dinant","Provincie Namen","Province de Namur","Waals Gewest","Région wallonne","<5"
"2020-04-13","91030","Ciney","Ciney","Arrondissement Dinant","Arrondissement de Dinant","Provincie Namen","Province de Namur","Waals Gewest","Région wallonne","<5"
"2020-04-13","91114","Rochefort","Rochefort","Arrondissement Dinant","Arrondissement de Dinant","Provincie Namen","Province de Namur","Waals Gewest","Région wallonne","<5"
"2020-04-13","91120","Somme-Leuze","Somme-Leuze","Arrondissement Dinant","Arrondissement de Dinant","Provincie Namen","Province de Namur","Waals Gewest","Région wallonne","<5"
"2020-04-13","91141","Yvoir","Yvoir","Arrondissement Dinant","Arrondissement de Dinant","Provincie Namen","Province de Namur","Waals Gewest","Région wallonne","<5"
"2020-04-13","92006","Assesse","Assesse","Arrondissement Namen","Arrondissement de Namur","Provincie Namen","Province de Namur","Waals Gewest","Région wallonne","<5"
"2020-04-13","92045","Floreffe","Floreffe","Arrondissement Namen","Arrondissement de Namur","Provincie Namen","Province de Namur","Waals Gewest","Région wallonne","<5"
"2020-04-13","92094","Namen","Namur","Arrondissement Namen","Arrondissement de Namur","Provincie Namen","Province de Namur","Waals Gewest","Région wallonne","8"
"2020-04-13","92141","La Bruyère","La Bruyère","Arrondissement Namen","Arrondissement de Namur","Provincie Namen","Province de Namur","Waals Gewest","Région wallonne","<5"
"2020-04-13","93010","Cerfontaine","Cerfontaine","Arrondissement Philippeville","Arrondissement de Philippeville","Provincie Namen","Province de Namur","Waals Gewest","Région wallonne","<5"
"2020-04-13","93022","Florennes","Florennes","Arrondissement Philippeville","Arrondissement de Philippeville","Provincie Namen","Province de Namur","Waals Gewest","Région wallonne","<5"
"2020-04-13","93088","Walcourt","Walcourt","Arrondissement Philippeville","Arrondissement de Philippeville","Provincie Namen","Province de Namur","Waals Gewest","Région wallonne","<5"
"2020-04-13",NA,NA,NA,NA,NA,NA,NA,NA,NA,"10"
"2020-04-14","11001","Aartselaar","Aartselaar","Arrondissement Antwerpen","Arrondissement d’Anvers","Provincie Antwerpen","Province d’Anvers","Vlaams Gewest","Région flamande","<5"
"2020-04-14","11002","Antwerpen","Anvers","Arrondissement Antwerpen","Arrondissement d’Anvers","Provincie Antwerpen","Province d’Anvers","Vlaams Gewest","Région flamande","40"
"2020-04-14","11005","Boom","Boom","Arrondissement Antwerpen","Arrondissement d’Anvers","Provincie Antwerpen","Province d’Anvers","Vlaams Gewest","Région flamande","<5"
"2020-04-14","11007","Borsbeek","Borsbeek","Arrondissement Antwerpen","Arrondissement d’Anvers","Provincie Antwerpen","Province d’Anvers","Vlaams Gewest","Région flamande","<5"
"2020-04-14","11008","Brasschaat","Brasschaat","Arrondissement Antwerpen","Arrondissement d’Anvers","Provincie Antwerpen","Province d’Anvers","Vlaams Gewest","Région flamande","<5"
"2020-04-14","11009","Brecht","Brecht","Arrondissement Antwerpen","Arrondissement d’Anvers","Provincie Antwerpen","Province d’Anvers","Vlaams Gewest","Région flamande","<5"
"2020-04-14","11013","Edegem","Edegem","Arrondissement Antwerpen","Arrondissement d’Anvers","Provincie Antwerpen","Province d’Anvers","Vlaams Gewest","Région flamande","<5"
"2020-04-14","11016","Essen","Essen","Arrondissement Antwerpen","Arrondissement d’Anvers","Provincie Antwerpen","Province d’Anvers","Vlaams Gewest","Région flamande","<5"
"2020-04-14","11022","Kalmthout","Kalmthout","Arrondissement Antwerpen","Arrondissement d’Anvers","Provincie Antwerpen","Province d’Anvers","Vlaams Gewest","Région flamande","<5"
"2020-04-14","11023","Kapellen (Antwerpen)","Kapellen (Anvers)","Arrondissement Antwerpen","Arrondissement d’Anvers","Provincie Antwerpen","Province d’Anvers","Vlaams Gewest","Région flamande","<5"
"2020-04-14","11024","Kontich","Kontich","Arrondissement Antwerpen","Arrondissement d’Anvers","Provincie Antwerpen","Province d’Anvers","Vlaams Gewest","Région flamande","<5"
"2020-04-14","11029","Mortsel","Mortsel","Arrondissement Antwerpen","Arrondissement d’Anvers","Provincie Antwerpen","Province d’Anvers","Vlaams Gewest","Région flamande","5"
"2020-04-14","11030","Niel","Niel","Arrondissement Antwerpen","Arrondissement d’Anvers","Provincie Antwerpen","Province d’Anvers","Vlaams Gewest","Région flamande","<5"
"2020-04-14","11037","Rumst","Rumst","Arrondissement Antwerpen","Arrondissement d’Anvers","Provincie Antwerpen","Province d’Anvers","Vlaams Gewest","Région flamande","<5"
"2020-04-14","11039","Schilde","Schilde","Arrondissement Antwerpen","Arrondissement d’Anvers","Provincie Antwerpen","Province d’Anvers","Vlaams Gewest","Région flamande","<5"
"2020-04-14","11040","Schoten","Schoten","Arrondissement Antwerpen","Arrondissement d’Anvers","Provincie Antwerpen","Province d’Anvers","Vlaams Gewest","Région flamande","5"
"2020-04-14","11044","Stabroek","Stabroek","Arrondissement Antwerpen","Arrondissement d’Anvers","Provincie Antwerpen","Province d’Anvers","Vlaams Gewest","Région flamande","5"
"2020-04-14","11053","Wuustwezel","Wuustwezel","Arrondissement Antwerpen","Arrondissement d’Anvers","Provincie Antwerpen","Province d’Anvers","Vlaams Gewest","Région flamande","<5"
"2020-04-14","11055","Zoersel","Zoersel","Arrondissement Antwerpen","Arrondissement d’Anvers","Provincie Antwerpen","Province d’Anvers","Vlaams Gewest","Région flamande","<5"
"2020-04-14","11056","Zwijndrecht","Zwijndrecht","Arrondissement Antwerpen","Arrondissement d’Anvers","Provincie Antwerpen","Province d’Anvers","Vlaams Gewest","Région flamande","<5"
"2020-04-14","12002","Berlaar","Berlaar","Arrondissement Mechelen","Arrondissement de Malines","Provincie Antwerpen","Province d’Anvers","Vlaams Gewest","Région flamande","<5"
"2020-04-14","12007","Bornem","Bornem","Arrondissement Mechelen","Arrondissement de Malines","Provincie Antwerpen","Province d’Anvers","Vlaams Gewest","Région flamande","<5"
"2020-04-14","12009","Duffel","Duffel","Arrondissement Mechelen","Arrondissement de Malines","Provincie Antwerpen","Province d’Anvers","Vlaams Gewest","Région flamande","<5"
"2020-04-14","12014","Heist-op-den-Berg","Heist-op-den-Berg","Arrondissement Mechelen","Arrondissement de Malines","Provincie Antwerpen","Province d’Anvers","Vlaams Gewest","Région flamande","<5"
"2020-04-14","12021","Lier","Lierre","Arrondissement Mechelen","Arrondissement de Malines","Provincie Antwerpen","Province d’Anvers","Vlaams Gewest","Région flamande","<5"
"2020-04-14","12025","Mechelen","Malines","Arrondissement Mechelen","Arrondissement de Malines","Provincie Antwerpen","Province d’Anvers","Vlaams Gewest","Région flamande","6"
"2020-04-14","12026","Nijlen","Nijlen","Arrondissement Mechelen","Arrondissement de Malines","Provincie Antwerpen","Province d’Anvers","Vlaams Gewest","Région flamande","<5"
"2020-04-14","12035","Sint-Katelijne-Waver","Sint-Katelijne-Waver","Arrondissement Mechelen","Arrondissement de Malines","Provincie Antwerpen","Province d’Anvers","Vlaams Gewest","Région flamande","<5"
"2020-04-14","12040","Willebroek","Willebroek","Arrondissement Mechelen","Arrondissement de Malines","Provincie Antwerpen","Province d’Anvers","Vlaams Gewest","Région flamande","6"
"2020-04-14","12041","Puurs-Sint-Amands","Puurs-Sint-Amands","Arrondissement Mechelen","Arrondissement de Malines","Provincie Antwerpen","Province d’Anvers","Vlaams Gewest","Région flamande","<5"
"2020-04-14","13001","Arendonk","Arendonk","Arrondissement Turnhout","Arrondissement de Turnhout","Provincie Antwerpen","Province d’Anvers","Vlaams Gewest","Région flamande","<5"
"2020-04-14","13004","Beerse","Beerse","Arrondissement Turnhout","Arrondissement de Turnhout","Provincie Antwerpen","Province d’Anvers","Vlaams Gewest","Région flamande","<5"
"2020-04-14","13008","Geel","Geel","Arrondissement Turnhout","Arrondissement de Turnhout","Provincie Antwerpen","Province d’Anvers","Vlaams Gewest","Région flamande","<5"
"2020-04-14","13010","Grobbendonk","Grobbendonk","Arrondissement Turnhout","Arrondissement de Turnhout","Provincie Antwerpen","Province d’Anvers","Vlaams Gewest","Région flamande","<5"
"2020-04-14","13011","Herentals","Herentals","Arrondissement Turnhout","Arrondissement de Turnhout","Provincie Antwerpen","Province d’Anvers","Vlaams Gewest","Région flamande","<5"
"2020-04-14","13013","Herselt","Herselt","Arrondissement Turnhout","Arrondissement de Turnhout","Provincie Antwerpen","Province d’Anvers","Vlaams Gewest","Région flamande","7"
"2020-04-14","13016","Hulshout","Hulshout","Arrondissement Turnhout","Arrondissement de Turnhout","Provincie Antwerpen","Province d’Anvers","Vlaams Gewest","Région flamande","<5"
"2020-04-14","13017","Kasterlee","Kasterlee","Arrondissement Turnhout","Arrondissement de Turnhout","Provincie Antwerpen","Province d’Anvers","Vlaams Gewest","Région flamande","<5"
"2020-04-14","13025","Mol","Mol","Arrondissement Turnhout","Arrondissement de Turnhout","Provincie Antwerpen","Province d’Anvers","Vlaams Gewest","Région flamande","<5"
"2020-04-14","13031","Oud-Turnhout","Oud-Turnhout","Arrondissement Turnhout","Arrondissement de Turnhout","Provincie Antwerpen","Province d’Anvers","Vlaams Gewest","Région flamande","<5"
"2020-04-14","13035","Ravels","Ravels","Arrondissement Turnhout","Arrondissement de Turnhout","Provincie Antwerpen","Province d’Anvers","Vlaams Gewest","Région flamande","<5"
"2020-04-14","13040","Turnhout","Turnhout","Arrondissement Turnhout","Arrondissement de Turnhout","Provincie Antwerpen","Province d’Anvers","Vlaams Gewest","Région flamande","<5"
"2020-04-14","13053","Laakdal","Laakdal","Arrondissement Turnhout","Arrondissement de Turnhout","Provincie Antwerpen","Province d’Anvers","Vlaams Gewest","Région flamande","<5"
"2020-04-14","21001","Anderlecht","Anderlecht","Arrondissement Brussel-Hoofdstad","Arrondissement de Bruxelles-Capitale",NA,NA,"Brussels Hoofdstedelijk Gewest","Région de Bruxelles-Capitale","34"
"2020-04-14","21002","Oudergem","Auderghem","Arrondissement Brussel-Hoofdstad","Arrondissement de Bruxelles-Capitale",NA,NA,"Brussels Hoofdstedelijk Gewest","Région de Bruxelles-Capitale","6"
"2020-04-14","21003","Sint-Agatha-Berchem","Berchem-Sainte-Agathe","Arrondissement Brussel-Hoofdstad","Arrondissement de Bruxelles-Capitale",NA,NA,"Brussels Hoofdstedelijk Gewest","Région de Bruxelles-Capitale","5"
"2020-04-14","21004","Brussel","Bruxelles","Arrondissement Brussel-Hoofdstad","Arrondissement de Bruxelles-Capitale",NA,NA,"Brussels Hoofdstedelijk Gewest","Région de Bruxelles-Capitale","19"
"2020-04-14","21005","Etterbeek","Etterbeek","Arrondissement Brussel-Hoofdstad","Arrondissement de Bruxelles-Capitale",NA,NA,"Brussels Hoofdstedelijk Gewest","Région de Bruxelles-Capitale","<5"
"2020-04-14","21006","Evere","Evere","Arrondissement Brussel-Hoofdstad","Arrondissement de Bruxelles-Capitale",NA,NA,"Brussels Hoofdstedelijk Gewest","Région de Bruxelles-Capitale","18"
"2020-04-14","21007","Vorst (Brussel-Hoofdstad)","Forest (Bruxelles-Capitale)","Arrondissement Brussel-Hoofdstad","Arrondissement de Bruxelles-Capitale",NA,NA,"Brussels Hoofdstedelijk Gewest","Région de Bruxelles-Capitale","9"
"2020-04-14","21008","Ganshoren","Ganshoren","Arrondissement Brussel-Hoofdstad","Arrondissement de Bruxelles-Capitale",NA,NA,"Brussels Hoofdstedelijk Gewest","Région de Bruxelles-Capitale","<5"
"2020-04-14","21009","Elsene","Ixelles","Arrondissement Brussel-Hoofdstad","Arrondissement de Bruxelles-Capitale",NA,NA,"Brussels Hoofdstedelijk Gewest","Région de Bruxelles-Capitale","14"
"2020-04-14","21010","Jette","Jette","Arrondissement Brussel-Hoofdstad","Arrondissement de Bruxelles-Capitale",NA,NA,"Brussels Hoofdstedelijk Gewest","Région de Bruxelles-Capitale","23"
"2020-04-14","21011","Koekelberg","Koekelberg","Arrondissement Brussel-Hoofdstad","Arrondissement de Bruxelles-Capitale",NA,NA,"Brussels Hoofdstedelijk Gewest","Région de Bruxelles-Capitale","<5"
"2020-04-14","21012","Sint-Jans-Molenbeek","Molenbeek-Saint-Jean","Arrondissement Brussel-Hoofdstad","Arrondissement de Bruxelles-Capitale",NA,NA,"Brussels Hoofdstedelijk Gewest","Région de Bruxelles-Capitale","19"
"2020-04-14","21013","Sint-Gillis","Saint-Gilles","Arrondissement Brussel-Hoofdstad","Arrondissement de Bruxelles-Capitale",NA,NA,"Brussels Hoofdstedelijk Gewest","Région de Bruxelles-Capitale","<5"
"2020-04-14","21014","Sint-Joost-ten-Node","Saint-Josse-ten-Noode","Arrondissement Brussel-Hoofdstad","Arrondissement de Bruxelles-Capitale",NA,NA,"Brussels Hoofdstedelijk Gewest","Région de Bruxelles-Capitale","5"
"2020-04-14","21015","Schaarbeek","Schaerbeek","Arrondissement Brussel-Hoofdstad","Arrondissement de Bruxelles-Capitale",NA,NA,"Brussels Hoofdstedelijk Gewest","Région de Bruxelles-Capitale","5"
"2020-04-14","21016","Ukkel","Uccle","Arrondissement Brussel-Hoofdstad","Arrondissement de Bruxelles-Capitale",NA,NA,"Brussels Hoofdstedelijk Gewest","Région de Bruxelles-Capitale","5"
"2020-04-14","21017","Watermaal-Bosvoorde","Watermael-Boitsfort","Arrondissement Brussel-Hoofdstad","Arrondissement de Bruxelles-Capitale",NA,NA,"Brussels Hoofdstedelijk Gewest","Région de Bruxelles-Capitale","<5"
"2020-04-14","21018","Sint-Lambrechts-Woluwe","Woluwe-Saint-Lambert","Arrondissement Brussel-Hoofdstad","Arrondissement de Bruxelles-Capitale",NA,NA,"Brussels Hoofdstedelijk Gewest","Région de Bruxelles-Capitale","<5"
"2020-04-14","21019","Sint-Pieters-Woluwe","Woluwe-Saint-Pierre","Arrondissement Brussel-Hoofdstad","Arrondissement de Bruxelles-Capitale",NA,NA,"Brussels Hoofdstedelijk Gewest","Région de Bruxelles-Capitale","<5"
"2020-04-14","23002","Asse","Asse","Arrondissement Halle-Vilvoorde","Arrondissement de Hal-Vilvorde","Provincie Vlaams-Brabant","Province du Brabant flamand","Vlaams Gewest","Région flamande","<5"
"2020-04-14","23016","Dilbeek","Dilbeek","Arrondissement Halle-Vilvoorde","Arrondissement de Hal-Vilvorde","Provincie Vlaams-Brabant","Province du Brabant flamand","Vlaams Gewest","Région flamande","7"
"2020-04-14","23025","Grimbergen","Grimbergen","Arrondissement Halle-Vilvoorde","Arrondissement de Hal-Vilvorde","Provincie Vlaams-Brabant","Province du Brabant flamand","Vlaams Gewest","Région flamande","9"
"2020-04-14","23027","Halle (Halle-Vilvoorde)","Hal (Hal-Vilvorde)","Arrondissement Halle-Vilvoorde","Arrondissement de Hal-Vilvorde","Provincie Vlaams-Brabant","Province du Brabant flamand","Vlaams Gewest","Région flamande","5"
"2020-04-14","23033","Hoeilaart","Hoeilaart","Arrondissement Halle-Vilvoorde","Arrondissement de Hal-Vilvorde","Provincie Vlaams-Brabant","Province du Brabant flamand","Vlaams Gewest","Région flamande","<5"
"2020-04-14","23044","Liedekerke","Liedekerke","Arrondissement Halle-Vilvoorde","Arrondissement de Hal-Vilvorde","Provincie Vlaams-Brabant","Province du Brabant flamand","Vlaams Gewest","Région flamande","<5"
"2020-04-14","23045","Londerzeel","Londerzeel","Arrondissement Halle-Vilvoorde","Arrondissement de Hal-Vilvorde","Provincie Vlaams-Brabant","Province du Brabant flamand","Vlaams Gewest","Région flamande","<5"
"2020-04-14","23050","Meise","Meise","Arrondissement Halle-Vilvoorde","Arrondissement de Hal-Vilvorde","Provincie Vlaams-Brabant","Province du Brabant flamand","Vlaams Gewest","Région flamande","<5"
"2020-04-14","23052","Merchtem","Merchtem","Arrondissement Halle-Vilvoorde","Arrondissement de Hal-Vilvorde","Provincie Vlaams-Brabant","Province du Brabant flamand","Vlaams Gewest","Région flamande","<5"
"2020-04-14","23060","Opwijk","Opwijk","Arrondissement Halle-Vilvoorde","Arrondissement de Hal-Vilvorde","Provincie Vlaams-Brabant","Province du Brabant flamand","Vlaams Gewest","Région flamande","<5"
"2020-04-14","23062","Overijse","Overijse","Arrondissement Halle-Vilvoorde","Arrondissement de Hal-Vilvorde","Provincie Vlaams-Brabant","Province du Brabant flamand","Vlaams Gewest","Région flamande","<5"
"2020-04-14","23064","Pepingen","Pepingen","Arrondissement Halle-Vilvoorde","Arrondissement de Hal-Vilvorde","Provincie Vlaams-Brabant","Province du Brabant flamand","Vlaams Gewest","Région flamande","<5"
"2020-04-14","23077","Sint-Pieters-Leeuw","Sint-Pieters-Leeuw","Arrondissement Halle-Vilvoorde","Arrondissement de Hal-Vilvorde","Provincie Vlaams-Brabant","Province du Brabant flamand","Vlaams Gewest","Région flamande","<5"
"2020-04-14","23081","Steenokkerzeel","Steenokkerzeel","Arrondissement Halle-Vilvoorde","Arrondissement de Hal-Vilvorde","Provincie Vlaams-Brabant","Province du Brabant flamand","Vlaams Gewest","Région flamande","<5"
"2020-04-14","23088","Vilvoorde","Vilvorde","Arrondissement Halle-Vilvoorde","Arrondissement de Hal-Vilvorde","Provincie Vlaams-Brabant","Province du Brabant flamand","Vlaams Gewest","Région flamande","<5"
"2020-04-14","23094","Zaventem","Zaventem","Arrondissement Halle-Vilvoorde","Arrondissement de Hal-Vilvorde","Provincie Vlaams-Brabant","Province du Brabant flamand","Vlaams Gewest","Région flamande","<5"
"2020-04-14","23097","Roosdaal","Roosdaal","Arrondissement Halle-Vilvoorde","Arrondissement de Hal-Vilvorde","Provincie Vlaams-Brabant","Province du Brabant flamand","Vlaams Gewest","Région flamande","<5"
"2020-04-14","23102","Wemmel","Wemmel","Arrondissement Halle-Vilvoorde","Arrondissement de Hal-Vilvorde","Provincie Vlaams-Brabant","Province du Brabant flamand","Vlaams Gewest","Région flamande","<5"
"2020-04-14","23103","Wezembeek-Oppem","Wezembeek-Oppem","Arrondissement Halle-Vilvoorde","Arrondissement de Hal-Vilvorde","Provincie Vlaams-Brabant","Province du Brabant flamand","Vlaams Gewest","Région flamande","<5"
"2020-04-14","23104","Lennik","Lennik","Arrondissement Halle-Vilvoorde","Arrondissement de Hal-Vilvorde","Provincie Vlaams-Brabant","Province du Brabant flamand","Vlaams Gewest","Région flamande","<5"
"2020-04-14","24001","Aarschot","Aarschot","Arrondissement Leuven","Arrondissement de Louvain","Provincie Vlaams-Brabant","Province du Brabant flamand","Vlaams Gewest","Région flamande","<5"
"2020-04-14","24007","Begijnendijk","Begijnendijk","Arrondissement Leuven","Arrondissement de Louvain","Provincie Vlaams-Brabant","Province du Brabant flamand","Vlaams Gewest","Région flamande","<5"
"2020-04-14","24014","Boortmeerbeek","Boortmeerbeek","Arrondissement Leuven","Arrondissement de Louvain","Provincie Vlaams-Brabant","Province du Brabant flamand","Vlaams Gewest","Région flamande","<5"
"2020-04-14","24020","Diest","Diest","Arrondissement Leuven","Arrondissement de Louvain","Provincie Vlaams-Brabant","Province du Brabant flamand","Vlaams Gewest","Région flamande","<5"
"2020-04-14","24038","Herent","Herent","Arrondissement Leuven","Arrondissement de Louvain","Provincie Vlaams-Brabant","Province du Brabant flamand","Vlaams Gewest","Région flamande","<5"
"2020-04-14","24041","Hoegaarden","Hoegaarden","Arrondissement Leuven","Arrondissement de Louvain","Provincie Vlaams-Brabant","Province du Brabant flamand","Vlaams Gewest","Région flamande","<5"
"2020-04-14","24043","Holsbeek","Holsbeek","Arrondissement Leuven","Arrondissement de Louvain","Provincie Vlaams-Brabant","Province du Brabant flamand","Vlaams Gewest","Région flamande","<5"
"2020-04-14","24045","Huldenberg","Huldenberg","Arrondissement Leuven","Arrondissement de Louvain","Provincie Vlaams-Brabant","Province du Brabant flamand","Vlaams Gewest","Région flamande","<5"
"2020-04-14","24059","Landen","Landen","Arrondissement Leuven","Arrondissement de Louvain","Provincie Vlaams-Brabant","Province du Brabant flamand","Vlaams Gewest","Région flamande","<5"
"2020-04-14","24062","Leuven","Louvain","Arrondissement Leuven","Arrondissement de Louvain","Provincie Vlaams-Brabant","Province du Brabant flamand","Vlaams Gewest","Région flamande","9"
"2020-04-14","24086","Oud-Heverlee","Oud-Heverlee","Arrondissement Leuven","Arrondissement de Louvain","Provincie Vlaams-Brabant","Province du Brabant flamand","Vlaams Gewest","Région flamande","<5"
"2020-04-14","24094","Rotselaar","Rotselaar","Arrondissement Leuven","Arrondissement de Louvain","Provincie Vlaams-Brabant","Province du Brabant flamand","Vlaams Gewest","Région flamande","<5"
"2020-04-14","24104","Tervuren","Tervuren","Arrondissement Leuven","Arrondissement de Louvain","Provincie Vlaams-Brabant","Province du Brabant flamand","Vlaams Gewest","Région flamande","<5"
"2020-04-14","24107","Tienen","Tirlemont","Arrondissement Leuven","Arrondissement de Louvain","Provincie Vlaams-Brabant","Province du Brabant flamand","Vlaams Gewest","Région flamande","9"
"2020-04-14","24109","Tremelo","Tremelo","Arrondissement Leuven","Arrondissement de Louvain","Provincie Vlaams-Brabant","Province du Brabant flamand","Vlaams Gewest","Région flamande","<5"
"2020-04-14","24130","Zoutleeuw","Léau","Arrondissement Leuven","Arrondissement de Louvain","Provincie Vlaams-Brabant","Province du Brabant flamand","Vlaams Gewest","Région flamande","<5"
"2020-04-14","24134","Scherpenheuvel-Zichem","Montaigu-Zichem","Arrondissement Leuven","Arrondissement de Louvain","Provincie Vlaams-Brabant","Province du Brabant flamand","Vlaams Gewest","Région flamande","<5"
"2020-04-14","25014","Eigenbrakel","Braine-l’Alleud","Arrondissement Nijvel","Arrondissement de Nivelles","Provincie Waals-Brabant","Province du Brabant wallon","Waals Gewest","Région wallonne","<5"
"2020-04-14","25015","Kasteelbrakel","Braine-le-Château","Arrondissement Nijvel","Arrondissement de Nivelles","Provincie Waals-Brabant","Province du Brabant wallon","Waals Gewest","Région wallonne","<5"
"2020-04-14","25018","Chaumont-Gistoux","Chaumont-Gistoux","Arrondissement Nijvel","Arrondissement de Nivelles","Provincie Waals-Brabant","Province du Brabant wallon","Waals Gewest","Région wallonne","<5"
"2020-04-14","25023","Court-Saint-Etienne","Court-Saint-Etienne","Arrondissement Nijvel","Arrondissement de Nivelles","Provincie Waals-Brabant","Province du Brabant wallon","Waals Gewest","Région wallonne","<5"
"2020-04-14","25037","Graven","Grez-Doiceau","Arrondissement Nijvel","Arrondissement de Nivelles","Provincie Waals-Brabant","Province du Brabant wallon","Waals Gewest","Région wallonne","<5"
"2020-04-14","25044","Itter","Ittre","Arrondissement Nijvel","Arrondissement de Nivelles","Provincie Waals-Brabant","Province du Brabant wallon","Waals Gewest","Région wallonne","<5"
"2020-04-14","25091","Rixensart","Rixensart","Arrondissement Nijvel","Arrondissement de Nivelles","Provincie Waals-Brabant","Province du Brabant wallon","Waals Gewest","Région wallonne","<5"
"2020-04-14","25105","Tubeke","Tubize","Arrondissement Nijvel","Arrondissement de Nivelles","Provincie Waals-Brabant","Province du Brabant wallon","Waals Gewest","Région wallonne","40"
"2020-04-14","25110","Waterloo","Waterloo","Arrondissement Nijvel","Arrondissement de Nivelles","Provincie Waals-Brabant","Province du Brabant wallon","Waals Gewest","Région wallonne","7"
"2020-04-14","25117","Chastre","Chastre","Arrondissement Nijvel","Arrondissement de Nivelles","Provincie Waals-Brabant","Province du Brabant wallon","Waals Gewest","Région wallonne","<5"
"2020-04-14","25119","Lasne","Lasne","Arrondissement Nijvel","Arrondissement de Nivelles","Provincie Waals-Brabant","Province du Brabant wallon","Waals Gewest","Région wallonne","<5"
"2020-04-14","25120","Orp-Jauche","Orp-Jauche","Arrondissement Nijvel","Arrondissement de Nivelles","Provincie Waals-Brabant","Province du Brabant wallon","Waals Gewest","Région wallonne","<5"
"2020-04-14","25121","Ottignies-Louvain-la-Neuve","Ottignies-Louvain-la-Neuve","Arrondissement Nijvel","Arrondissement de Nivelles","Provincie Waals-Brabant","Province du Brabant wallon","Waals Gewest","Région wallonne","<5"
"2020-04-14","31003","Beernem","Beernem","Arrondissement Brugge","Arrondissement de Bruges","Provincie West-Vlaanderen","Province de Flandre occidentale","Vlaams Gewest","Région flamande","<5"
"2020-04-14","31005","Brugge","Bruges","Arrondissement Brugge","Arrondissement de Bruges","Provincie West-Vlaanderen","Province de Flandre occidentale","Vlaams Gewest","Région flamande","11"
"2020-04-14","31022","Oostkamp","Oostkamp","Arrondissement Brugge","Arrondissement de Bruges","Provincie West-Vlaanderen","Province de Flandre occidentale","Vlaams Gewest","Région flamande","<5"
"2020-04-14","31033","Torhout","Torhout","Arrondissement Brugge","Arrondissement de Bruges","Provincie West-Vlaanderen","Province de Flandre occidentale","Vlaams Gewest","Région flamande","<5"
"2020-04-14","31040","Zedelgem","Zedelgem","Arrondissement Brugge","Arrondissement de Bruges","Provincie West-Vlaanderen","Province de Flandre occidentale","Vlaams Gewest","Région flamande","<5"
"2020-04-14","31043","Knokke-Heist","Knokke-Heist","Arrondissement Brugge","Arrondissement de Bruges","Provincie West-Vlaanderen","Province de Flandre occidentale","Vlaams Gewest","Région flamande","<5"
"2020-04-14","32011","Kortemark","Kortemark","Arrondissement Diksmuide","Arrondissement de Dixmude","Provincie West-Vlaanderen","Province de Flandre occidentale","Vlaams Gewest","Région flamande","<5"
"2020-04-14","33011","Ieper","Ypres","Arrondissement Ieper","Arrondissement d’Ypres","Provincie West-Vlaanderen","Province de Flandre occidentale","Vlaams Gewest","Région flamande","5"
"2020-04-14","33029","Wervik","Wervik","Arrondissement Ieper","Arrondissement d’Ypres","Provincie West-Vlaanderen","Province de Flandre occidentale","Vlaams Gewest","Région flamande","<5"
"2020-04-14","33040","Langemark-Poelkapelle","Langemark-Poelkapelle","Arrondissement Ieper","Arrondissement d’Ypres","Provincie West-Vlaanderen","Province de Flandre occidentale","Vlaams Gewest","Région flamande","<5"
"2020-04-14","34002","Anzegem","Anzegem","Arrondissement Kortrijk","Arrondissement de Courtrai","Provincie West-Vlaanderen","Province de Flandre occidentale","Vlaams Gewest","Région flamande","8"
"2020-04-14","34009","Deerlijk","Deerlijk","Arrondissement Kortrijk","Arrondissement de Courtrai","Provincie West-Vlaanderen","Province de Flandre occidentale","Vlaams Gewest","Région flamande","<5"
"2020-04-14","34013","Harelbeke","Harelbeke","Arrondissement Kortrijk","Arrondissement de Courtrai","Provincie West-Vlaanderen","Province de Flandre occidentale","Vlaams Gewest","Région flamande","5"
"2020-04-14","34022","Kortrijk","Courtrai","Arrondissement Kortrijk","Arrondissement de Courtrai","Provincie West-Vlaanderen","Province de Flandre occidentale","Vlaams Gewest","Région flamande","15"
"2020-04-14","34023","Kuurne","Kuurne","Arrondissement Kortrijk","Arrondissement de Courtrai","Provincie West-Vlaanderen","Province de Flandre occidentale","Vlaams Gewest","Région flamande","<5"
"2020-04-14","34025","Lendelede","Lendelede","Arrondissement Kortrijk","Arrondissement de Courtrai","Provincie West-Vlaanderen","Province de Flandre occidentale","Vlaams Gewest","Région flamande","<5"
"2020-04-14","34027","Menen","Menin","Arrondissement Kortrijk","Arrondissement de Courtrai","Provincie West-Vlaanderen","Province de Flandre occidentale","Vlaams Gewest","Région flamande","26"
"2020-04-14","34040","Waregem","Waregem","Arrondissement Kortrijk","Arrondissement de Courtrai","Provincie West-Vlaanderen","Province de Flandre occidentale","Vlaams Gewest","Région flamande","<5"
"2020-04-14","34041","Wevelgem","Wevelgem","Arrondissement Kortrijk","Arrondissement de Courtrai","Provincie West-Vlaanderen","Province de Flandre occidentale","Vlaams Gewest","Région flamande","<5"
"2020-04-14","34042","Zwevegem","Zwevegem","Arrondissement Kortrijk","Arrondissement de Courtrai","Provincie West-Vlaanderen","Province de Flandre occidentale","Vlaams Gewest","Région flamande","6"
"2020-04-14","35002","Bredene","Bredene","Arrondissement Oostende","Arrondissement d’Ostende","Provincie West-Vlaanderen","Province de Flandre occidentale","Vlaams Gewest","Région flamande","<5"
"2020-04-14","35005","Gistel","Gistel","Arrondissement Oostende","Arrondissement d’Ostende","Provincie West-Vlaanderen","Province de Flandre occidentale","Vlaams Gewest","Région flamande","<5"
"2020-04-14","35006","Ichtegem","Ichtegem","Arrondissement Oostende","Arrondissement d’Ostende","Provincie West-Vlaanderen","Province de Flandre occidentale","Vlaams Gewest","Région flamande","<5"
"2020-04-14","35011","Middelkerke","Middelkerke","Arrondissement Oostende","Arrondissement d’Ostende","Provincie West-Vlaanderen","Province de Flandre occidentale","Vlaams Gewest","Région flamande","<5"
"2020-04-14","35013","Oostende","Ostende","Arrondissement Oostende","Arrondissement d’Ostende","Provincie West-Vlaanderen","Province de Flandre occidentale","Vlaams Gewest","Région flamande","<5"
"2020-04-14","35029","De Haan","De Haan","Arrondissement Oostende","Arrondissement d’Ostende","Provincie West-Vlaanderen","Province de Flandre occidentale","Vlaams Gewest","Région flamande","<5"
"2020-04-14","36006","Hooglede","Hooglede","Arrondissement Roeselare","Arrondissement de Roulers","Provincie West-Vlaanderen","Province de Flandre occidentale","Vlaams Gewest","Région flamande","<5"
"2020-04-14","36007","Ingelmunster","Ingelmunster","Arrondissement Roeselare","Arrondissement de Roulers","Provincie West-Vlaanderen","Province de Flandre occidentale","Vlaams Gewest","Région flamande","<5"
"2020-04-14","36008","Izegem","Izegem","Arrondissement Roeselare","Arrondissement de Roulers","Provincie West-Vlaanderen","Province de Flandre occidentale","Vlaams Gewest","Région flamande","<5"
"2020-04-14","36010","Ledegem","Ledegem","Arrondissement Roeselare","Arrondissement de Roulers","Provincie West-Vlaanderen","Province de Flandre occidentale","Vlaams Gewest","Région flamande","<5"
"2020-04-14","36015","Roeselare","Roulers","Arrondissement Roeselare","Arrondissement de Roulers","Provincie West-Vlaanderen","Province de Flandre occidentale","Vlaams Gewest","Région flamande","<5"
"2020-04-14","37011","Pittem","Pittem","Arrondissement Tielt","Arrondissement de Tielt","Provincie West-Vlaanderen","Province de Flandre occidentale","Vlaams Gewest","Région flamande","<5"
"2020-04-14","37012","Ruiselede","Ruiselede","Arrondissement Tielt","Arrondissement de Tielt","Provincie West-Vlaanderen","Province de Flandre occidentale","Vlaams Gewest","Région flamande","<5"
"2020-04-14","37015","Tielt (Tielt)","Tielt (Tielt)","Arrondissement Tielt","Arrondissement de Tielt","Provincie West-Vlaanderen","Province de Flandre occidentale","Vlaams Gewest","Région flamande","<5"
"2020-04-14","37017","Wielsbeke","Wielsbeke","Arrondissement Tielt","Arrondissement de Tielt","Provincie West-Vlaanderen","Province de Flandre occidentale","Vlaams Gewest","Région flamande","<5"
"2020-04-14","37018","Wingene","Wingene","Arrondissement Tielt","Arrondissement de Tielt","Provincie West-Vlaanderen","Province de Flandre occidentale","Vlaams Gewest","Région flamande","<5"
"2020-04-14","38008","De Panne","La Panne","Arrondissement Veurne","Arrondissement de Furnes","Provincie West-Vlaanderen","Province de Flandre occidentale","Vlaams Gewest","Région flamande","<5"
"2020-04-14","38014","Koksijde","Koksijde","Arrondissement Veurne","Arrondissement de Furnes","Provincie West-Vlaanderen","Province de Flandre occidentale","Vlaams Gewest","Région flamande","<5"
"2020-04-14","38016","Nieuwpoort","Nieuport","Arrondissement Veurne","Arrondissement de Furnes","Provincie West-Vlaanderen","Province de Flandre occidentale","Vlaams Gewest","Région flamande","<5"
"2020-04-14","41002","Aalst (Aalst)","Alost (Alost)","Arrondissement Aalst","Arrondissement d’Alost","Provincie Oost-Vlaanderen","Province de Flandre orientale","Vlaams Gewest","Région flamande","19"
"2020-04-14","41018","Geraardsbergen","Grammont","Arrondissement Aalst","Arrondissement d’Alost","Provincie Oost-Vlaanderen","Province de Flandre orientale","Vlaams Gewest","Région flamande","<5"
"2020-04-14","41024","Haaltert","Haaltert","Arrondissement Aalst","Arrondissement d’Alost","Provincie Oost-Vlaanderen","Province de Flandre orientale","Vlaams Gewest","Région flamande","<5"
"2020-04-14","41027","Herzele","Herzele","Arrondissement Aalst","Arrondissement d’Alost","Provincie Oost-Vlaanderen","Province de Flandre orientale","Vlaams Gewest","Région flamande","<5"
"2020-04-14","41048","Ninove","Ninove","Arrondissement Aalst","Arrondissement d’Alost","Provincie Oost-Vlaanderen","Province de Flandre orientale","Vlaams Gewest","Région flamande","7"
"2020-04-14","41063","Sint-Lievens-Houtem","Sint-Lievens-Houtem","Arrondissement Aalst","Arrondissement d’Alost","Provincie Oost-Vlaanderen","Province de Flandre orientale","Vlaams Gewest","Région flamande","<5"
"2020-04-14","41081","Zottegem","Zottegem","Arrondissement Aalst","Arrondissement d’Alost","Provincie Oost-Vlaanderen","Province de Flandre orientale","Vlaams Gewest","Région flamande","<5"
"2020-04-14","41082","Erpe-Mere","Erpe-Mere","Arrondissement Aalst","Arrondissement d’Alost","Provincie Oost-Vlaanderen","Province de Flandre orientale","Vlaams Gewest","Région flamande","<5"
"2020-04-14","42003","Berlare","Berlare","Arrondissement Dendermonde","Arrondissement de Termonde","Provincie Oost-Vlaanderen","Province de Flandre orientale","Vlaams Gewest","Région flamande","<5"
"2020-04-14","42004","Buggenhout","Buggenhout","Arrondissement Dendermonde","Arrondissement de Termonde","Provincie Oost-Vlaanderen","Province de Flandre orientale","Vlaams Gewest","Région flamande","9"
"2020-04-14","42006","Dendermonde","Termonde","Arrondissement Dendermonde","Arrondissement de Termonde","Provincie Oost-Vlaanderen","Province de Flandre orientale","Vlaams Gewest","Région flamande","9"
"2020-04-14","42008","Hamme (Dendermonde)","Hamme (Termonde)","Arrondissement Dendermonde","Arrondissement de Termonde","Provincie Oost-Vlaanderen","Province de Flandre orientale","Vlaams Gewest","Région flamande","<5"
"2020-04-14","42010","Laarne","Laarne","Arrondissement Dendermonde","Arrondissement de Termonde","Provincie Oost-Vlaanderen","Province de Flandre orientale","Vlaams Gewest","Région flamande","<5"
"2020-04-14","42011","Lebbeke","Lebbeke","Arrondissement Dendermonde","Arrondissement de Termonde","Provincie Oost-Vlaanderen","Province de Flandre orientale","Vlaams Gewest","Région flamande","6"
"2020-04-14","42023","Waasmunster","Waasmunster","Arrondissement Dendermonde","Arrondissement de Termonde","Provincie Oost-Vlaanderen","Province de Flandre orientale","Vlaams Gewest","Région flamande","<5"
"2020-04-14","42025","Wetteren","Wetteren","Arrondissement Dendermonde","Arrondissement de Termonde","Provincie Oost-Vlaanderen","Province de Flandre orientale","Vlaams Gewest","Région flamande","<5"
"2020-04-14","42026","Wichelen","Wichelen","Arrondissement Dendermonde","Arrondissement de Termonde","Provincie Oost-Vlaanderen","Province de Flandre orientale","Vlaams Gewest","Région flamande","<5"
"2020-04-14","42028","Zele","Zele","Arrondissement Dendermonde","Arrondissement de Termonde","Provincie Oost-Vlaanderen","Province de Flandre orientale","Vlaams Gewest","Région flamande","<5"
"2020-04-14","43002","Assenede","Assenede","Arrondissement Eeklo","Arrondissement d’Eeklo","Provincie Oost-Vlaanderen","Province de Flandre orientale","Vlaams Gewest","Région flamande","<5"
"2020-04-14","43007","Kaprijke","Kaprijke","Arrondissement Eeklo","Arrondissement d’Eeklo","Provincie Oost-Vlaanderen","Province de Flandre orientale","Vlaams Gewest","Région flamande","<5"
"2020-04-14","43010","Maldegem","Maldegem","Arrondissement Eeklo","Arrondissement d’Eeklo","Provincie Oost-Vlaanderen","Province de Flandre orientale","Vlaams Gewest","Région flamande","<5"
"2020-04-14","44013","Destelbergen","Destelbergen","Arrondissement Gent","Arrondissement de Gand","Provincie Oost-Vlaanderen","Province de Flandre orientale","Vlaams Gewest","Région flamande","<5"
"2020-04-14","44019","Evergem","Evergem","Arrondissement Gent","Arrondissement de Gand","Provincie Oost-Vlaanderen","Province de Flandre orientale","Vlaams Gewest","Région flamande","<5"
"2020-04-14","44021","Gent","Gand","Arrondissement Gent","Arrondissement de Gand","Provincie Oost-Vlaanderen","Province de Flandre orientale","Vlaams Gewest","Région flamande","17"
"2020-04-14","44034","Lochristi","Lochristi","Arrondissement Gent","Arrondissement de Gand","Provincie Oost-Vlaanderen","Province de Flandre orientale","Vlaams Gewest","Région flamande","<5"
"2020-04-14","44040","Melle","Melle","Arrondissement Gent","Arrondissement de Gand","Provincie Oost-Vlaanderen","Province de Flandre orientale","Vlaams Gewest","Région flamande","<5"
"2020-04-14","44043","Merelbeke","Merelbeke","Arrondissement Gent","Arrondissement de Gand","Provincie Oost-Vlaanderen","Province de Flandre orientale","Vlaams Gewest","Région flamande","<5"
"2020-04-14","44052","Oosterzele","Oosterzele","Arrondissement Gent","Arrondissement de Gand","Provincie Oost-Vlaanderen","Province de Flandre orientale","Vlaams Gewest","Région flamande","<5"
"2020-04-14","44064","Sint-Martens-Latem","Sint-Martens-Latem","Arrondissement Gent","Arrondissement de Gand","Provincie Oost-Vlaanderen","Province de Flandre orientale","Vlaams Gewest","Région flamande","<5"
"2020-04-14","44073","Wachtebeke","Wachtebeke","Arrondissement Gent","Arrondissement de Gand","Provincie Oost-Vlaanderen","Province de Flandre orientale","Vlaams Gewest","Région flamande","<5"
"2020-04-14","44083","Deinze","Deinze","Arrondissement Gent","Arrondissement de Gand","Provincie Oost-Vlaanderen","Province de Flandre orientale","Vlaams Gewest","Région flamande","<5"
"2020-04-14","44084","Aalter","Aalter","Arrondissement Gent","Arrondissement de Gand","Provincie Oost-Vlaanderen","Province de Flandre orientale","Vlaams Gewest","Région flamande","<5"
"2020-04-14","44085","Lievegem","Lievegem","Arrondissement Gent","Arrondissement de Gand","Provincie Oost-Vlaanderen","Province de Flandre orientale","Vlaams Gewest","Région flamande","<5"
"2020-04-14","45035","Oudenaarde","Audenarde","Arrondissement Oudenaarde","Arrondissement d’Audenarde","Provincie Oost-Vlaanderen","Province de Flandre orientale","Vlaams Gewest","Région flamande","<5"
"2020-04-14","45041","Ronse","Renaix","Arrondissement Oudenaarde","Arrondissement d’Audenarde","Provincie Oost-Vlaanderen","Province de Flandre orientale","Vlaams Gewest","Région flamande","<5"
"2020-04-14","45061","Wortegem-Petegem","Wortegem-Petegem","Arrondissement Oudenaarde","Arrondissement d’Audenarde","Provincie Oost-Vlaanderen","Province de Flandre orientale","Vlaams Gewest","Région flamande","<5"
"2020-04-14","45064","Maarkedal","Maarkedal","Arrondissement Oudenaarde","Arrondissement d’Audenarde","Provincie Oost-Vlaanderen","Province de Flandre orientale","Vlaams Gewest","Région flamande","<5"
"2020-04-14","46003","Beveren (Sint-Niklaas)","Beveren (Saint-Nicolas)","Arrondissement Sint-Niklaas","Arrondissement de Saint-Nicolas","Provincie Oost-Vlaanderen","Province de Flandre orientale","Vlaams Gewest","Région flamande","<5"
"2020-04-14","46014","Lokeren","Lokeren","Arrondissement Sint-Niklaas","Arrondissement de Saint-Nicolas","Provincie Oost-Vlaanderen","Province de Flandre orientale","Vlaams Gewest","Région flamande","7"
"2020-04-14","46021","Sint-Niklaas (Sint-Niklaas)","Saint-Nicolas (Saint-Nicolas)","Arrondissement Sint-Niklaas","Arrondissement de Saint-Nicolas","Provincie Oost-Vlaanderen","Province de Flandre orientale","Vlaams Gewest","Région flamande","<5"
"2020-04-14","46024","Stekene","Stekene","Arrondissement Sint-Niklaas","Arrondissement de Saint-Nicolas","Provincie Oost-Vlaanderen","Province de Flandre orientale","Vlaams Gewest","Région flamande","<5"
"2020-04-14","46025","Temse","Tamise","Arrondissement Sint-Niklaas","Arrondissement de Saint-Nicolas","Provincie Oost-Vlaanderen","Province de Flandre orientale","Vlaams Gewest","Région flamande","<5"
"2020-04-14","51004","Aat","Ath","Arrondissement Aat","Arrondissement d’Ath","Provincie Henegouwen","Province du Hainaut","Waals Gewest","Région wallonne","5"
"2020-04-14","51008","Beloeil","Beloeil","Arrondissement Aat","Arrondissement d’Ath","Provincie Henegouwen","Province du Hainaut","Waals Gewest","Région wallonne","<5"
"2020-04-14","51012","Brugelette","Brugelette","Arrondissement Aat","Arrondissement d’Ath","Provincie Henegouwen","Province du Hainaut","Waals Gewest","Région wallonne","<5"
"2020-04-14","51065","Frasnes-lez-Anvaing","Frasnes-lez-Anvaing","Arrondissement Aat","Arrondissement d’Ath","Provincie Henegouwen","Province du Hainaut","Waals Gewest","Région wallonne","<5"
"2020-04-14","51068","Opzullik","Silly","Arrondissement Aat","Arrondissement d’Ath","Provincie Henegouwen","Province du Hainaut","Waals Gewest","Région wallonne","<5"
"2020-04-14","52010","Chapelle-lez-Herlaimont","Chapelle-lez-Herlaimont","Arrondissement Charleroi","Arrondissement de Charleroi","Provincie Henegouwen","Province du Hainaut","Waals Gewest","Région wallonne","<5"
"2020-04-14","52011","Charleroi","Charleroi","Arrondissement Charleroi","Arrondissement de Charleroi","Provincie Henegouwen","Province du Hainaut","Waals Gewest","Région wallonne","19"
"2020-04-14","52012","Châtelet","Châtelet","Arrondissement Charleroi","Arrondissement de Charleroi","Provincie Henegouwen","Province du Hainaut","Waals Gewest","Région wallonne","16"
"2020-04-14","52015","Courcelles","Courcelles","Arrondissement Charleroi","Arrondissement de Charleroi","Provincie Henegouwen","Province du Hainaut","Waals Gewest","Région wallonne","<5"
"2020-04-14","52018","Farciennes","Farciennes","Arrondissement Charleroi","Arrondissement de Charleroi","Provincie Henegouwen","Province du Hainaut","Waals Gewest","Région wallonne","<5"
"2020-04-14","52021","Fleurus","Fleurus","Arrondissement Charleroi","Arrondissement de Charleroi","Provincie Henegouwen","Province du Hainaut","Waals Gewest","Région wallonne","<5"
"2020-04-14","52022","Fontaine-l’Evêque","Fontaine-l’Evêque","Arrondissement Charleroi","Arrondissement de Charleroi","Provincie Henegouwen","Province du Hainaut","Waals Gewest","Région wallonne","<5"
"2020-04-14","52025","Gerpinnes","Gerpinnes","Arrondissement Charleroi","Arrondissement de Charleroi","Provincie Henegouwen","Province du Hainaut","Waals Gewest","Région wallonne","<5"
"2020-04-14","52048","Montigny-le-Tilleul","Montigny-le-Tilleul","Arrondissement Charleroi","Arrondissement de Charleroi","Provincie Henegouwen","Province du Hainaut","Waals Gewest","Région wallonne","<5"
"2020-04-14","52055","Pont-à-Celles","Pont-à-Celles","Arrondissement Charleroi","Arrondissement de Charleroi","Provincie Henegouwen","Province du Hainaut","Waals Gewest","Région wallonne","<5"
"2020-04-14","52074","Aiseau-Presles","Aiseau-Presles","Arrondissement Charleroi","Arrondissement de Charleroi","Provincie Henegouwen","Province du Hainaut","Waals Gewest","Région wallonne","<5"
"2020-04-14","52075","Les Bons Villers","Les Bons Villers","Arrondissement Charleroi","Arrondissement de Charleroi","Provincie Henegouwen","Province du Hainaut","Waals Gewest","Région wallonne","<5"
"2020-04-14","53014","Boussu","Boussu","Arrondissement Bergen","Arrondissement de Mons","Provincie Henegouwen","Province du Hainaut","Waals Gewest","Région wallonne","<5"
"2020-04-14","53020","Dour","Dour","Arrondissement Bergen","Arrondissement de Mons","Provincie Henegouwen","Province du Hainaut","Waals Gewest","Région wallonne","<5"
"2020-04-14","53028","Frameries","Frameries","Arrondissement Bergen","Arrondissement de Mons","Provincie Henegouwen","Province du Hainaut","Waals Gewest","Région wallonne","5"
"2020-04-14","53044","Jurbeke","Jurbise","Arrondissement Bergen","Arrondissement de Mons","Provincie Henegouwen","Province du Hainaut","Waals Gewest","Région wallonne","<5"
"2020-04-14","53046","Lens","Lens","Arrondissement Bergen","Arrondissement de Mons","Provincie Henegouwen","Province du Hainaut","Waals Gewest","Région wallonne","<5"
"2020-04-14","53053","Bergen","Mons","Arrondissement Bergen","Arrondissement de Mons","Provincie Henegouwen","Province du Hainaut","Waals Gewest","Région wallonne","24"
"2020-04-14","53065","Quaregnon","Quaregnon","Arrondissement Bergen","Arrondissement de Mons","Provincie Henegouwen","Province du Hainaut","Waals Gewest","Région wallonne","<5"
"2020-04-14","53070","Saint-Ghislain","Saint-Ghislain","Arrondissement Bergen","Arrondissement de Mons","Provincie Henegouwen","Province du Hainaut","Waals Gewest","Région wallonne","14"
"2020-04-14","53082","Colfontaine","Colfontaine","Arrondissement Bergen","Arrondissement de Mons","Provincie Henegouwen","Province du Hainaut","Waals Gewest","Région wallonne","5"
"2020-04-14","53083","Honnelles","Honnelles","Arrondissement Bergen","Arrondissement de Mons","Provincie Henegouwen","Province du Hainaut","Waals Gewest","Région wallonne","<5"
"2020-04-14","55004","’s Gravenbrakel","Braine-le-Comte","Arrondissement Zinnik","Arrondissement de Soignies","Provincie Henegouwen","Province du Hainaut","Waals Gewest","Région wallonne","<5"
"2020-04-14","55035","Le Roeulx","Le Roeulx","Arrondissement Zinnik","Arrondissement de Soignies","Provincie Henegouwen","Province du Hainaut","Waals Gewest","Région wallonne","<5"
"2020-04-14","55040","Zinnik","Soignies","Arrondissement Zinnik","Arrondissement de Soignies","Provincie Henegouwen","Province du Hainaut","Waals Gewest","Région wallonne","<5"
"2020-04-14","55050","Ecaussinnes","Ecaussinnes","Arrondissement Zinnik","Arrondissement de Soignies","Provincie Henegouwen","Province du Hainaut","Waals Gewest","Région wallonne","<5"
"2020-04-14","55085","Seneffe","Seneffe","Arrondissement Zinnik","Arrondissement de Soignies","Provincie Henegouwen","Province du Hainaut","Waals Gewest","Région wallonne","<5"
"2020-04-14","55086","Manage","Manage","Arrondissement Zinnik","Arrondissement de Soignies","Provincie Henegouwen","Province du Hainaut","Waals Gewest","Région wallonne","<5"
"2020-04-14","56005","Beaumont","Beaumont","Arrondissement Thuin","Arrondissement de Thuin","Provincie Henegouwen","Province du Hainaut","Waals Gewest","Région wallonne","<5"
"2020-04-14","56022","Erquelinnes","Erquelinnes","Arrondissement Thuin","Arrondissement de Thuin","Provincie Henegouwen","Province du Hainaut","Waals Gewest","Région wallonne","<5"
"2020-04-14","56049","Merbes-le-Château","Merbes-le-Château","Arrondissement Thuin","Arrondissement de Thuin","Provincie Henegouwen","Province du Hainaut","Waals Gewest","Région wallonne","<5"
"2020-04-14","56088","Sivry-Rance","Sivry-Rance","Arrondissement Thuin","Arrondissement de Thuin","Provincie Henegouwen","Province du Hainaut","Waals Gewest","Région wallonne","<5"
"2020-04-14","57018","Celles (Doornik)","Celles (Tournai)","Arrondissement Doornik-Moeskroen","Arrondissement de Tournai-Mouscron","Provincie Henegouwen","Province du Hainaut","Waals Gewest","Région wallonne","<5"
"2020-04-14","57027","Estaimpuis","Estaimpuis","Arrondissement Doornik-Moeskroen","Arrondissement de Tournai-Mouscron","Provincie Henegouwen","Province du Hainaut","Waals Gewest","Région wallonne","<5"
"2020-04-14","57064","Péruwelz","Péruwelz","Arrondissement Doornik-Moeskroen","Arrondissement de Tournai-Mouscron","Provincie Henegouwen","Province du Hainaut","Waals Gewest","Région wallonne","<5"
"2020-04-14","57081","Doornik","Tournai","Arrondissement Doornik-Moeskroen","Arrondissement de Tournai-Mouscron","Provincie Henegouwen","Province du Hainaut","Waals Gewest","Région wallonne","<5"
"2020-04-14","57094","Leuze-en-Hainaut","Leuze-en-Hainaut","Arrondissement Doornik-Moeskroen","Arrondissement de Tournai-Mouscron","Provincie Henegouwen","Province du Hainaut","Waals Gewest","Région wallonne","<5"
"2020-04-14","57096","Moeskroen","Mouscron","Arrondissement Doornik-Moeskroen","Arrondissement de Tournai-Mouscron","Provincie Henegouwen","Province du Hainaut","Waals Gewest","Région wallonne","7"
"2020-04-14","57097","Komen-Waasten","Comines-Warneton","Arrondissement Doornik-Moeskroen","Arrondissement de Tournai-Mouscron","Provincie Henegouwen","Province du Hainaut","Waals Gewest","Région wallonne","<5"
"2020-04-14","58001","La Louvière","La Louvière","Arrondissement La Louvière","Arrondissement de La Louvière","Provincie Henegouwen","Province du Hainaut","Waals Gewest","Région wallonne","15"
"2020-04-14","58002","Binche","Binche","Arrondissement La Louvière","Arrondissement de La Louvière","Provincie Henegouwen","Province du Hainaut","Waals Gewest","Région wallonne","<5"
"2020-04-14","58003","Estinnes","Estinnes","Arrondissement La Louvière","Arrondissement de La Louvière","Provincie Henegouwen","Province du Hainaut","Waals Gewest","Région wallonne","<5"
"2020-04-14","58004","Morlanwelz","Morlanwelz","Arrondissement La Louvière","Arrondissement de La Louvière","Provincie Henegouwen","Province du Hainaut","Waals Gewest","Région wallonne","<5"
"2020-04-14","61003","Amay","Amay","Arrondissement Hoei","Arrondissement de Huy","Provincie Luik","Province de Liège","Waals Gewest","Région wallonne","<5"
"2020-04-14","61010","Burdinne","Burdinne","Arrondissement Hoei","Arrondissement de Huy","Provincie Luik","Province de Liège","Waals Gewest","Région wallonne","<5"
"2020-04-14","61012","Clavier","Clavier","Arrondissement Hoei","Arrondissement de Huy","Provincie Luik","Province de Liège","Waals Gewest","Région wallonne","<5"
"2020-04-14","61019","Ferrières","Ferrières","Arrondissement Hoei","Arrondissement de Huy","Provincie Luik","Province de Liège","Waals Gewest","Région wallonne","<5"
"2020-04-14","61028","Héron","Héron","Arrondissement Hoei","Arrondissement de Huy","Provincie Luik","Province de Liège","Waals Gewest","Région wallonne","<5"
"2020-04-14","61031","Hoei","Huy","Arrondissement Hoei","Arrondissement de Huy","Provincie Luik","Province de Liège","Waals Gewest","Région wallonne","20"
"2020-04-14","61039","Marchin","Marchin","Arrondissement Hoei","Arrondissement de Huy","Provincie Luik","Province de Liège","Waals Gewest","Région wallonne","<5"
"2020-04-14","61041","Modave","Modave","Arrondissement Hoei","Arrondissement de Huy","Provincie Luik","Province de Liège","Waals Gewest","Région wallonne","<5"
"2020-04-14","61068","Villers-Le-Bouillet","Villers-Le-Bouillet","Arrondissement Hoei","Arrondissement de Huy","Provincie Luik","Province de Liège","Waals Gewest","Région wallonne","<5"
"2020-04-14","61072","Wanze","Wanze","Arrondissement Hoei","Arrondissement de Huy","Provincie Luik","Province de Liège","Waals Gewest","Région wallonne","6"
"2020-04-14","61080","Engis","Engis","Arrondissement Hoei","Arrondissement de Huy","Provincie Luik","Province de Liège","Waals Gewest","Région wallonne","<5"
"2020-04-14","61081","Tinlot","Tinlot","Arrondissement Hoei","Arrondissement de Huy","Provincie Luik","Province de Liège","Waals Gewest","Région wallonne","<5"
"2020-04-14","62003","Ans","Ans","Arrondissement Luik","Arrondissement de Liège","Provincie Luik","Province de Liège","Waals Gewest","Région wallonne","<5"
"2020-04-14","62006","Awans","Awans","Arrondissement Luik","Arrondissement de Liège","Provincie Luik","Province de Liège","Waals Gewest","Région wallonne","<5"
"2020-04-14","62009","Aywaille","Aywaille","Arrondissement Luik","Arrondissement de Liège","Provincie Luik","Province de Liège","Waals Gewest","Région wallonne","<5"
"2020-04-14","62011","Bitsingen","Bassenge","Arrondissement Luik","Arrondissement de Liège","Provincie Luik","Province de Liège","Waals Gewest","Région wallonne","<5"
"2020-04-14","62015","Beyne-Heusay","Beyne-Heusay","Arrondissement Luik","Arrondissement de Liège","Provincie Luik","Province de Liège","Waals Gewest","Région wallonne","<5"
"2020-04-14","62022","Chaudfontaine","Chaudfontaine","Arrondissement Luik","Arrondissement de Liège","Provincie Luik","Province de Liège","Waals Gewest","Région wallonne","<5"
"2020-04-14","62026","Comblain-au-Pont","Comblain-au-Pont","Arrondissement Luik","Arrondissement de Liège","Provincie Luik","Province de Liège","Waals Gewest","Région wallonne","<5"
"2020-04-14","62032","Esneux","Esneux","Arrondissement Luik","Arrondissement de Liège","Provincie Luik","Province de Liège","Waals Gewest","Région wallonne","<5"
"2020-04-14","62038","Fléron","Fléron","Arrondissement Luik","Arrondissement de Liège","Provincie Luik","Province de Liège","Waals Gewest","Région wallonne","6"
"2020-04-14","62051","Herstal","Herstal","Arrondissement Luik","Arrondissement de Liège","Provincie Luik","Province de Liège","Waals Gewest","Région wallonne","15"
"2020-04-14","62060","Juprelle","Juprelle","Arrondissement Luik","Arrondissement de Liège","Provincie Luik","Province de Liège","Waals Gewest","Région wallonne","<5"
"2020-04-14","62063","Luik","Liège","Arrondissement Luik","Arrondissement de Liège","Provincie Luik","Province de Liège","Waals Gewest","Région wallonne","42"
"2020-04-14","62079","Oupeye","Oupeye","Arrondissement Luik","Arrondissement de Liège","Provincie Luik","Province de Liège","Waals Gewest","Région wallonne","5"
"2020-04-14","62093","Saint-Nicolas (Luik)","Saint-Nicolas (Liège)","Arrondissement Luik","Arrondissement de Liège","Provincie Luik","Province de Liège","Waals Gewest","Région wallonne","6"
"2020-04-14","62096","Seraing","Seraing","Arrondissement Luik","Arrondissement de Liège","Provincie Luik","Province de Liège","Waals Gewest","Région wallonne","8"
"2020-04-14","62099","Soumagne","Soumagne","Arrondissement Luik","Arrondissement de Liège","Provincie Luik","Province de Liège","Waals Gewest","Région wallonne","5"
"2020-04-14","62100","Sprimont","Sprimont","Arrondissement Luik","Arrondissement de Liège","Provincie Luik","Province de Liège","Waals Gewest","Région wallonne","<5"
"2020-04-14","62108","Wezet","Visé","Arrondissement Luik","Arrondissement de Liège","Provincie Luik","Province de Liège","Waals Gewest","Région wallonne","<5"
"2020-04-14","62118","Grâce-Hollogne","Grâce-Hollogne","Arrondissement Luik","Arrondissement de Liège","Provincie Luik","Province de Liège","Waals Gewest","Région wallonne","<5"
"2020-04-14","62119","Blegny","Blegny","Arrondissement Luik","Arrondissement de Liège","Provincie Luik","Province de Liège","Waals Gewest","Région wallonne","<5"
"2020-04-14","62120","Flémalle","Flémalle","Arrondissement Luik","Arrondissement de Liège","Provincie Luik","Province de Liège","Waals Gewest","Région wallonne","<5"
"2020-04-14","62121","Neupré","Neupré","Arrondissement Luik","Arrondissement de Liège","Provincie Luik","Province de Liège","Waals Gewest","Région wallonne","<5"
"2020-04-14","62122","Trooz","Trooz","Arrondissement Luik","Arrondissement de Liège","Provincie Luik","Province de Liège","Waals Gewest","Région wallonne","<5"
"2020-04-14","63001","Amel","Amblève","Arrondissement Verviers","Arrondissement de Verviers","Provincie Luik","Province de Liège","Waals Gewest","Région wallonne","<5"
"2020-04-14","63003","Aubel","Aubel","Arrondissement Verviers","Arrondissement de Verviers","Provincie Luik","Province de Liège","Waals Gewest","Région wallonne","<5"
"2020-04-14","63004","Baelen","Baelen","Arrondissement Verviers","Arrondissement de Verviers","Provincie Luik","Province de Liège","Waals Gewest","Région wallonne","<5"
"2020-04-14","63012","Büllingen","Bullange","Arrondissement Verviers","Arrondissement de Verviers","Provincie Luik","Province de Liège","Waals Gewest","Région wallonne","<5"
"2020-04-14","63013","Bütgenbach","Butgenbach","Arrondissement Verviers","Arrondissement de Verviers","Provincie Luik","Province de Liège","Waals Gewest","Région wallonne","<5"
"2020-04-14","63020","Dison","Dison","Arrondissement Verviers","Arrondissement de Verviers","Provincie Luik","Province de Liège","Waals Gewest","Région wallonne","<5"
"2020-04-14","63035","Herve","Herve","Arrondissement Verviers","Arrondissement de Verviers","Provincie Luik","Province de Liège","Waals Gewest","Région wallonne","<5"
"2020-04-14","63038","Jalhay","Jalhay","Arrondissement Verviers","Arrondissement de Verviers","Provincie Luik","Province de Liège","Waals Gewest","Région wallonne","<5"
"2020-04-14","63045","Lierneux","Lierneux","Arrondissement Verviers","Arrondissement de Verviers","Provincie Luik","Province de Liège","Waals Gewest","Région wallonne","<5"
"2020-04-14","63046","Limburg","Limbourg","Arrondissement Verviers","Arrondissement de Verviers","Provincie Luik","Province de Liège","Waals Gewest","Région wallonne","<5"
"2020-04-14","63057","Olne","Olne","Arrondissement Verviers","Arrondissement de Verviers","Provincie Luik","Province de Liège","Waals Gewest","Région wallonne","<5"
"2020-04-14","63058","Pepinster","Pepinster","Arrondissement Verviers","Arrondissement de Verviers","Provincie Luik","Province de Liège","Waals Gewest","Région wallonne","<5"
"2020-04-14","63072","Spa","Spa","Arrondissement Verviers","Arrondissement de Verviers","Provincie Luik","Province de Liège","Waals Gewest","Région wallonne","<5"
"2020-04-14","63075","Stoumont","Stoumont","Arrondissement Verviers","Arrondissement de Verviers","Provincie Luik","Province de Liège","Waals Gewest","Région wallonne","<5"
"2020-04-14","63076","Theux","Theux","Arrondissement Verviers","Arrondissement de Verviers","Provincie Luik","Province de Liège","Waals Gewest","Région wallonne","<5"
"2020-04-14","63079","Verviers","Verviers","Arrondissement Verviers","Arrondissement de Verviers","Provincie Luik","Province de Liège","Waals Gewest","Région wallonne","8"
"2020-04-14","63080","Weismes","Waimes","Arrondissement Verviers","Arrondissement de Verviers","Provincie Luik","Province de Liège","Waals Gewest","Région wallonne","<5"
"2020-04-14","63084","Welkenraedt","Welkenraedt","Arrondissement Verviers","Arrondissement de Verviers","Provincie Luik","Province de Liège","Waals Gewest","Région wallonne","<5"
"2020-04-14","63088","Plombières","Plombières","Arrondissement Verviers","Arrondissement de Verviers","Provincie Luik","Province de Liège","Waals Gewest","Région wallonne","<5"
"2020-04-14","64008","Berloz","Berloz","Arrondissement Borgworm","Arrondissement de Waremme","Provincie Luik","Province de Liège","Waals Gewest","Région wallonne","<5"
"2020-04-14","64029","Geer","Geer","Arrondissement Borgworm","Arrondissement de Waremme","Provincie Luik","Province de Liège","Waals Gewest","Région wallonne","<5"
"2020-04-14","64034","Hannuit","Hannut","Arrondissement Borgworm","Arrondissement de Waremme","Provincie Luik","Province de Liège","Waals Gewest","Région wallonne","<5"
"2020-04-14","64056","Oerle","Oreye","Arrondissement Borgworm","Arrondissement de Waremme","Provincie Luik","Province de Liège","Waals Gewest","Région wallonne","<5"
"2020-04-14","64074","Borgworm","Waremme","Arrondissement Borgworm","Arrondissement de Waremme","Provincie Luik","Province de Liège","Waals Gewest","Région wallonne","5"
"2020-04-14","71002","As","As","Arrondissement Hasselt","Arrondissement de Hasselt","Provincie Limburg","Province du Limbourg","Vlaams Gewest","Région flamande","10"
"2020-04-14","71004","Beringen","Beringen","Arrondissement Hasselt","Arrondissement de Hasselt","Provincie Limburg","Province du Limbourg","Vlaams Gewest","Région flamande","5"
"2020-04-14","71011","Diepenbeek","Diepenbeek","Arrondissement Hasselt","Arrondissement de Hasselt","Provincie Limburg","Province du Limbourg","Vlaams Gewest","Région flamande","<5"
"2020-04-14","71016","Genk","Genk","Arrondissement Hasselt","Arrondissement de Hasselt","Provincie Limburg","Province du Limbourg","Vlaams Gewest","Région flamande","33"
"2020-04-14","71017","Gingelom","Gingelom","Arrondissement Hasselt","Arrondissement de Hasselt","Provincie Limburg","Province du Limbourg","Vlaams Gewest","Région flamande","<5"
"2020-04-14","71020","Halen","Halen","Arrondissement Hasselt","Arrondissement de Hasselt","Provincie Limburg","Province du Limbourg","Vlaams Gewest","Région flamande","<5"
"2020-04-14","71022","Hasselt","Hasselt","Arrondissement Hasselt","Arrondissement de Hasselt","Provincie Limburg","Province du Limbourg","Vlaams Gewest","Région flamande","24"
"2020-04-14","71024","Herk-de-Stad","Herck-la-Ville","Arrondissement Hasselt","Arrondissement de Hasselt","Provincie Limburg","Province du Limbourg","Vlaams Gewest","Région flamande","<5"
"2020-04-14","71034","Leopoldsburg","Bourg-Léopold","Arrondissement Hasselt","Arrondissement de Hasselt","Provincie Limburg","Province du Limbourg","Vlaams Gewest","Région flamande","<5"
"2020-04-14","71045","Nieuwerkerken (Hasselt)","Nieuwerkerken (Hasselt)","Arrondissement Hasselt","Arrondissement de Hasselt","Provincie Limburg","Province du Limbourg","Vlaams Gewest","Région flamande","<5"
"2020-04-14","71053","Sint-Truiden","Saint-Trond","Arrondissement Hasselt","Arrondissement de Hasselt","Provincie Limburg","Province du Limbourg","Vlaams Gewest","Région flamande","6"
"2020-04-14","71066","Zonhoven","Zonhoven","Arrondissement Hasselt","Arrondissement de Hasselt","Provincie Limburg","Province du Limbourg","Vlaams Gewest","Région flamande","15"
"2020-04-14","71067","Zutendaal","Zutendaal","Arrondissement Hasselt","Arrondissement de Hasselt","Provincie Limburg","Province du Limbourg","Vlaams Gewest","Région flamande","<5"
"2020-04-14","71070","Heusden-Zolder","Heusden-Zolder","Arrondissement Hasselt","Arrondissement de Hasselt","Provincie Limburg","Province du Limbourg","Vlaams Gewest","Région flamande","6"
"2020-04-14","72003","Bocholt","Bocholt","Arrondissement Maaseik","Arrondissement de Maaseik","Provincie Limburg","Province du Limbourg","Vlaams Gewest","Région flamande","<5"
"2020-04-14","72004","Bree","Bree","Arrondissement Maaseik","Arrondissement de Maaseik","Provincie Limburg","Province du Limbourg","Vlaams Gewest","Région flamande","<5"
"2020-04-14","72018","Kinrooi","Kinrooi","Arrondissement Maaseik","Arrondissement de Maaseik","Provincie Limburg","Province du Limbourg","Vlaams Gewest","Région flamande","<5"
"2020-04-14","72021","Maaseik","Maaseik","Arrondissement Maaseik","Arrondissement de Maaseik","Provincie Limburg","Province du Limbourg","Vlaams Gewest","Région flamande","<5"
"2020-04-14","72030","Peer","Peer","Arrondissement Maaseik","Arrondissement de Maaseik","Provincie Limburg","Province du Limbourg","Vlaams Gewest","Région flamande","<5"
"2020-04-14","72037","Hamont-Achel","Hamont-Achel","Arrondissement Maaseik","Arrondissement de Maaseik","Provincie Limburg","Province du Limbourg","Vlaams Gewest","Région flamande","<5"
"2020-04-14","72038","Hechtel-Eksel","Hechtel-Eksel","Arrondissement Maaseik","Arrondissement de Maaseik","Provincie Limburg","Province du Limbourg","Vlaams Gewest","Région flamande","<5"
"2020-04-14","72039","Houthalen-Helchteren","Houthalen-Helchteren","Arrondissement Maaseik","Arrondissement de Maaseik","Provincie Limburg","Province du Limbourg","Vlaams Gewest","Région flamande","<5"
"2020-04-14","72041","Dilsen-Stokkem","Dilsen-Stokkem","Arrondissement Maaseik","Arrondissement de Maaseik","Provincie Limburg","Province du Limbourg","Vlaams Gewest","Région flamande","<5"
"2020-04-14","72042","Oudsbergen","Oudsbergen","Arrondissement Maaseik","Arrondissement de Maaseik","Provincie Limburg","Province du Limbourg","Vlaams Gewest","Région flamande","<5"
"2020-04-14","72043","Pelt","Pelt","Arrondissement Maaseik","Arrondissement de Maaseik","Provincie Limburg","Province du Limbourg","Vlaams Gewest","Région flamande","<5"
"2020-04-14","73001","Alken","Alken","Arrondissement Tongeren","Arrondissement de Tongres","Provincie Limburg","Province du Limbourg","Vlaams Gewest","Région flamande","<5"
"2020-04-14","73006","Bilzen","Bilzen","Arrondissement Tongeren","Arrondissement de Tongres","Provincie Limburg","Province du Limbourg","Vlaams Gewest","Région flamande","5"
"2020-04-14","73009","Borgloon","Looz","Arrondissement Tongeren","Arrondissement de Tongres","Provincie Limburg","Province du Limbourg","Vlaams Gewest","Région flamande","<5"
"2020-04-14","73032","Hoeselt","Hoeselt","Arrondissement Tongeren","Arrondissement de Tongres","Provincie Limburg","Province du Limbourg","Vlaams Gewest","Région flamande","<5"
"2020-04-14","73040","Kortessem","Kortessem","Arrondissement Tongeren","Arrondissement de Tongres","Provincie Limburg","Province du Limbourg","Vlaams Gewest","Région flamande","<5"
"2020-04-14","73042","Lanaken","Lanaken","Arrondissement Tongeren","Arrondissement de Tongres","Provincie Limburg","Province du Limbourg","Vlaams Gewest","Région flamande","7"
"2020-04-14","73066","Riemst","Riemst","Arrondissement Tongeren","Arrondissement de Tongres","Provincie Limburg","Province du Limbourg","Vlaams Gewest","Région flamande","13"
"2020-04-14","73083","Tongeren","Tongres","Arrondissement Tongeren","Arrondissement de Tongres","Provincie Limburg","Province du Limbourg","Vlaams Gewest","Région flamande","9"
"2020-04-14","73098","Wellen","Wellen","Arrondissement Tongeren","Arrondissement de Tongres","Provincie Limburg","Province du Limbourg","Vlaams Gewest","Région flamande","<5"
"2020-04-14","73107","Maasmechelen","Maasmechelen","Arrondissement Tongeren","Arrondissement de Tongres","Provincie Limburg","Province du Limbourg","Vlaams Gewest","Région flamande","<5"
"2020-04-14","73109","Voeren","Fourons","Arrondissement Tongeren","Arrondissement de Tongres","Provincie Limburg","Province du Limbourg","Vlaams Gewest","Région flamande","<5"
"2020-04-14","81001","Aarlen","Arlon","Arrondissement Aarlen","Arrondissement d’Arlon","Provincie Luxemburg","Province du Luxembourg","Waals Gewest","Région wallonne","<5"
"2020-04-14","81004","Aubange","Aubange","Arrondissement Aarlen","Arrondissement d’Arlon","Provincie Luxemburg","Province du Luxembourg","Waals Gewest","Région wallonne","<5"
"2020-04-14","81015","Messancy","Messancy","Arrondissement Aarlen","Arrondissement d’Arlon","Provincie Luxemburg","Province du Luxembourg","Waals Gewest","Région wallonne","<5"
"2020-04-14","82003","Bastenaken","Bastogne","Arrondissement Bastenaken","Arrondissement de Bastogne","Provincie Luxemburg","Province du Luxembourg","Waals Gewest","Région wallonne","<5"
"2020-04-14","82009","Fauvillers","Fauvillers","Arrondissement Bastenaken","Arrondissement de Bastogne","Provincie Luxemburg","Province du Luxembourg","Waals Gewest","Région wallonne","<5"
"2020-04-14","82014","Houffalize","Houffalize","Arrondissement Bastenaken","Arrondissement de Bastogne","Provincie Luxemburg","Province du Luxembourg","Waals Gewest","Région wallonne","<5"
"2020-04-14","82032","Vielsalm","Vielsalm","Arrondissement Bastenaken","Arrondissement de Bastogne","Provincie Luxemburg","Province du Luxembourg","Waals Gewest","Région wallonne","19"
"2020-04-14","82037","Gouvy","Gouvy","Arrondissement Bastenaken","Arrondissement de Bastogne","Provincie Luxemburg","Province du Luxembourg","Waals Gewest","Région wallonne","<5"
"2020-04-14","83012","Durbuy","Durbuy","Arrondissement Marche-en-Famenne","Arrondissement de Marche-en-Famenne","Provincie Luxemburg","Province du Luxembourg","Waals Gewest","Région wallonne","<5"
"2020-04-14","83013","Erezée","Erezée","Arrondissement Marche-en-Famenne","Arrondissement de Marche-en-Famenne","Provincie Luxemburg","Province du Luxembourg","Waals Gewest","Région wallonne","<5"
"2020-04-14","83028","Hotton","Hotton","Arrondissement Marche-en-Famenne","Arrondissement de Marche-en-Famenne","Provincie Luxemburg","Province du Luxembourg","Waals Gewest","Région wallonne","<5"
"2020-04-14","83031","La Roche-en-Ardenne","La Roche-en-Ardenne","Arrondissement Marche-en-Famenne","Arrondissement de Marche-en-Famenne","Provincie Luxemburg","Province du Luxembourg","Waals Gewest","Région wallonne","<5"
"2020-04-14","83034","Marche-en-Famenne","Marche-en-Famenne","Arrondissement Marche-en-Famenne","Arrondissement de Marche-en-Famenne","Provincie Luxemburg","Province du Luxembourg","Waals Gewest","Région wallonne","<5"
"2020-04-14","83055","Manhay","Manhay","Arrondissement Marche-en-Famenne","Arrondissement de Marche-en-Famenne","Provincie Luxemburg","Province du Luxembourg","Waals Gewest","Région wallonne","<5"
"2020-04-14","84009","Bertrix","Bertrix","Arrondissement Neufchâteau","Arrondissement de Neufchâteau","Provincie Luxemburg","Province du Luxembourg","Waals Gewest","Région wallonne","<5"
"2020-04-14","84033","Léglise","Léglise","Arrondissement Neufchâteau","Arrondissement de Neufchâteau","Provincie Luxemburg","Province du Luxembourg","Waals Gewest","Région wallonne","<5"
"2020-04-14","84050","Paliseul","Paliseul","Arrondissement Neufchâteau","Arrondissement de Neufchâteau","Provincie Luxemburg","Province du Luxembourg","Waals Gewest","Région wallonne","<5"
"2020-04-14","84077","Libramont-Chevigny","Libramont-Chevigny","Arrondissement Neufchâteau","Arrondissement de Neufchâteau","Provincie Luxemburg","Province du Luxembourg","Waals Gewest","Région wallonne","<5"
"2020-04-14","85009","Etalle","Etalle","Arrondissement Virton","Arrondissement de Virton","Provincie Luxemburg","Province du Luxembourg","Waals Gewest","Région wallonne","<5"
"2020-04-14","85024","Meix-devant-Virton","Meix-devant-Virton","Arrondissement Virton","Arrondissement de Virton","Provincie Luxemburg","Province du Luxembourg","Waals Gewest","Région wallonne","<5"
"2020-04-14","85039","Tintigny","Tintigny","Arrondissement Virton","Arrondissement de Virton","Provincie Luxemburg","Province du Luxembourg","Waals Gewest","Région wallonne","<5"
"2020-04-14","85045","Virton","Virton","Arrondissement Virton","Arrondissement de Virton","Provincie Luxemburg","Province du Luxembourg","Waals Gewest","Région wallonne","5"
"2020-04-14","85047","Rouvroy","Rouvroy","Arrondissement Virton","Arrondissement de Virton","Provincie Luxemburg","Province du Luxembourg","Waals Gewest","Région wallonne","<5"
"2020-04-14","91005","Anhée","Anhée","Arrondissement Dinant","Arrondissement de Dinant","Provincie Namen","Province de Namur","Waals Gewest","Région wallonne","<5"
"2020-04-14","91034","Dinant","Dinant","Arrondissement Dinant","Arrondissement de Dinant","Provincie Namen","Province de Namur","Waals Gewest","Région wallonne","<5"
"2020-04-14","91059","Hamois","Hamois","Arrondissement Dinant","Arrondissement de Dinant","Provincie Namen","Province de Namur","Waals Gewest","Région wallonne","<5"
"2020-04-14","91064","Havelange","Havelange","Arrondissement Dinant","Arrondissement de Dinant","Provincie Namen","Province de Namur","Waals Gewest","Région wallonne","<5"
"2020-04-14","91141","Yvoir","Yvoir","Arrondissement Dinant","Arrondissement de Dinant","Provincie Namen","Province de Namur","Waals Gewest","Région wallonne","<5"
"2020-04-14","91143","Vresse-sur-Semois","Vresse-sur-Semois","Arrondissement Dinant","Arrondissement de Dinant","Provincie Namen","Province de Namur","Waals Gewest","Région wallonne","<5"
"2020-04-14","92003","Andenne","Andenne","Arrondissement Namen","Arrondissement de Namur","Provincie Namen","Province de Namur","Waals Gewest","Région wallonne","5"
"2020-04-14","92035","Eghezée","Eghezée","Arrondissement Namen","Arrondissement de Namur","Provincie Namen","Province de Namur","Waals Gewest","Région wallonne","<5"
"2020-04-14","92048","Fosses-la-Ville","Fosses-la-Ville","Arrondissement Namen","Arrondissement de Namur","Provincie Namen","Province de Namur","Waals Gewest","Région wallonne","<5"
"2020-04-14","92087","Mettet","Mettet","Arrondissement Namen","Arrondissement de Namur","Provincie Namen","Province de Namur","Waals Gewest","Région wallonne","<5"
"2020-04-14","92094","Namen","Namur","Arrondissement Namen","Arrondissement de Namur","Provincie Namen","Province de Namur","Waals Gewest","Région wallonne","30"
"2020-04-14","92097","Ohey","Ohey","Arrondissement Namen","Arrondissement de Namur","Provincie Namen","Province de Namur","Waals Gewest","Région wallonne","<5"
"2020-04-14","92101","Profondeville","Profondeville","Arrondissement Namen","Arrondissement de Namur","Provincie Namen","Province de Namur","Waals Gewest","Région wallonne","<5"
"2020-04-14","92114","Sombreffe","Sombreffe","Arrondissement Namen","Arrondissement de Namur","Provincie Namen","Province de Namur","Waals Gewest","Région wallonne","<5"
"2020-04-14","92141","La Bruyère","La Bruyère","Arrondissement Namen","Arrondissement de Namur","Provincie Namen","Province de Namur","Waals Gewest","Région wallonne","<5"
"2020-04-14","92142","Gembloux","Gembloux","Arrondissement Namen","Arrondissement de Namur","Provincie Namen","Province de Namur","Waals Gewest","Région wallonne","<5"
"2020-04-14","93014","Couvin","Couvin","Arrondissement Philippeville","Arrondissement de Philippeville","Provincie Namen","Province de Namur","Waals Gewest","Région wallonne","<5"
"2020-04-14",NA,NA,NA,NA,NA,NA,NA,NA,NA,"102"
"2020-04-15","11001","Aartselaar","Aartselaar","Arrondissement Antwerpen","Arrondissement d’Anvers","Provincie Antwerpen","Province d’Anvers","Vlaams Gewest","Région flamande","<5"
"2020-04-15","11002","Antwerpen","Anvers","Arrondissement Antwerpen","Arrondissement d’Anvers","Provincie Antwerpen","Province d’Anvers","Vlaams Gewest","Région flamande","51"
"2020-04-15","11005","Boom","Boom","Arrondissement Antwerpen","Arrondissement d’Anvers","Provincie Antwerpen","Province d’Anvers","Vlaams Gewest","Région flamande","<5"
"2020-04-15","11007","Borsbeek","Borsbeek","Arrondissement Antwerpen","Arrondissement d’Anvers","Provincie Antwerpen","Province d’Anvers","Vlaams Gewest","Région flamande","<5"
"2020-04-15","11008","Brasschaat","Brasschaat","Arrondissement Antwerpen","Arrondissement d’Anvers","Provincie Antwerpen","Province d’Anvers","Vlaams Gewest","Région flamande","<5"
"2020-04-15","11013","Edegem","Edegem","Arrondissement Antwerpen","Arrondissement d’Anvers","Provincie Antwerpen","Province d’Anvers","Vlaams Gewest","Région flamande","<5"
"2020-04-15","11016","Essen","Essen","Arrondissement Antwerpen","Arrondissement d’Anvers","Provincie Antwerpen","Province d’Anvers","Vlaams Gewest","Région flamande","<5"
"2020-04-15","11018","Hemiksem","Hemiksem","Arrondissement Antwerpen","Arrondissement d’Anvers","Provincie Antwerpen","Province d’Anvers","Vlaams Gewest","Région flamande","<5"
"2020-04-15","11022","Kalmthout","Kalmthout","Arrondissement Antwerpen","Arrondissement d’Anvers","Provincie Antwerpen","Province d’Anvers","Vlaams Gewest","Région flamande","<5"
"2020-04-15","11023","Kapellen (Antwerpen)","Kapellen (Anvers)","Arrondissement Antwerpen","Arrondissement d’Anvers","Provincie Antwerpen","Province d’Anvers","Vlaams Gewest","Région flamande","<5"
"2020-04-15","11025","Lint","Lint","Arrondissement Antwerpen","Arrondissement d’Anvers","Provincie Antwerpen","Province d’Anvers","Vlaams Gewest","Région flamande","<5"
"2020-04-15","11029","Mortsel","Mortsel","Arrondissement Antwerpen","Arrondissement d’Anvers","Provincie Antwerpen","Province d’Anvers","Vlaams Gewest","Région flamande","5"
"2020-04-15","11035","Ranst","Ranst","Arrondissement Antwerpen","Arrondissement d’Anvers","Provincie Antwerpen","Province d’Anvers","Vlaams Gewest","Région flamande","<5"
"2020-04-15","11038","Schelle","Schelle","Arrondissement Antwerpen","Arrondissement d’Anvers","Provincie Antwerpen","Province d’Anvers","Vlaams Gewest","Région flamande","<5"
"2020-04-15","11039","Schilde","Schilde","Arrondissement Antwerpen","Arrondissement d’Anvers","Provincie Antwerpen","Province d’Anvers","Vlaams Gewest","Région flamande","<5"
"2020-04-15","11040","Schoten","Schoten","Arrondissement Antwerpen","Arrondissement d’Anvers","Provincie Antwerpen","Province d’Anvers","Vlaams Gewest","Région flamande","<5"
"2020-04-15","11044","Stabroek","Stabroek","Arrondissement Antwerpen","Arrondissement d’Anvers","Provincie Antwerpen","Province d’Anvers","Vlaams Gewest","Région flamande","<5"
"2020-04-15","11052","Wommelgem","Wommelgem","Arrondissement Antwerpen","Arrondissement d’Anvers","Provincie Antwerpen","Province d’Anvers","Vlaams Gewest","Région flamande","<5"
"2020-04-15","11053","Wuustwezel","Wuustwezel","Arrondissement Antwerpen","Arrondissement d’Anvers","Provincie Antwerpen","Province d’Anvers","Vlaams Gewest","Région flamande","<5"
"2020-04-15","11054","Zandhoven","Zandhoven","Arrondissement Antwerpen","Arrondissement d’Anvers","Provincie Antwerpen","Province d’Anvers","Vlaams Gewest","Région flamande","19"
"2020-04-15","11055","Zoersel","Zoersel","Arrondissement Antwerpen","Arrondissement d’Anvers","Provincie Antwerpen","Province d’Anvers","Vlaams Gewest","Région flamande","<5"
"2020-04-15","11056","Zwijndrecht","Zwijndrecht","Arrondissement Antwerpen","Arrondissement d’Anvers","Provincie Antwerpen","Province d’Anvers","Vlaams Gewest","Région flamande","<5"
"2020-04-15","11057","Malle","Malle","Arrondissement Antwerpen","Arrondissement d’Anvers","Provincie Antwerpen","Province d’Anvers","Vlaams Gewest","Région flamande","<5"
"2020-04-15","12002","Berlaar","Berlaar","Arrondissement Mechelen","Arrondissement de Malines","Provincie Antwerpen","Province d’Anvers","Vlaams Gewest","Région flamande","<5"
"2020-04-15","12007","Bornem","Bornem","Arrondissement Mechelen","Arrondissement de Malines","Provincie Antwerpen","Province d’Anvers","Vlaams Gewest","Région flamande","<5"
"2020-04-15","12009","Duffel","Duffel","Arrondissement Mechelen","Arrondissement de Malines","Provincie Antwerpen","Province d’Anvers","Vlaams Gewest","Région flamande","<5"
"2020-04-15","12014","Heist-op-den-Berg","Heist-op-den-Berg","Arrondissement Mechelen","Arrondissement de Malines","Provincie Antwerpen","Province d’Anvers","Vlaams Gewest","Région flamande","12"
"2020-04-15","12021","Lier","Lierre","Arrondissement Mechelen","Arrondissement de Malines","Provincie Antwerpen","Province d’Anvers","Vlaams Gewest","Région flamande","<5"
"2020-04-15","12025","Mechelen","Malines","Arrondissement Mechelen","Arrondissement de Malines","Provincie Antwerpen","Province d’Anvers","Vlaams Gewest","Région flamande","<5"
"2020-04-15","12035","Sint-Katelijne-Waver","Sint-Katelijne-Waver","Arrondissement Mechelen","Arrondissement de Malines","Provincie Antwerpen","Province d’Anvers","Vlaams Gewest","Région flamande","18"
"2020-04-15","12040","Willebroek","Willebroek","Arrondissement Mechelen","Arrondissement de Malines","Provincie Antwerpen","Province d’Anvers","Vlaams Gewest","Région flamande","<5"
"2020-04-15","12041","Puurs-Sint-Amands","Puurs-Sint-Amands","Arrondissement Mechelen","Arrondissement de Malines","Provincie Antwerpen","Province d’Anvers","Vlaams Gewest","Région flamande","<5"
"2020-04-15","13001","Arendonk","Arendonk","Arrondissement Turnhout","Arrondissement de Turnhout","Provincie Antwerpen","Province d’Anvers","Vlaams Gewest","Région flamande","<5"
"2020-04-15","13010","Grobbendonk","Grobbendonk","Arrondissement Turnhout","Arrondissement de Turnhout","Provincie Antwerpen","Province d’Anvers","Vlaams Gewest","Région flamande","<5"
"2020-04-15","13013","Herselt","Herselt","Arrondissement Turnhout","Arrondissement de Turnhout","Provincie Antwerpen","Province d’Anvers","Vlaams Gewest","Région flamande","8"
"2020-04-15","13016","Hulshout","Hulshout","Arrondissement Turnhout","Arrondissement de Turnhout","Provincie Antwerpen","Province d’Anvers","Vlaams Gewest","Région flamande","<5"
"2020-04-15","13019","Lille","Lille","Arrondissement Turnhout","Arrondissement de Turnhout","Provincie Antwerpen","Province d’Anvers","Vlaams Gewest","Région flamande","6"
"2020-04-15","13031","Oud-Turnhout","Oud-Turnhout","Arrondissement Turnhout","Arrondissement de Turnhout","Provincie Antwerpen","Province d’Anvers","Vlaams Gewest","Région flamande","<5"
"2020-04-15","13037","Rijkevorsel","Rijkevorsel","Arrondissement Turnhout","Arrondissement de Turnhout","Provincie Antwerpen","Province d’Anvers","Vlaams Gewest","Région flamande","<5"
"2020-04-15","13053","Laakdal","Laakdal","Arrondissement Turnhout","Arrondissement de Turnhout","Provincie Antwerpen","Province d’Anvers","Vlaams Gewest","Région flamande","<5"
"2020-04-15","21001","Anderlecht","Anderlecht","Arrondissement Brussel-Hoofdstad","Arrondissement de Bruxelles-Capitale",NA,NA,"Brussels Hoofdstedelijk Gewest","Région de Bruxelles-Capitale","14"
"2020-04-15","21002","Oudergem","Auderghem","Arrondissement Brussel-Hoofdstad","Arrondissement de Bruxelles-Capitale",NA,NA,"Brussels Hoofdstedelijk Gewest","Région de Bruxelles-Capitale","<5"
"2020-04-15","21003","Sint-Agatha-Berchem","Berchem-Sainte-Agathe","Arrondissement Brussel-Hoofdstad","Arrondissement de Bruxelles-Capitale",NA,NA,"Brussels Hoofdstedelijk Gewest","Région de Bruxelles-Capitale","14"
"2020-04-15","21004","Brussel","Bruxelles","Arrondissement Brussel-Hoofdstad","Arrondissement de Bruxelles-Capitale",NA,NA,"Brussels Hoofdstedelijk Gewest","Région de Bruxelles-Capitale","15"
"2020-04-15","21006","Evere","Evere","Arrondissement Brussel-Hoofdstad","Arrondissement de Bruxelles-Capitale",NA,NA,"Brussels Hoofdstedelijk Gewest","Région de Bruxelles-Capitale","<5"
"2020-04-15","21007","Vorst (Brussel-Hoofdstad)","Forest (Bruxelles-Capitale)","Arrondissement Brussel-Hoofdstad","Arrondissement de Bruxelles-Capitale",NA,NA,"Brussels Hoofdstedelijk Gewest","Région de Bruxelles-Capitale","<5"
"2020-04-15","21008","Ganshoren","Ganshoren","Arrondissement Brussel-Hoofdstad","Arrondissement de Bruxelles-Capitale",NA,NA,"Brussels Hoofdstedelijk Gewest","Région de Bruxelles-Capitale","6"
"2020-04-15","21009","Elsene","Ixelles","Arrondissement Brussel-Hoofdstad","Arrondissement de Bruxelles-Capitale",NA,NA,"Brussels Hoofdstedelijk Gewest","Région de Bruxelles-Capitale","7"
"2020-04-15","21010","Jette","Jette","Arrondissement Brussel-Hoofdstad","Arrondissement de Bruxelles-Capitale",NA,NA,"Brussels Hoofdstedelijk Gewest","Région de Bruxelles-Capitale","<5"
"2020-04-15","21011","Koekelberg","Koekelberg","Arrondissement Brussel-Hoofdstad","Arrondissement de Bruxelles-Capitale",NA,NA,"Brussels Hoofdstedelijk Gewest","Région de Bruxelles-Capitale","<5"
"2020-04-15","21012","Sint-Jans-Molenbeek","Molenbeek-Saint-Jean","Arrondissement Brussel-Hoofdstad","Arrondissement de Bruxelles-Capitale",NA,NA,"Brussels Hoofdstedelijk Gewest","Région de Bruxelles-Capitale","10"
"2020-04-15","21013","Sint-Gillis","Saint-Gilles","Arrondissement Brussel-Hoofdstad","Arrondissement de Bruxelles-Capitale",NA,NA,"Brussels Hoofdstedelijk Gewest","Région de Bruxelles-Capitale","7"
"2020-04-15","21014","Sint-Joost-ten-Node","Saint-Josse-ten-Noode","Arrondissement Brussel-Hoofdstad","Arrondissement de Bruxelles-Capitale",NA,NA,"Brussels Hoofdstedelijk Gewest","Région de Bruxelles-Capitale","6"
"2020-04-15","21015","Schaarbeek","Schaerbeek","Arrondissement Brussel-Hoofdstad","Arrondissement de Bruxelles-Capitale",NA,NA,"Brussels Hoofdstedelijk Gewest","Région de Bruxelles-Capitale","14"
"2020-04-15","21016","Ukkel","Uccle","Arrondissement Brussel-Hoofdstad","Arrondissement de Bruxelles-Capitale",NA,NA,"Brussels Hoofdstedelijk Gewest","Région de Bruxelles-Capitale","13"
"2020-04-15","21018","Sint-Lambrechts-Woluwe","Woluwe-Saint-Lambert","Arrondissement Brussel-Hoofdstad","Arrondissement de Bruxelles-Capitale",NA,NA,"Brussels Hoofdstedelijk Gewest","Région de Bruxelles-Capitale","8"
"2020-04-15","21019","Sint-Pieters-Woluwe","Woluwe-Saint-Pierre","Arrondissement Brussel-Hoofdstad","Arrondissement de Bruxelles-Capitale",NA,NA,"Brussels Hoofdstedelijk Gewest","Région de Bruxelles-Capitale","7"
"2020-04-15","23002","Asse","Asse","Arrondissement Halle-Vilvoorde","Arrondissement de Hal-Vilvorde","Provincie Vlaams-Brabant","Province du Brabant flamand","Vlaams Gewest","Région flamande","<5"
"2020-04-15","23003","Beersel","Beersel","Arrondissement Halle-Vilvoorde","Arrondissement de Hal-Vilvorde","Provincie Vlaams-Brabant","Province du Brabant flamand","Vlaams Gewest","Région flamande","<5"
"2020-04-15","23016","Dilbeek","Dilbeek","Arrondissement Halle-Vilvoorde","Arrondissement de Hal-Vilvorde","Provincie Vlaams-Brabant","Province du Brabant flamand","Vlaams Gewest","Région flamande","6"
"2020-04-15","23025","Grimbergen","Grimbergen","Arrondissement Halle-Vilvoorde","Arrondissement de Hal-Vilvorde","Provincie Vlaams-Brabant","Province du Brabant flamand","Vlaams Gewest","Région flamande","16"
"2020-04-15","23027","Halle (Halle-Vilvoorde)","Hal (Hal-Vilvorde)","Arrondissement Halle-Vilvoorde","Arrondissement de Hal-Vilvorde","Provincie Vlaams-Brabant","Province du Brabant flamand","Vlaams Gewest","Région flamande","<5"
"2020-04-15","23032","Herne","Herne","Arrondissement Halle-Vilvoorde","Arrondissement de Hal-Vilvorde","Provincie Vlaams-Brabant","Province du Brabant flamand","Vlaams Gewest","Région flamande","<5"
"2020-04-15","23038","Kampenhout","Kampenhout","Arrondissement Halle-Vilvoorde","Arrondissement de Hal-Vilvorde","Provincie Vlaams-Brabant","Province du Brabant flamand","Vlaams Gewest","Région flamande","<5"
"2020-04-15","23039","Kapelle-op-den-Bos","Kapelle-op-den-Bos","Arrondissement Halle-Vilvoorde","Arrondissement de Hal-Vilvorde","Provincie Vlaams-Brabant","Province du Brabant flamand","Vlaams Gewest","Région flamande","<5"
"2020-04-15","23044","Liedekerke","Liedekerke","Arrondissement Halle-Vilvoorde","Arrondissement de Hal-Vilvorde","Provincie Vlaams-Brabant","Province du Brabant flamand","Vlaams Gewest","Région flamande","<5"
"2020-04-15","23045","Londerzeel","Londerzeel","Arrondissement Halle-Vilvoorde","Arrondissement de Hal-Vilvorde","Provincie Vlaams-Brabant","Province du Brabant flamand","Vlaams Gewest","Région flamande","<5"
"2020-04-15","23047","Machelen (Halle-Vilvoorde)","Machelen (Hal-Vilvorde)","Arrondissement Halle-Vilvoorde","Arrondissement de Hal-Vilvorde","Provincie Vlaams-Brabant","Province du Brabant flamand","Vlaams Gewest","Région flamande","<5"
"2020-04-15","23050","Meise","Meise","Arrondissement Halle-Vilvoorde","Arrondissement de Hal-Vilvorde","Provincie Vlaams-Brabant","Province du Brabant flamand","Vlaams Gewest","Région flamande","<5"
"2020-04-15","23062","Overijse","Overijse","Arrondissement Halle-Vilvoorde","Arrondissement de Hal-Vilvorde","Provincie Vlaams-Brabant","Province du Brabant flamand","Vlaams Gewest","Région flamande","6"
"2020-04-15","23077","Sint-Pieters-Leeuw","Sint-Pieters-Leeuw","Arrondissement Halle-Vilvoorde","Arrondissement de Hal-Vilvorde","Provincie Vlaams-Brabant","Province du Brabant flamand","Vlaams Gewest","Région flamande","<5"
"2020-04-15","23088","Vilvoorde","Vilvorde","Arrondissement Halle-Vilvoorde","Arrondissement de Hal-Vilvorde","Provincie Vlaams-Brabant","Province du Brabant flamand","Vlaams Gewest","Région flamande","<5"
"2020-04-15","23094","Zaventem","Zaventem","Arrondissement Halle-Vilvoorde","Arrondissement de Hal-Vilvorde","Provincie Vlaams-Brabant","Province du Brabant flamand","Vlaams Gewest","Région flamande","<5"
"2020-04-15","23096","Zemst","Zemst","Arrondissement Halle-Vilvoorde","Arrondissement de Hal-Vilvorde","Provincie Vlaams-Brabant","Province du Brabant flamand","Vlaams Gewest","Région flamande","<5"
"2020-04-15","23098","Drogenbos","Drogenbos","Arrondissement Halle-Vilvoorde","Arrondissement de Hal-Vilvorde","Provincie Vlaams-Brabant","Province du Brabant flamand","Vlaams Gewest","Région flamande","<5"
"2020-04-15","23100","Linkebeek","Linkebeek","Arrondissement Halle-Vilvoorde","Arrondissement de Hal-Vilvorde","Provincie Vlaams-Brabant","Province du Brabant flamand","Vlaams Gewest","Région flamande","<5"
"2020-04-15","23105","Affligem","Affligem","Arrondissement Halle-Vilvoorde","Arrondissement de Hal-Vilvorde","Provincie Vlaams-Brabant","Province du Brabant flamand","Vlaams Gewest","Région flamande","<5"
"2020-04-15","24001","Aarschot","Aarschot","Arrondissement Leuven","Arrondissement de Louvain","Provincie Vlaams-Brabant","Province du Brabant flamand","Vlaams Gewest","Région flamande","<5"
"2020-04-15","24007","Begijnendijk","Begijnendijk","Arrondissement Leuven","Arrondissement de Louvain","Provincie Vlaams-Brabant","Province du Brabant flamand","Vlaams Gewest","Région flamande","<5"
"2020-04-15","24008","Bekkevoort","Bekkevoort","Arrondissement Leuven","Arrondissement de Louvain","Provincie Vlaams-Brabant","Province du Brabant flamand","Vlaams Gewest","Région flamande","<5"
"2020-04-15","24011","Bierbeek","Bierbeek","Arrondissement Leuven","Arrondissement de Louvain","Provincie Vlaams-Brabant","Province du Brabant flamand","Vlaams Gewest","Région flamande","<5"
"2020-04-15","24016","Boutersem","Boutersem","Arrondissement Leuven","Arrondissement de Louvain","Provincie Vlaams-Brabant","Province du Brabant flamand","Vlaams Gewest","Région flamande","<5"
"2020-04-15","24020","Diest","Diest","Arrondissement Leuven","Arrondissement de Louvain","Provincie Vlaams-Brabant","Province du Brabant flamand","Vlaams Gewest","Région flamande","<5"
"2020-04-15","24028","Geetbets","Geetbets","Arrondissement Leuven","Arrondissement de Louvain","Provincie Vlaams-Brabant","Province du Brabant flamand","Vlaams Gewest","Région flamande","10"
"2020-04-15","24038","Herent","Herent","Arrondissement Leuven","Arrondissement de Louvain","Provincie Vlaams-Brabant","Province du Brabant flamand","Vlaams Gewest","Région flamande","6"
"2020-04-15","24054","Kortenaken","Kortenaken","Arrondissement Leuven","Arrondissement de Louvain","Provincie Vlaams-Brabant","Province du Brabant flamand","Vlaams Gewest","Région flamande","<5"
"2020-04-15","24055","Kortenberg","Kortenberg","Arrondissement Leuven","Arrondissement de Louvain","Provincie Vlaams-Brabant","Province du Brabant flamand","Vlaams Gewest","Région flamande","<5"
"2020-04-15","24062","Leuven","Louvain","Arrondissement Leuven","Arrondissement de Louvain","Provincie Vlaams-Brabant","Province du Brabant flamand","Vlaams Gewest","Région flamande","9"
"2020-04-15","24104","Tervuren","Tervuren","Arrondissement Leuven","Arrondissement de Louvain","Provincie Vlaams-Brabant","Province du Brabant flamand","Vlaams Gewest","Région flamande","5"
"2020-04-15","24107","Tienen","Tirlemont","Arrondissement Leuven","Arrondissement de Louvain","Provincie Vlaams-Brabant","Province du Brabant flamand","Vlaams Gewest","Région flamande","<5"
"2020-04-15","24109","Tremelo","Tremelo","Arrondissement Leuven","Arrondissement de Louvain","Provincie Vlaams-Brabant","Province du Brabant flamand","Vlaams Gewest","Région flamande","<5"
"2020-04-15","24130","Zoutleeuw","Léau","Arrondissement Leuven","Arrondissement de Louvain","Provincie Vlaams-Brabant","Province du Brabant flamand","Vlaams Gewest","Région flamande","<5"
"2020-04-15","24133","Linter","Linter","Arrondissement Leuven","Arrondissement de Louvain","Provincie Vlaams-Brabant","Province du Brabant flamand","Vlaams Gewest","Région flamande","<5"
"2020-04-15","24134","Scherpenheuvel-Zichem","Montaigu-Zichem","Arrondissement Leuven","Arrondissement de Louvain","Provincie Vlaams-Brabant","Province du Brabant flamand","Vlaams Gewest","Région flamande","<5"
"2020-04-15","24135","Tielt-Winge","Tielt-Winge","Arrondissement Leuven","Arrondissement de Louvain","Provincie Vlaams-Brabant","Province du Brabant flamand","Vlaams Gewest","Région flamande","<5"
"2020-04-15","25014","Eigenbrakel","Braine-l’Alleud","Arrondissement Nijvel","Arrondissement de Nivelles","Provincie Waals-Brabant","Province du Brabant wallon","Waals Gewest","Région wallonne","11"
"2020-04-15","25018","Chaumont-Gistoux","Chaumont-Gistoux","Arrondissement Nijvel","Arrondissement de Nivelles","Provincie Waals-Brabant","Province du Brabant wallon","Waals Gewest","Région wallonne","<5"
"2020-04-15","25023","Court-Saint-Etienne","Court-Saint-Etienne","Arrondissement Nijvel","Arrondissement de Nivelles","Provincie Waals-Brabant","Province du Brabant wallon","Waals Gewest","Région wallonne","<5"
"2020-04-15","25037","Graven","Grez-Doiceau","Arrondissement Nijvel","Arrondissement de Nivelles","Provincie Waals-Brabant","Province du Brabant wallon","Waals Gewest","Région wallonne","<5"
"2020-04-15","25072","Nijvel","Nivelles","Arrondissement Nijvel","Arrondissement de Nivelles","Provincie Waals-Brabant","Province du Brabant wallon","Waals Gewest","Région wallonne","<5"
"2020-04-15","25091","Rixensart","Rixensart","Arrondissement Nijvel","Arrondissement de Nivelles","Provincie Waals-Brabant","Province du Brabant wallon","Waals Gewest","Région wallonne","<5"
"2020-04-15","25107","Villers-la-Ville","Villers-la-Ville","Arrondissement Nijvel","Arrondissement de Nivelles","Provincie Waals-Brabant","Province du Brabant wallon","Waals Gewest","Région wallonne","<5"
"2020-04-15","25110","Waterloo","Waterloo","Arrondissement Nijvel","Arrondissement de Nivelles","Provincie Waals-Brabant","Province du Brabant wallon","Waals Gewest","Région wallonne","<5"
"2020-04-15","25112","Waver","Wavre","Arrondissement Nijvel","Arrondissement de Nivelles","Provincie Waals-Brabant","Province du Brabant wallon","Waals Gewest","Région wallonne","<5"
"2020-04-15","25117","Chastre","Chastre","Arrondissement Nijvel","Arrondissement de Nivelles","Provincie Waals-Brabant","Province du Brabant wallon","Waals Gewest","Région wallonne","<5"
"2020-04-15","25120","Orp-Jauche","Orp-Jauche","Arrondissement Nijvel","Arrondissement de Nivelles","Provincie Waals-Brabant","Province du Brabant wallon","Waals Gewest","Région wallonne","<5"
"2020-04-15","25121","Ottignies-Louvain-la-Neuve","Ottignies-Louvain-la-Neuve","Arrondissement Nijvel","Arrondissement de Nivelles","Provincie Waals-Brabant","Province du Brabant wallon","Waals Gewest","Région wallonne","<5"
"2020-04-15","31003","Beernem","Beernem","Arrondissement Brugge","Arrondissement de Bruges","Provincie West-Vlaanderen","Province de Flandre occidentale","Vlaams Gewest","Région flamande","<5"
"2020-04-15","31005","Brugge","Bruges","Arrondissement Brugge","Arrondissement de Bruges","Provincie West-Vlaanderen","Province de Flandre occidentale","Vlaams Gewest","Région flamande","7"
"2020-04-15","31022","Oostkamp","Oostkamp","Arrondissement Brugge","Arrondissement de Bruges","Provincie West-Vlaanderen","Province de Flandre occidentale","Vlaams Gewest","Région flamande","<5"
"2020-04-15","31040","Zedelgem","Zedelgem","Arrondissement Brugge","Arrondissement de Bruges","Provincie West-Vlaanderen","Province de Flandre occidentale","Vlaams Gewest","Région flamande","<5"
"2020-04-15","32006","Houthulst","Houthulst","Arrondissement Diksmuide","Arrondissement de Dixmude","Provincie West-Vlaanderen","Province de Flandre occidentale","Vlaams Gewest","Région flamande","<5"
"2020-04-15","32010","Koekelare","Koekelare","Arrondissement Diksmuide","Arrondissement de Dixmude","Provincie West-Vlaanderen","Province de Flandre occidentale","Vlaams Gewest","Région flamande","<5"
"2020-04-15","33011","Ieper","Ypres","Arrondissement Ieper","Arrondissement d’Ypres","Provincie West-Vlaanderen","Province de Flandre occidentale","Vlaams Gewest","Région flamande","7"
"2020-04-15","33021","Poperinge","Poperinge","Arrondissement Ieper","Arrondissement d’Ypres","Provincie West-Vlaanderen","Province de Flandre occidentale","Vlaams Gewest","Région flamande","<5"
"2020-04-15","33040","Langemark-Poelkapelle","Langemark-Poelkapelle","Arrondissement Ieper","Arrondissement d’Ypres","Provincie West-Vlaanderen","Province de Flandre occidentale","Vlaams Gewest","Région flamande","<5"
"2020-04-15","34002","Anzegem","Anzegem","Arrondissement Kortrijk","Arrondissement de Courtrai","Provincie West-Vlaanderen","Province de Flandre occidentale","Vlaams Gewest","Région flamande","<5"
"2020-04-15","34003","Avelgem","Avelgem","Arrondissement Kortrijk","Arrondissement de Courtrai","Provincie West-Vlaanderen","Province de Flandre occidentale","Vlaams Gewest","Région flamande","6"
"2020-04-15","34009","Deerlijk","Deerlijk","Arrondissement Kortrijk","Arrondissement de Courtrai","Provincie West-Vlaanderen","Province de Flandre occidentale","Vlaams Gewest","Région flamande","<5"
"2020-04-15","34013","Harelbeke","Harelbeke","Arrondissement Kortrijk","Arrondissement de Courtrai","Provincie West-Vlaanderen","Province de Flandre occidentale","Vlaams Gewest","Région flamande","5"
"2020-04-15","34022","Kortrijk","Courtrai","Arrondissement Kortrijk","Arrondissement de Courtrai","Provincie West-Vlaanderen","Province de Flandre occidentale","Vlaams Gewest","Région flamande","16"
"2020-04-15","34023","Kuurne","Kuurne","Arrondissement Kortrijk","Arrondissement de Courtrai","Provincie West-Vlaanderen","Province de Flandre occidentale","Vlaams Gewest","Région flamande","<5"
"2020-04-15","34025","Lendelede","Lendelede","Arrondissement Kortrijk","Arrondissement de Courtrai","Provincie West-Vlaanderen","Province de Flandre occidentale","Vlaams Gewest","Région flamande","<5"
"2020-04-15","34027","Menen","Menin","Arrondissement Kortrijk","Arrondissement de Courtrai","Provincie West-Vlaanderen","Province de Flandre occidentale","Vlaams Gewest","Région flamande","7"
"2020-04-15","34040","Waregem","Waregem","Arrondissement Kortrijk","Arrondissement de Courtrai","Provincie West-Vlaanderen","Province de Flandre occidentale","Vlaams Gewest","Région flamande","<5"
"2020-04-15","34041","Wevelgem","Wevelgem","Arrondissement Kortrijk","Arrondissement de Courtrai","Provincie West-Vlaanderen","Province de Flandre occidentale","Vlaams Gewest","Région flamande","<5"
"2020-04-15","34042","Zwevegem","Zwevegem","Arrondissement Kortrijk","Arrondissement de Courtrai","Provincie West-Vlaanderen","Province de Flandre occidentale","Vlaams Gewest","Région flamande","<5"
"2020-04-15","35002","Bredene","Bredene","Arrondissement Oostende","Arrondissement d’Ostende","Provincie West-Vlaanderen","Province de Flandre occidentale","Vlaams Gewest","Région flamande","<5"
"2020-04-15","35006","Ichtegem","Ichtegem","Arrondissement Oostende","Arrondissement d’Ostende","Provincie West-Vlaanderen","Province de Flandre occidentale","Vlaams Gewest","Région flamande","<5"
"2020-04-15","35011","Middelkerke","Middelkerke","Arrondissement Oostende","Arrondissement d’Ostende","Provincie West-Vlaanderen","Province de Flandre occidentale","Vlaams Gewest","Région flamande","<5"
"2020-04-15","35013","Oostende","Ostende","Arrondissement Oostende","Arrondissement d’Ostende","Provincie West-Vlaanderen","Province de Flandre occidentale","Vlaams Gewest","Région flamande","5"
"2020-04-15","36007","Ingelmunster","Ingelmunster","Arrondissement Roeselare","Arrondissement de Roulers","Provincie West-Vlaanderen","Province de Flandre occidentale","Vlaams Gewest","Région flamande","<5"
"2020-04-15","36008","Izegem","Izegem","Arrondissement Roeselare","Arrondissement de Roulers","Provincie West-Vlaanderen","Province de Flandre occidentale","Vlaams Gewest","Région flamande","<5"
"2020-04-15","36015","Roeselare","Roulers","Arrondissement Roeselare","Arrondissement de Roulers","Provincie West-Vlaanderen","Province de Flandre occidentale","Vlaams Gewest","Région flamande","<5"
"2020-04-15","36019","Staden","Staden","Arrondissement Roeselare","Arrondissement de Roulers","Provincie West-Vlaanderen","Province de Flandre occidentale","Vlaams Gewest","Région flamande","<5"
"2020-04-15","37002","Dentergem","Dentergem","Arrondissement Tielt","Arrondissement de Tielt","Provincie West-Vlaanderen","Province de Flandre occidentale","Vlaams Gewest","Région flamande","<5"
"2020-04-15","37010","Oostrozebeke","Oostrozebeke","Arrondissement Tielt","Arrondissement de Tielt","Provincie West-Vlaanderen","Province de Flandre occidentale","Vlaams Gewest","Région flamande","<5"
"2020-04-15","37015","Tielt (Tielt)","Tielt (Tielt)","Arrondissement Tielt","Arrondissement de Tielt","Provincie West-Vlaanderen","Province de Flandre occidentale","Vlaams Gewest","Région flamande","<5"
"2020-04-15","37017","Wielsbeke","Wielsbeke","Arrondissement Tielt","Arrondissement de Tielt","Provincie West-Vlaanderen","Province de Flandre occidentale","Vlaams Gewest","Région flamande","<5"
"2020-04-15","37018","Wingene","Wingene","Arrondissement Tielt","Arrondissement de Tielt","Provincie West-Vlaanderen","Province de Flandre occidentale","Vlaams Gewest","Région flamande","<5"
"2020-04-15","38008","De Panne","La Panne","Arrondissement Veurne","Arrondissement de Furnes","Provincie West-Vlaanderen","Province de Flandre occidentale","Vlaams Gewest","Région flamande","<5"
"2020-04-15","38014","Koksijde","Koksijde","Arrondissement Veurne","Arrondissement de Furnes","Provincie West-Vlaanderen","Province de Flandre occidentale","Vlaams Gewest","Région flamande","<5"
"2020-04-15","38025","Veurne","Furnes","Arrondissement Veurne","Arrondissement de Furnes","Provincie West-Vlaanderen","Province de Flandre occidentale","Vlaams Gewest","Région flamande","6"
"2020-04-15","41002","Aalst (Aalst)","Alost (Alost)","Arrondissement Aalst","Arrondissement d’Alost","Provincie Oost-Vlaanderen","Province de Flandre orientale","Vlaams Gewest","Région flamande","21"
"2020-04-15","41011","Denderleeuw","Denderleeuw","Arrondissement Aalst","Arrondissement d’Alost","Provincie Oost-Vlaanderen","Province de Flandre orientale","Vlaams Gewest","Région flamande","<5"
"2020-04-15","41018","Geraardsbergen","Grammont","Arrondissement Aalst","Arrondissement d’Alost","Provincie Oost-Vlaanderen","Province de Flandre orientale","Vlaams Gewest","Région flamande","<5"
"2020-04-15","41024","Haaltert","Haaltert","Arrondissement Aalst","Arrondissement d’Alost","Provincie Oost-Vlaanderen","Province de Flandre orientale","Vlaams Gewest","Région flamande","<5"
"2020-04-15","41027","Herzele","Herzele","Arrondissement Aalst","Arrondissement d’Alost","Provincie Oost-Vlaanderen","Province de Flandre orientale","Vlaams Gewest","Région flamande","<5"
"2020-04-15","41034","Lede","Lede","Arrondissement Aalst","Arrondissement d’Alost","Provincie Oost-Vlaanderen","Province de Flandre orientale","Vlaams Gewest","Région flamande","<5"
"2020-04-15","41048","Ninove","Ninove","Arrondissement Aalst","Arrondissement d’Alost","Provincie Oost-Vlaanderen","Province de Flandre orientale","Vlaams Gewest","Région flamande","<5"
"2020-04-15","41081","Zottegem","Zottegem","Arrondissement Aalst","Arrondissement d’Alost","Provincie Oost-Vlaanderen","Province de Flandre orientale","Vlaams Gewest","Région flamande","<5"
"2020-04-15","41082","Erpe-Mere","Erpe-Mere","Arrondissement Aalst","Arrondissement d’Alost","Provincie Oost-Vlaanderen","Province de Flandre orientale","Vlaams Gewest","Région flamande","<5"
"2020-04-15","42003","Berlare","Berlare","Arrondissement Dendermonde","Arrondissement de Termonde","Provincie Oost-Vlaanderen","Province de Flandre orientale","Vlaams Gewest","Région flamande","<5"
"2020-04-15","42004","Buggenhout","Buggenhout","Arrondissement Dendermonde","Arrondissement de Termonde","Provincie Oost-Vlaanderen","Province de Flandre orientale","Vlaams Gewest","Région flamande","<5"
"2020-04-15","42006","Dendermonde","Termonde","Arrondissement Dendermonde","Arrondissement de Termonde","Provincie Oost-Vlaanderen","Province de Flandre orientale","Vlaams Gewest","Région flamande","5"
"2020-04-15","42008","Hamme (Dendermonde)","Hamme (Termonde)","Arrondissement Dendermonde","Arrondissement de Termonde","Provincie Oost-Vlaanderen","Province de Flandre orientale","Vlaams Gewest","Région flamande","<5"
"2020-04-15","42010","Laarne","Laarne","Arrondissement Dendermonde","Arrondissement de Termonde","Provincie Oost-Vlaanderen","Province de Flandre orientale","Vlaams Gewest","Région flamande","<5"
"2020-04-15","42011","Lebbeke","Lebbeke","Arrondissement Dendermonde","Arrondissement de Termonde","Provincie Oost-Vlaanderen","Province de Flandre orientale","Vlaams Gewest","Région flamande","<5"
"2020-04-15","42025","Wetteren","Wetteren","Arrondissement Dendermonde","Arrondissement de Termonde","Provincie Oost-Vlaanderen","Province de Flandre orientale","Vlaams Gewest","Région flamande","<5"
"2020-04-15","42026","Wichelen","Wichelen","Arrondissement Dendermonde","Arrondissement de Termonde","Provincie Oost-Vlaanderen","Province de Flandre orientale","Vlaams Gewest","Région flamande","<5"
"2020-04-15","42028","Zele","Zele","Arrondissement Dendermonde","Arrondissement de Termonde","Provincie Oost-Vlaanderen","Province de Flandre orientale","Vlaams Gewest","Région flamande","<5"
"2020-04-15","43002","Assenede","Assenede","Arrondissement Eeklo","Arrondissement d’Eeklo","Provincie Oost-Vlaanderen","Province de Flandre orientale","Vlaams Gewest","Région flamande","<5"
"2020-04-15","43005","Eeklo","Eeklo","Arrondissement Eeklo","Arrondissement d’Eeklo","Provincie Oost-Vlaanderen","Province de Flandre orientale","Vlaams Gewest","Région flamande","<5"
"2020-04-15","43010","Maldegem","Maldegem","Arrondissement Eeklo","Arrondissement d’Eeklo","Provincie Oost-Vlaanderen","Province de Flandre orientale","Vlaams Gewest","Région flamande","<5"
"2020-04-15","44012","De Pinte","De Pinte","Arrondissement Gent","Arrondissement de Gand","Provincie Oost-Vlaanderen","Province de Flandre orientale","Vlaams Gewest","Région flamande","<5"
"2020-04-15","44013","Destelbergen","Destelbergen","Arrondissement Gent","Arrondissement de Gand","Provincie Oost-Vlaanderen","Province de Flandre orientale","Vlaams Gewest","Région flamande","<5"
"2020-04-15","44019","Evergem","Evergem","Arrondissement Gent","Arrondissement de Gand","Provincie Oost-Vlaanderen","Province de Flandre orientale","Vlaams Gewest","Région flamande","<5"
"2020-04-15","44021","Gent","Gand","Arrondissement Gent","Arrondissement de Gand","Provincie Oost-Vlaanderen","Province de Flandre orientale","Vlaams Gewest","Région flamande","15"
"2020-04-15","44034","Lochristi","Lochristi","Arrondissement Gent","Arrondissement de Gand","Provincie Oost-Vlaanderen","Province de Flandre orientale","Vlaams Gewest","Région flamande","<5"
"2020-04-15","44040","Melle","Melle","Arrondissement Gent","Arrondissement de Gand","Provincie Oost-Vlaanderen","Province de Flandre orientale","Vlaams Gewest","Région flamande","<5"
"2020-04-15","44043","Merelbeke","Merelbeke","Arrondissement Gent","Arrondissement de Gand","Provincie Oost-Vlaanderen","Province de Flandre orientale","Vlaams Gewest","Région flamande","<5"
"2020-04-15","44048","Nazareth","Nazareth","Arrondissement Gent","Arrondissement de Gand","Provincie Oost-Vlaanderen","Province de Flandre orientale","Vlaams Gewest","Région flamande","<5"
"2020-04-15","44081","Zulte","Zulte","Arrondissement Gent","Arrondissement de Gand","Provincie Oost-Vlaanderen","Province de Flandre orientale","Vlaams Gewest","Région flamande","6"
"2020-04-15","44083","Deinze","Deinze","Arrondissement Gent","Arrondissement de Gand","Provincie Oost-Vlaanderen","Province de Flandre orientale","Vlaams Gewest","Région flamande","<5"
"2020-04-15","44084","Aalter","Aalter","Arrondissement Gent","Arrondissement de Gand","Provincie Oost-Vlaanderen","Province de Flandre orientale","Vlaams Gewest","Région flamande","5"
"2020-04-15","44085","Lievegem","Lievegem","Arrondissement Gent","Arrondissement de Gand","Provincie Oost-Vlaanderen","Province de Flandre orientale","Vlaams Gewest","Région flamande","<5"
"2020-04-15","45035","Oudenaarde","Audenarde","Arrondissement Oudenaarde","Arrondissement d’Audenarde","Provincie Oost-Vlaanderen","Province de Flandre orientale","Vlaams Gewest","Région flamande","12"
"2020-04-15","45059","Brakel","Brakel","Arrondissement Oudenaarde","Arrondissement d’Audenarde","Provincie Oost-Vlaanderen","Province de Flandre orientale","Vlaams Gewest","Région flamande","<5"
"2020-04-15","45060","Kluisbergen","Kluisbergen","Arrondissement Oudenaarde","Arrondissement d’Audenarde","Provincie Oost-Vlaanderen","Province de Flandre orientale","Vlaams Gewest","Région flamande","<5"
"2020-04-15","45061","Wortegem-Petegem","Wortegem-Petegem","Arrondissement Oudenaarde","Arrondissement d’Audenarde","Provincie Oost-Vlaanderen","Province de Flandre orientale","Vlaams Gewest","Région flamande","<5"
"2020-04-15","45068","Kruisem","Kruisem","Arrondissement Oudenaarde","Arrondissement d’Audenarde","Provincie Oost-Vlaanderen","Province de Flandre orientale","Vlaams Gewest","Région flamande","<5"
"2020-04-15","46003","Beveren (Sint-Niklaas)","Beveren (Saint-Nicolas)","Arrondissement Sint-Niklaas","Arrondissement de Saint-Nicolas","Provincie Oost-Vlaanderen","Province de Flandre orientale","Vlaams Gewest","Région flamande","<5"
"2020-04-15","46013","Kruibeke","Kruibeke","Arrondissement Sint-Niklaas","Arrondissement de Saint-Nicolas","Provincie Oost-Vlaanderen","Province de Flandre orientale","Vlaams Gewest","Région flamande","<5"
"2020-04-15","46014","Lokeren","Lokeren","Arrondissement Sint-Niklaas","Arrondissement de Saint-Nicolas","Provincie Oost-Vlaanderen","Province de Flandre orientale","Vlaams Gewest","Région flamande","<5"
"2020-04-15","46021","Sint-Niklaas (Sint-Niklaas)","Saint-Nicolas (Saint-Nicolas)","Arrondissement Sint-Niklaas","Arrondissement de Saint-Nicolas","Provincie Oost-Vlaanderen","Province de Flandre orientale","Vlaams Gewest","Région flamande","9"
"2020-04-15","46025","Temse","Tamise","Arrondissement Sint-Niklaas","Arrondissement de Saint-Nicolas","Provincie Oost-Vlaanderen","Province de Flandre orientale","Vlaams Gewest","Région flamande","24"
"2020-04-15","51004","Aat","Ath","Arrondissement Aat","Arrondissement d’Ath","Provincie Henegouwen","Province du Hainaut","Waals Gewest","Région wallonne","<5"
"2020-04-15","51009","Bernissart","Bernissart","Arrondissement Aat","Arrondissement d’Ath","Provincie Henegouwen","Province du Hainaut","Waals Gewest","Région wallonne","<5"
"2020-04-15","51014","Chièvres","Chièvres","Arrondissement Aat","Arrondissement d’Ath","Provincie Henegouwen","Province du Hainaut","Waals Gewest","Région wallonne","<5"
"2020-04-15","51065","Frasnes-lez-Anvaing","Frasnes-lez-Anvaing","Arrondissement Aat","Arrondissement d’Ath","Provincie Henegouwen","Province du Hainaut","Waals Gewest","Région wallonne","<5"
"2020-04-15","51068","Opzullik","Silly","Arrondissement Aat","Arrondissement d’Ath","Provincie Henegouwen","Province du Hainaut","Waals Gewest","Région wallonne","<5"
"2020-04-15","51069","Lessen","Lessines","Arrondissement Aat","Arrondissement d’Ath","Provincie Henegouwen","Province du Hainaut","Waals Gewest","Région wallonne","<5"
"2020-04-15","52010","Chapelle-lez-Herlaimont","Chapelle-lez-Herlaimont","Arrondissement Charleroi","Arrondissement de Charleroi","Provincie Henegouwen","Province du Hainaut","Waals Gewest","Région wallonne","<5"
"2020-04-15","52011","Charleroi","Charleroi","Arrondissement Charleroi","Arrondissement de Charleroi","Provincie Henegouwen","Province du Hainaut","Waals Gewest","Région wallonne","35"
"2020-04-15","52012","Châtelet","Châtelet","Arrondissement Charleroi","Arrondissement de Charleroi","Provincie Henegouwen","Province du Hainaut","Waals Gewest","Région wallonne","<5"
"2020-04-15","52021","Fleurus","Fleurus","Arrondissement Charleroi","Arrondissement de Charleroi","Provincie Henegouwen","Province du Hainaut","Waals Gewest","Région wallonne","<5"
"2020-04-15","52048","Montigny-le-Tilleul","Montigny-le-Tilleul","Arrondissement Charleroi","Arrondissement de Charleroi","Provincie Henegouwen","Province du Hainaut","Waals Gewest","Région wallonne","<5"
"2020-04-15","52055","Pont-à-Celles","Pont-à-Celles","Arrondissement Charleroi","Arrondissement de Charleroi","Provincie Henegouwen","Province du Hainaut","Waals Gewest","Région wallonne","<5"
"2020-04-15","52075","Les Bons Villers","Les Bons Villers","Arrondissement Charleroi","Arrondissement de Charleroi","Provincie Henegouwen","Province du Hainaut","Waals Gewest","Région wallonne","23"
"2020-04-15","53014","Boussu","Boussu","Arrondissement Bergen","Arrondissement de Mons","Provincie Henegouwen","Province du Hainaut","Waals Gewest","Région wallonne","<5"
"2020-04-15","53020","Dour","Dour","Arrondissement Bergen","Arrondissement de Mons","Provincie Henegouwen","Province du Hainaut","Waals Gewest","Région wallonne","<5"
"2020-04-15","53028","Frameries","Frameries","Arrondissement Bergen","Arrondissement de Mons","Provincie Henegouwen","Province du Hainaut","Waals Gewest","Région wallonne","<5"
"2020-04-15","53046","Lens","Lens","Arrondissement Bergen","Arrondissement de Mons","Provincie Henegouwen","Province du Hainaut","Waals Gewest","Région wallonne","<5"
"2020-04-15","53053","Bergen","Mons","Arrondissement Bergen","Arrondissement de Mons","Provincie Henegouwen","Province du Hainaut","Waals Gewest","Région wallonne","5"
"2020-04-15","53082","Colfontaine","Colfontaine","Arrondissement Bergen","Arrondissement de Mons","Provincie Henegouwen","Province du Hainaut","Waals Gewest","Région wallonne","<5"
"2020-04-15","53084","Quévy","Quévy","Arrondissement Bergen","Arrondissement de Mons","Provincie Henegouwen","Province du Hainaut","Waals Gewest","Région wallonne","<5"
"2020-04-15","55004","’s Gravenbrakel","Braine-le-Comte","Arrondissement Zinnik","Arrondissement de Soignies","Provincie Henegouwen","Province du Hainaut","Waals Gewest","Région wallonne","<5"
"2020-04-15","55040","Zinnik","Soignies","Arrondissement Zinnik","Arrondissement de Soignies","Provincie Henegouwen","Province du Hainaut","Waals Gewest","Région wallonne","6"
"2020-04-15","55050","Ecaussinnes","Ecaussinnes","Arrondissement Zinnik","Arrondissement de Soignies","Provincie Henegouwen","Province du Hainaut","Waals Gewest","Région wallonne","<5"
"2020-04-15","55086","Manage","Manage","Arrondissement Zinnik","Arrondissement de Soignies","Provincie Henegouwen","Province du Hainaut","Waals Gewest","Région wallonne","<5"
"2020-04-15","56022","Erquelinnes","Erquelinnes","Arrondissement Thuin","Arrondissement de Thuin","Provincie Henegouwen","Province du Hainaut","Waals Gewest","Région wallonne","<5"
"2020-04-15","56029","Froidchapelle","Froidchapelle","Arrondissement Thuin","Arrondissement de Thuin","Provincie Henegouwen","Province du Hainaut","Waals Gewest","Région wallonne","<5"
"2020-04-15","57064","Péruwelz","Péruwelz","Arrondissement Doornik-Moeskroen","Arrondissement de Tournai-Mouscron","Provincie Henegouwen","Province du Hainaut","Waals Gewest","Région wallonne","<5"
"2020-04-15","57081","Doornik","Tournai","Arrondissement Doornik-Moeskroen","Arrondissement de Tournai-Mouscron","Provincie Henegouwen","Province du Hainaut","Waals Gewest","Région wallonne","<5"
"2020-04-15","57096","Moeskroen","Mouscron","Arrondissement Doornik-Moeskroen","Arrondissement de Tournai-Mouscron","Provincie Henegouwen","Province du Hainaut","Waals Gewest","Région wallonne","<5"
"2020-04-15","57097","Komen-Waasten","Comines-Warneton","Arrondissement Doornik-Moeskroen","Arrondissement de Tournai-Mouscron","Provincie Henegouwen","Province du Hainaut","Waals Gewest","Région wallonne","<5"
"2020-04-15","58001","La Louvière","La Louvière","Arrondissement La Louvière","Arrondissement de La Louvière","Provincie Henegouwen","Province du Hainaut","Waals Gewest","Région wallonne","10"
"2020-04-15","58002","Binche","Binche","Arrondissement La Louvière","Arrondissement de La Louvière","Provincie Henegouwen","Province du Hainaut","Waals Gewest","Région wallonne","5"
"2020-04-15","58004","Morlanwelz","Morlanwelz","Arrondissement La Louvière","Arrondissement de La Louvière","Provincie Henegouwen","Province du Hainaut","Waals Gewest","Région wallonne","7"
"2020-04-15","61003","Amay","Amay","Arrondissement Hoei","Arrondissement de Huy","Provincie Luik","Province de Liège","Waals Gewest","Région wallonne","<5"
"2020-04-15","61019","Ferrières","Ferrières","Arrondissement Hoei","Arrondissement de Huy","Provincie Luik","Province de Liège","Waals Gewest","Région wallonne","<5"
"2020-04-15","61031","Hoei","Huy","Arrondissement Hoei","Arrondissement de Huy","Provincie Luik","Province de Liège","Waals Gewest","Région wallonne","<5"
"2020-04-15","61041","Modave","Modave","Arrondissement Hoei","Arrondissement de Huy","Provincie Luik","Province de Liège","Waals Gewest","Région wallonne","<5"
"2020-04-15","61043","Nandrin","Nandrin","Arrondissement Hoei","Arrondissement de Huy","Provincie Luik","Province de Liège","Waals Gewest","Région wallonne","<5"
"2020-04-15","61068","Villers-Le-Bouillet","Villers-Le-Bouillet","Arrondissement Hoei","Arrondissement de Huy","Provincie Luik","Province de Liège","Waals Gewest","Région wallonne","<5"
"2020-04-15","61072","Wanze","Wanze","Arrondissement Hoei","Arrondissement de Huy","Provincie Luik","Province de Liège","Waals Gewest","Région wallonne","<5"
"2020-04-15","61080","Engis","Engis","Arrondissement Hoei","Arrondissement de Huy","Provincie Luik","Province de Liège","Waals Gewest","Région wallonne","<5"
"2020-04-15","62003","Ans","Ans","Arrondissement Luik","Arrondissement de Liège","Provincie Luik","Province de Liège","Waals Gewest","Région wallonne","<5"
"2020-04-15","62006","Awans","Awans","Arrondissement Luik","Arrondissement de Liège","Provincie Luik","Province de Liège","Waals Gewest","Région wallonne","<5"
"2020-04-15","62009","Aywaille","Aywaille","Arrondissement Luik","Arrondissement de Liège","Provincie Luik","Province de Liège","Waals Gewest","Région wallonne","<5"
"2020-04-15","62011","Bitsingen","Bassenge","Arrondissement Luik","Arrondissement de Liège","Provincie Luik","Province de Liège","Waals Gewest","Région wallonne","20"
"2020-04-15","62015","Beyne-Heusay","Beyne-Heusay","Arrondissement Luik","Arrondissement de Liège","Provincie Luik","Province de Liège","Waals Gewest","Région wallonne","6"
"2020-04-15","62022","Chaudfontaine","Chaudfontaine","Arrondissement Luik","Arrondissement de Liège","Provincie Luik","Province de Liège","Waals Gewest","Région wallonne","5"
"2020-04-15","62027","Dalhem","Dalhem","Arrondissement Luik","Arrondissement de Liège","Provincie Luik","Province de Liège","Waals Gewest","Région wallonne","7"
"2020-04-15","62032","Esneux","Esneux","Arrondissement Luik","Arrondissement de Liège","Provincie Luik","Province de Liège","Waals Gewest","Région wallonne","<5"
"2020-04-15","62038","Fléron","Fléron","Arrondissement Luik","Arrondissement de Liège","Provincie Luik","Province de Liège","Waals Gewest","Région wallonne","<5"
"2020-04-15","62051","Herstal","Herstal","Arrondissement Luik","Arrondissement de Liège","Provincie Luik","Province de Liège","Waals Gewest","Région wallonne","20"
"2020-04-15","62060","Juprelle","Juprelle","Arrondissement Luik","Arrondissement de Liège","Provincie Luik","Province de Liège","Waals Gewest","Région wallonne","<5"
"2020-04-15","62063","Luik","Liège","Arrondissement Luik","Arrondissement de Liège","Provincie Luik","Province de Liège","Waals Gewest","Région wallonne","108"
"2020-04-15","62079","Oupeye","Oupeye","Arrondissement Luik","Arrondissement de Liège","Provincie Luik","Province de Liège","Waals Gewest","Région wallonne","10"
"2020-04-15","62093","Saint-Nicolas (Luik)","Saint-Nicolas (Liège)","Arrondissement Luik","Arrondissement de Liège","Provincie Luik","Province de Liège","Waals Gewest","Région wallonne","9"
"2020-04-15","62096","Seraing","Seraing","Arrondissement Luik","Arrondissement de Liège","Provincie Luik","Province de Liège","Waals Gewest","Région wallonne","21"
"2020-04-15","62099","Soumagne","Soumagne","Arrondissement Luik","Arrondissement de Liège","Provincie Luik","Province de Liège","Waals Gewest","Région wallonne","9"
"2020-04-15","62100","Sprimont","Sprimont","Arrondissement Luik","Arrondissement de Liège","Provincie Luik","Province de Liège","Waals Gewest","Région wallonne","7"
"2020-04-15","62108","Wezet","Visé","Arrondissement Luik","Arrondissement de Liège","Provincie Luik","Province de Liège","Waals Gewest","Région wallonne","6"
"2020-04-15","62118","Grâce-Hollogne","Grâce-Hollogne","Arrondissement Luik","Arrondissement de Liège","Provincie Luik","Province de Liège","Waals Gewest","Région wallonne","<5"
"2020-04-15","62119","Blegny","Blegny","Arrondissement Luik","Arrondissement de Liège","Provincie Luik","Province de Liège","Waals Gewest","Région wallonne","35"
"2020-04-15","62120","Flémalle","Flémalle","Arrondissement Luik","Arrondissement de Liège","Provincie Luik","Province de Liège","Waals Gewest","Région wallonne","27"
"2020-04-15","62121","Neupré","Neupré","Arrondissement Luik","Arrondissement de Liège","Provincie Luik","Province de Liège","Waals Gewest","Région wallonne","<5"
"2020-04-15","62122","Trooz","Trooz","Arrondissement Luik","Arrondissement de Liège","Provincie Luik","Province de Liège","Waals Gewest","Région wallonne","<5"
"2020-04-15","63003","Aubel","Aubel","Arrondissement Verviers","Arrondissement de Verviers","Provincie Luik","Province de Liège","Waals Gewest","Région wallonne","<5"
"2020-04-15","63012","Büllingen","Bullange","Arrondissement Verviers","Arrondissement de Verviers","Provincie Luik","Province de Liège","Waals Gewest","Région wallonne","<5"
"2020-04-15","63013","Bütgenbach","Butgenbach","Arrondissement Verviers","Arrondissement de Verviers","Provincie Luik","Province de Liège","Waals Gewest","Région wallonne","<5"
"2020-04-15","63020","Dison","Dison","Arrondissement Verviers","Arrondissement de Verviers","Provincie Luik","Province de Liège","Waals Gewest","Région wallonne","<5"
"2020-04-15","63023","Eupen","Eupen","Arrondissement Verviers","Arrondissement de Verviers","Provincie Luik","Province de Liège","Waals Gewest","Région wallonne","<5"
"2020-04-15","63035","Herve","Herve","Arrondissement Verviers","Arrondissement de Verviers","Provincie Luik","Province de Liège","Waals Gewest","Région wallonne","7"
"2020-04-15","63038","Jalhay","Jalhay","Arrondissement Verviers","Arrondissement de Verviers","Provincie Luik","Province de Liège","Waals Gewest","Région wallonne","6"
"2020-04-15","63040","Kelmis","La Calamine","Arrondissement Verviers","Arrondissement de Verviers","Provincie Luik","Province de Liège","Waals Gewest","Région wallonne","<5"
"2020-04-15","63046","Limburg","Limbourg","Arrondissement Verviers","Arrondissement de Verviers","Provincie Luik","Province de Liège","Waals Gewest","Région wallonne","<5"
"2020-04-15","63049","Malmedy","Malmedy","Arrondissement Verviers","Arrondissement de Verviers","Provincie Luik","Province de Liège","Waals Gewest","Région wallonne","6"
"2020-04-15","63057","Olne","Olne","Arrondissement Verviers","Arrondissement de Verviers","Provincie Luik","Province de Liège","Waals Gewest","Région wallonne","<5"
"2020-04-15","63058","Pepinster","Pepinster","Arrondissement Verviers","Arrondissement de Verviers","Provincie Luik","Province de Liège","Waals Gewest","Région wallonne","<5"
"2020-04-15","63072","Spa","Spa","Arrondissement Verviers","Arrondissement de Verviers","Provincie Luik","Province de Liège","Waals Gewest","Région wallonne","44"
"2020-04-15","63076","Theux","Theux","Arrondissement Verviers","Arrondissement de Verviers","Provincie Luik","Province de Liège","Waals Gewest","Région wallonne","11"
"2020-04-15","63079","Verviers","Verviers","Arrondissement Verviers","Arrondissement de Verviers","Provincie Luik","Province de Liège","Waals Gewest","Région wallonne","9"
"2020-04-15","63084","Welkenraedt","Welkenraedt","Arrondissement Verviers","Arrondissement de Verviers","Provincie Luik","Province de Liège","Waals Gewest","Région wallonne","<5"
"2020-04-15","63088","Plombières","Plombières","Arrondissement Verviers","Arrondissement de Verviers","Provincie Luik","Province de Liège","Waals Gewest","Région wallonne","<5"
"2020-04-15","63089","Thimister-Clermont","Thimister-Clermont","Arrondissement Verviers","Arrondissement de Verviers","Provincie Luik","Province de Liège","Waals Gewest","Région wallonne","<5"
"2020-04-15","64025","Fexhe-le-Haut-Clocher","Fexhe-le-Haut-Clocher","Arrondissement Borgworm","Arrondissement de Waremme","Provincie Luik","Province de Liège","Waals Gewest","Région wallonne","<5"
"2020-04-15","64029","Geer","Geer","Arrondissement Borgworm","Arrondissement de Waremme","Provincie Luik","Province de Liège","Waals Gewest","Région wallonne","<5"
"2020-04-15","64047","Lijsem","Lincent","Arrondissement Borgworm","Arrondissement de Waremme","Provincie Luik","Province de Liège","Waals Gewest","Région wallonne","<5"
"2020-04-15","64056","Oerle","Oreye","Arrondissement Borgworm","Arrondissement de Waremme","Provincie Luik","Province de Liège","Waals Gewest","Région wallonne","<5"
"2020-04-15","64063","Remicourt","Remicourt","Arrondissement Borgworm","Arrondissement de Waremme","Provincie Luik","Province de Liège","Waals Gewest","Région wallonne","<5"
"2020-04-15","64065","Saint-Georges-sur-Meuse","Saint-Georges-sur-Meuse","Arrondissement Borgworm","Arrondissement de Waremme","Provincie Luik","Province de Liège","Waals Gewest","Région wallonne","<5"
"2020-04-15","64074","Borgworm","Waremme","Arrondissement Borgworm","Arrondissement de Waremme","Provincie Luik","Province de Liège","Waals Gewest","Région wallonne","<5"
"2020-04-15","71004","Beringen","Beringen","Arrondissement Hasselt","Arrondissement de Hasselt","Provincie Limburg","Province du Limbourg","Vlaams Gewest","Région flamande","<5"
"2020-04-15","71011","Diepenbeek","Diepenbeek","Arrondissement Hasselt","Arrondissement de Hasselt","Provincie Limburg","Province du Limbourg","Vlaams Gewest","Région flamande","5"
"2020-04-15","71016","Genk","Genk","Arrondissement Hasselt","Arrondissement de Hasselt","Provincie Limburg","Province du Limbourg","Vlaams Gewest","Région flamande","9"
"2020-04-15","71017","Gingelom","Gingelom","Arrondissement Hasselt","Arrondissement de Hasselt","Provincie Limburg","Province du Limbourg","Vlaams Gewest","Région flamande","<5"
"2020-04-15","71020","Halen","Halen","Arrondissement Hasselt","Arrondissement de Hasselt","Provincie Limburg","Province du Limbourg","Vlaams Gewest","Région flamande","<5"
"2020-04-15","71022","Hasselt","Hasselt","Arrondissement Hasselt","Arrondissement de Hasselt","Provincie Limburg","Province du Limbourg","Vlaams Gewest","Région flamande","7"
"2020-04-15","71024","Herk-de-Stad","Herck-la-Ville","Arrondissement Hasselt","Arrondissement de Hasselt","Provincie Limburg","Province du Limbourg","Vlaams Gewest","Région flamande","<5"
"2020-04-15","71034","Leopoldsburg","Bourg-Léopold","Arrondissement Hasselt","Arrondissement de Hasselt","Provincie Limburg","Province du Limbourg","Vlaams Gewest","Région flamande","<5"
"2020-04-15","71045","Nieuwerkerken (Hasselt)","Nieuwerkerken (Hasselt)","Arrondissement Hasselt","Arrondissement de Hasselt","Provincie Limburg","Province du Limbourg","Vlaams Gewest","Région flamande","6"
"2020-04-15","71053","Sint-Truiden","Saint-Trond","Arrondissement Hasselt","Arrondissement de Hasselt","Provincie Limburg","Province du Limbourg","Vlaams Gewest","Région flamande","9"
"2020-04-15","71057","Tessenderlo","Tessenderlo","Arrondissement Hasselt","Arrondissement de Hasselt","Provincie Limburg","Province du Limbourg","Vlaams Gewest","Région flamande","<5"
"2020-04-15","71066","Zonhoven","Zonhoven","Arrondissement Hasselt","Arrondissement de Hasselt","Provincie Limburg","Province du Limbourg","Vlaams Gewest","Région flamande","<5"
"2020-04-15","71067","Zutendaal","Zutendaal","Arrondissement Hasselt","Arrondissement de Hasselt","Provincie Limburg","Province du Limbourg","Vlaams Gewest","Région flamande","<5"
"2020-04-15","71069","Ham","Ham","Arrondissement Hasselt","Arrondissement de Hasselt","Provincie Limburg","Province du Limbourg","Vlaams Gewest","Région flamande","6"
"2020-04-15","71070","Heusden-Zolder","Heusden-Zolder","Arrondissement Hasselt","Arrondissement de Hasselt","Provincie Limburg","Province du Limbourg","Vlaams Gewest","Région flamande","<5"
"2020-04-15","72018","Kinrooi","Kinrooi","Arrondissement Maaseik","Arrondissement de Maaseik","Provincie Limburg","Province du Limbourg","Vlaams Gewest","Région flamande","<5"
"2020-04-15","72021","Maaseik","Maaseik","Arrondissement Maaseik","Arrondissement de Maaseik","Provincie Limburg","Province du Limbourg","Vlaams Gewest","Région flamande","<5"
"2020-04-15","72030","Peer","Peer","Arrondissement Maaseik","Arrondissement de Maaseik","Provincie Limburg","Province du Limbourg","Vlaams Gewest","Région flamande","<5"
"2020-04-15","72039","Houthalen-Helchteren","Houthalen-Helchteren","Arrondissement Maaseik","Arrondissement de Maaseik","Provincie Limburg","Province du Limbourg","Vlaams Gewest","Région flamande","5"
"2020-04-15","72041","Dilsen-Stokkem","Dilsen-Stokkem","Arrondissement Maaseik","Arrondissement de Maaseik","Provincie Limburg","Province du Limbourg","Vlaams Gewest","Région flamande","<5"
"2020-04-15","72043","Pelt","Pelt","Arrondissement Maaseik","Arrondissement de Maaseik","Provincie Limburg","Province du Limbourg","Vlaams Gewest","Région flamande","<5"
"2020-04-15","73001","Alken","Alken","Arrondissement Tongeren","Arrondissement de Tongres","Provincie Limburg","Province du Limbourg","Vlaams Gewest","Région flamande","<5"
"2020-04-15","73006","Bilzen","Bilzen","Arrondissement Tongeren","Arrondissement de Tongres","Provincie Limburg","Province du Limbourg","Vlaams Gewest","Région flamande","<5"
"2020-04-15","73009","Borgloon","Looz","Arrondissement Tongeren","Arrondissement de Tongres","Provincie Limburg","Province du Limbourg","Vlaams Gewest","Région flamande","<5"
"2020-04-15","73022","Heers","Heers","Arrondissement Tongeren","Arrondissement de Tongres","Provincie Limburg","Province du Limbourg","Vlaams Gewest","Région flamande","<5"
"2020-04-15","73040","Kortessem","Kortessem","Arrondissement Tongeren","Arrondissement de Tongres","Provincie Limburg","Province du Limbourg","Vlaams Gewest","Région flamande","<5"
"2020-04-15","73042","Lanaken","Lanaken","Arrondissement Tongeren","Arrondissement de Tongres","Provincie Limburg","Province du Limbourg","Vlaams Gewest","Région flamande","5"
"2020-04-15","73066","Riemst","Riemst","Arrondissement Tongeren","Arrondissement de Tongres","Provincie Limburg","Province du Limbourg","Vlaams Gewest","Région flamande","<5"
"2020-04-15","73083","Tongeren","Tongres","Arrondissement Tongeren","Arrondissement de Tongres","Provincie Limburg","Province du Limbourg","Vlaams Gewest","Région flamande","<5"
"2020-04-15","73098","Wellen","Wellen","Arrondissement Tongeren","Arrondissement de Tongres","Provincie Limburg","Province du Limbourg","Vlaams Gewest","Région flamande","<5"
"2020-04-15","73107","Maasmechelen","Maasmechelen","Arrondissement Tongeren","Arrondissement de Tongres","Provincie Limburg","Province du Limbourg","Vlaams Gewest","Région flamande","<5"
"2020-04-15","81004","Aubange","Aubange","Arrondissement Aarlen","Arrondissement d’Arlon","Provincie Luxemburg","Province du Luxembourg","Waals Gewest","Région wallonne","<5"
"2020-04-15","82003","Bastenaken","Bastogne","Arrondissement Bastenaken","Arrondissement de Bastogne","Provincie Luxemburg","Province du Luxembourg","Waals Gewest","Région wallonne","<5"
"2020-04-15","82032","Vielsalm","Vielsalm","Arrondissement Bastenaken","Arrondissement de Bastogne","Provincie Luxemburg","Province du Luxembourg","Waals Gewest","Région wallonne","<5"
"2020-04-15","82037","Gouvy","Gouvy","Arrondissement Bastenaken","Arrondissement de Bastogne","Provincie Luxemburg","Province du Luxembourg","Waals Gewest","Région wallonne","<5"
"2020-04-15","83012","Durbuy","Durbuy","Arrondissement Marche-en-Famenne","Arrondissement de Marche-en-Famenne","Provincie Luxemburg","Province du Luxembourg","Waals Gewest","Région wallonne","<5"
"2020-04-15","83013","Erezée","Erezée","Arrondissement Marche-en-Famenne","Arrondissement de Marche-en-Famenne","Provincie Luxemburg","Province du Luxembourg","Waals Gewest","Région wallonne","<5"
"2020-04-15","83028","Hotton","Hotton","Arrondissement Marche-en-Famenne","Arrondissement de Marche-en-Famenne","Provincie Luxemburg","Province du Luxembourg","Waals Gewest","Région wallonne","<5"
"2020-04-15","83031","La Roche-en-Ardenne","La Roche-en-Ardenne","Arrondissement Marche-en-Famenne","Arrondissement de Marche-en-Famenne","Provincie Luxemburg","Province du Luxembourg","Waals Gewest","Région wallonne","<5"
"2020-04-15","83034","Marche-en-Famenne","Marche-en-Famenne","Arrondissement Marche-en-Famenne","Arrondissement de Marche-en-Famenne","Provincie Luxemburg","Province du Luxembourg","Waals Gewest","Région wallonne","<5"
"2020-04-15","83040","Nassogne","Nassogne","Arrondissement Marche-en-Famenne","Arrondissement de Marche-en-Famenne","Provincie Luxemburg","Province du Luxembourg","Waals Gewest","Région wallonne","<5"
"2020-04-15","83044","Rendeux","Rendeux","Arrondissement Marche-en-Famenne","Arrondissement de Marche-en-Famenne","Provincie Luxemburg","Province du Luxembourg","Waals Gewest","Région wallonne","<5"
"2020-04-15","83055","Manhay","Manhay","Arrondissement Marche-en-Famenne","Arrondissement de Marche-en-Famenne","Provincie Luxemburg","Province du Luxembourg","Waals Gewest","Région wallonne","<5"
"2020-04-15","84009","Bertrix","Bertrix","Arrondissement Neufchâteau","Arrondissement de Neufchâteau","Provincie Luxemburg","Province du Luxembourg","Waals Gewest","Région wallonne","<5"
"2020-04-15","84010","Bouillon","Bouillon","Arrondissement Neufchâteau","Arrondissement de Neufchâteau","Provincie Luxemburg","Province du Luxembourg","Waals Gewest","Région wallonne","<5"
"2020-04-15","84016","Daverdisse","Daverdisse","Arrondissement Neufchâteau","Arrondissement de Neufchâteau","Provincie Luxemburg","Province du Luxembourg","Waals Gewest","Région wallonne","<5"
"2020-04-15","84033","Léglise","Léglise","Arrondissement Neufchâteau","Arrondissement de Neufchâteau","Provincie Luxemburg","Province du Luxembourg","Waals Gewest","Région wallonne","<5"
"2020-04-15","84043","Neufchâteau (Neufchâteau)","Neufchâteau (Neufchâteau)","Arrondissement Neufchâteau","Arrondissement de Neufchâteau","Provincie Luxemburg","Province du Luxembourg","Waals Gewest","Région wallonne","<5"
"2020-04-15","84050","Paliseul","Paliseul","Arrondissement Neufchâteau","Arrondissement de Neufchâteau","Provincie Luxemburg","Province du Luxembourg","Waals Gewest","Région wallonne","<5"
"2020-04-15","84059","Saint-Hubert","Saint-Hubert","Arrondissement Neufchâteau","Arrondissement de Neufchâteau","Provincie Luxemburg","Province du Luxembourg","Waals Gewest","Région wallonne","<5"
"2020-04-15","84077","Libramont-Chevigny","Libramont-Chevigny","Arrondissement Neufchâteau","Arrondissement de Neufchâteau","Provincie Luxemburg","Province du Luxembourg","Waals Gewest","Région wallonne","<5"
"2020-04-15","85024","Meix-devant-Virton","Meix-devant-Virton","Arrondissement Virton","Arrondissement de Virton","Provincie Luxemburg","Province du Luxembourg","Waals Gewest","Région wallonne","<5"
"2020-04-15","85047","Rouvroy","Rouvroy","Arrondissement Virton","Arrondissement de Virton","Provincie Luxemburg","Province du Luxembourg","Waals Gewest","Région wallonne","<5"
"2020-04-15","91030","Ciney","Ciney","Arrondissement Dinant","Arrondissement de Dinant","Provincie Namen","Province de Namur","Waals Gewest","Région wallonne","<5"
"2020-04-15","91064","Havelange","Havelange","Arrondissement Dinant","Arrondissement de Dinant","Provincie Namen","Province de Namur","Waals Gewest","Région wallonne","<5"
"2020-04-15","91114","Rochefort","Rochefort","Arrondissement Dinant","Arrondissement de Dinant","Provincie Namen","Province de Namur","Waals Gewest","Région wallonne","<5"
"2020-04-15","91141","Yvoir","Yvoir","Arrondissement Dinant","Arrondissement de Dinant","Provincie Namen","Province de Namur","Waals Gewest","Région wallonne","<5"
"2020-04-15","91142","Hastière","Hastière","Arrondissement Dinant","Arrondissement de Dinant","Provincie Namen","Province de Namur","Waals Gewest","Région wallonne","<5"
"2020-04-15","91143","Vresse-sur-Semois","Vresse-sur-Semois","Arrondissement Dinant","Arrondissement de Dinant","Provincie Namen","Province de Namur","Waals Gewest","Région wallonne","<5"
"2020-04-15","92003","Andenne","Andenne","Arrondissement Namen","Arrondissement de Namur","Provincie Namen","Province de Namur","Waals Gewest","Région wallonne","<5"
"2020-04-15","92006","Assesse","Assesse","Arrondissement Namen","Arrondissement de Namur","Provincie Namen","Province de Namur","Waals Gewest","Région wallonne","<5"
"2020-04-15","92035","Eghezée","Eghezée","Arrondissement Namen","Arrondissement de Namur","Provincie Namen","Province de Namur","Waals Gewest","Région wallonne","6"
"2020-04-15","92045","Floreffe","Floreffe","Arrondissement Namen","Arrondissement de Namur","Provincie Namen","Province de Namur","Waals Gewest","Région wallonne","<5"
"2020-04-15","92048","Fosses-la-Ville","Fosses-la-Ville","Arrondissement Namen","Arrondissement de Namur","Provincie Namen","Province de Namur","Waals Gewest","Région wallonne","<5"
"2020-04-15","92087","Mettet","Mettet","Arrondissement Namen","Arrondissement de Namur","Provincie Namen","Province de Namur","Waals Gewest","Région wallonne","<5"
"2020-04-15","92094","Namen","Namur","Arrondissement Namen","Arrondissement de Namur","Provincie Namen","Province de Namur","Waals Gewest","Région wallonne","73"
"2020-04-15","92114","Sombreffe","Sombreffe","Arrondissement Namen","Arrondissement de Namur","Provincie Namen","Province de Namur","Waals Gewest","Région wallonne","<5"
"2020-04-15","92137","Sambreville","Sambreville","Arrondissement Namen","Arrondissement de Namur","Provincie Namen","Province de Namur","Waals Gewest","Région wallonne","<5"
"2020-04-15","92138","Fernelmont","Fernelmont","Arrondissement Namen","Arrondissement de Namur","Provincie Namen","Province de Namur","Waals Gewest","Région wallonne","<5"
"2020-04-15","92140","Jemeppe-sur-Sambre","Jemeppe-sur-Sambre","Arrondissement Namen","Arrondissement de Namur","Provincie Namen","Province de Namur","Waals Gewest","Région wallonne","<5"
"2020-04-15","92141","La Bruyère","La Bruyère","Arrondissement Namen","Arrondissement de Namur","Provincie Namen","Province de Namur","Waals Gewest","Région wallonne","<5"
"2020-04-15","92142","Gembloux","Gembloux","Arrondissement Namen","Arrondissement de Namur","Provincie Namen","Province de Namur","Waals Gewest","Région wallonne","<5"
"2020-04-15","93010","Cerfontaine","Cerfontaine","Arrondissement Philippeville","Arrondissement de Philippeville","Provincie Namen","Province de Namur","Waals Gewest","Région wallonne","<5"
"2020-04-15","93056","Philippeville","Philippeville","Arrondissement Philippeville","Arrondissement de Philippeville","Provincie Namen","Province de Namur","Waals Gewest","Région wallonne","<5"
"2020-04-15","93088","Walcourt","Walcourt","Arrondissement Philippeville","Arrondissement de Philippeville","Provincie Namen","Province de Namur","Waals Gewest","Région wallonne","<5"
"2020-04-15",NA,NA,NA,NA,NA,NA,NA,NA,NA,"51"
"2020-04-16","11002","Antwerpen","Anvers","Arrondissement Antwerpen","Arrondissement d’Anvers","Provincie Antwerpen","Province d’Anvers","Vlaams Gewest","Région flamande","54"
"2020-04-16","11004","Boechout","Boechout","Arrondissement Antwerpen","Arrondissement d’Anvers","Provincie Antwerpen","Province d’Anvers","Vlaams Gewest","Région flamande","<5"
"2020-04-16","11005","Boom","Boom","Arrondissement Antwerpen","Arrondissement d’Anvers","Provincie Antwerpen","Province d’Anvers","Vlaams Gewest","Région flamande","5"
"2020-04-16","11007","Borsbeek","Borsbeek","Arrondissement Antwerpen","Arrondissement d’Anvers","Provincie Antwerpen","Province d’Anvers","Vlaams Gewest","Région flamande","39"
"2020-04-16","11009","Brecht","Brecht","Arrondissement Antwerpen","Arrondissement d’Anvers","Provincie Antwerpen","Province d’Anvers","Vlaams Gewest","Région flamande","5"
"2020-04-16","11016","Essen","Essen","Arrondissement Antwerpen","Arrondissement d’Anvers","Provincie Antwerpen","Province d’Anvers","Vlaams Gewest","Région flamande","<5"
"2020-04-16","11022","Kalmthout","Kalmthout","Arrondissement Antwerpen","Arrondissement d’Anvers","Provincie Antwerpen","Province d’Anvers","Vlaams Gewest","Région flamande","7"
"2020-04-16","11023","Kapellen (Antwerpen)","Kapellen (Anvers)","Arrondissement Antwerpen","Arrondissement d’Anvers","Provincie Antwerpen","Province d’Anvers","Vlaams Gewest","Région flamande","<5"
"2020-04-16","11029","Mortsel","Mortsel","Arrondissement Antwerpen","Arrondissement d’Anvers","Provincie Antwerpen","Province d’Anvers","Vlaams Gewest","Région flamande","<5"
"2020-04-16","11030","Niel","Niel","Arrondissement Antwerpen","Arrondissement d’Anvers","Provincie Antwerpen","Province d’Anvers","Vlaams Gewest","Région flamande","<5"
"2020-04-16","11035","Ranst","Ranst","Arrondissement Antwerpen","Arrondissement d’Anvers","Provincie Antwerpen","Province d’Anvers","Vlaams Gewest","Région flamande","<5"
"2020-04-16","11038","Schelle","Schelle","Arrondissement Antwerpen","Arrondissement d’Anvers","Provincie Antwerpen","Province d’Anvers","Vlaams Gewest","Région flamande","<5"
"2020-04-16","11039","Schilde","Schilde","Arrondissement Antwerpen","Arrondissement d’Anvers","Provincie Antwerpen","Province d’Anvers","Vlaams Gewest","Région flamande","<5"
"2020-04-16","11040","Schoten","Schoten","Arrondissement Antwerpen","Arrondissement d’Anvers","Provincie Antwerpen","Province d’Anvers","Vlaams Gewest","Région flamande","<5"
"2020-04-16","11044","Stabroek","Stabroek","Arrondissement Antwerpen","Arrondissement d’Anvers","Provincie Antwerpen","Province d’Anvers","Vlaams Gewest","Région flamande","<5"
"2020-04-16","11050","Wijnegem","Wijnegem","Arrondissement Antwerpen","Arrondissement d’Anvers","Provincie Antwerpen","Province d’Anvers","Vlaams Gewest","Région flamande","<5"
"2020-04-16","11052","Wommelgem","Wommelgem","Arrondissement Antwerpen","Arrondissement d’Anvers","Provincie Antwerpen","Province d’Anvers","Vlaams Gewest","Région flamande","<5"
"2020-04-16","11053","Wuustwezel","Wuustwezel","Arrondissement Antwerpen","Arrondissement d’Anvers","Provincie Antwerpen","Province d’Anvers","Vlaams Gewest","Région flamande","<5"
"2020-04-16","11054","Zandhoven","Zandhoven","Arrondissement Antwerpen","Arrondissement d’Anvers","Provincie Antwerpen","Province d’Anvers","Vlaams Gewest","Région flamande","6"
"2020-04-16","11056","Zwijndrecht","Zwijndrecht","Arrondissement Antwerpen","Arrondissement d’Anvers","Provincie Antwerpen","Province d’Anvers","Vlaams Gewest","Région flamande","<5"
"2020-04-16","11057","Malle","Malle","Arrondissement Antwerpen","Arrondissement d’Anvers","Provincie Antwerpen","Province d’Anvers","Vlaams Gewest","Région flamande","<5"
"2020-04-16","12002","Berlaar","Berlaar","Arrondissement Mechelen","Arrondissement de Malines","Provincie Antwerpen","Province d’Anvers","Vlaams Gewest","Région flamande","<5"
"2020-04-16","12005","Bonheiden","Bonheiden","Arrondissement Mechelen","Arrondissement de Malines","Provincie Antwerpen","Province d’Anvers","Vlaams Gewest","Région flamande","<5"
"2020-04-16","12007","Bornem","Bornem","Arrondissement Mechelen","Arrondissement de Malines","Provincie Antwerpen","Province d’Anvers","Vlaams Gewest","Région flamande","5"
"2020-04-16","12009","Duffel","Duffel","Arrondissement Mechelen","Arrondissement de Malines","Provincie Antwerpen","Province d’Anvers","Vlaams Gewest","Région flamande","<5"
"2020-04-16","12014","Heist-op-den-Berg","Heist-op-den-Berg","Arrondissement Mechelen","Arrondissement de Malines","Provincie Antwerpen","Province d’Anvers","Vlaams Gewest","Région flamande","5"
"2020-04-16","12021","Lier","Lierre","Arrondissement Mechelen","Arrondissement de Malines","Provincie Antwerpen","Province d’Anvers","Vlaams Gewest","Région flamande","<5"
"2020-04-16","12025","Mechelen","Malines","Arrondissement Mechelen","Arrondissement de Malines","Provincie Antwerpen","Province d’Anvers","Vlaams Gewest","Région flamande","5"
"2020-04-16","12026","Nijlen","Nijlen","Arrondissement Mechelen","Arrondissement de Malines","Provincie Antwerpen","Province d’Anvers","Vlaams Gewest","Région flamande","<5"
"2020-04-16","12029","Putte","Putte","Arrondissement Mechelen","Arrondissement de Malines","Provincie Antwerpen","Province d’Anvers","Vlaams Gewest","Région flamande","<5"
"2020-04-16","12035","Sint-Katelijne-Waver","Sint-Katelijne-Waver","Arrondissement Mechelen","Arrondissement de Malines","Provincie Antwerpen","Province d’Anvers","Vlaams Gewest","Région flamande","<5"
"2020-04-16","12041","Puurs-Sint-Amands","Puurs-Sint-Amands","Arrondissement Mechelen","Arrondissement de Malines","Provincie Antwerpen","Province d’Anvers","Vlaams Gewest","Région flamande","8"
"2020-04-16","13001","Arendonk","Arendonk","Arrondissement Turnhout","Arrondissement de Turnhout","Provincie Antwerpen","Province d’Anvers","Vlaams Gewest","Région flamande","<5"
"2020-04-16","13004","Beerse","Beerse","Arrondissement Turnhout","Arrondissement de Turnhout","Provincie Antwerpen","Province d’Anvers","Vlaams Gewest","Région flamande","<5"
"2020-04-16","13006","Dessel","Dessel","Arrondissement Turnhout","Arrondissement de Turnhout","Provincie Antwerpen","Province d’Anvers","Vlaams Gewest","Région flamande","<5"
"2020-04-16","13008","Geel","Geel","Arrondissement Turnhout","Arrondissement de Turnhout","Provincie Antwerpen","Province d’Anvers","Vlaams Gewest","Région flamande","<5"
"2020-04-16","13010","Grobbendonk","Grobbendonk","Arrondissement Turnhout","Arrondissement de Turnhout","Provincie Antwerpen","Province d’Anvers","Vlaams Gewest","Région flamande","<5"
"2020-04-16","13012","Herenthout","Herenthout","Arrondissement Turnhout","Arrondissement de Turnhout","Provincie Antwerpen","Province d’Anvers","Vlaams Gewest","Région flamande","<5"
"2020-04-16","13014","Hoogstraten","Hoogstraten","Arrondissement Turnhout","Arrondissement de Turnhout","Provincie Antwerpen","Province d’Anvers","Vlaams Gewest","Région flamande","<5"
"2020-04-16","13016","Hulshout","Hulshout","Arrondissement Turnhout","Arrondissement de Turnhout","Provincie Antwerpen","Province d’Anvers","Vlaams Gewest","Région flamande","<5"
"2020-04-16","13017","Kasterlee","Kasterlee","Arrondissement Turnhout","Arrondissement de Turnhout","Provincie Antwerpen","Province d’Anvers","Vlaams Gewest","Région flamande","<5"
"2020-04-16","13019","Lille","Lille","Arrondissement Turnhout","Arrondissement de Turnhout","Provincie Antwerpen","Province d’Anvers","Vlaams Gewest","Région flamande","8"
"2020-04-16","13025","Mol","Mol","Arrondissement Turnhout","Arrondissement de Turnhout","Provincie Antwerpen","Province d’Anvers","Vlaams Gewest","Région flamande","<5"
"2020-04-16","13031","Oud-Turnhout","Oud-Turnhout","Arrondissement Turnhout","Arrondissement de Turnhout","Provincie Antwerpen","Province d’Anvers","Vlaams Gewest","Région flamande","<5"
"2020-04-16","13035","Ravels","Ravels","Arrondissement Turnhout","Arrondissement de Turnhout","Provincie Antwerpen","Province d’Anvers","Vlaams Gewest","Région flamande","<5"
"2020-04-16","13040","Turnhout","Turnhout","Arrondissement Turnhout","Arrondissement de Turnhout","Provincie Antwerpen","Province d’Anvers","Vlaams Gewest","Région flamande","<5"
"2020-04-16","13044","Vorselaar","Vorselaar","Arrondissement Turnhout","Arrondissement de Turnhout","Provincie Antwerpen","Province d’Anvers","Vlaams Gewest","Région flamande","<5"
"2020-04-16","13046","Vosselaar","Vosselaar","Arrondissement Turnhout","Arrondissement de Turnhout","Provincie Antwerpen","Province d’Anvers","Vlaams Gewest","Région flamande","<5"
"2020-04-16","13049","Westerlo","Westerlo","Arrondissement Turnhout","Arrondissement de Turnhout","Provincie Antwerpen","Province d’Anvers","Vlaams Gewest","Région flamande","<5"
"2020-04-16","21001","Anderlecht","Anderlecht","Arrondissement Brussel-Hoofdstad","Arrondissement de Bruxelles-Capitale",NA,NA,"Brussels Hoofdstedelijk Gewest","Région de Bruxelles-Capitale","18"
"2020-04-16","21002","Oudergem","Auderghem","Arrondissement Brussel-Hoofdstad","Arrondissement de Bruxelles-Capitale",NA,NA,"Brussels Hoofdstedelijk Gewest","Région de Bruxelles-Capitale","12"
"2020-04-16","21003","Sint-Agatha-Berchem","Berchem-Sainte-Agathe","Arrondissement Brussel-Hoofdstad","Arrondissement de Bruxelles-Capitale",NA,NA,"Brussels Hoofdstedelijk Gewest","Région de Bruxelles-Capitale","<5"
"2020-04-16","21004","Brussel","Bruxelles","Arrondissement Brussel-Hoofdstad","Arrondissement de Bruxelles-Capitale",NA,NA,"Brussels Hoofdstedelijk Gewest","Région de Bruxelles-Capitale","39"
"2020-04-16","21005","Etterbeek","Etterbeek","Arrondissement Brussel-Hoofdstad","Arrondissement de Bruxelles-Capitale",NA,NA,"Brussels Hoofdstedelijk Gewest","Région de Bruxelles-Capitale","<5"
"2020-04-16","21006","Evere","Evere","Arrondissement Brussel-Hoofdstad","Arrondissement de Bruxelles-Capitale",NA,NA,"Brussels Hoofdstedelijk Gewest","Région de Bruxelles-Capitale","9"
"2020-04-16","21007","Vorst (Brussel-Hoofdstad)","Forest (Bruxelles-Capitale)","Arrondissement Brussel-Hoofdstad","Arrondissement de Bruxelles-Capitale",NA,NA,"Brussels Hoofdstedelijk Gewest","Région de Bruxelles-Capitale","11"
"2020-04-16","21008","Ganshoren","Ganshoren","Arrondissement Brussel-Hoofdstad","Arrondissement de Bruxelles-Capitale",NA,NA,"Brussels Hoofdstedelijk Gewest","Région de Bruxelles-Capitale","<5"
"2020-04-16","21009","Elsene","Ixelles","Arrondissement Brussel-Hoofdstad","Arrondissement de Bruxelles-Capitale",NA,NA,"Brussels Hoofdstedelijk Gewest","Région de Bruxelles-Capitale","7"
"2020-04-16","21010","Jette","Jette","Arrondissement Brussel-Hoofdstad","Arrondissement de Bruxelles-Capitale",NA,NA,"Brussels Hoofdstedelijk Gewest","Région de Bruxelles-Capitale","10"
"2020-04-16","21011","Koekelberg","Koekelberg","Arrondissement Brussel-Hoofdstad","Arrondissement de Bruxelles-Capitale",NA,NA,"Brussels Hoofdstedelijk Gewest","Région de Bruxelles-Capitale","<5"
"2020-04-16","21012","Sint-Jans-Molenbeek","Molenbeek-Saint-Jean","Arrondissement Brussel-Hoofdstad","Arrondissement de Bruxelles-Capitale",NA,NA,"Brussels Hoofdstedelijk Gewest","Région de Bruxelles-Capitale","12"
"2020-04-16","21013","Sint-Gillis","Saint-Gilles","Arrondissement Brussel-Hoofdstad","Arrondissement de Bruxelles-Capitale",NA,NA,"Brussels Hoofdstedelijk Gewest","Région de Bruxelles-Capitale","<5"
"2020-04-16","21015","Schaarbeek","Schaerbeek","Arrondissement Brussel-Hoofdstad","Arrondissement de Bruxelles-Capitale",NA,NA,"Brussels Hoofdstedelijk Gewest","Région de Bruxelles-Capitale","9"
"2020-04-16","21016","Ukkel","Uccle","Arrondissement Brussel-Hoofdstad","Arrondissement de Bruxelles-Capitale",NA,NA,"Brussels Hoofdstedelijk Gewest","Région de Bruxelles-Capitale","12"
"2020-04-16","21017","Watermaal-Bosvoorde","Watermael-Boitsfort","Arrondissement Brussel-Hoofdstad","Arrondissement de Bruxelles-Capitale",NA,NA,"Brussels Hoofdstedelijk Gewest","Région de Bruxelles-Capitale","7"
"2020-04-16","21018","Sint-Lambrechts-Woluwe","Woluwe-Saint-Lambert","Arrondissement Brussel-Hoofdstad","Arrondissement de Bruxelles-Capitale",NA,NA,"Brussels Hoofdstedelijk Gewest","Région de Bruxelles-Capitale","29"
"2020-04-16","21019","Sint-Pieters-Woluwe","Woluwe-Saint-Pierre","Arrondissement Brussel-Hoofdstad","Arrondissement de Bruxelles-Capitale",NA,NA,"Brussels Hoofdstedelijk Gewest","Région de Bruxelles-Capitale","5"
"2020-04-16","23002","Asse","Asse","Arrondissement Halle-Vilvoorde","Arrondissement de Hal-Vilvorde","Provincie Vlaams-Brabant","Province du Brabant flamand","Vlaams Gewest","Région flamande","<5"
"2020-04-16","23016","Dilbeek","Dilbeek","Arrondissement Halle-Vilvoorde","Arrondissement de Hal-Vilvorde","Provincie Vlaams-Brabant","Province du Brabant flamand","Vlaams Gewest","Région flamande","<5"
"2020-04-16","23024","Gooik","Gooik","Arrondissement Halle-Vilvoorde","Arrondissement de Hal-Vilvorde","Provincie Vlaams-Brabant","Province du Brabant flamand","Vlaams Gewest","Région flamande","<5"
"2020-04-16","23025","Grimbergen","Grimbergen","Arrondissement Halle-Vilvoorde","Arrondissement de Hal-Vilvorde","Provincie Vlaams-Brabant","Province du Brabant flamand","Vlaams Gewest","Région flamande","<5"
"2020-04-16","23027","Halle (Halle-Vilvoorde)","Hal (Hal-Vilvorde)","Arrondissement Halle-Vilvoorde","Arrondissement de Hal-Vilvorde","Provincie Vlaams-Brabant","Province du Brabant flamand","Vlaams Gewest","Région flamande","9"
"2020-04-16","23038","Kampenhout","Kampenhout","Arrondissement Halle-Vilvoorde","Arrondissement de Hal-Vilvorde","Provincie Vlaams-Brabant","Province du Brabant flamand","Vlaams Gewest","Région flamande","<5"
"2020-04-16","23039","Kapelle-op-den-Bos","Kapelle-op-den-Bos","Arrondissement Halle-Vilvoorde","Arrondissement de Hal-Vilvorde","Provincie Vlaams-Brabant","Province du Brabant flamand","Vlaams Gewest","Région flamande","<5"
"2020-04-16","23045","Londerzeel","Londerzeel","Arrondissement Halle-Vilvoorde","Arrondissement de Hal-Vilvorde","Provincie Vlaams-Brabant","Province du Brabant flamand","Vlaams Gewest","Région flamande","8"
"2020-04-16","23047","Machelen (Halle-Vilvoorde)","Machelen (Hal-Vilvorde)","Arrondissement Halle-Vilvoorde","Arrondissement de Hal-Vilvorde","Provincie Vlaams-Brabant","Province du Brabant flamand","Vlaams Gewest","Région flamande","<5"
"2020-04-16","23060","Opwijk","Opwijk","Arrondissement Halle-Vilvoorde","Arrondissement de Hal-Vilvorde","Provincie Vlaams-Brabant","Province du Brabant flamand","Vlaams Gewest","Région flamande","<5"
"2020-04-16","23062","Overijse","Overijse","Arrondissement Halle-Vilvoorde","Arrondissement de Hal-Vilvorde","Provincie Vlaams-Brabant","Province du Brabant flamand","Vlaams Gewest","Région flamande","10"
"2020-04-16","23064","Pepingen","Pepingen","Arrondissement Halle-Vilvoorde","Arrondissement de Hal-Vilvorde","Provincie Vlaams-Brabant","Province du Brabant flamand","Vlaams Gewest","Région flamande","<5"
"2020-04-16","23077","Sint-Pieters-Leeuw","Sint-Pieters-Leeuw","Arrondissement Halle-Vilvoorde","Arrondissement de Hal-Vilvorde","Provincie Vlaams-Brabant","Province du Brabant flamand","Vlaams Gewest","Région flamande","6"
"2020-04-16","23081","Steenokkerzeel","Steenokkerzeel","Arrondissement Halle-Vilvoorde","Arrondissement de Hal-Vilvorde","Provincie Vlaams-Brabant","Province du Brabant flamand","Vlaams Gewest","Région flamande","<5"
"2020-04-16","23088","Vilvoorde","Vilvorde","Arrondissement Halle-Vilvoorde","Arrondissement de Hal-Vilvorde","Provincie Vlaams-Brabant","Province du Brabant flamand","Vlaams Gewest","Région flamande","<5"
"2020-04-16","23094","Zaventem","Zaventem","Arrondissement Halle-Vilvoorde","Arrondissement de Hal-Vilvorde","Provincie Vlaams-Brabant","Province du Brabant flamand","Vlaams Gewest","Région flamande","<5"
"2020-04-16","23098","Drogenbos","Drogenbos","Arrondissement Halle-Vilvoorde","Arrondissement de Hal-Vilvorde","Provincie Vlaams-Brabant","Province du Brabant flamand","Vlaams Gewest","Région flamande","5"
"2020-04-16","23099","Kraainem","Kraainem","Arrondissement Halle-Vilvoorde","Arrondissement de Hal-Vilvorde","Provincie Vlaams-Brabant","Province du Brabant flamand","Vlaams Gewest","Région flamande","<5"
"2020-04-16","23103","Wezembeek-Oppem","Wezembeek-Oppem","Arrondissement Halle-Vilvoorde","Arrondissement de Hal-Vilvorde","Provincie Vlaams-Brabant","Province du Brabant flamand","Vlaams Gewest","Région flamande","<5"
"2020-04-16","23104","Lennik","Lennik","Arrondissement Halle-Vilvoorde","Arrondissement de Hal-Vilvorde","Provincie Vlaams-Brabant","Province du Brabant flamand","Vlaams Gewest","Région flamande","<5"
"2020-04-16","23105","Affligem","Affligem","Arrondissement Halle-Vilvoorde","Arrondissement de Hal-Vilvorde","Provincie Vlaams-Brabant","Province du Brabant flamand","Vlaams Gewest","Région flamande","<5"
"2020-04-16","24001","Aarschot","Aarschot","Arrondissement Leuven","Arrondissement de Louvain","Provincie Vlaams-Brabant","Province du Brabant flamand","Vlaams Gewest","Région flamande","6"
"2020-04-16","24007","Begijnendijk","Begijnendijk","Arrondissement Leuven","Arrondissement de Louvain","Provincie Vlaams-Brabant","Province du Brabant flamand","Vlaams Gewest","Région flamande","<5"
"2020-04-16","24009","Bertem","Bertem","Arrondissement Leuven","Arrondissement de Louvain","Provincie Vlaams-Brabant","Province du Brabant flamand","Vlaams Gewest","Région flamande","<5"
"2020-04-16","24016","Boutersem","Boutersem","Arrondissement Leuven","Arrondissement de Louvain","Provincie Vlaams-Brabant","Province du Brabant flamand","Vlaams Gewest","Région flamande","<5"
"2020-04-16","24020","Diest","Diest","Arrondissement Leuven","Arrondissement de Louvain","Provincie Vlaams-Brabant","Province du Brabant flamand","Vlaams Gewest","Région flamande","7"
"2020-04-16","24028","Geetbets","Geetbets","Arrondissement Leuven","Arrondissement de Louvain","Provincie Vlaams-Brabant","Province du Brabant flamand","Vlaams Gewest","Région flamande","<5"
"2020-04-16","24038","Herent","Herent","Arrondissement Leuven","Arrondissement de Louvain","Provincie Vlaams-Brabant","Province du Brabant flamand","Vlaams Gewest","Région flamande","<5"
"2020-04-16","24041","Hoegaarden","Hoegaarden","Arrondissement Leuven","Arrondissement de Louvain","Provincie Vlaams-Brabant","Province du Brabant flamand","Vlaams Gewest","Région flamande","<5"
"2020-04-16","24045","Huldenberg","Huldenberg","Arrondissement Leuven","Arrondissement de Louvain","Provincie Vlaams-Brabant","Province du Brabant flamand","Vlaams Gewest","Région flamande","<5"
"2020-04-16","24048","Keerbergen","Keerbergen","Arrondissement Leuven","Arrondissement de Louvain","Provincie Vlaams-Brabant","Province du Brabant flamand","Vlaams Gewest","Région flamande","<5"
"2020-04-16","24054","Kortenaken","Kortenaken","Arrondissement Leuven","Arrondissement de Louvain","Provincie Vlaams-Brabant","Province du Brabant flamand","Vlaams Gewest","Région flamande","<5"
"2020-04-16","24055","Kortenberg","Kortenberg","Arrondissement Leuven","Arrondissement de Louvain","Provincie Vlaams-Brabant","Province du Brabant flamand","Vlaams Gewest","Région flamande","<5"
"2020-04-16","24062","Leuven","Louvain","Arrondissement Leuven","Arrondissement de Louvain","Provincie Vlaams-Brabant","Province du Brabant flamand","Vlaams Gewest","Région flamande","13"
"2020-04-16","24104","Tervuren","Tervuren","Arrondissement Leuven","Arrondissement de Louvain","Provincie Vlaams-Brabant","Province du Brabant flamand","Vlaams Gewest","Région flamande","7"
"2020-04-16","24107","Tienen","Tirlemont","Arrondissement Leuven","Arrondissement de Louvain","Provincie Vlaams-Brabant","Province du Brabant flamand","Vlaams Gewest","Région flamande","<5"
"2020-04-16","24109","Tremelo","Tremelo","Arrondissement Leuven","Arrondissement de Louvain","Provincie Vlaams-Brabant","Province du Brabant flamand","Vlaams Gewest","Région flamande","<5"
"2020-04-16","24134","Scherpenheuvel-Zichem","Montaigu-Zichem","Arrondissement Leuven","Arrondissement de Louvain","Provincie Vlaams-Brabant","Province du Brabant flamand","Vlaams Gewest","Région flamande","<5"
"2020-04-16","24135","Tielt-Winge","Tielt-Winge","Arrondissement Leuven","Arrondissement de Louvain","Provincie Vlaams-Brabant","Province du Brabant flamand","Vlaams Gewest","Région flamande","<5"
"2020-04-16","25014","Eigenbrakel","Braine-l’Alleud","Arrondissement Nijvel","Arrondissement de Nivelles","Provincie Waals-Brabant","Province du Brabant wallon","Waals Gewest","Région wallonne","<5"
"2020-04-16","25015","Kasteelbrakel","Braine-le-Château","Arrondissement Nijvel","Arrondissement de Nivelles","Provincie Waals-Brabant","Province du Brabant wallon","Waals Gewest","Région wallonne","<5"
"2020-04-16","25031","Genepiën","Genappe","Arrondissement Nijvel","Arrondissement de Nivelles","Provincie Waals-Brabant","Province du Brabant wallon","Waals Gewest","Région wallonne","<5"
"2020-04-16","25044","Itter","Ittre","Arrondissement Nijvel","Arrondissement de Nivelles","Provincie Waals-Brabant","Province du Brabant wallon","Waals Gewest","Région wallonne","9"
"2020-04-16","25048","Geldenaken","Jodoigne","Arrondissement Nijvel","Arrondissement de Nivelles","Provincie Waals-Brabant","Province du Brabant wallon","Waals Gewest","Région wallonne","<5"
"2020-04-16","25072","Nijvel","Nivelles","Arrondissement Nijvel","Arrondissement de Nivelles","Provincie Waals-Brabant","Province du Brabant wallon","Waals Gewest","Région wallonne","<5"
"2020-04-16","25091","Rixensart","Rixensart","Arrondissement Nijvel","Arrondissement de Nivelles","Provincie Waals-Brabant","Province du Brabant wallon","Waals Gewest","Région wallonne","<5"
"2020-04-16","25105","Tubeke","Tubize","Arrondissement Nijvel","Arrondissement de Nivelles","Provincie Waals-Brabant","Province du Brabant wallon","Waals Gewest","Région wallonne","<5"
"2020-04-16","25110","Waterloo","Waterloo","Arrondissement Nijvel","Arrondissement de Nivelles","Provincie Waals-Brabant","Province du Brabant wallon","Waals Gewest","Région wallonne","<5"
"2020-04-16","25112","Waver","Wavre","Arrondissement Nijvel","Arrondissement de Nivelles","Provincie Waals-Brabant","Province du Brabant wallon","Waals Gewest","Région wallonne","15"
"2020-04-16","25123","Rebecq","Rebecq","Arrondissement Nijvel","Arrondissement de Nivelles","Provincie Waals-Brabant","Province du Brabant wallon","Waals Gewest","Région wallonne","<5"
"2020-04-16","31003","Beernem","Beernem","Arrondissement Brugge","Arrondissement de Bruges","Provincie West-Vlaanderen","Province de Flandre occidentale","Vlaams Gewest","Région flamande","<5"
"2020-04-16","31004","Blankenberge","Blankenberge","Arrondissement Brugge","Arrondissement de Bruges","Provincie West-Vlaanderen","Province de Flandre occidentale","Vlaams Gewest","Région flamande","<5"
"2020-04-16","31005","Brugge","Bruges","Arrondissement Brugge","Arrondissement de Bruges","Provincie West-Vlaanderen","Province de Flandre occidentale","Vlaams Gewest","Région flamande","20"
"2020-04-16","31006","Damme","Damme","Arrondissement Brugge","Arrondissement de Bruges","Provincie West-Vlaanderen","Province de Flandre occidentale","Vlaams Gewest","Région flamande","12"
"2020-04-16","31022","Oostkamp","Oostkamp","Arrondissement Brugge","Arrondissement de Bruges","Provincie West-Vlaanderen","Province de Flandre occidentale","Vlaams Gewest","Région flamande","<5"
"2020-04-16","31033","Torhout","Torhout","Arrondissement Brugge","Arrondissement de Bruges","Provincie West-Vlaanderen","Province de Flandre occidentale","Vlaams Gewest","Région flamande","<5"
"2020-04-16","31040","Zedelgem","Zedelgem","Arrondissement Brugge","Arrondissement de Bruges","Provincie West-Vlaanderen","Province de Flandre occidentale","Vlaams Gewest","Région flamande","<5"
"2020-04-16","32003","Diksmuide","Dixmude","Arrondissement Diksmuide","Arrondissement de Dixmude","Provincie West-Vlaanderen","Province de Flandre occidentale","Vlaams Gewest","Région flamande","<5"
"2020-04-16","32006","Houthulst","Houthulst","Arrondissement Diksmuide","Arrondissement de Dixmude","Provincie West-Vlaanderen","Province de Flandre occidentale","Vlaams Gewest","Région flamande","<5"
"2020-04-16","32010","Koekelare","Koekelare","Arrondissement Diksmuide","Arrondissement de Dixmude","Provincie West-Vlaanderen","Province de Flandre occidentale","Vlaams Gewest","Région flamande","<5"
"2020-04-16","33011","Ieper","Ypres","Arrondissement Ieper","Arrondissement d’Ypres","Provincie West-Vlaanderen","Province de Flandre occidentale","Vlaams Gewest","Région flamande","5"
"2020-04-16","33021","Poperinge","Poperinge","Arrondissement Ieper","Arrondissement d’Ypres","Provincie West-Vlaanderen","Province de Flandre occidentale","Vlaams Gewest","Région flamande","<5"
"2020-04-16","33037","Zonnebeke","Zonnebeke","Arrondissement Ieper","Arrondissement d’Ypres","Provincie West-Vlaanderen","Province de Flandre occidentale","Vlaams Gewest","Région flamande","<5"
"2020-04-16","33040","Langemark-Poelkapelle","Langemark-Poelkapelle","Arrondissement Ieper","Arrondissement d’Ypres","Provincie West-Vlaanderen","Province de Flandre occidentale","Vlaams Gewest","Région flamande","<5"
"2020-04-16","34002","Anzegem","Anzegem","Arrondissement Kortrijk","Arrondissement de Courtrai","Provincie West-Vlaanderen","Province de Flandre occidentale","Vlaams Gewest","Région flamande","<5"
"2020-04-16","34013","Harelbeke","Harelbeke","Arrondissement Kortrijk","Arrondissement de Courtrai","Provincie West-Vlaanderen","Province de Flandre occidentale","Vlaams Gewest","Région flamande","11"
"2020-04-16","34022","Kortrijk","Courtrai","Arrondissement Kortrijk","Arrondissement de Courtrai","Provincie West-Vlaanderen","Province de Flandre occidentale","Vlaams Gewest","Région flamande","37"
"2020-04-16","34023","Kuurne","Kuurne","Arrondissement Kortrijk","Arrondissement de Courtrai","Provincie West-Vlaanderen","Province de Flandre occidentale","Vlaams Gewest","Région flamande","<5"
"2020-04-16","34027","Menen","Menin","Arrondissement Kortrijk","Arrondissement de Courtrai","Provincie West-Vlaanderen","Province de Flandre occidentale","Vlaams Gewest","Région flamande","10"
"2020-04-16","34040","Waregem","Waregem","Arrondissement Kortrijk","Arrondissement de Courtrai","Provincie West-Vlaanderen","Province de Flandre occidentale","Vlaams Gewest","Région flamande","<5"
"2020-04-16","34041","Wevelgem","Wevelgem","Arrondissement Kortrijk","Arrondissement de Courtrai","Provincie West-Vlaanderen","Province de Flandre occidentale","Vlaams Gewest","Région flamande","8"
"2020-04-16","34042","Zwevegem","Zwevegem","Arrondissement Kortrijk","Arrondissement de Courtrai","Provincie West-Vlaanderen","Province de Flandre occidentale","Vlaams Gewest","Région flamande","<5"
"2020-04-16","35005","Gistel","Gistel","Arrondissement Oostende","Arrondissement d’Ostende","Provincie West-Vlaanderen","Province de Flandre occidentale","Vlaams Gewest","Région flamande","<5"
"2020-04-16","35006","Ichtegem","Ichtegem","Arrondissement Oostende","Arrondissement d’Ostende","Provincie West-Vlaanderen","Province de Flandre occidentale","Vlaams Gewest","Région flamande","<5"
"2020-04-16","35011","Middelkerke","Middelkerke","Arrondissement Oostende","Arrondissement d’Ostende","Provincie West-Vlaanderen","Province de Flandre occidentale","Vlaams Gewest","Région flamande","<5"
"2020-04-16","35013","Oostende","Ostende","Arrondissement Oostende","Arrondissement d’Ostende","Provincie West-Vlaanderen","Province de Flandre occidentale","Vlaams Gewest","Région flamande","21"
"2020-04-16","36006","Hooglede","Hooglede","Arrondissement Roeselare","Arrondissement de Roulers","Provincie West-Vlaanderen","Province de Flandre occidentale","Vlaams Gewest","Région flamande","<5"
"2020-04-16","36007","Ingelmunster","Ingelmunster","Arrondissement Roeselare","Arrondissement de Roulers","Provincie West-Vlaanderen","Province de Flandre occidentale","Vlaams Gewest","Région flamande","<5"
"2020-04-16","36008","Izegem","Izegem","Arrondissement Roeselare","Arrondissement de Roulers","Provincie West-Vlaanderen","Province de Flandre occidentale","Vlaams Gewest","Région flamande","<5"
"2020-04-16","36012","Moorslede","Moorslede","Arrondissement Roeselare","Arrondissement de Roulers","Provincie West-Vlaanderen","Province de Flandre occidentale","Vlaams Gewest","Région flamande","<5"
"2020-04-16","36015","Roeselare","Roulers","Arrondissement Roeselare","Arrondissement de Roulers","Provincie West-Vlaanderen","Province de Flandre occidentale","Vlaams Gewest","Région flamande","5"
"2020-04-16","37002","Dentergem","Dentergem","Arrondissement Tielt","Arrondissement de Tielt","Provincie West-Vlaanderen","Province de Flandre occidentale","Vlaams Gewest","Région flamande","<5"
"2020-04-16","37011","Pittem","Pittem","Arrondissement Tielt","Arrondissement de Tielt","Provincie West-Vlaanderen","Province de Flandre occidentale","Vlaams Gewest","Région flamande","<5"
"2020-04-16","37015","Tielt (Tielt)","Tielt (Tielt)","Arrondissement Tielt","Arrondissement de Tielt","Provincie West-Vlaanderen","Province de Flandre occidentale","Vlaams Gewest","Région flamande","<5"
"2020-04-16","37017","Wielsbeke","Wielsbeke","Arrondissement Tielt","Arrondissement de Tielt","Provincie West-Vlaanderen","Province de Flandre occidentale","Vlaams Gewest","Région flamande","<5"
"2020-04-16","37018","Wingene","Wingene","Arrondissement Tielt","Arrondissement de Tielt","Provincie West-Vlaanderen","Province de Flandre occidentale","Vlaams Gewest","Région flamande","<5"
"2020-04-16","38008","De Panne","La Panne","Arrondissement Veurne","Arrondissement de Furnes","Provincie West-Vlaanderen","Province de Flandre occidentale","Vlaams Gewest","Région flamande","<5"
"2020-04-16","38014","Koksijde","Koksijde","Arrondissement Veurne","Arrondissement de Furnes","Provincie West-Vlaanderen","Province de Flandre occidentale","Vlaams Gewest","Région flamande","<5"
"2020-04-16","38016","Nieuwpoort","Nieuport","Arrondissement Veurne","Arrondissement de Furnes","Provincie West-Vlaanderen","Province de Flandre occidentale","Vlaams Gewest","Région flamande","<5"
"2020-04-16","38025","Veurne","Furnes","Arrondissement Veurne","Arrondissement de Furnes","Provincie West-Vlaanderen","Province de Flandre occidentale","Vlaams Gewest","Région flamande","<5"
"2020-04-16","41002","Aalst (Aalst)","Alost (Alost)","Arrondissement Aalst","Arrondissement d’Alost","Provincie Oost-Vlaanderen","Province de Flandre orientale","Vlaams Gewest","Région flamande","39"
"2020-04-16","41011","Denderleeuw","Denderleeuw","Arrondissement Aalst","Arrondissement d’Alost","Provincie Oost-Vlaanderen","Province de Flandre orientale","Vlaams Gewest","Région flamande","7"
"2020-04-16","41018","Geraardsbergen","Grammont","Arrondissement Aalst","Arrondissement d’Alost","Provincie Oost-Vlaanderen","Province de Flandre orientale","Vlaams Gewest","Région flamande","<5"
"2020-04-16","41024","Haaltert","Haaltert","Arrondissement Aalst","Arrondissement d’Alost","Provincie Oost-Vlaanderen","Province de Flandre orientale","Vlaams Gewest","Région flamande","9"
"2020-04-16","41027","Herzele","Herzele","Arrondissement Aalst","Arrondissement d’Alost","Provincie Oost-Vlaanderen","Province de Flandre orientale","Vlaams Gewest","Région flamande","5"
"2020-04-16","41034","Lede","Lede","Arrondissement Aalst","Arrondissement d’Alost","Provincie Oost-Vlaanderen","Province de Flandre orientale","Vlaams Gewest","Région flamande","<5"
"2020-04-16","41048","Ninove","Ninove","Arrondissement Aalst","Arrondissement d’Alost","Provincie Oost-Vlaanderen","Province de Flandre orientale","Vlaams Gewest","Région flamande","5"
"2020-04-16","41063","Sint-Lievens-Houtem","Sint-Lievens-Houtem","Arrondissement Aalst","Arrondissement d’Alost","Provincie Oost-Vlaanderen","Province de Flandre orientale","Vlaams Gewest","Région flamande","<5"
"2020-04-16","41081","Zottegem","Zottegem","Arrondissement Aalst","Arrondissement d’Alost","Provincie Oost-Vlaanderen","Province de Flandre orientale","Vlaams Gewest","Région flamande","<5"
"2020-04-16","41082","Erpe-Mere","Erpe-Mere","Arrondissement Aalst","Arrondissement d’Alost","Provincie Oost-Vlaanderen","Province de Flandre orientale","Vlaams Gewest","Région flamande","15"
"2020-04-16","42003","Berlare","Berlare","Arrondissement Dendermonde","Arrondissement de Termonde","Provincie Oost-Vlaanderen","Province de Flandre orientale","Vlaams Gewest","Région flamande","<5"
"2020-04-16","42004","Buggenhout","Buggenhout","Arrondissement Dendermonde","Arrondissement de Termonde","Provincie Oost-Vlaanderen","Province de Flandre orientale","Vlaams Gewest","Région flamande","23"
"2020-04-16","42006","Dendermonde","Termonde","Arrondissement Dendermonde","Arrondissement de Termonde","Provincie Oost-Vlaanderen","Province de Flandre orientale","Vlaams Gewest","Région flamande","5"
"2020-04-16","42008","Hamme (Dendermonde)","Hamme (Termonde)","Arrondissement Dendermonde","Arrondissement de Termonde","Provincie Oost-Vlaanderen","Province de Flandre orientale","Vlaams Gewest","Région flamande","<5"
"2020-04-16","42010","Laarne","Laarne","Arrondissement Dendermonde","Arrondissement de Termonde","Provincie Oost-Vlaanderen","Province de Flandre orientale","Vlaams Gewest","Région flamande","<5"
"2020-04-16","42011","Lebbeke","Lebbeke","Arrondissement Dendermonde","Arrondissement de Termonde","Provincie Oost-Vlaanderen","Province de Flandre orientale","Vlaams Gewest","Région flamande","10"
"2020-04-16","42028","Zele","Zele","Arrondissement Dendermonde","Arrondissement de Termonde","Provincie Oost-Vlaanderen","Province de Flandre orientale","Vlaams Gewest","Région flamande","<5"
"2020-04-16","43002","Assenede","Assenede","Arrondissement Eeklo","Arrondissement d’Eeklo","Provincie Oost-Vlaanderen","Province de Flandre orientale","Vlaams Gewest","Région flamande","11"
"2020-04-16","43005","Eeklo","Eeklo","Arrondissement Eeklo","Arrondissement d’Eeklo","Provincie Oost-Vlaanderen","Province de Flandre orientale","Vlaams Gewest","Région flamande","<5"
"2020-04-16","43007","Kaprijke","Kaprijke","Arrondissement Eeklo","Arrondissement d’Eeklo","Provincie Oost-Vlaanderen","Province de Flandre orientale","Vlaams Gewest","Région flamande","<5"
"2020-04-16","43010","Maldegem","Maldegem","Arrondissement Eeklo","Arrondissement d’Eeklo","Provincie Oost-Vlaanderen","Province de Flandre orientale","Vlaams Gewest","Région flamande","7"
"2020-04-16","43018","Zelzate","Zelzate","Arrondissement Eeklo","Arrondissement d’Eeklo","Provincie Oost-Vlaanderen","Province de Flandre orientale","Vlaams Gewest","Région flamande","5"
"2020-04-16","44013","Destelbergen","Destelbergen","Arrondissement Gent","Arrondissement de Gand","Provincie Oost-Vlaanderen","Province de Flandre orientale","Vlaams Gewest","Région flamande","<5"
"2020-04-16","44019","Evergem","Evergem","Arrondissement Gent","Arrondissement de Gand","Provincie Oost-Vlaanderen","Province de Flandre orientale","Vlaams Gewest","Région flamande","<5"
"2020-04-16","44021","Gent","Gand","Arrondissement Gent","Arrondissement de Gand","Provincie Oost-Vlaanderen","Province de Flandre orientale","Vlaams Gewest","Région flamande","19"
"2020-04-16","44034","Lochristi","Lochristi","Arrondissement Gent","Arrondissement de Gand","Provincie Oost-Vlaanderen","Province de Flandre orientale","Vlaams Gewest","Région flamande","6"
"2020-04-16","44043","Merelbeke","Merelbeke","Arrondissement Gent","Arrondissement de Gand","Provincie Oost-Vlaanderen","Province de Flandre orientale","Vlaams Gewest","Région flamande","<5"
"2020-04-16","44064","Sint-Martens-Latem","Sint-Martens-Latem","Arrondissement Gent","Arrondissement de Gand","Provincie Oost-Vlaanderen","Province de Flandre orientale","Vlaams Gewest","Région flamande","<5"
"2020-04-16","44083","Deinze","Deinze","Arrondissement Gent","Arrondissement de Gand","Provincie Oost-Vlaanderen","Province de Flandre orientale","Vlaams Gewest","Région flamande","<5"
"2020-04-16","44084","Aalter","Aalter","Arrondissement Gent","Arrondissement de Gand","Provincie Oost-Vlaanderen","Province de Flandre orientale","Vlaams Gewest","Région flamande","<5"
"2020-04-16","44085","Lievegem","Lievegem","Arrondissement Gent","Arrondissement de Gand","Provincie Oost-Vlaanderen","Province de Flandre orientale","Vlaams Gewest","Région flamande","<5"
"2020-04-16","45035","Oudenaarde","Audenarde","Arrondissement Oudenaarde","Arrondissement d’Audenarde","Provincie Oost-Vlaanderen","Province de Flandre orientale","Vlaams Gewest","Région flamande","<5"
"2020-04-16","45041","Ronse","Renaix","Arrondissement Oudenaarde","Arrondissement d’Audenarde","Provincie Oost-Vlaanderen","Province de Flandre orientale","Vlaams Gewest","Région flamande","<5"
"2020-04-16","45059","Brakel","Brakel","Arrondissement Oudenaarde","Arrondissement d’Audenarde","Provincie Oost-Vlaanderen","Province de Flandre orientale","Vlaams Gewest","Région flamande","<5"
"2020-04-16","45060","Kluisbergen","Kluisbergen","Arrondissement Oudenaarde","Arrondissement d’Audenarde","Provincie Oost-Vlaanderen","Province de Flandre orientale","Vlaams Gewest","Région flamande","<5"
"2020-04-16","45061","Wortegem-Petegem","Wortegem-Petegem","Arrondissement Oudenaarde","Arrondissement d’Audenarde","Provincie Oost-Vlaanderen","Province de Flandre orientale","Vlaams Gewest","Région flamande","<5"
"2020-04-16","45064","Maarkedal","Maarkedal","Arrondissement Oudenaarde","Arrondissement d’Audenarde","Provincie Oost-Vlaanderen","Province de Flandre orientale","Vlaams Gewest","Région flamande","<5"
"2020-04-16","45068","Kruisem","Kruisem","Arrondissement Oudenaarde","Arrondissement d’Audenarde","Provincie Oost-Vlaanderen","Province de Flandre orientale","Vlaams Gewest","Région flamande","<5"
"2020-04-16","46003","Beveren (Sint-Niklaas)","Beveren (Saint-Nicolas)","Arrondissement Sint-Niklaas","Arrondissement de Saint-Nicolas","Provincie Oost-Vlaanderen","Province de Flandre orientale","Vlaams Gewest","Région flamande","<5"
"2020-04-16","46013","Kruibeke","Kruibeke","Arrondissement Sint-Niklaas","Arrondissement de Saint-Nicolas","Provincie Oost-Vlaanderen","Province de Flandre orientale","Vlaams Gewest","Région flamande","<5"
"2020-04-16","46014","Lokeren","Lokeren","Arrondissement Sint-Niklaas","Arrondissement de Saint-Nicolas","Provincie Oost-Vlaanderen","Province de Flandre orientale","Vlaams Gewest","Région flamande","25"
"2020-04-16","46021","Sint-Niklaas (Sint-Niklaas)","Saint-Nicolas (Saint-Nicolas)","Arrondissement Sint-Niklaas","Arrondissement de Saint-Nicolas","Provincie Oost-Vlaanderen","Province de Flandre orientale","Vlaams Gewest","Région flamande","<5"
"2020-04-16","46025","Temse","Tamise","Arrondissement Sint-Niklaas","Arrondissement de Saint-Nicolas","Provincie Oost-Vlaanderen","Province de Flandre orientale","Vlaams Gewest","Région flamande","<5"
"2020-04-16","51019","Vloesberg","Flobecq","Arrondissement Aat","Arrondissement d’Ath","Provincie Henegouwen","Province du Hainaut","Waals Gewest","Région wallonne","<5"
"2020-04-16","51065","Frasnes-lez-Anvaing","Frasnes-lez-Anvaing","Arrondissement Aat","Arrondissement d’Ath","Provincie Henegouwen","Province du Hainaut","Waals Gewest","Région wallonne","<5"
"2020-04-16","51067","Edingen","Enghien","Arrondissement Aat","Arrondissement d’Ath","Provincie Henegouwen","Province du Hainaut","Waals Gewest","Région wallonne","<5"
"2020-04-16","51069","Lessen","Lessines","Arrondissement Aat","Arrondissement d’Ath","Provincie Henegouwen","Province du Hainaut","Waals Gewest","Région wallonne","<5"
"2020-04-16","52010","Chapelle-lez-Herlaimont","Chapelle-lez-Herlaimont","Arrondissement Charleroi","Arrondissement de Charleroi","Provincie Henegouwen","Province du Hainaut","Waals Gewest","Région wallonne","<5"
"2020-04-16","52011","Charleroi","Charleroi","Arrondissement Charleroi","Arrondissement de Charleroi","Provincie Henegouwen","Province du Hainaut","Waals Gewest","Région wallonne","12"
"2020-04-16","52012","Châtelet","Châtelet","Arrondissement Charleroi","Arrondissement de Charleroi","Provincie Henegouwen","Province du Hainaut","Waals Gewest","Région wallonne","8"
"2020-04-16","52015","Courcelles","Courcelles","Arrondissement Charleroi","Arrondissement de Charleroi","Provincie Henegouwen","Province du Hainaut","Waals Gewest","Région wallonne","<5"
"2020-04-16","52018","Farciennes","Farciennes","Arrondissement Charleroi","Arrondissement de Charleroi","Provincie Henegouwen","Province du Hainaut","Waals Gewest","Région wallonne","<5"
"2020-04-16","52021","Fleurus","Fleurus","Arrondissement Charleroi","Arrondissement de Charleroi","Provincie Henegouwen","Province du Hainaut","Waals Gewest","Région wallonne","43"
"2020-04-16","52022","Fontaine-l’Evêque","Fontaine-l’Evêque","Arrondissement Charleroi","Arrondissement de Charleroi","Provincie Henegouwen","Province du Hainaut","Waals Gewest","Région wallonne","<5"
"2020-04-16","52025","Gerpinnes","Gerpinnes","Arrondissement Charleroi","Arrondissement de Charleroi","Provincie Henegouwen","Province du Hainaut","Waals Gewest","Région wallonne","<5"
"2020-04-16","52048","Montigny-le-Tilleul","Montigny-le-Tilleul","Arrondissement Charleroi","Arrondissement de Charleroi","Provincie Henegouwen","Province du Hainaut","Waals Gewest","Région wallonne","<5"
"2020-04-16","52074","Aiseau-Presles","Aiseau-Presles","Arrondissement Charleroi","Arrondissement de Charleroi","Provincie Henegouwen","Province du Hainaut","Waals Gewest","Région wallonne","<5"
"2020-04-16","52075","Les Bons Villers","Les Bons Villers","Arrondissement Charleroi","Arrondissement de Charleroi","Provincie Henegouwen","Province du Hainaut","Waals Gewest","Région wallonne","<5"
"2020-04-16","53014","Boussu","Boussu","Arrondissement Bergen","Arrondissement de Mons","Provincie Henegouwen","Province du Hainaut","Waals Gewest","Région wallonne","<5"
"2020-04-16","53020","Dour","Dour","Arrondissement Bergen","Arrondissement de Mons","Provincie Henegouwen","Province du Hainaut","Waals Gewest","Région wallonne","<5"
"2020-04-16","53028","Frameries","Frameries","Arrondissement Bergen","Arrondissement de Mons","Provincie Henegouwen","Province du Hainaut","Waals Gewest","Région wallonne","6"
"2020-04-16","53039","Hensies","Hensies","Arrondissement Bergen","Arrondissement de Mons","Provincie Henegouwen","Province du Hainaut","Waals Gewest","Région wallonne","<5"
"2020-04-16","53044","Jurbeke","Jurbise","Arrondissement Bergen","Arrondissement de Mons","Provincie Henegouwen","Province du Hainaut","Waals Gewest","Région wallonne","<5"
"2020-04-16","53053","Bergen","Mons","Arrondissement Bergen","Arrondissement de Mons","Provincie Henegouwen","Province du Hainaut","Waals Gewest","Région wallonne","20"
"2020-04-16","53065","Quaregnon","Quaregnon","Arrondissement Bergen","Arrondissement de Mons","Provincie Henegouwen","Province du Hainaut","Waals Gewest","Région wallonne","7"
"2020-04-16","53070","Saint-Ghislain","Saint-Ghislain","Arrondissement Bergen","Arrondissement de Mons","Provincie Henegouwen","Province du Hainaut","Waals Gewest","Région wallonne","11"
"2020-04-16","53082","Colfontaine","Colfontaine","Arrondissement Bergen","Arrondissement de Mons","Provincie Henegouwen","Province du Hainaut","Waals Gewest","Région wallonne","<5"
"2020-04-16","53083","Honnelles","Honnelles","Arrondissement Bergen","Arrondissement de Mons","Provincie Henegouwen","Province du Hainaut","Waals Gewest","Région wallonne","<5"
"2020-04-16","53084","Quévy","Quévy","Arrondissement Bergen","Arrondissement de Mons","Provincie Henegouwen","Province du Hainaut","Waals Gewest","Région wallonne","5"
"2020-04-16","55050","Ecaussinnes","Ecaussinnes","Arrondissement Zinnik","Arrondissement de Soignies","Provincie Henegouwen","Province du Hainaut","Waals Gewest","Région wallonne","<5"
"2020-04-16","56001","Anderlues","Anderlues","Arrondissement Thuin","Arrondissement de Thuin","Provincie Henegouwen","Province du Hainaut","Waals Gewest","Région wallonne","<5"
"2020-04-16","56022","Erquelinnes","Erquelinnes","Arrondissement Thuin","Arrondissement de Thuin","Provincie Henegouwen","Province du Hainaut","Waals Gewest","Région wallonne","<5"
"2020-04-16","56044","Lobbes","Lobbes","Arrondissement Thuin","Arrondissement de Thuin","Provincie Henegouwen","Province du Hainaut","Waals Gewest","Région wallonne","<5"
"2020-04-16","56088","Sivry-Rance","Sivry-Rance","Arrondissement Thuin","Arrondissement de Thuin","Provincie Henegouwen","Province du Hainaut","Waals Gewest","Région wallonne","<5"
"2020-04-16","57018","Celles (Doornik)","Celles (Tournai)","Arrondissement Doornik-Moeskroen","Arrondissement de Tournai-Mouscron","Provincie Henegouwen","Province du Hainaut","Waals Gewest","Région wallonne","<5"
"2020-04-16","57072","Rumes","Rumes","Arrondissement Doornik-Moeskroen","Arrondissement de Tournai-Mouscron","Provincie Henegouwen","Province du Hainaut","Waals Gewest","Région wallonne","<5"
"2020-04-16","57081","Doornik","Tournai","Arrondissement Doornik-Moeskroen","Arrondissement de Tournai-Mouscron","Provincie Henegouwen","Province du Hainaut","Waals Gewest","Région wallonne","<5"
"2020-04-16","57094","Leuze-en-Hainaut","Leuze-en-Hainaut","Arrondissement Doornik-Moeskroen","Arrondissement de Tournai-Mouscron","Provincie Henegouwen","Province du Hainaut","Waals Gewest","Région wallonne","<5"
"2020-04-16","57096","Moeskroen","Mouscron","Arrondissement Doornik-Moeskroen","Arrondissement de Tournai-Mouscron","Provincie Henegouwen","Province du Hainaut","Waals Gewest","Région wallonne","24"
"2020-04-16","57097","Komen-Waasten","Comines-Warneton","Arrondissement Doornik-Moeskroen","Arrondissement de Tournai-Mouscron","Provincie Henegouwen","Province du Hainaut","Waals Gewest","Région wallonne","<5"
"2020-04-16","58001","La Louvière","La Louvière","Arrondissement La Louvière","Arrondissement de La Louvière","Provincie Henegouwen","Province du Hainaut","Waals Gewest","Région wallonne","22"
"2020-04-16","58002","Binche","Binche","Arrondissement La Louvière","Arrondissement de La Louvière","Provincie Henegouwen","Province du Hainaut","Waals Gewest","Région wallonne","8"
"2020-04-16","58004","Morlanwelz","Morlanwelz","Arrondissement La Louvière","Arrondissement de La Louvière","Provincie Henegouwen","Province du Hainaut","Waals Gewest","Région wallonne","<5"
"2020-04-16","61003","Amay","Amay","Arrondissement Hoei","Arrondissement de Huy","Provincie Luik","Province de Liège","Waals Gewest","Région wallonne","<5"
"2020-04-16","61024","Hamoir","Hamoir","Arrondissement Hoei","Arrondissement de Huy","Provincie Luik","Province de Liège","Waals Gewest","Région wallonne","<5"
"2020-04-16","61028","Héron","Héron","Arrondissement Hoei","Arrondissement de Huy","Provincie Luik","Province de Liège","Waals Gewest","Région wallonne","<5"
"2020-04-16","61031","Hoei","Huy","Arrondissement Hoei","Arrondissement de Huy","Provincie Luik","Province de Liège","Waals Gewest","Région wallonne","<5"
"2020-04-16","61048","Ouffet","Ouffet","Arrondissement Hoei","Arrondissement de Huy","Provincie Luik","Province de Liège","Waals Gewest","Région wallonne","<5"
"2020-04-16","61072","Wanze","Wanze","Arrondissement Hoei","Arrondissement de Huy","Provincie Luik","Province de Liège","Waals Gewest","Région wallonne","<5"
"2020-04-16","61080","Engis","Engis","Arrondissement Hoei","Arrondissement de Huy","Provincie Luik","Province de Liège","Waals Gewest","Région wallonne","<5"
"2020-04-16","62003","Ans","Ans","Arrondissement Luik","Arrondissement de Liège","Provincie Luik","Province de Liège","Waals Gewest","Région wallonne","<5"
"2020-04-16","62006","Awans","Awans","Arrondissement Luik","Arrondissement de Liège","Provincie Luik","Province de Liège","Waals Gewest","Région wallonne","<5"
"2020-04-16","62009","Aywaille","Aywaille","Arrondissement Luik","Arrondissement de Liège","Provincie Luik","Province de Liège","Waals Gewest","Région wallonne","<5"
"2020-04-16","62011","Bitsingen","Bassenge","Arrondissement Luik","Arrondissement de Liège","Provincie Luik","Province de Liège","Waals Gewest","Région wallonne","<5"
"2020-04-16","62015","Beyne-Heusay","Beyne-Heusay","Arrondissement Luik","Arrondissement de Liège","Provincie Luik","Province de Liège","Waals Gewest","Région wallonne","<5"
"2020-04-16","62026","Comblain-au-Pont","Comblain-au-Pont","Arrondissement Luik","Arrondissement de Liège","Provincie Luik","Province de Liège","Waals Gewest","Région wallonne","<5"
"2020-04-16","62038","Fléron","Fléron","Arrondissement Luik","Arrondissement de Liège","Provincie Luik","Province de Liège","Waals Gewest","Région wallonne","<5"
"2020-04-16","62051","Herstal","Herstal","Arrondissement Luik","Arrondissement de Liège","Provincie Luik","Province de Liège","Waals Gewest","Région wallonne","<5"
"2020-04-16","62063","Luik","Liège","Arrondissement Luik","Arrondissement de Liège","Provincie Luik","Province de Liège","Waals Gewest","Région wallonne","25"
"2020-04-16","62093","Saint-Nicolas (Luik)","Saint-Nicolas (Liège)","Arrondissement Luik","Arrondissement de Liège","Provincie Luik","Province de Liège","Waals Gewest","Région wallonne","8"
"2020-04-16","62096","Seraing","Seraing","Arrondissement Luik","Arrondissement de Liège","Provincie Luik","Province de Liège","Waals Gewest","Région wallonne","16"
"2020-04-16","62099","Soumagne","Soumagne","Arrondissement Luik","Arrondissement de Liège","Provincie Luik","Province de Liège","Waals Gewest","Région wallonne","<5"
"2020-04-16","62100","Sprimont","Sprimont","Arrondissement Luik","Arrondissement de Liège","Provincie Luik","Province de Liège","Waals Gewest","Région wallonne","<5"
"2020-04-16","62108","Wezet","Visé","Arrondissement Luik","Arrondissement de Liège","Provincie Luik","Province de Liège","Waals Gewest","Région wallonne","<5"
"2020-04-16","62118","Grâce-Hollogne","Grâce-Hollogne","Arrondissement Luik","Arrondissement de Liège","Provincie Luik","Province de Liège","Waals Gewest","Région wallonne","<5"
"2020-04-16","62120","Flémalle","Flémalle","Arrondissement Luik","Arrondissement de Liège","Provincie Luik","Province de Liège","Waals Gewest","Région wallonne","6"
"2020-04-16","63003","Aubel","Aubel","Arrondissement Verviers","Arrondissement de Verviers","Provincie Luik","Province de Liège","Waals Gewest","Région wallonne","<5"
"2020-04-16","63004","Baelen","Baelen","Arrondissement Verviers","Arrondissement de Verviers","Provincie Luik","Province de Liège","Waals Gewest","Région wallonne","<5"
"2020-04-16","63020","Dison","Dison","Arrondissement Verviers","Arrondissement de Verviers","Provincie Luik","Province de Liège","Waals Gewest","Région wallonne","<5"
"2020-04-16","63023","Eupen","Eupen","Arrondissement Verviers","Arrondissement de Verviers","Provincie Luik","Province de Liège","Waals Gewest","Région wallonne","<5"
"2020-04-16","63035","Herve","Herve","Arrondissement Verviers","Arrondissement de Verviers","Provincie Luik","Province de Liège","Waals Gewest","Région wallonne","5"
"2020-04-16","63038","Jalhay","Jalhay","Arrondissement Verviers","Arrondissement de Verviers","Provincie Luik","Province de Liège","Waals Gewest","Région wallonne","<5"
"2020-04-16","63040","Kelmis","La Calamine","Arrondissement Verviers","Arrondissement de Verviers","Provincie Luik","Province de Liège","Waals Gewest","Région wallonne","<5"
"2020-04-16","63045","Lierneux","Lierneux","Arrondissement Verviers","Arrondissement de Verviers","Provincie Luik","Province de Liège","Waals Gewest","Région wallonne","<5"
"2020-04-16","63048","Lontzen","Lontzen","Arrondissement Verviers","Arrondissement de Verviers","Provincie Luik","Province de Liège","Waals Gewest","Région wallonne","<5"
"2020-04-16","63049","Malmedy","Malmedy","Arrondissement Verviers","Arrondissement de Verviers","Provincie Luik","Province de Liège","Waals Gewest","Région wallonne","6"
"2020-04-16","63072","Spa","Spa","Arrondissement Verviers","Arrondissement de Verviers","Provincie Luik","Province de Liège","Waals Gewest","Région wallonne","5"
"2020-04-16","63075","Stoumont","Stoumont","Arrondissement Verviers","Arrondissement de Verviers","Provincie Luik","Province de Liège","Waals Gewest","Région wallonne","<5"
"2020-04-16","63076","Theux","Theux","Arrondissement Verviers","Arrondissement de Verviers","Provincie Luik","Province de Liège","Waals Gewest","Région wallonne","<5"
"2020-04-16","63079","Verviers","Verviers","Arrondissement Verviers","Arrondissement de Verviers","Provincie Luik","Province de Liège","Waals Gewest","Région wallonne","5"
"2020-04-16","63084","Welkenraedt","Welkenraedt","Arrondissement Verviers","Arrondissement de Verviers","Provincie Luik","Province de Liège","Waals Gewest","Région wallonne","<5"
"2020-04-16","63088","Plombières","Plombières","Arrondissement Verviers","Arrondissement de Verviers","Provincie Luik","Province de Liège","Waals Gewest","Région wallonne","<5"
"2020-04-16","64023","Donceel","Donceel","Arrondissement Borgworm","Arrondissement de Waremme","Provincie Luik","Province de Liège","Waals Gewest","Région wallonne","<5"
"2020-04-16","64063","Remicourt","Remicourt","Arrondissement Borgworm","Arrondissement de Waremme","Provincie Luik","Province de Liège","Waals Gewest","Région wallonne","<5"
"2020-04-16","64074","Borgworm","Waremme","Arrondissement Borgworm","Arrondissement de Waremme","Provincie Luik","Province de Liège","Waals Gewest","Région wallonne","<5"
"2020-04-16","71002","As","As","Arrondissement Hasselt","Arrondissement de Hasselt","Provincie Limburg","Province du Limbourg","Vlaams Gewest","Région flamande","<5"
"2020-04-16","71004","Beringen","Beringen","Arrondissement Hasselt","Arrondissement de Hasselt","Provincie Limburg","Province du Limbourg","Vlaams Gewest","Région flamande","10"
"2020-04-16","71011","Diepenbeek","Diepenbeek","Arrondissement Hasselt","Arrondissement de Hasselt","Provincie Limburg","Province du Limbourg","Vlaams Gewest","Région flamande","5"
"2020-04-16","71016","Genk","Genk","Arrondissement Hasselt","Arrondissement de Hasselt","Provincie Limburg","Province du Limbourg","Vlaams Gewest","Région flamande","11"
"2020-04-16","71017","Gingelom","Gingelom","Arrondissement Hasselt","Arrondissement de Hasselt","Provincie Limburg","Province du Limbourg","Vlaams Gewest","Région flamande","<5"
"2020-04-16","71022","Hasselt","Hasselt","Arrondissement Hasselt","Arrondissement de Hasselt","Provincie Limburg","Province du Limbourg","Vlaams Gewest","Région flamande","12"
"2020-04-16","71024","Herk-de-Stad","Herck-la-Ville","Arrondissement Hasselt","Arrondissement de Hasselt","Provincie Limburg","Province du Limbourg","Vlaams Gewest","Région flamande","<5"
"2020-04-16","71037","Lummen","Lummen","Arrondissement Hasselt","Arrondissement de Hasselt","Provincie Limburg","Province du Limbourg","Vlaams Gewest","Région flamande","<5"
"2020-04-16","71045","Nieuwerkerken (Hasselt)","Nieuwerkerken (Hasselt)","Arrondissement Hasselt","Arrondissement de Hasselt","Provincie Limburg","Province du Limbourg","Vlaams Gewest","Région flamande","<5"
"2020-04-16","71053","Sint-Truiden","Saint-Trond","Arrondissement Hasselt","Arrondissement de Hasselt","Provincie Limburg","Province du Limbourg","Vlaams Gewest","Région flamande","8"
"2020-04-16","71066","Zonhoven","Zonhoven","Arrondissement Hasselt","Arrondissement de Hasselt","Provincie Limburg","Province du Limbourg","Vlaams Gewest","Région flamande","<5"
"2020-04-16","71069","Ham","Ham","Arrondissement Hasselt","Arrondissement de Hasselt","Provincie Limburg","Province du Limbourg","Vlaams Gewest","Région flamande","<5"
"2020-04-16","71070","Heusden-Zolder","Heusden-Zolder","Arrondissement Hasselt","Arrondissement de Hasselt","Provincie Limburg","Province du Limbourg","Vlaams Gewest","Région flamande","7"
"2020-04-16","72003","Bocholt","Bocholt","Arrondissement Maaseik","Arrondissement de Maaseik","Provincie Limburg","Province du Limbourg","Vlaams Gewest","Région flamande","<5"
"2020-04-16","72004","Bree","Bree","Arrondissement Maaseik","Arrondissement de Maaseik","Provincie Limburg","Province du Limbourg","Vlaams Gewest","Région flamande","15"
"2020-04-16","72018","Kinrooi","Kinrooi","Arrondissement Maaseik","Arrondissement de Maaseik","Provincie Limburg","Province du Limbourg","Vlaams Gewest","Région flamande","<5"
"2020-04-16","72021","Maaseik","Maaseik","Arrondissement Maaseik","Arrondissement de Maaseik","Provincie Limburg","Province du Limbourg","Vlaams Gewest","Région flamande","<5"
"2020-04-16","72030","Peer","Peer","Arrondissement Maaseik","Arrondissement de Maaseik","Provincie Limburg","Province du Limbourg","Vlaams Gewest","Région flamande","5"
"2020-04-16","72039","Houthalen-Helchteren","Houthalen-Helchteren","Arrondissement Maaseik","Arrondissement de Maaseik","Provincie Limburg","Province du Limbourg","Vlaams Gewest","Région flamande","<5"
"2020-04-16","72041","Dilsen-Stokkem","Dilsen-Stokkem","Arrondissement Maaseik","Arrondissement de Maaseik","Provincie Limburg","Province du Limbourg","Vlaams Gewest","Région flamande","<5"
"2020-04-16","72042","Oudsbergen","Oudsbergen","Arrondissement Maaseik","Arrondissement de Maaseik","Provincie Limburg","Province du Limbourg","Vlaams Gewest","Région flamande","5"
"2020-04-16","72043","Pelt","Pelt","Arrondissement Maaseik","Arrondissement de Maaseik","Provincie Limburg","Province du Limbourg","Vlaams Gewest","Région flamande","<5"
"2020-04-16","73001","Alken","Alken","Arrondissement Tongeren","Arrondissement de Tongres","Provincie Limburg","Province du Limbourg","Vlaams Gewest","Région flamande","<5"
"2020-04-16","73006","Bilzen","Bilzen","Arrondissement Tongeren","Arrondissement de Tongres","Provincie Limburg","Province du Limbourg","Vlaams Gewest","Région flamande","<5"
"2020-04-16","73009","Borgloon","Looz","Arrondissement Tongeren","Arrondissement de Tongres","Provincie Limburg","Province du Limbourg","Vlaams Gewest","Région flamande","<5"
"2020-04-16","73022","Heers","Heers","Arrondissement Tongeren","Arrondissement de Tongres","Provincie Limburg","Province du Limbourg","Vlaams Gewest","Région flamande","<5"
"2020-04-16","73032","Hoeselt","Hoeselt","Arrondissement Tongeren","Arrondissement de Tongres","Provincie Limburg","Province du Limbourg","Vlaams Gewest","Région flamande","<5"
"2020-04-16","73040","Kortessem","Kortessem","Arrondissement Tongeren","Arrondissement de Tongres","Provincie Limburg","Province du Limbourg","Vlaams Gewest","Région flamande","<5"
"2020-04-16","73042","Lanaken","Lanaken","Arrondissement Tongeren","Arrondissement de Tongres","Provincie Limburg","Province du Limbourg","Vlaams Gewest","Région flamande","6"
"2020-04-16","73066","Riemst","Riemst","Arrondissement Tongeren","Arrondissement de Tongres","Provincie Limburg","Province du Limbourg","Vlaams Gewest","Région flamande","<5"
"2020-04-16","73098","Wellen","Wellen","Arrondissement Tongeren","Arrondissement de Tongres","Provincie Limburg","Province du Limbourg","Vlaams Gewest","Région flamande","<5"
"2020-04-16","73107","Maasmechelen","Maasmechelen","Arrondissement Tongeren","Arrondissement de Tongres","Provincie Limburg","Province du Limbourg","Vlaams Gewest","Région flamande","<5"
"2020-04-16","81001","Aarlen","Arlon","Arrondissement Aarlen","Arrondissement d’Arlon","Provincie Luxemburg","Province du Luxembourg","Waals Gewest","Région wallonne","<5"
"2020-04-16","81004","Aubange","Aubange","Arrondissement Aarlen","Arrondissement d’Arlon","Provincie Luxemburg","Province du Luxembourg","Waals Gewest","Région wallonne","<5"
"2020-04-16","81015","Messancy","Messancy","Arrondissement Aarlen","Arrondissement d’Arlon","Provincie Luxemburg","Province du Luxembourg","Waals Gewest","Région wallonne","17"
"2020-04-16","82032","Vielsalm","Vielsalm","Arrondissement Bastenaken","Arrondissement de Bastogne","Provincie Luxemburg","Province du Luxembourg","Waals Gewest","Région wallonne","<5"
"2020-04-16","82036","Vaux-sur-Sûre","Vaux-sur-Sûre","Arrondissement Bastenaken","Arrondissement de Bastogne","Provincie Luxemburg","Province du Luxembourg","Waals Gewest","Région wallonne","<5"
"2020-04-16","82037","Gouvy","Gouvy","Arrondissement Bastenaken","Arrondissement de Bastogne","Provincie Luxemburg","Province du Luxembourg","Waals Gewest","Région wallonne","<5"
"2020-04-16","83012","Durbuy","Durbuy","Arrondissement Marche-en-Famenne","Arrondissement de Marche-en-Famenne","Provincie Luxemburg","Province du Luxembourg","Waals Gewest","Région wallonne","<5"
"2020-04-16","83013","Erezée","Erezée","Arrondissement Marche-en-Famenne","Arrondissement de Marche-en-Famenne","Provincie Luxemburg","Province du Luxembourg","Waals Gewest","Région wallonne","<5"
"2020-04-16","83028","Hotton","Hotton","Arrondissement Marche-en-Famenne","Arrondissement de Marche-en-Famenne","Provincie Luxemburg","Province du Luxembourg","Waals Gewest","Région wallonne","<5"
"2020-04-16","83034","Marche-en-Famenne","Marche-en-Famenne","Arrondissement Marche-en-Famenne","Arrondissement de Marche-en-Famenne","Provincie Luxemburg","Province du Luxembourg","Waals Gewest","Région wallonne","<5"
"2020-04-16","83040","Nassogne","Nassogne","Arrondissement Marche-en-Famenne","Arrondissement de Marche-en-Famenne","Provincie Luxemburg","Province du Luxembourg","Waals Gewest","Région wallonne","<5"
"2020-04-16","84009","Bertrix","Bertrix","Arrondissement Neufchâteau","Arrondissement de Neufchâteau","Provincie Luxemburg","Province du Luxembourg","Waals Gewest","Région wallonne","<5"
"2020-04-16","84010","Bouillon","Bouillon","Arrondissement Neufchâteau","Arrondissement de Neufchâteau","Provincie Luxemburg","Province du Luxembourg","Waals Gewest","Région wallonne","41"
"2020-04-16","84029","Herbeumont","Herbeumont","Arrondissement Neufchâteau","Arrondissement de Neufchâteau","Provincie Luxemburg","Province du Luxembourg","Waals Gewest","Région wallonne","<5"
"2020-04-16","84035","Libin","Libin","Arrondissement Neufchâteau","Arrondissement de Neufchâteau","Provincie Luxemburg","Province du Luxembourg","Waals Gewest","Région wallonne","<5"
"2020-04-16","84043","Neufchâteau (Neufchâteau)","Neufchâteau (Neufchâteau)","Arrondissement Neufchâteau","Arrondissement de Neufchâteau","Provincie Luxemburg","Province du Luxembourg","Waals Gewest","Région wallonne","<5"
"2020-04-16","84050","Paliseul","Paliseul","Arrondissement Neufchâteau","Arrondissement de Neufchâteau","Provincie Luxemburg","Province du Luxembourg","Waals Gewest","Région wallonne","<5"
"2020-04-16","84075","Wellin","Wellin","Arrondissement Neufchâteau","Arrondissement de Neufchâteau","Provincie Luxemburg","Province du Luxembourg","Waals Gewest","Région wallonne","<5"
"2020-04-16","84077","Libramont-Chevigny","Libramont-Chevigny","Arrondissement Neufchâteau","Arrondissement de Neufchâteau","Provincie Luxemburg","Province du Luxembourg","Waals Gewest","Région wallonne","<5"
"2020-04-16","85009","Etalle","Etalle","Arrondissement Virton","Arrondissement de Virton","Provincie Luxemburg","Province du Luxembourg","Waals Gewest","Région wallonne","<5"
"2020-04-16","85011","Florenville","Florenville","Arrondissement Virton","Arrondissement de Virton","Provincie Luxemburg","Province du Luxembourg","Waals Gewest","Région wallonne","<5"
"2020-04-16","85026","Musson","Musson","Arrondissement Virton","Arrondissement de Virton","Provincie Luxemburg","Province du Luxembourg","Waals Gewest","Région wallonne","<5"
"2020-04-16","85034","Saint-Léger (Virton)","Saint-Léger (Virton)","Arrondissement Virton","Arrondissement de Virton","Provincie Luxemburg","Province du Luxembourg","Waals Gewest","Région wallonne","<5"
"2020-04-16","85039","Tintigny","Tintigny","Arrondissement Virton","Arrondissement de Virton","Provincie Luxemburg","Province du Luxembourg","Waals Gewest","Région wallonne","<5"
"2020-04-16","85045","Virton","Virton","Arrondissement Virton","Arrondissement de Virton","Provincie Luxemburg","Province du Luxembourg","Waals Gewest","Région wallonne","<5"
"2020-04-16","85047","Rouvroy","Rouvroy","Arrondissement Virton","Arrondissement de Virton","Provincie Luxemburg","Province du Luxembourg","Waals Gewest","Région wallonne","<5"
"2020-04-16","91030","Ciney","Ciney","Arrondissement Dinant","Arrondissement de Dinant","Provincie Namen","Province de Namur","Waals Gewest","Région wallonne","<5"
"2020-04-16","91034","Dinant","Dinant","Arrondissement Dinant","Arrondissement de Dinant","Provincie Namen","Province de Namur","Waals Gewest","Région wallonne","<5"
"2020-04-16","91059","Hamois","Hamois","Arrondissement Dinant","Arrondissement de Dinant","Provincie Namen","Province de Namur","Waals Gewest","Région wallonne","<5"
"2020-04-16","91103","Onhaye","Onhaye","Arrondissement Dinant","Arrondissement de Dinant","Provincie Namen","Province de Namur","Waals Gewest","Région wallonne","<5"
"2020-04-16","91141","Yvoir","Yvoir","Arrondissement Dinant","Arrondissement de Dinant","Provincie Namen","Province de Namur","Waals Gewest","Région wallonne","<5"
"2020-04-16","92003","Andenne","Andenne","Arrondissement Namen","Arrondissement de Namur","Provincie Namen","Province de Namur","Waals Gewest","Région wallonne","<5"
"2020-04-16","92035","Eghezée","Eghezée","Arrondissement Namen","Arrondissement de Namur","Provincie Namen","Province de Namur","Waals Gewest","Région wallonne","<5"
"2020-04-16","92045","Floreffe","Floreffe","Arrondissement Namen","Arrondissement de Namur","Provincie Namen","Province de Namur","Waals Gewest","Région wallonne","<5"
"2020-04-16","92048","Fosses-la-Ville","Fosses-la-Ville","Arrondissement Namen","Arrondissement de Namur","Provincie Namen","Province de Namur","Waals Gewest","Région wallonne","<5"
"2020-04-16","92054","Gesves","Gesves","Arrondissement Namen","Arrondissement de Namur","Provincie Namen","Province de Namur","Waals Gewest","Région wallonne","<5"
"2020-04-16","92087","Mettet","Mettet","Arrondissement Namen","Arrondissement de Namur","Provincie Namen","Province de Namur","Waals Gewest","Région wallonne","<5"
"2020-04-16","92094","Namen","Namur","Arrondissement Namen","Arrondissement de Namur","Provincie Namen","Province de Namur","Waals Gewest","Région wallonne","14"
"2020-04-16","92101","Profondeville","Profondeville","Arrondissement Namen","Arrondissement de Namur","Provincie Namen","Province de Namur","Waals Gewest","Région wallonne","11"
"2020-04-16","92114","Sombreffe","Sombreffe","Arrondissement Namen","Arrondissement de Namur","Provincie Namen","Province de Namur","Waals Gewest","Région wallonne","5"
"2020-04-16","92137","Sambreville","Sambreville","Arrondissement Namen","Arrondissement de Namur","Provincie Namen","Province de Namur","Waals Gewest","Région wallonne","<5"
"2020-04-16","92142","Gembloux","Gembloux","Arrondissement Namen","Arrondissement de Namur","Provincie Namen","Province de Namur","Waals Gewest","Région wallonne","<5"
"2020-04-16","93014","Couvin","Couvin","Arrondissement Philippeville","Arrondissement de Philippeville","Provincie Namen","Province de Namur","Waals Gewest","Région wallonne","<5"
"2020-04-16","93022","Florennes","Florennes","Arrondissement Philippeville","Arrondissement de Philippeville","Provincie Namen","Province de Namur","Waals Gewest","Région wallonne","<5"
"2020-04-16","93088","Walcourt","Walcourt","Arrondissement Philippeville","Arrondissement de Philippeville","Provincie Namen","Province de Namur","Waals Gewest","Région wallonne","<5"
"2020-04-16","93090","Viroinval","Viroinval","Arrondissement Philippeville","Arrondissement de Philippeville","Provincie Namen","Province de Namur","Waals Gewest","Région wallonne","<5"
"2020-04-16",NA,NA,NA,NA,NA,NA,NA,NA,NA,"34"
"2020-04-17","11001","Aartselaar","Aartselaar","Arrondissement Antwerpen","Arrondissement d’Anvers","Provincie Antwerpen","Province d’Anvers","Vlaams Gewest","Région flamande","<5"
"2020-04-17","11002","Antwerpen","Anvers","Arrondissement Antwerpen","Arrondissement d’Anvers","Provincie Antwerpen","Province d’Anvers","Vlaams Gewest","Région flamande","27"
"2020-04-17","11008","Brasschaat","Brasschaat","Arrondissement Antwerpen","Arrondissement d’Anvers","Provincie Antwerpen","Province d’Anvers","Vlaams Gewest","Région flamande","6"
"2020-04-17","11009","Brecht","Brecht","Arrondissement Antwerpen","Arrondissement d’Anvers","Provincie Antwerpen","Province d’Anvers","Vlaams Gewest","Région flamande","<5"
"2020-04-17","11016","Essen","Essen","Arrondissement Antwerpen","Arrondissement d’Anvers","Provincie Antwerpen","Province d’Anvers","Vlaams Gewest","Région flamande","<5"
"2020-04-17","11018","Hemiksem","Hemiksem","Arrondissement Antwerpen","Arrondissement d’Anvers","Provincie Antwerpen","Province d’Anvers","Vlaams Gewest","Région flamande","<5"
"2020-04-17","11022","Kalmthout","Kalmthout","Arrondissement Antwerpen","Arrondissement d’Anvers","Provincie Antwerpen","Province d’Anvers","Vlaams Gewest","Région flamande","<5"
"2020-04-17","11023","Kapellen (Antwerpen)","Kapellen (Anvers)","Arrondissement Antwerpen","Arrondissement d’Anvers","Provincie Antwerpen","Province d’Anvers","Vlaams Gewest","Région flamande","<5"
"2020-04-17","11025","Lint","Lint","Arrondissement Antwerpen","Arrondissement d’Anvers","Provincie Antwerpen","Province d’Anvers","Vlaams Gewest","Région flamande","<5"
"2020-04-17","11029","Mortsel","Mortsel","Arrondissement Antwerpen","Arrondissement d’Anvers","Provincie Antwerpen","Province d’Anvers","Vlaams Gewest","Région flamande","<5"
"2020-04-17","11030","Niel","Niel","Arrondissement Antwerpen","Arrondissement d’Anvers","Provincie Antwerpen","Province d’Anvers","Vlaams Gewest","Région flamande","<5"
"2020-04-17","11037","Rumst","Rumst","Arrondissement Antwerpen","Arrondissement d’Anvers","Provincie Antwerpen","Province d’Anvers","Vlaams Gewest","Région flamande","<5"
"2020-04-17","11044","Stabroek","Stabroek","Arrondissement Antwerpen","Arrondissement d’Anvers","Provincie Antwerpen","Province d’Anvers","Vlaams Gewest","Région flamande","<5"
"2020-04-17","11052","Wommelgem","Wommelgem","Arrondissement Antwerpen","Arrondissement d’Anvers","Provincie Antwerpen","Province d’Anvers","Vlaams Gewest","Région flamande","<5"
"2020-04-17","11054","Zandhoven","Zandhoven","Arrondissement Antwerpen","Arrondissement d’Anvers","Provincie Antwerpen","Province d’Anvers","Vlaams Gewest","Région flamande","<5"
"2020-04-17","11056","Zwijndrecht","Zwijndrecht","Arrondissement Antwerpen","Arrondissement d’Anvers","Provincie Antwerpen","Province d’Anvers","Vlaams Gewest","Région flamande","<5"
"2020-04-17","11057","Malle","Malle","Arrondissement Antwerpen","Arrondissement d’Anvers","Provincie Antwerpen","Province d’Anvers","Vlaams Gewest","Région flamande","<5"
"2020-04-17","12007","Bornem","Bornem","Arrondissement Mechelen","Arrondissement de Malines","Provincie Antwerpen","Province d’Anvers","Vlaams Gewest","Région flamande","5"
"2020-04-17","12014","Heist-op-den-Berg","Heist-op-den-Berg","Arrondissement Mechelen","Arrondissement de Malines","Provincie Antwerpen","Province d’Anvers","Vlaams Gewest","Région flamande","<5"
"2020-04-17","12021","Lier","Lierre","Arrondissement Mechelen","Arrondissement de Malines","Provincie Antwerpen","Province d’Anvers","Vlaams Gewest","Région flamande","<5"
"2020-04-17","12025","Mechelen","Malines","Arrondissement Mechelen","Arrondissement de Malines","Provincie Antwerpen","Province d’Anvers","Vlaams Gewest","Région flamande","5"
"2020-04-17","12029","Putte","Putte","Arrondissement Mechelen","Arrondissement de Malines","Provincie Antwerpen","Province d’Anvers","Vlaams Gewest","Région flamande","<5"
"2020-04-17","12035","Sint-Katelijne-Waver","Sint-Katelijne-Waver","Arrondissement Mechelen","Arrondissement de Malines","Provincie Antwerpen","Province d’Anvers","Vlaams Gewest","Région flamande","<5"
"2020-04-17","12040","Willebroek","Willebroek","Arrondissement Mechelen","Arrondissement de Malines","Provincie Antwerpen","Province d’Anvers","Vlaams Gewest","Région flamande","5"
"2020-04-17","12041","Puurs-Sint-Amands","Puurs-Sint-Amands","Arrondissement Mechelen","Arrondissement de Malines","Provincie Antwerpen","Province d’Anvers","Vlaams Gewest","Région flamande","5"
"2020-04-17","13003","Balen","Balen","Arrondissement Turnhout","Arrondissement de Turnhout","Provincie Antwerpen","Province d’Anvers","Vlaams Gewest","Région flamande","<5"
"2020-04-17","13004","Beerse","Beerse","Arrondissement Turnhout","Arrondissement de Turnhout","Provincie Antwerpen","Province d’Anvers","Vlaams Gewest","Région flamande","<5"
"2020-04-17","13008","Geel","Geel","Arrondissement Turnhout","Arrondissement de Turnhout","Provincie Antwerpen","Province d’Anvers","Vlaams Gewest","Région flamande","<5"
"2020-04-17","13011","Herentals","Herentals","Arrondissement Turnhout","Arrondissement de Turnhout","Provincie Antwerpen","Province d’Anvers","Vlaams Gewest","Région flamande","<5"
"2020-04-17","13013","Herselt","Herselt","Arrondissement Turnhout","Arrondissement de Turnhout","Provincie Antwerpen","Province d’Anvers","Vlaams Gewest","Région flamande","<5"
"2020-04-17","13014","Hoogstraten","Hoogstraten","Arrondissement Turnhout","Arrondissement de Turnhout","Provincie Antwerpen","Province d’Anvers","Vlaams Gewest","Région flamande","<5"
"2020-04-17","13017","Kasterlee","Kasterlee","Arrondissement Turnhout","Arrondissement de Turnhout","Provincie Antwerpen","Province d’Anvers","Vlaams Gewest","Région flamande","<5"
"2020-04-17","13019","Lille","Lille","Arrondissement Turnhout","Arrondissement de Turnhout","Provincie Antwerpen","Province d’Anvers","Vlaams Gewest","Région flamande","<5"
"2020-04-17","13025","Mol","Mol","Arrondissement Turnhout","Arrondissement de Turnhout","Provincie Antwerpen","Province d’Anvers","Vlaams Gewest","Région flamande","<5"
"2020-04-17","13029","Olen","Olen","Arrondissement Turnhout","Arrondissement de Turnhout","Provincie Antwerpen","Province d’Anvers","Vlaams Gewest","Région flamande","<5"
"2020-04-17","13031","Oud-Turnhout","Oud-Turnhout","Arrondissement Turnhout","Arrondissement de Turnhout","Provincie Antwerpen","Province d’Anvers","Vlaams Gewest","Région flamande","<5"
"2020-04-17","13040","Turnhout","Turnhout","Arrondissement Turnhout","Arrondissement de Turnhout","Provincie Antwerpen","Province d’Anvers","Vlaams Gewest","Région flamande","<5"
"2020-04-17","13044","Vorselaar","Vorselaar","Arrondissement Turnhout","Arrondissement de Turnhout","Provincie Antwerpen","Province d’Anvers","Vlaams Gewest","Région flamande","<5"
"2020-04-17","13049","Westerlo","Westerlo","Arrondissement Turnhout","Arrondissement de Turnhout","Provincie Antwerpen","Province d’Anvers","Vlaams Gewest","Région flamande","<5"
"2020-04-17","13053","Laakdal","Laakdal","Arrondissement Turnhout","Arrondissement de Turnhout","Provincie Antwerpen","Province d’Anvers","Vlaams Gewest","Région flamande","<5"
"2020-04-17","21001","Anderlecht","Anderlecht","Arrondissement Brussel-Hoofdstad","Arrondissement de Bruxelles-Capitale",NA,NA,"Brussels Hoofdstedelijk Gewest","Région de Bruxelles-Capitale","57"
"2020-04-17","21002","Oudergem","Auderghem","Arrondissement Brussel-Hoofdstad","Arrondissement de Bruxelles-Capitale",NA,NA,"Brussels Hoofdstedelijk Gewest","Région de Bruxelles-Capitale","<5"
"2020-04-17","21003","Sint-Agatha-Berchem","Berchem-Sainte-Agathe","Arrondissement Brussel-Hoofdstad","Arrondissement de Bruxelles-Capitale",NA,NA,"Brussels Hoofdstedelijk Gewest","Région de Bruxelles-Capitale","<5"
"2020-04-17","21004","Brussel","Bruxelles","Arrondissement Brussel-Hoofdstad","Arrondissement de Bruxelles-Capitale",NA,NA,"Brussels Hoofdstedelijk Gewest","Région de Bruxelles-Capitale","17"
"2020-04-17","21005","Etterbeek","Etterbeek","Arrondissement Brussel-Hoofdstad","Arrondissement de Bruxelles-Capitale",NA,NA,"Brussels Hoofdstedelijk Gewest","Région de Bruxelles-Capitale","<5"
"2020-04-17","21006","Evere","Evere","Arrondissement Brussel-Hoofdstad","Arrondissement de Bruxelles-Capitale",NA,NA,"Brussels Hoofdstedelijk Gewest","Région de Bruxelles-Capitale","18"
"2020-04-17","21007","Vorst (Brussel-Hoofdstad)","Forest (Bruxelles-Capitale)","Arrondissement Brussel-Hoofdstad","Arrondissement de Bruxelles-Capitale",NA,NA,"Brussels Hoofdstedelijk Gewest","Région de Bruxelles-Capitale","10"
"2020-04-17","21008","Ganshoren","Ganshoren","Arrondissement Brussel-Hoofdstad","Arrondissement de Bruxelles-Capitale",NA,NA,"Brussels Hoofdstedelijk Gewest","Région de Bruxelles-Capitale","5"
"2020-04-17","21009","Elsene","Ixelles","Arrondissement Brussel-Hoofdstad","Arrondissement de Bruxelles-Capitale",NA,NA,"Brussels Hoofdstedelijk Gewest","Région de Bruxelles-Capitale","<5"
"2020-04-17","21010","Jette","Jette","Arrondissement Brussel-Hoofdstad","Arrondissement de Bruxelles-Capitale",NA,NA,"Brussels Hoofdstedelijk Gewest","Région de Bruxelles-Capitale","8"
"2020-04-17","21011","Koekelberg","Koekelberg","Arrondissement Brussel-Hoofdstad","Arrondissement de Bruxelles-Capitale",NA,NA,"Brussels Hoofdstedelijk Gewest","Région de Bruxelles-Capitale","<5"
"2020-04-17","21012","Sint-Jans-Molenbeek","Molenbeek-Saint-Jean","Arrondissement Brussel-Hoofdstad","Arrondissement de Bruxelles-Capitale",NA,NA,"Brussels Hoofdstedelijk Gewest","Région de Bruxelles-Capitale","6"
"2020-04-17","21013","Sint-Gillis","Saint-Gilles","Arrondissement Brussel-Hoofdstad","Arrondissement de Bruxelles-Capitale",NA,NA,"Brussels Hoofdstedelijk Gewest","Région de Bruxelles-Capitale","<5"
"2020-04-17","21015","Schaarbeek","Schaerbeek","Arrondissement Brussel-Hoofdstad","Arrondissement de Bruxelles-Capitale",NA,NA,"Brussels Hoofdstedelijk Gewest","Région de Bruxelles-Capitale","21"
"2020-04-17","21016","Ukkel","Uccle","Arrondissement Brussel-Hoofdstad","Arrondissement de Bruxelles-Capitale",NA,NA,"Brussels Hoofdstedelijk Gewest","Région de Bruxelles-Capitale","15"
"2020-04-17","21018","Sint-Lambrechts-Woluwe","Woluwe-Saint-Lambert","Arrondissement Brussel-Hoofdstad","Arrondissement de Bruxelles-Capitale",NA,NA,"Brussels Hoofdstedelijk Gewest","Région de Bruxelles-Capitale","6"
"2020-04-17","21019","Sint-Pieters-Woluwe","Woluwe-Saint-Pierre","Arrondissement Brussel-Hoofdstad","Arrondissement de Bruxelles-Capitale",NA,NA,"Brussels Hoofdstedelijk Gewest","Région de Bruxelles-Capitale","12"
"2020-04-17","23002","Asse","Asse","Arrondissement Halle-Vilvoorde","Arrondissement de Hal-Vilvorde","Provincie Vlaams-Brabant","Province du Brabant flamand","Vlaams Gewest","Région flamande","<5"
"2020-04-17","23003","Beersel","Beersel","Arrondissement Halle-Vilvoorde","Arrondissement de Hal-Vilvorde","Provincie Vlaams-Brabant","Province du Brabant flamand","Vlaams Gewest","Région flamande","<5"
"2020-04-17","23016","Dilbeek","Dilbeek","Arrondissement Halle-Vilvoorde","Arrondissement de Hal-Vilvorde","Provincie Vlaams-Brabant","Province du Brabant flamand","Vlaams Gewest","Région flamande","5"
"2020-04-17","23025","Grimbergen","Grimbergen","Arrondissement Halle-Vilvoorde","Arrondissement de Hal-Vilvorde","Provincie Vlaams-Brabant","Province du Brabant flamand","Vlaams Gewest","Région flamande","<5"
"2020-04-17","23027","Halle (Halle-Vilvoorde)","Hal (Hal-Vilvorde)","Arrondissement Halle-Vilvoorde","Arrondissement de Hal-Vilvorde","Provincie Vlaams-Brabant","Province du Brabant flamand","Vlaams Gewest","Région flamande","28"
"2020-04-17","23038","Kampenhout","Kampenhout","Arrondissement Halle-Vilvoorde","Arrondissement de Hal-Vilvorde","Provincie Vlaams-Brabant","Province du Brabant flamand","Vlaams Gewest","Région flamande","<5"
"2020-04-17","23045","Londerzeel","Londerzeel","Arrondissement Halle-Vilvoorde","Arrondissement de Hal-Vilvorde","Provincie Vlaams-Brabant","Province du Brabant flamand","Vlaams Gewest","Région flamande","<5"
"2020-04-17","23047","Machelen (Halle-Vilvoorde)","Machelen (Hal-Vilvorde)","Arrondissement Halle-Vilvoorde","Arrondissement de Hal-Vilvorde","Provincie Vlaams-Brabant","Province du Brabant flamand","Vlaams Gewest","Région flamande","<5"
"2020-04-17","23052","Merchtem","Merchtem","Arrondissement Halle-Vilvoorde","Arrondissement de Hal-Vilvorde","Provincie Vlaams-Brabant","Province du Brabant flamand","Vlaams Gewest","Région flamande","<5"
"2020-04-17","23060","Opwijk","Opwijk","Arrondissement Halle-Vilvoorde","Arrondissement de Hal-Vilvorde","Provincie Vlaams-Brabant","Province du Brabant flamand","Vlaams Gewest","Région flamande","<5"
"2020-04-17","23062","Overijse","Overijse","Arrondissement Halle-Vilvoorde","Arrondissement de Hal-Vilvorde","Provincie Vlaams-Brabant","Province du Brabant flamand","Vlaams Gewest","Région flamande","<5"
"2020-04-17","23064","Pepingen","Pepingen","Arrondissement Halle-Vilvoorde","Arrondissement de Hal-Vilvorde","Provincie Vlaams-Brabant","Province du Brabant flamand","Vlaams Gewest","Région flamande","<5"
"2020-04-17","23077","Sint-Pieters-Leeuw","Sint-Pieters-Leeuw","Arrondissement Halle-Vilvoorde","Arrondissement de Hal-Vilvorde","Provincie Vlaams-Brabant","Province du Brabant flamand","Vlaams Gewest","Région flamande","5"
"2020-04-17","23081","Steenokkerzeel","Steenokkerzeel","Arrondissement Halle-Vilvoorde","Arrondissement de Hal-Vilvorde","Provincie Vlaams-Brabant","Province du Brabant flamand","Vlaams Gewest","Région flamande","12"
"2020-04-17","23086","Ternat","Ternat","Arrondissement Halle-Vilvoorde","Arrondissement de Hal-Vilvorde","Provincie Vlaams-Brabant","Province du Brabant flamand","Vlaams Gewest","Région flamande","<5"
"2020-04-17","23088","Vilvoorde","Vilvorde","Arrondissement Halle-Vilvoorde","Arrondissement de Hal-Vilvorde","Provincie Vlaams-Brabant","Province du Brabant flamand","Vlaams Gewest","Région flamande","<5"
"2020-04-17","23094","Zaventem","Zaventem","Arrondissement Halle-Vilvoorde","Arrondissement de Hal-Vilvorde","Provincie Vlaams-Brabant","Province du Brabant flamand","Vlaams Gewest","Région flamande","<5"
"2020-04-17","23096","Zemst","Zemst","Arrondissement Halle-Vilvoorde","Arrondissement de Hal-Vilvorde","Provincie Vlaams-Brabant","Province du Brabant flamand","Vlaams Gewest","Région flamande","<5"
"2020-04-17","23099","Kraainem","Kraainem","Arrondissement Halle-Vilvoorde","Arrondissement de Hal-Vilvorde","Provincie Vlaams-Brabant","Province du Brabant flamand","Vlaams Gewest","Région flamande","<5"
"2020-04-17","23101","Sint-Genesius-Rode","Rhode-Saint-Genèse","Arrondissement Halle-Vilvoorde","Arrondissement de Hal-Vilvorde","Provincie Vlaams-Brabant","Province du Brabant flamand","Vlaams Gewest","Région flamande","<5"
"2020-04-17","23102","Wemmel","Wemmel","Arrondissement Halle-Vilvoorde","Arrondissement de Hal-Vilvorde","Provincie Vlaams-Brabant","Province du Brabant flamand","Vlaams Gewest","Région flamande","<5"
"2020-04-17","23105","Affligem","Affligem","Arrondissement Halle-Vilvoorde","Arrondissement de Hal-Vilvorde","Provincie Vlaams-Brabant","Province du Brabant flamand","Vlaams Gewest","Région flamande","<5"
"2020-04-17","24001","Aarschot","Aarschot","Arrondissement Leuven","Arrondissement de Louvain","Provincie Vlaams-Brabant","Province du Brabant flamand","Vlaams Gewest","Région flamande","<5"
"2020-04-17","24009","Bertem","Bertem","Arrondissement Leuven","Arrondissement de Louvain","Provincie Vlaams-Brabant","Province du Brabant flamand","Vlaams Gewest","Région flamande","<5"
"2020-04-17","24016","Boutersem","Boutersem","Arrondissement Leuven","Arrondissement de Louvain","Provincie Vlaams-Brabant","Province du Brabant flamand","Vlaams Gewest","Région flamande","<5"
"2020-04-17","24038","Herent","Herent","Arrondissement Leuven","Arrondissement de Louvain","Provincie Vlaams-Brabant","Province du Brabant flamand","Vlaams Gewest","Région flamande","<5"
"2020-04-17","24045","Huldenberg","Huldenberg","Arrondissement Leuven","Arrondissement de Louvain","Provincie Vlaams-Brabant","Province du Brabant flamand","Vlaams Gewest","Région flamande","<5"
"2020-04-17","24055","Kortenberg","Kortenberg","Arrondissement Leuven","Arrondissement de Louvain","Provincie Vlaams-Brabant","Province du Brabant flamand","Vlaams Gewest","Région flamande","<5"
"2020-04-17","24059","Landen","Landen","Arrondissement Leuven","Arrondissement de Louvain","Provincie Vlaams-Brabant","Province du Brabant flamand","Vlaams Gewest","Région flamande","<5"
"2020-04-17","24062","Leuven","Louvain","Arrondissement Leuven","Arrondissement de Louvain","Provincie Vlaams-Brabant","Province du Brabant flamand","Vlaams Gewest","Région flamande","<5"
"2020-04-17","24066","Lubbeek","Lubbeek","Arrondissement Leuven","Arrondissement de Louvain","Provincie Vlaams-Brabant","Province du Brabant flamand","Vlaams Gewest","Région flamande","<5"
"2020-04-17","24104","Tervuren","Tervuren","Arrondissement Leuven","Arrondissement de Louvain","Provincie Vlaams-Brabant","Province du Brabant flamand","Vlaams Gewest","Région flamande","14"
"2020-04-17","24107","Tienen","Tirlemont","Arrondissement Leuven","Arrondissement de Louvain","Provincie Vlaams-Brabant","Province du Brabant flamand","Vlaams Gewest","Région flamande","<5"
"2020-04-17","24133","Linter","Linter","Arrondissement Leuven","Arrondissement de Louvain","Provincie Vlaams-Brabant","Province du Brabant flamand","Vlaams Gewest","Région flamande","<5"
"2020-04-17","24134","Scherpenheuvel-Zichem","Montaigu-Zichem","Arrondissement Leuven","Arrondissement de Louvain","Provincie Vlaams-Brabant","Province du Brabant flamand","Vlaams Gewest","Région flamande","<5"
"2020-04-17","24135","Tielt-Winge","Tielt-Winge","Arrondissement Leuven","Arrondissement de Louvain","Provincie Vlaams-Brabant","Province du Brabant flamand","Vlaams Gewest","Région flamande","<5"
"2020-04-17","25014","Eigenbrakel","Braine-l’Alleud","Arrondissement Nijvel","Arrondissement de Nivelles","Provincie Waals-Brabant","Province du Brabant wallon","Waals Gewest","Région wallonne","<5"
"2020-04-17","25031","Genepiën","Genappe","Arrondissement Nijvel","Arrondissement de Nivelles","Provincie Waals-Brabant","Province du Brabant wallon","Waals Gewest","Région wallonne","<5"
"2020-04-17","25044","Itter","Ittre","Arrondissement Nijvel","Arrondissement de Nivelles","Provincie Waals-Brabant","Province du Brabant wallon","Waals Gewest","Région wallonne","6"
"2020-04-17","25068","Mont-Saint-Guibert","Mont-Saint-Guibert","Arrondissement Nijvel","Arrondissement de Nivelles","Provincie Waals-Brabant","Province du Brabant wallon","Waals Gewest","Région wallonne","<5"
"2020-04-17","25072","Nijvel","Nivelles","Arrondissement Nijvel","Arrondissement de Nivelles","Provincie Waals-Brabant","Province du Brabant wallon","Waals Gewest","Région wallonne","6"
"2020-04-17","25091","Rixensart","Rixensart","Arrondissement Nijvel","Arrondissement de Nivelles","Provincie Waals-Brabant","Province du Brabant wallon","Waals Gewest","Région wallonne","<5"
"2020-04-17","25107","Villers-la-Ville","Villers-la-Ville","Arrondissement Nijvel","Arrondissement de Nivelles","Provincie Waals-Brabant","Province du Brabant wallon","Waals Gewest","Région wallonne","<5"
"2020-04-17","25110","Waterloo","Waterloo","Arrondissement Nijvel","Arrondissement de Nivelles","Provincie Waals-Brabant","Province du Brabant wallon","Waals Gewest","Région wallonne","<5"
"2020-04-17","25112","Waver","Wavre","Arrondissement Nijvel","Arrondissement de Nivelles","Provincie Waals-Brabant","Province du Brabant wallon","Waals Gewest","Région wallonne","<5"
"2020-04-17","25118","Hélécine","Hélécine","Arrondissement Nijvel","Arrondissement de Nivelles","Provincie Waals-Brabant","Province du Brabant wallon","Waals Gewest","Région wallonne","<5"
"2020-04-17","25119","Lasne","Lasne","Arrondissement Nijvel","Arrondissement de Nivelles","Provincie Waals-Brabant","Province du Brabant wallon","Waals Gewest","Région wallonne","<5"
"2020-04-17","25121","Ottignies-Louvain-la-Neuve","Ottignies-Louvain-la-Neuve","Arrondissement Nijvel","Arrondissement de Nivelles","Provincie Waals-Brabant","Province du Brabant wallon","Waals Gewest","Région wallonne","<5"
"2020-04-17","25123","Rebecq","Rebecq","Arrondissement Nijvel","Arrondissement de Nivelles","Provincie Waals-Brabant","Province du Brabant wallon","Waals Gewest","Région wallonne","<5"
"2020-04-17","31003","Beernem","Beernem","Arrondissement Brugge","Arrondissement de Bruges","Provincie West-Vlaanderen","Province de Flandre occidentale","Vlaams Gewest","Région flamande","<5"
"2020-04-17","31004","Blankenberge","Blankenberge","Arrondissement Brugge","Arrondissement de Bruges","Provincie West-Vlaanderen","Province de Flandre occidentale","Vlaams Gewest","Région flamande","<5"
"2020-04-17","31005","Brugge","Bruges","Arrondissement Brugge","Arrondissement de Bruges","Provincie West-Vlaanderen","Province de Flandre occidentale","Vlaams Gewest","Région flamande","15"
"2020-04-17","31006","Damme","Damme","Arrondissement Brugge","Arrondissement de Bruges","Provincie West-Vlaanderen","Province de Flandre occidentale","Vlaams Gewest","Région flamande","<5"
"2020-04-17","31012","Jabbeke","Jabbeke","Arrondissement Brugge","Arrondissement de Bruges","Provincie West-Vlaanderen","Province de Flandre occidentale","Vlaams Gewest","Région flamande","<5"
"2020-04-17","31022","Oostkamp","Oostkamp","Arrondissement Brugge","Arrondissement de Bruges","Provincie West-Vlaanderen","Province de Flandre occidentale","Vlaams Gewest","Région flamande","<5"
"2020-04-17","31033","Torhout","Torhout","Arrondissement Brugge","Arrondissement de Bruges","Provincie West-Vlaanderen","Province de Flandre occidentale","Vlaams Gewest","Région flamande","<5"
"2020-04-17","31040","Zedelgem","Zedelgem","Arrondissement Brugge","Arrondissement de Bruges","Provincie West-Vlaanderen","Province de Flandre occidentale","Vlaams Gewest","Région flamande","<5"
"2020-04-17","31043","Knokke-Heist","Knokke-Heist","Arrondissement Brugge","Arrondissement de Bruges","Provincie West-Vlaanderen","Province de Flandre occidentale","Vlaams Gewest","Région flamande","<5"
"2020-04-17","32003","Diksmuide","Dixmude","Arrondissement Diksmuide","Arrondissement de Dixmude","Provincie West-Vlaanderen","Province de Flandre occidentale","Vlaams Gewest","Région flamande","<5"
"2020-04-17","32006","Houthulst","Houthulst","Arrondissement Diksmuide","Arrondissement de Dixmude","Provincie West-Vlaanderen","Province de Flandre occidentale","Vlaams Gewest","Région flamande","<5"
"2020-04-17","33011","Ieper","Ypres","Arrondissement Ieper","Arrondissement d’Ypres","Provincie West-Vlaanderen","Province de Flandre occidentale","Vlaams Gewest","Région flamande","<5"
"2020-04-17","33021","Poperinge","Poperinge","Arrondissement Ieper","Arrondissement d’Ypres","Provincie West-Vlaanderen","Province de Flandre occidentale","Vlaams Gewest","Région flamande","<5"
"2020-04-17","33029","Wervik","Wervik","Arrondissement Ieper","Arrondissement d’Ypres","Provincie West-Vlaanderen","Province de Flandre occidentale","Vlaams Gewest","Région flamande","<5"
"2020-04-17","33040","Langemark-Poelkapelle","Langemark-Poelkapelle","Arrondissement Ieper","Arrondissement d’Ypres","Provincie West-Vlaanderen","Province de Flandre occidentale","Vlaams Gewest","Région flamande","<5"
"2020-04-17","34002","Anzegem","Anzegem","Arrondissement Kortrijk","Arrondissement de Courtrai","Provincie West-Vlaanderen","Province de Flandre occidentale","Vlaams Gewest","Région flamande","6"
"2020-04-17","34003","Avelgem","Avelgem","Arrondissement Kortrijk","Arrondissement de Courtrai","Provincie West-Vlaanderen","Province de Flandre occidentale","Vlaams Gewest","Région flamande","<5"
"2020-04-17","34013","Harelbeke","Harelbeke","Arrondissement Kortrijk","Arrondissement de Courtrai","Provincie West-Vlaanderen","Province de Flandre occidentale","Vlaams Gewest","Région flamande","5"
"2020-04-17","34022","Kortrijk","Courtrai","Arrondissement Kortrijk","Arrondissement de Courtrai","Provincie West-Vlaanderen","Province de Flandre occidentale","Vlaams Gewest","Région flamande","33"
"2020-04-17","34023","Kuurne","Kuurne","Arrondissement Kortrijk","Arrondissement de Courtrai","Provincie West-Vlaanderen","Province de Flandre occidentale","Vlaams Gewest","Région flamande","<5"
"2020-04-17","34025","Lendelede","Lendelede","Arrondissement Kortrijk","Arrondissement de Courtrai","Provincie West-Vlaanderen","Province de Flandre occidentale","Vlaams Gewest","Région flamande","<5"
"2020-04-17","34027","Menen","Menin","Arrondissement Kortrijk","Arrondissement de Courtrai","Provincie West-Vlaanderen","Province de Flandre occidentale","Vlaams Gewest","Région flamande","13"
"2020-04-17","34040","Waregem","Waregem","Arrondissement Kortrijk","Arrondissement de Courtrai","Provincie West-Vlaanderen","Province de Flandre occidentale","Vlaams Gewest","Région flamande","<5"
"2020-04-17","34041","Wevelgem","Wevelgem","Arrondissement Kortrijk","Arrondissement de Courtrai","Provincie West-Vlaanderen","Province de Flandre occidentale","Vlaams Gewest","Région flamande","<5"
"2020-04-17","34042","Zwevegem","Zwevegem","Arrondissement Kortrijk","Arrondissement de Courtrai","Provincie West-Vlaanderen","Province de Flandre occidentale","Vlaams Gewest","Région flamande","<5"
"2020-04-17","34043","Spiere-Helkijn","Espierres-Helchin","Arrondissement Kortrijk","Arrondissement de Courtrai","Provincie West-Vlaanderen","Province de Flandre occidentale","Vlaams Gewest","Région flamande","<5"
"2020-04-17","35002","Bredene","Bredene","Arrondissement Oostende","Arrondissement d’Ostende","Provincie West-Vlaanderen","Province de Flandre occidentale","Vlaams Gewest","Région flamande","<5"
"2020-04-17","35011","Middelkerke","Middelkerke","Arrondissement Oostende","Arrondissement d’Ostende","Provincie West-Vlaanderen","Province de Flandre occidentale","Vlaams Gewest","Région flamande","<5"
"2020-04-17","35013","Oostende","Ostende","Arrondissement Oostende","Arrondissement d’Ostende","Provincie West-Vlaanderen","Province de Flandre occidentale","Vlaams Gewest","Région flamande","5"
"2020-04-17","35014","Oudenburg","Oudenburg","Arrondissement Oostende","Arrondissement d’Ostende","Provincie West-Vlaanderen","Province de Flandre occidentale","Vlaams Gewest","Région flamande","<5"
"2020-04-17","35029","De Haan","De Haan","Arrondissement Oostende","Arrondissement d’Ostende","Provincie West-Vlaanderen","Province de Flandre occidentale","Vlaams Gewest","Région flamande","<5"
"2020-04-17","36006","Hooglede","Hooglede","Arrondissement Roeselare","Arrondissement de Roulers","Provincie West-Vlaanderen","Province de Flandre occidentale","Vlaams Gewest","Région flamande","<5"
"2020-04-17","36007","Ingelmunster","Ingelmunster","Arrondissement Roeselare","Arrondissement de Roulers","Provincie West-Vlaanderen","Province de Flandre occidentale","Vlaams Gewest","Région flamande","<5"
"2020-04-17","36008","Izegem","Izegem","Arrondissement Roeselare","Arrondissement de Roulers","Provincie West-Vlaanderen","Province de Flandre occidentale","Vlaams Gewest","Région flamande","8"
"2020-04-17","36012","Moorslede","Moorslede","Arrondissement Roeselare","Arrondissement de Roulers","Provincie West-Vlaanderen","Province de Flandre occidentale","Vlaams Gewest","Région flamande","<5"
"2020-04-17","36015","Roeselare","Roulers","Arrondissement Roeselare","Arrondissement de Roulers","Provincie West-Vlaanderen","Province de Flandre occidentale","Vlaams Gewest","Région flamande","<5"
"2020-04-17","37010","Oostrozebeke","Oostrozebeke","Arrondissement Tielt","Arrondissement de Tielt","Provincie West-Vlaanderen","Province de Flandre occidentale","Vlaams Gewest","Région flamande","<5"
"2020-04-17","37011","Pittem","Pittem","Arrondissement Tielt","Arrondissement de Tielt","Provincie West-Vlaanderen","Province de Flandre occidentale","Vlaams Gewest","Région flamande","<5"
"2020-04-17","37018","Wingene","Wingene","Arrondissement Tielt","Arrondissement de Tielt","Provincie West-Vlaanderen","Province de Flandre occidentale","Vlaams Gewest","Région flamande","7"
"2020-04-17","38008","De Panne","La Panne","Arrondissement Veurne","Arrondissement de Furnes","Provincie West-Vlaanderen","Province de Flandre occidentale","Vlaams Gewest","Région flamande","<5"
"2020-04-17","38016","Nieuwpoort","Nieuport","Arrondissement Veurne","Arrondissement de Furnes","Provincie West-Vlaanderen","Province de Flandre occidentale","Vlaams Gewest","Région flamande","<5"
"2020-04-17","38025","Veurne","Furnes","Arrondissement Veurne","Arrondissement de Furnes","Provincie West-Vlaanderen","Province de Flandre occidentale","Vlaams Gewest","Région flamande","<5"
"2020-04-17","41002","Aalst (Aalst)","Alost (Alost)","Arrondissement Aalst","Arrondissement d’Alost","Provincie Oost-Vlaanderen","Province de Flandre orientale","Vlaams Gewest","Région flamande","16"
"2020-04-17","41011","Denderleeuw","Denderleeuw","Arrondissement Aalst","Arrondissement d’Alost","Provincie Oost-Vlaanderen","Province de Flandre orientale","Vlaams Gewest","Région flamande","5"
"2020-04-17","41018","Geraardsbergen","Grammont","Arrondissement Aalst","Arrondissement d’Alost","Provincie Oost-Vlaanderen","Province de Flandre orientale","Vlaams Gewest","Région flamande","<5"
"2020-04-17","41024","Haaltert","Haaltert","Arrondissement Aalst","Arrondissement d’Alost","Provincie Oost-Vlaanderen","Province de Flandre orientale","Vlaams Gewest","Région flamande","<5"
"2020-04-17","41027","Herzele","Herzele","Arrondissement Aalst","Arrondissement d’Alost","Provincie Oost-Vlaanderen","Province de Flandre orientale","Vlaams Gewest","Région flamande","<5"
"2020-04-17","41034","Lede","Lede","Arrondissement Aalst","Arrondissement d’Alost","Provincie Oost-Vlaanderen","Province de Flandre orientale","Vlaams Gewest","Région flamande","<5"
"2020-04-17","41048","Ninove","Ninove","Arrondissement Aalst","Arrondissement d’Alost","Provincie Oost-Vlaanderen","Province de Flandre orientale","Vlaams Gewest","Région flamande","<5"
"2020-04-17","41063","Sint-Lievens-Houtem","Sint-Lievens-Houtem","Arrondissement Aalst","Arrondissement d’Alost","Provincie Oost-Vlaanderen","Province de Flandre orientale","Vlaams Gewest","Région flamande","<5"
"2020-04-17","41082","Erpe-Mere","Erpe-Mere","Arrondissement Aalst","Arrondissement d’Alost","Provincie Oost-Vlaanderen","Province de Flandre orientale","Vlaams Gewest","Région flamande","<5"
"2020-04-17","42004","Buggenhout","Buggenhout","Arrondissement Dendermonde","Arrondissement de Termonde","Provincie Oost-Vlaanderen","Province de Flandre orientale","Vlaams Gewest","Région flamande","5"
"2020-04-17","42006","Dendermonde","Termonde","Arrondissement Dendermonde","Arrondissement de Termonde","Provincie Oost-Vlaanderen","Province de Flandre orientale","Vlaams Gewest","Région flamande","<5"
"2020-04-17","42008","Hamme (Dendermonde)","Hamme (Termonde)","Arrondissement Dendermonde","Arrondissement de Termonde","Provincie Oost-Vlaanderen","Province de Flandre orientale","Vlaams Gewest","Région flamande","<5"
"2020-04-17","42010","Laarne","Laarne","Arrondissement Dendermonde","Arrondissement de Termonde","Provincie Oost-Vlaanderen","Province de Flandre orientale","Vlaams Gewest","Région flamande","<5"
"2020-04-17","42011","Lebbeke","Lebbeke","Arrondissement Dendermonde","Arrondissement de Termonde","Provincie Oost-Vlaanderen","Province de Flandre orientale","Vlaams Gewest","Région flamande","<5"
"2020-04-17","42025","Wetteren","Wetteren","Arrondissement Dendermonde","Arrondissement de Termonde","Provincie Oost-Vlaanderen","Province de Flandre orientale","Vlaams Gewest","Région flamande","<5"
"2020-04-17","42026","Wichelen","Wichelen","Arrondissement Dendermonde","Arrondissement de Termonde","Provincie Oost-Vlaanderen","Province de Flandre orientale","Vlaams Gewest","Région flamande","<5"
"2020-04-17","42028","Zele","Zele","Arrondissement Dendermonde","Arrondissement de Termonde","Provincie Oost-Vlaanderen","Province de Flandre orientale","Vlaams Gewest","Région flamande","<5"
"2020-04-17","43002","Assenede","Assenede","Arrondissement Eeklo","Arrondissement d’Eeklo","Provincie Oost-Vlaanderen","Province de Flandre orientale","Vlaams Gewest","Région flamande","6"
"2020-04-17","43010","Maldegem","Maldegem","Arrondissement Eeklo","Arrondissement d’Eeklo","Provincie Oost-Vlaanderen","Province de Flandre orientale","Vlaams Gewest","Région flamande","<5"
"2020-04-17","44013","Destelbergen","Destelbergen","Arrondissement Gent","Arrondissement de Gand","Provincie Oost-Vlaanderen","Province de Flandre orientale","Vlaams Gewest","Région flamande","<5"
"2020-04-17","44019","Evergem","Evergem","Arrondissement Gent","Arrondissement de Gand","Provincie Oost-Vlaanderen","Province de Flandre orientale","Vlaams Gewest","Région flamande","<5"
"2020-04-17","44021","Gent","Gand","Arrondissement Gent","Arrondissement de Gand","Provincie Oost-Vlaanderen","Province de Flandre orientale","Vlaams Gewest","Région flamande","7"
"2020-04-17","44034","Lochristi","Lochristi","Arrondissement Gent","Arrondissement de Gand","Provincie Oost-Vlaanderen","Province de Flandre orientale","Vlaams Gewest","Région flamande","<5"
"2020-04-17","44052","Oosterzele","Oosterzele","Arrondissement Gent","Arrondissement de Gand","Provincie Oost-Vlaanderen","Province de Flandre orientale","Vlaams Gewest","Région flamande","<5"
"2020-04-17","44064","Sint-Martens-Latem","Sint-Martens-Latem","Arrondissement Gent","Arrondissement de Gand","Provincie Oost-Vlaanderen","Province de Flandre orientale","Vlaams Gewest","Région flamande","<5"
"2020-04-17","44073","Wachtebeke","Wachtebeke","Arrondissement Gent","Arrondissement de Gand","Provincie Oost-Vlaanderen","Province de Flandre orientale","Vlaams Gewest","Région flamande","<5"
"2020-04-17","44084","Aalter","Aalter","Arrondissement Gent","Arrondissement de Gand","Provincie Oost-Vlaanderen","Province de Flandre orientale","Vlaams Gewest","Région flamande","<5"
"2020-04-17","44085","Lievegem","Lievegem","Arrondissement Gent","Arrondissement de Gand","Provincie Oost-Vlaanderen","Province de Flandre orientale","Vlaams Gewest","Région flamande","<5"
"2020-04-17","45035","Oudenaarde","Audenarde","Arrondissement Oudenaarde","Arrondissement d’Audenarde","Provincie Oost-Vlaanderen","Province de Flandre orientale","Vlaams Gewest","Région flamande","<5"
"2020-04-17","45041","Ronse","Renaix","Arrondissement Oudenaarde","Arrondissement d’Audenarde","Provincie Oost-Vlaanderen","Province de Flandre orientale","Vlaams Gewest","Région flamande","35"
"2020-04-17","45059","Brakel","Brakel","Arrondissement Oudenaarde","Arrondissement d’Audenarde","Provincie Oost-Vlaanderen","Province de Flandre orientale","Vlaams Gewest","Région flamande","<5"
"2020-04-17","45064","Maarkedal","Maarkedal","Arrondissement Oudenaarde","Arrondissement d’Audenarde","Provincie Oost-Vlaanderen","Province de Flandre orientale","Vlaams Gewest","Région flamande","<5"
"2020-04-17","45068","Kruisem","Kruisem","Arrondissement Oudenaarde","Arrondissement d’Audenarde","Provincie Oost-Vlaanderen","Province de Flandre orientale","Vlaams Gewest","Région flamande","<5"
"2020-04-17","46003","Beveren (Sint-Niklaas)","Beveren (Saint-Nicolas)","Arrondissement Sint-Niklaas","Arrondissement de Saint-Nicolas","Provincie Oost-Vlaanderen","Province de Flandre orientale","Vlaams Gewest","Région flamande","<5"
"2020-04-17","46013","Kruibeke","Kruibeke","Arrondissement Sint-Niklaas","Arrondissement de Saint-Nicolas","Provincie Oost-Vlaanderen","Province de Flandre orientale","Vlaams Gewest","Région flamande","<5"
"2020-04-17","46014","Lokeren","Lokeren","Arrondissement Sint-Niklaas","Arrondissement de Saint-Nicolas","Provincie Oost-Vlaanderen","Province de Flandre orientale","Vlaams Gewest","Région flamande","31"
"2020-04-17","46020","Sint-Gillis-Waas","Sint-Gillis-Waas","Arrondissement Sint-Niklaas","Arrondissement de Saint-Nicolas","Provincie Oost-Vlaanderen","Province de Flandre orientale","Vlaams Gewest","Région flamande","<5"
"2020-04-17","46021","Sint-Niklaas (Sint-Niklaas)","Saint-Nicolas (Saint-Nicolas)","Arrondissement Sint-Niklaas","Arrondissement de Saint-Nicolas","Provincie Oost-Vlaanderen","Province de Flandre orientale","Vlaams Gewest","Région flamande","<5"
"2020-04-17","46025","Temse","Tamise","Arrondissement Sint-Niklaas","Arrondissement de Saint-Nicolas","Provincie Oost-Vlaanderen","Province de Flandre orientale","Vlaams Gewest","Région flamande","<5"
"2020-04-17","51004","Aat","Ath","Arrondissement Aat","Arrondissement d’Ath","Provincie Henegouwen","Province du Hainaut","Waals Gewest","Région wallonne","<5"
"2020-04-17","51017","Elzele","Ellezelles","Arrondissement Aat","Arrondissement d’Ath","Provincie Henegouwen","Province du Hainaut","Waals Gewest","Région wallonne","<5"
"2020-04-17","51065","Frasnes-lez-Anvaing","Frasnes-lez-Anvaing","Arrondissement Aat","Arrondissement d’Ath","Provincie Henegouwen","Province du Hainaut","Waals Gewest","Région wallonne","<5"
"2020-04-17","51067","Edingen","Enghien","Arrondissement Aat","Arrondissement d’Ath","Provincie Henegouwen","Province du Hainaut","Waals Gewest","Région wallonne","<5"
"2020-04-17","51068","Opzullik","Silly","Arrondissement Aat","Arrondissement d’Ath","Provincie Henegouwen","Province du Hainaut","Waals Gewest","Région wallonne","<5"
"2020-04-17","52010","Chapelle-lez-Herlaimont","Chapelle-lez-Herlaimont","Arrondissement Charleroi","Arrondissement de Charleroi","Provincie Henegouwen","Province du Hainaut","Waals Gewest","Région wallonne","6"
"2020-04-17","52011","Charleroi","Charleroi","Arrondissement Charleroi","Arrondissement de Charleroi","Provincie Henegouwen","Province du Hainaut","Waals Gewest","Région wallonne","15"
"2020-04-17","52012","Châtelet","Châtelet","Arrondissement Charleroi","Arrondissement de Charleroi","Provincie Henegouwen","Province du Hainaut","Waals Gewest","Région wallonne","6"
"2020-04-17","52021","Fleurus","Fleurus","Arrondissement Charleroi","Arrondissement de Charleroi","Provincie Henegouwen","Province du Hainaut","Waals Gewest","Région wallonne","<5"
"2020-04-17","52022","Fontaine-l’Evêque","Fontaine-l’Evêque","Arrondissement Charleroi","Arrondissement de Charleroi","Provincie Henegouwen","Province du Hainaut","Waals Gewest","Région wallonne","<5"
"2020-04-17","52025","Gerpinnes","Gerpinnes","Arrondissement Charleroi","Arrondissement de Charleroi","Provincie Henegouwen","Province du Hainaut","Waals Gewest","Région wallonne","<5"
"2020-04-17","53014","Boussu","Boussu","Arrondissement Bergen","Arrondissement de Mons","Provincie Henegouwen","Province du Hainaut","Waals Gewest","Région wallonne","<5"
"2020-04-17","53020","Dour","Dour","Arrondissement Bergen","Arrondissement de Mons","Provincie Henegouwen","Province du Hainaut","Waals Gewest","Région wallonne","<5"
"2020-04-17","53046","Lens","Lens","Arrondissement Bergen","Arrondissement de Mons","Provincie Henegouwen","Province du Hainaut","Waals Gewest","Région wallonne","<5"
"2020-04-17","53053","Bergen","Mons","Arrondissement Bergen","Arrondissement de Mons","Provincie Henegouwen","Province du Hainaut","Waals Gewest","Région wallonne","7"
"2020-04-17","53068","Quiévrain","Quiévrain","Arrondissement Bergen","Arrondissement de Mons","Provincie Henegouwen","Province du Hainaut","Waals Gewest","Région wallonne","<5"
"2020-04-17","53082","Colfontaine","Colfontaine","Arrondissement Bergen","Arrondissement de Mons","Provincie Henegouwen","Province du Hainaut","Waals Gewest","Région wallonne","<5"
"2020-04-17","55040","Zinnik","Soignies","Arrondissement Zinnik","Arrondissement de Soignies","Provincie Henegouwen","Province du Hainaut","Waals Gewest","Région wallonne","9"
"2020-04-17","55050","Ecaussinnes","Ecaussinnes","Arrondissement Zinnik","Arrondissement de Soignies","Provincie Henegouwen","Province du Hainaut","Waals Gewest","Région wallonne","<5"
"2020-04-17","55085","Seneffe","Seneffe","Arrondissement Zinnik","Arrondissement de Soignies","Provincie Henegouwen","Province du Hainaut","Waals Gewest","Région wallonne","<5"
"2020-04-17","55086","Manage","Manage","Arrondissement Zinnik","Arrondissement de Soignies","Provincie Henegouwen","Province du Hainaut","Waals Gewest","Région wallonne","<5"
"2020-04-17","56022","Erquelinnes","Erquelinnes","Arrondissement Thuin","Arrondissement de Thuin","Provincie Henegouwen","Province du Hainaut","Waals Gewest","Région wallonne","<5"
"2020-04-17","56044","Lobbes","Lobbes","Arrondissement Thuin","Arrondissement de Thuin","Provincie Henegouwen","Province du Hainaut","Waals Gewest","Région wallonne","<5"
"2020-04-17","56051","Momignies","Momignies","Arrondissement Thuin","Arrondissement de Thuin","Provincie Henegouwen","Province du Hainaut","Waals Gewest","Région wallonne","<5"
"2020-04-17","56078","Thuin","Thuin","Arrondissement Thuin","Arrondissement de Thuin","Provincie Henegouwen","Province du Hainaut","Waals Gewest","Région wallonne","<5"
"2020-04-17","57062","Pecq","Pecq","Arrondissement Doornik-Moeskroen","Arrondissement de Tournai-Mouscron","Provincie Henegouwen","Province du Hainaut","Waals Gewest","Région wallonne","<5"
"2020-04-17","57064","Péruwelz","Péruwelz","Arrondissement Doornik-Moeskroen","Arrondissement de Tournai-Mouscron","Provincie Henegouwen","Province du Hainaut","Waals Gewest","Région wallonne","<5"
"2020-04-17","57072","Rumes","Rumes","Arrondissement Doornik-Moeskroen","Arrondissement de Tournai-Mouscron","Provincie Henegouwen","Province du Hainaut","Waals Gewest","Région wallonne","<5"
"2020-04-17","57081","Doornik","Tournai","Arrondissement Doornik-Moeskroen","Arrondissement de Tournai-Mouscron","Provincie Henegouwen","Province du Hainaut","Waals Gewest","Région wallonne","<5"
"2020-04-17","57094","Leuze-en-Hainaut","Leuze-en-Hainaut","Arrondissement Doornik-Moeskroen","Arrondissement de Tournai-Mouscron","Provincie Henegouwen","Province du Hainaut","Waals Gewest","Région wallonne","<5"
"2020-04-17","57096","Moeskroen","Mouscron","Arrondissement Doornik-Moeskroen","Arrondissement de Tournai-Mouscron","Provincie Henegouwen","Province du Hainaut","Waals Gewest","Région wallonne","<5"
"2020-04-17","57097","Komen-Waasten","Comines-Warneton","Arrondissement Doornik-Moeskroen","Arrondissement de Tournai-Mouscron","Provincie Henegouwen","Province du Hainaut","Waals Gewest","Région wallonne","<5"
"2020-04-17","58001","La Louvière","La Louvière","Arrondissement La Louvière","Arrondissement de La Louvière","Provincie Henegouwen","Province du Hainaut","Waals Gewest","Région wallonne","11"
"2020-04-17","58002","Binche","Binche","Arrondissement La Louvière","Arrondissement de La Louvière","Provincie Henegouwen","Province du Hainaut","Waals Gewest","Région wallonne","14"
"2020-04-17","58003","Estinnes","Estinnes","Arrondissement La Louvière","Arrondissement de La Louvière","Provincie Henegouwen","Province du Hainaut","Waals Gewest","Région wallonne","<5"
"2020-04-17","58004","Morlanwelz","Morlanwelz","Arrondissement La Louvière","Arrondissement de La Louvière","Provincie Henegouwen","Province du Hainaut","Waals Gewest","Région wallonne","51"
"2020-04-17","61003","Amay","Amay","Arrondissement Hoei","Arrondissement de Huy","Provincie Luik","Province de Liège","Waals Gewest","Région wallonne","<5"
"2020-04-17","61012","Clavier","Clavier","Arrondissement Hoei","Arrondissement de Huy","Provincie Luik","Province de Liège","Waals Gewest","Région wallonne","<5"
"2020-04-17","61024","Hamoir","Hamoir","Arrondissement Hoei","Arrondissement de Huy","Provincie Luik","Province de Liège","Waals Gewest","Région wallonne","<5"
"2020-04-17","61028","Héron","Héron","Arrondissement Hoei","Arrondissement de Huy","Provincie Luik","Province de Liège","Waals Gewest","Région wallonne","<5"
"2020-04-17","61031","Hoei","Huy","Arrondissement Hoei","Arrondissement de Huy","Provincie Luik","Province de Liège","Waals Gewest","Région wallonne","19"
"2020-04-17","61039","Marchin","Marchin","Arrondissement Hoei","Arrondissement de Huy","Provincie Luik","Province de Liège","Waals Gewest","Région wallonne","<5"
"2020-04-17","61068","Villers-Le-Bouillet","Villers-Le-Bouillet","Arrondissement Hoei","Arrondissement de Huy","Provincie Luik","Province de Liège","Waals Gewest","Région wallonne","<5"
"2020-04-17","61072","Wanze","Wanze","Arrondissement Hoei","Arrondissement de Huy","Provincie Luik","Province de Liège","Waals Gewest","Région wallonne","<5"
"2020-04-17","61080","Engis","Engis","Arrondissement Hoei","Arrondissement de Huy","Provincie Luik","Province de Liège","Waals Gewest","Région wallonne","<5"
"2020-04-17","62003","Ans","Ans","Arrondissement Luik","Arrondissement de Liège","Provincie Luik","Province de Liège","Waals Gewest","Région wallonne","<5"
"2020-04-17","62006","Awans","Awans","Arrondissement Luik","Arrondissement de Liège","Provincie Luik","Province de Liège","Waals Gewest","Région wallonne","<5"
"2020-04-17","62009","Aywaille","Aywaille","Arrondissement Luik","Arrondissement de Liège","Provincie Luik","Province de Liège","Waals Gewest","Région wallonne","<5"
"2020-04-17","62011","Bitsingen","Bassenge","Arrondissement Luik","Arrondissement de Liège","Provincie Luik","Province de Liège","Waals Gewest","Région wallonne","<5"
"2020-04-17","62015","Beyne-Heusay","Beyne-Heusay","Arrondissement Luik","Arrondissement de Liège","Provincie Luik","Province de Liège","Waals Gewest","Région wallonne","<5"
"2020-04-17","62022","Chaudfontaine","Chaudfontaine","Arrondissement Luik","Arrondissement de Liège","Provincie Luik","Province de Liège","Waals Gewest","Région wallonne","6"
"2020-04-17","62026","Comblain-au-Pont","Comblain-au-Pont","Arrondissement Luik","Arrondissement de Liège","Provincie Luik","Province de Liège","Waals Gewest","Région wallonne","10"
"2020-04-17","62027","Dalhem","Dalhem","Arrondissement Luik","Arrondissement de Liège","Provincie Luik","Province de Liège","Waals Gewest","Région wallonne","5"
"2020-04-17","62032","Esneux","Esneux","Arrondissement Luik","Arrondissement de Liège","Provincie Luik","Province de Liège","Waals Gewest","Région wallonne","<5"
"2020-04-17","62038","Fléron","Fléron","Arrondissement Luik","Arrondissement de Liège","Provincie Luik","Province de Liège","Waals Gewest","Région wallonne","<5"
"2020-04-17","62051","Herstal","Herstal","Arrondissement Luik","Arrondissement de Liège","Provincie Luik","Province de Liège","Waals Gewest","Région wallonne","18"
"2020-04-17","62063","Luik","Liège","Arrondissement Luik","Arrondissement de Liège","Provincie Luik","Province de Liège","Waals Gewest","Région wallonne","35"
"2020-04-17","62079","Oupeye","Oupeye","Arrondissement Luik","Arrondissement de Liège","Provincie Luik","Province de Liège","Waals Gewest","Région wallonne","<5"
"2020-04-17","62093","Saint-Nicolas (Luik)","Saint-Nicolas (Liège)","Arrondissement Luik","Arrondissement de Liège","Provincie Luik","Province de Liège","Waals Gewest","Région wallonne","<5"
"2020-04-17","62096","Seraing","Seraing","Arrondissement Luik","Arrondissement de Liège","Provincie Luik","Province de Liège","Waals Gewest","Région wallonne","8"
"2020-04-17","62099","Soumagne","Soumagne","Arrondissement Luik","Arrondissement de Liège","Provincie Luik","Province de Liège","Waals Gewest","Région wallonne","<5"
"2020-04-17","62100","Sprimont","Sprimont","Arrondissement Luik","Arrondissement de Liège","Provincie Luik","Province de Liège","Waals Gewest","Région wallonne","<5"
"2020-04-17","62108","Wezet","Visé","Arrondissement Luik","Arrondissement de Liège","Provincie Luik","Province de Liège","Waals Gewest","Région wallonne","<5"
"2020-04-17","62118","Grâce-Hollogne","Grâce-Hollogne","Arrondissement Luik","Arrondissement de Liège","Provincie Luik","Province de Liège","Waals Gewest","Région wallonne","<5"
"2020-04-17","62119","Blegny","Blegny","Arrondissement Luik","Arrondissement de Liège","Provincie Luik","Province de Liège","Waals Gewest","Région wallonne","18"
"2020-04-17","62120","Flémalle","Flémalle","Arrondissement Luik","Arrondissement de Liège","Provincie Luik","Province de Liège","Waals Gewest","Région wallonne","5"
"2020-04-17","62121","Neupré","Neupré","Arrondissement Luik","Arrondissement de Liège","Provincie Luik","Province de Liège","Waals Gewest","Région wallonne","<5"
"2020-04-17","62122","Trooz","Trooz","Arrondissement Luik","Arrondissement de Liège","Provincie Luik","Province de Liège","Waals Gewest","Région wallonne","<5"
"2020-04-17","63003","Aubel","Aubel","Arrondissement Verviers","Arrondissement de Verviers","Provincie Luik","Province de Liège","Waals Gewest","Région wallonne","<5"
"2020-04-17","63004","Baelen","Baelen","Arrondissement Verviers","Arrondissement de Verviers","Provincie Luik","Province de Liège","Waals Gewest","Région wallonne","<5"
"2020-04-17","63020","Dison","Dison","Arrondissement Verviers","Arrondissement de Verviers","Provincie Luik","Province de Liège","Waals Gewest","Région wallonne","<5"
"2020-04-17","63023","Eupen","Eupen","Arrondissement Verviers","Arrondissement de Verviers","Provincie Luik","Province de Liège","Waals Gewest","Région wallonne","<5"
"2020-04-17","63040","Kelmis","La Calamine","Arrondissement Verviers","Arrondissement de Verviers","Provincie Luik","Province de Liège","Waals Gewest","Région wallonne","<5"
"2020-04-17","63049","Malmedy","Malmedy","Arrondissement Verviers","Arrondissement de Verviers","Provincie Luik","Province de Liège","Waals Gewest","Région wallonne","<5"
"2020-04-17","63061","Raeren","Raeren","Arrondissement Verviers","Arrondissement de Verviers","Provincie Luik","Province de Liège","Waals Gewest","Région wallonne","<5"
"2020-04-17","63072","Spa","Spa","Arrondissement Verviers","Arrondissement de Verviers","Provincie Luik","Province de Liège","Waals Gewest","Région wallonne","<5"
"2020-04-17","63079","Verviers","Verviers","Arrondissement Verviers","Arrondissement de Verviers","Provincie Luik","Province de Liège","Waals Gewest","Région wallonne","<5"
"2020-04-17","63080","Weismes","Waimes","Arrondissement Verviers","Arrondissement de Verviers","Provincie Luik","Province de Liège","Waals Gewest","Région wallonne","<5"
"2020-04-17","63084","Welkenraedt","Welkenraedt","Arrondissement Verviers","Arrondissement de Verviers","Provincie Luik","Province de Liège","Waals Gewest","Région wallonne","9"
"2020-04-17","63088","Plombières","Plombières","Arrondissement Verviers","Arrondissement de Verviers","Provincie Luik","Province de Liège","Waals Gewest","Région wallonne","<5"
"2020-04-17","63089","Thimister-Clermont","Thimister-Clermont","Arrondissement Verviers","Arrondissement de Verviers","Provincie Luik","Province de Liège","Waals Gewest","Région wallonne","<5"
"2020-04-17","64063","Remicourt","Remicourt","Arrondissement Borgworm","Arrondissement de Waremme","Provincie Luik","Province de Liège","Waals Gewest","Région wallonne","<5"
"2020-04-17","64074","Borgworm","Waremme","Arrondissement Borgworm","Arrondissement de Waremme","Provincie Luik","Province de Liège","Waals Gewest","Région wallonne","<5"
"2020-04-17","64076","Faimes","Faimes","Arrondissement Borgworm","Arrondissement de Waremme","Provincie Luik","Province de Liège","Waals Gewest","Région wallonne","<5"
"2020-04-17","71004","Beringen","Beringen","Arrondissement Hasselt","Arrondissement de Hasselt","Provincie Limburg","Province du Limbourg","Vlaams Gewest","Région flamande","6"
"2020-04-17","71011","Diepenbeek","Diepenbeek","Arrondissement Hasselt","Arrondissement de Hasselt","Provincie Limburg","Province du Limbourg","Vlaams Gewest","Région flamande","<5"
"2020-04-17","71016","Genk","Genk","Arrondissement Hasselt","Arrondissement de Hasselt","Provincie Limburg","Province du Limbourg","Vlaams Gewest","Région flamande","11"
"2020-04-17","71017","Gingelom","Gingelom","Arrondissement Hasselt","Arrondissement de Hasselt","Provincie Limburg","Province du Limbourg","Vlaams Gewest","Région flamande","<5"
"2020-04-17","71020","Halen","Halen","Arrondissement Hasselt","Arrondissement de Hasselt","Provincie Limburg","Province du Limbourg","Vlaams Gewest","Région flamande","<5"
"2020-04-17","71022","Hasselt","Hasselt","Arrondissement Hasselt","Arrondissement de Hasselt","Provincie Limburg","Province du Limbourg","Vlaams Gewest","Région flamande","5"
"2020-04-17","71024","Herk-de-Stad","Herck-la-Ville","Arrondissement Hasselt","Arrondissement de Hasselt","Provincie Limburg","Province du Limbourg","Vlaams Gewest","Région flamande","<5"
"2020-04-17","71034","Leopoldsburg","Bourg-Léopold","Arrondissement Hasselt","Arrondissement de Hasselt","Provincie Limburg","Province du Limbourg","Vlaams Gewest","Région flamande","<5"
"2020-04-17","71037","Lummen","Lummen","Arrondissement Hasselt","Arrondissement de Hasselt","Provincie Limburg","Province du Limbourg","Vlaams Gewest","Région flamande","<5"
"2020-04-17","71045","Nieuwerkerken (Hasselt)","Nieuwerkerken (Hasselt)","Arrondissement Hasselt","Arrondissement de Hasselt","Provincie Limburg","Province du Limbourg","Vlaams Gewest","Région flamande","6"
"2020-04-17","71053","Sint-Truiden","Saint-Trond","Arrondissement Hasselt","Arrondissement de Hasselt","Provincie Limburg","Province du Limbourg","Vlaams Gewest","Région flamande","11"
"2020-04-17","71057","Tessenderlo","Tessenderlo","Arrondissement Hasselt","Arrondissement de Hasselt","Provincie Limburg","Province du Limbourg","Vlaams Gewest","Région flamande","5"
"2020-04-17","71066","Zonhoven","Zonhoven","Arrondissement Hasselt","Arrondissement de Hasselt","Provincie Limburg","Province du Limbourg","Vlaams Gewest","Région flamande","<5"
"2020-04-17","71067","Zutendaal","Zutendaal","Arrondissement Hasselt","Arrondissement de Hasselt","Provincie Limburg","Province du Limbourg","Vlaams Gewest","Région flamande","10"
"2020-04-17","71069","Ham","Ham","Arrondissement Hasselt","Arrondissement de Hasselt","Provincie Limburg","Province du Limbourg","Vlaams Gewest","Région flamande","<5"
"2020-04-17","71070","Heusden-Zolder","Heusden-Zolder","Arrondissement Hasselt","Arrondissement de Hasselt","Provincie Limburg","Province du Limbourg","Vlaams Gewest","Région flamande","7"
"2020-04-17","72020","Lommel","Lommel","Arrondissement Maaseik","Arrondissement de Maaseik","Provincie Limburg","Province du Limbourg","Vlaams Gewest","Région flamande","<5"
"2020-04-17","72021","Maaseik","Maaseik","Arrondissement Maaseik","Arrondissement de Maaseik","Provincie Limburg","Province du Limbourg","Vlaams Gewest","Région flamande","<5"
"2020-04-17","72030","Peer","Peer","Arrondissement Maaseik","Arrondissement de Maaseik","Provincie Limburg","Province du Limbourg","Vlaams Gewest","Région flamande","<5"
"2020-04-17","72037","Hamont-Achel","Hamont-Achel","Arrondissement Maaseik","Arrondissement de Maaseik","Provincie Limburg","Province du Limbourg","Vlaams Gewest","Région flamande","<5"
"2020-04-17","72039","Houthalen-Helchteren","Houthalen-Helchteren","Arrondissement Maaseik","Arrondissement de Maaseik","Provincie Limburg","Province du Limbourg","Vlaams Gewest","Région flamande","5"
"2020-04-17","72041","Dilsen-Stokkem","Dilsen-Stokkem","Arrondissement Maaseik","Arrondissement de Maaseik","Provincie Limburg","Province du Limbourg","Vlaams Gewest","Région flamande","6"
"2020-04-17","72042","Oudsbergen","Oudsbergen","Arrondissement Maaseik","Arrondissement de Maaseik","Provincie Limburg","Province du Limbourg","Vlaams Gewest","Région flamande","6"
"2020-04-17","72043","Pelt","Pelt","Arrondissement Maaseik","Arrondissement de Maaseik","Provincie Limburg","Province du Limbourg","Vlaams Gewest","Région flamande","<5"
"2020-04-17","73001","Alken","Alken","Arrondissement Tongeren","Arrondissement de Tongres","Provincie Limburg","Province du Limbourg","Vlaams Gewest","Région flamande","5"
"2020-04-17","73006","Bilzen","Bilzen","Arrondissement Tongeren","Arrondissement de Tongres","Provincie Limburg","Province du Limbourg","Vlaams Gewest","Région flamande","7"
"2020-04-17","73009","Borgloon","Looz","Arrondissement Tongeren","Arrondissement de Tongres","Provincie Limburg","Province du Limbourg","Vlaams Gewest","Région flamande","<5"
"2020-04-17","73022","Heers","Heers","Arrondissement Tongeren","Arrondissement de Tongres","Provincie Limburg","Province du Limbourg","Vlaams Gewest","Région flamande","<5"
"2020-04-17","73028","Herstappe","Herstappe","Arrondissement Tongeren","Arrondissement de Tongres","Provincie Limburg","Province du Limbourg","Vlaams Gewest","Région flamande","<5"
"2020-04-17","73032","Hoeselt","Hoeselt","Arrondissement Tongeren","Arrondissement de Tongres","Provincie Limburg","Province du Limbourg","Vlaams Gewest","Région flamande","<5"
"2020-04-17","73042","Lanaken","Lanaken","Arrondissement Tongeren","Arrondissement de Tongres","Provincie Limburg","Province du Limbourg","Vlaams Gewest","Région flamande","<5"
"2020-04-17","73066","Riemst","Riemst","Arrondissement Tongeren","Arrondissement de Tongres","Provincie Limburg","Province du Limbourg","Vlaams Gewest","Région flamande","6"
"2020-04-17","73083","Tongeren","Tongres","Arrondissement Tongeren","Arrondissement de Tongres","Provincie Limburg","Province du Limbourg","Vlaams Gewest","Région flamande","<5"
"2020-04-17","73107","Maasmechelen","Maasmechelen","Arrondissement Tongeren","Arrondissement de Tongres","Provincie Limburg","Province du Limbourg","Vlaams Gewest","Région flamande","5"
"2020-04-17","81001","Aarlen","Arlon","Arrondissement Aarlen","Arrondissement d’Arlon","Provincie Luxemburg","Province du Luxembourg","Waals Gewest","Région wallonne","<5"
"2020-04-17","81004","Aubange","Aubange","Arrondissement Aarlen","Arrondissement d’Arlon","Provincie Luxemburg","Province du Luxembourg","Waals Gewest","Région wallonne","<5"
"2020-04-17","81015","Messancy","Messancy","Arrondissement Aarlen","Arrondissement d’Arlon","Provincie Luxemburg","Province du Luxembourg","Waals Gewest","Région wallonne","<5"
"2020-04-17","82037","Gouvy","Gouvy","Arrondissement Bastenaken","Arrondissement de Bastogne","Provincie Luxemburg","Province du Luxembourg","Waals Gewest","Région wallonne","<5"
"2020-04-17","83034","Marche-en-Famenne","Marche-en-Famenne","Arrondissement Marche-en-Famenne","Arrondissement de Marche-en-Famenne","Provincie Luxemburg","Province du Luxembourg","Waals Gewest","Région wallonne","5"
"2020-04-17","84010","Bouillon","Bouillon","Arrondissement Neufchâteau","Arrondissement de Neufchâteau","Provincie Luxemburg","Province du Luxembourg","Waals Gewest","Région wallonne","<5"
"2020-04-17","84033","Léglise","Léglise","Arrondissement Neufchâteau","Arrondissement de Neufchâteau","Provincie Luxemburg","Province du Luxembourg","Waals Gewest","Région wallonne","<5"
"2020-04-17","84035","Libin","Libin","Arrondissement Neufchâteau","Arrondissement de Neufchâteau","Provincie Luxemburg","Province du Luxembourg","Waals Gewest","Région wallonne","<5"
"2020-04-17","84043","Neufchâteau (Neufchâteau)","Neufchâteau (Neufchâteau)","Arrondissement Neufchâteau","Arrondissement de Neufchâteau","Provincie Luxemburg","Province du Luxembourg","Waals Gewest","Région wallonne","<5"
"2020-04-17","84059","Saint-Hubert","Saint-Hubert","Arrondissement Neufchâteau","Arrondissement de Neufchâteau","Provincie Luxemburg","Province du Luxembourg","Waals Gewest","Région wallonne","<5"
"2020-04-17","84077","Libramont-Chevigny","Libramont-Chevigny","Arrondissement Neufchâteau","Arrondissement de Neufchâteau","Provincie Luxemburg","Province du Luxembourg","Waals Gewest","Région wallonne","<5"
"2020-04-17","85009","Etalle","Etalle","Arrondissement Virton","Arrondissement de Virton","Provincie Luxemburg","Province du Luxembourg","Waals Gewest","Région wallonne","<5"
"2020-04-17","85045","Virton","Virton","Arrondissement Virton","Arrondissement de Virton","Provincie Luxemburg","Province du Luxembourg","Waals Gewest","Région wallonne","<5"
"2020-04-17","91030","Ciney","Ciney","Arrondissement Dinant","Arrondissement de Dinant","Provincie Namen","Province de Namur","Waals Gewest","Région wallonne","5"
"2020-04-17","91059","Hamois","Hamois","Arrondissement Dinant","Arrondissement de Dinant","Provincie Namen","Province de Namur","Waals Gewest","Région wallonne","<5"
"2020-04-17","91064","Havelange","Havelange","Arrondissement Dinant","Arrondissement de Dinant","Provincie Namen","Province de Namur","Waals Gewest","Région wallonne","<5"
"2020-04-17","91103","Onhaye","Onhaye","Arrondissement Dinant","Arrondissement de Dinant","Provincie Namen","Province de Namur","Waals Gewest","Région wallonne","<5"
"2020-04-17","92003","Andenne","Andenne","Arrondissement Namen","Arrondissement de Namur","Provincie Namen","Province de Namur","Waals Gewest","Région wallonne","6"
"2020-04-17","92045","Floreffe","Floreffe","Arrondissement Namen","Arrondissement de Namur","Provincie Namen","Province de Namur","Waals Gewest","Région wallonne","<5"
"2020-04-17","92054","Gesves","Gesves","Arrondissement Namen","Arrondissement de Namur","Provincie Namen","Province de Namur","Waals Gewest","Région wallonne","<5"
"2020-04-17","92087","Mettet","Mettet","Arrondissement Namen","Arrondissement de Namur","Provincie Namen","Province de Namur","Waals Gewest","Région wallonne","<5"
"2020-04-17","92094","Namen","Namur","Arrondissement Namen","Arrondissement de Namur","Provincie Namen","Province de Namur","Waals Gewest","Région wallonne","11"
"2020-04-17","92101","Profondeville","Profondeville","Arrondissement Namen","Arrondissement de Namur","Provincie Namen","Province de Namur","Waals Gewest","Région wallonne","<5"
"2020-04-17","92114","Sombreffe","Sombreffe","Arrondissement Namen","Arrondissement de Namur","Provincie Namen","Province de Namur","Waals Gewest","Région wallonne","<5"
"2020-04-17","92137","Sambreville","Sambreville","Arrondissement Namen","Arrondissement de Namur","Provincie Namen","Province de Namur","Waals Gewest","Région wallonne","<5"
"2020-04-17","92140","Jemeppe-sur-Sambre","Jemeppe-sur-Sambre","Arrondissement Namen","Arrondissement de Namur","Provincie Namen","Province de Namur","Waals Gewest","Région wallonne","<5"
"2020-04-17","92141","La Bruyère","La Bruyère","Arrondissement Namen","Arrondissement de Namur","Provincie Namen","Province de Namur","Waals Gewest","Région wallonne","<5"
"2020-04-17","92142","Gembloux","Gembloux","Arrondissement Namen","Arrondissement de Namur","Provincie Namen","Province de Namur","Waals Gewest","Région wallonne","<5"
"2020-04-17","93056","Philippeville","Philippeville","Arrondissement Philippeville","Arrondissement de Philippeville","Provincie Namen","Province de Namur","Waals Gewest","Région wallonne","<5"
"2020-04-17","93088","Walcourt","Walcourt","Arrondissement Philippeville","Arrondissement de Philippeville","Provincie Namen","Province de Namur","Waals Gewest","Région wallonne","<5"
"2020-04-17",NA,NA,NA,NA,NA,NA,NA,NA,NA,"31"
"2020-04-18","11002","Antwerpen","Anvers","Arrondissement Antwerpen","Arrondissement d’Anvers","Provincie Antwerpen","Province d’Anvers","Vlaams Gewest","Région flamande","19"
"2020-04-18","11004","Boechout","Boechout","Arrondissement Antwerpen","Arrondissement d’Anvers","Provincie Antwerpen","Province d’Anvers","Vlaams Gewest","Région flamande","<5"
"2020-04-18","11007","Borsbeek","Borsbeek","Arrondissement Antwerpen","Arrondissement d’Anvers","Provincie Antwerpen","Province d’Anvers","Vlaams Gewest","Région flamande","<5"
"2020-04-18","11008","Brasschaat","Brasschaat","Arrondissement Antwerpen","Arrondissement d’Anvers","Provincie Antwerpen","Province d’Anvers","Vlaams Gewest","Région flamande","<5"
"2020-04-18","11009","Brecht","Brecht","Arrondissement Antwerpen","Arrondissement d’Anvers","Provincie Antwerpen","Province d’Anvers","Vlaams Gewest","Région flamande","<5"
"2020-04-18","11016","Essen","Essen","Arrondissement Antwerpen","Arrondissement d’Anvers","Provincie Antwerpen","Province d’Anvers","Vlaams Gewest","Région flamande","<5"
"2020-04-18","11018","Hemiksem","Hemiksem","Arrondissement Antwerpen","Arrondissement d’Anvers","Provincie Antwerpen","Province d’Anvers","Vlaams Gewest","Région flamande","<5"
"2020-04-18","11022","Kalmthout","Kalmthout","Arrondissement Antwerpen","Arrondissement d’Anvers","Provincie Antwerpen","Province d’Anvers","Vlaams Gewest","Région flamande","<5"
"2020-04-18","11023","Kapellen (Antwerpen)","Kapellen (Anvers)","Arrondissement Antwerpen","Arrondissement d’Anvers","Provincie Antwerpen","Province d’Anvers","Vlaams Gewest","Région flamande","<5"
"2020-04-18","11037","Rumst","Rumst","Arrondissement Antwerpen","Arrondissement d’Anvers","Provincie Antwerpen","Province d’Anvers","Vlaams Gewest","Région flamande","<5"
"2020-04-18","11044","Stabroek","Stabroek","Arrondissement Antwerpen","Arrondissement d’Anvers","Provincie Antwerpen","Province d’Anvers","Vlaams Gewest","Région flamande","<5"
"2020-04-18","11053","Wuustwezel","Wuustwezel","Arrondissement Antwerpen","Arrondissement d’Anvers","Provincie Antwerpen","Province d’Anvers","Vlaams Gewest","Région flamande","<5"
"2020-04-18","12021","Lier","Lierre","Arrondissement Mechelen","Arrondissement de Malines","Provincie Antwerpen","Province d’Anvers","Vlaams Gewest","Région flamande","<5"
"2020-04-18","12025","Mechelen","Malines","Arrondissement Mechelen","Arrondissement de Malines","Provincie Antwerpen","Province d’Anvers","Vlaams Gewest","Région flamande","<5"
"2020-04-18","12026","Nijlen","Nijlen","Arrondissement Mechelen","Arrondissement de Malines","Provincie Antwerpen","Province d’Anvers","Vlaams Gewest","Région flamande","<5"
"2020-04-18","12035","Sint-Katelijne-Waver","Sint-Katelijne-Waver","Arrondissement Mechelen","Arrondissement de Malines","Provincie Antwerpen","Province d’Anvers","Vlaams Gewest","Région flamande","<5"
"2020-04-18","12040","Willebroek","Willebroek","Arrondissement Mechelen","Arrondissement de Malines","Provincie Antwerpen","Province d’Anvers","Vlaams Gewest","Région flamande","<5"
"2020-04-18","13006","Dessel","Dessel","Arrondissement Turnhout","Arrondissement de Turnhout","Provincie Antwerpen","Province d’Anvers","Vlaams Gewest","Région flamande","<5"
"2020-04-18","13010","Grobbendonk","Grobbendonk","Arrondissement Turnhout","Arrondissement de Turnhout","Provincie Antwerpen","Province d’Anvers","Vlaams Gewest","Région flamande","<5"
"2020-04-18","13017","Kasterlee","Kasterlee","Arrondissement Turnhout","Arrondissement de Turnhout","Provincie Antwerpen","Province d’Anvers","Vlaams Gewest","Région flamande","<5"
"2020-04-18","13021","Meerhout","Meerhout","Arrondissement Turnhout","Arrondissement de Turnhout","Provincie Antwerpen","Province d’Anvers","Vlaams Gewest","Région flamande","<5"
"2020-04-18","13025","Mol","Mol","Arrondissement Turnhout","Arrondissement de Turnhout","Provincie Antwerpen","Province d’Anvers","Vlaams Gewest","Région flamande","<5"
"2020-04-18","13029","Olen","Olen","Arrondissement Turnhout","Arrondissement de Turnhout","Provincie Antwerpen","Province d’Anvers","Vlaams Gewest","Région flamande","<5"
"2020-04-18","13031","Oud-Turnhout","Oud-Turnhout","Arrondissement Turnhout","Arrondissement de Turnhout","Provincie Antwerpen","Province d’Anvers","Vlaams Gewest","Région flamande","<5"
"2020-04-18","13040","Turnhout","Turnhout","Arrondissement Turnhout","Arrondissement de Turnhout","Provincie Antwerpen","Province d’Anvers","Vlaams Gewest","Région flamande","6"
"2020-04-18","13046","Vosselaar","Vosselaar","Arrondissement Turnhout","Arrondissement de Turnhout","Provincie Antwerpen","Province d’Anvers","Vlaams Gewest","Région flamande","<5"
"2020-04-18","21001","Anderlecht","Anderlecht","Arrondissement Brussel-Hoofdstad","Arrondissement de Bruxelles-Capitale",NA,NA,"Brussels Hoofdstedelijk Gewest","Région de Bruxelles-Capitale","5"
"2020-04-18","21002","Oudergem","Auderghem","Arrondissement Brussel-Hoofdstad","Arrondissement de Bruxelles-Capitale",NA,NA,"Brussels Hoofdstedelijk Gewest","Région de Bruxelles-Capitale","<5"
"2020-04-18","21003","Sint-Agatha-Berchem","Berchem-Sainte-Agathe","Arrondissement Brussel-Hoofdstad","Arrondissement de Bruxelles-Capitale",NA,NA,"Brussels Hoofdstedelijk Gewest","Région de Bruxelles-Capitale","<5"
"2020-04-18","21004","Brussel","Bruxelles","Arrondissement Brussel-Hoofdstad","Arrondissement de Bruxelles-Capitale",NA,NA,"Brussels Hoofdstedelijk Gewest","Région de Bruxelles-Capitale","7"
"2020-04-18","21005","Etterbeek","Etterbeek","Arrondissement Brussel-Hoofdstad","Arrondissement de Bruxelles-Capitale",NA,NA,"Brussels Hoofdstedelijk Gewest","Région de Bruxelles-Capitale","<5"
"2020-04-18","21006","Evere","Evere","Arrondissement Brussel-Hoofdstad","Arrondissement de Bruxelles-Capitale",NA,NA,"Brussels Hoofdstedelijk Gewest","Région de Bruxelles-Capitale","<5"
"2020-04-18","21007","Vorst (Brussel-Hoofdstad)","Forest (Bruxelles-Capitale)","Arrondissement Brussel-Hoofdstad","Arrondissement de Bruxelles-Capitale",NA,NA,"Brussels Hoofdstedelijk Gewest","Région de Bruxelles-Capitale","<5"
"2020-04-18","21008","Ganshoren","Ganshoren","Arrondissement Brussel-Hoofdstad","Arrondissement de Bruxelles-Capitale",NA,NA,"Brussels Hoofdstedelijk Gewest","Région de Bruxelles-Capitale","<5"
"2020-04-18","21009","Elsene","Ixelles","Arrondissement Brussel-Hoofdstad","Arrondissement de Bruxelles-Capitale",NA,NA,"Brussels Hoofdstedelijk Gewest","Région de Bruxelles-Capitale","<5"
"2020-04-18","21010","Jette","Jette","Arrondissement Brussel-Hoofdstad","Arrondissement de Bruxelles-Capitale",NA,NA,"Brussels Hoofdstedelijk Gewest","Région de Bruxelles-Capitale","<5"
"2020-04-18","21011","Koekelberg","Koekelberg","Arrondissement Brussel-Hoofdstad","Arrondissement de Bruxelles-Capitale",NA,NA,"Brussels Hoofdstedelijk Gewest","Région de Bruxelles-Capitale","<5"
"2020-04-18","21012","Sint-Jans-Molenbeek","Molenbeek-Saint-Jean","Arrondissement Brussel-Hoofdstad","Arrondissement de Bruxelles-Capitale",NA,NA,"Brussels Hoofdstedelijk Gewest","Région de Bruxelles-Capitale","<5"
"2020-04-18","21013","Sint-Gillis","Saint-Gilles","Arrondissement Brussel-Hoofdstad","Arrondissement de Bruxelles-Capitale",NA,NA,"Brussels Hoofdstedelijk Gewest","Région de Bruxelles-Capitale","<5"
"2020-04-18","21015","Schaarbeek","Schaerbeek","Arrondissement Brussel-Hoofdstad","Arrondissement de Bruxelles-Capitale",NA,NA,"Brussels Hoofdstedelijk Gewest","Région de Bruxelles-Capitale","6"
"2020-04-18","21016","Ukkel","Uccle","Arrondissement Brussel-Hoofdstad","Arrondissement de Bruxelles-Capitale",NA,NA,"Brussels Hoofdstedelijk Gewest","Région de Bruxelles-Capitale","<5"
"2020-04-18","21018","Sint-Lambrechts-Woluwe","Woluwe-Saint-Lambert","Arrondissement Brussel-Hoofdstad","Arrondissement de Bruxelles-Capitale",NA,NA,"Brussels Hoofdstedelijk Gewest","Région de Bruxelles-Capitale","<5"
"2020-04-18","21019","Sint-Pieters-Woluwe","Woluwe-Saint-Pierre","Arrondissement Brussel-Hoofdstad","Arrondissement de Bruxelles-Capitale",NA,NA,"Brussels Hoofdstedelijk Gewest","Région de Bruxelles-Capitale","<5"
"2020-04-18","23002","Asse","Asse","Arrondissement Halle-Vilvoorde","Arrondissement de Hal-Vilvorde","Provincie Vlaams-Brabant","Province du Brabant flamand","Vlaams Gewest","Région flamande","<5"
"2020-04-18","23016","Dilbeek","Dilbeek","Arrondissement Halle-Vilvoorde","Arrondissement de Hal-Vilvorde","Provincie Vlaams-Brabant","Province du Brabant flamand","Vlaams Gewest","Région flamande","<5"
"2020-04-18","23025","Grimbergen","Grimbergen","Arrondissement Halle-Vilvoorde","Arrondissement de Hal-Vilvorde","Provincie Vlaams-Brabant","Province du Brabant flamand","Vlaams Gewest","Région flamande","<5"
"2020-04-18","23027","Halle (Halle-Vilvoorde)","Hal (Hal-Vilvorde)","Arrondissement Halle-Vilvoorde","Arrondissement de Hal-Vilvorde","Provincie Vlaams-Brabant","Province du Brabant flamand","Vlaams Gewest","Région flamande","<5"
"2020-04-18","23038","Kampenhout","Kampenhout","Arrondissement Halle-Vilvoorde","Arrondissement de Hal-Vilvorde","Provincie Vlaams-Brabant","Province du Brabant flamand","Vlaams Gewest","Région flamande","<5"
"2020-04-18","23039","Kapelle-op-den-Bos","Kapelle-op-den-Bos","Arrondissement Halle-Vilvoorde","Arrondissement de Hal-Vilvorde","Provincie Vlaams-Brabant","Province du Brabant flamand","Vlaams Gewest","Région flamande","<5"
"2020-04-18","23044","Liedekerke","Liedekerke","Arrondissement Halle-Vilvoorde","Arrondissement de Hal-Vilvorde","Provincie Vlaams-Brabant","Province du Brabant flamand","Vlaams Gewest","Région flamande","<5"
"2020-04-18","23045","Londerzeel","Londerzeel","Arrondissement Halle-Vilvoorde","Arrondissement de Hal-Vilvorde","Provincie Vlaams-Brabant","Province du Brabant flamand","Vlaams Gewest","Région flamande","<5"
"2020-04-18","23047","Machelen (Halle-Vilvoorde)","Machelen (Hal-Vilvorde)","Arrondissement Halle-Vilvoorde","Arrondissement de Hal-Vilvorde","Provincie Vlaams-Brabant","Province du Brabant flamand","Vlaams Gewest","Région flamande","<5"
"2020-04-18","23062","Overijse","Overijse","Arrondissement Halle-Vilvoorde","Arrondissement de Hal-Vilvorde","Provincie Vlaams-Brabant","Province du Brabant flamand","Vlaams Gewest","Région flamande","<5"
"2020-04-18","23086","Ternat","Ternat","Arrondissement Halle-Vilvoorde","Arrondissement de Hal-Vilvorde","Provincie Vlaams-Brabant","Province du Brabant flamand","Vlaams Gewest","Région flamande","<5"
"2020-04-18","23088","Vilvoorde","Vilvorde","Arrondissement Halle-Vilvoorde","Arrondissement de Hal-Vilvorde","Provincie Vlaams-Brabant","Province du Brabant flamand","Vlaams Gewest","Région flamande","<5"
"2020-04-18","23094","Zaventem","Zaventem","Arrondissement Halle-Vilvoorde","Arrondissement de Hal-Vilvorde","Provincie Vlaams-Brabant","Province du Brabant flamand","Vlaams Gewest","Région flamande","<5"
"2020-04-18","23097","Roosdaal","Roosdaal","Arrondissement Halle-Vilvoorde","Arrondissement de Hal-Vilvorde","Provincie Vlaams-Brabant","Province du Brabant flamand","Vlaams Gewest","Région flamande","<5"
"2020-04-18","23098","Drogenbos","Drogenbos","Arrondissement Halle-Vilvoorde","Arrondissement de Hal-Vilvorde","Provincie Vlaams-Brabant","Province du Brabant flamand","Vlaams Gewest","Région flamande","<5"
"2020-04-18","23101","Sint-Genesius-Rode","Rhode-Saint-Genèse","Arrondissement Halle-Vilvoorde","Arrondissement de Hal-Vilvorde","Provincie Vlaams-Brabant","Province du Brabant flamand","Vlaams Gewest","Région flamande","<5"
"2020-04-18","24028","Geetbets","Geetbets","Arrondissement Leuven","Arrondissement de Louvain","Provincie Vlaams-Brabant","Province du Brabant flamand","Vlaams Gewest","Région flamande","<5"
"2020-04-18","24033","Haacht","Haacht","Arrondissement Leuven","Arrondissement de Louvain","Provincie Vlaams-Brabant","Province du Brabant flamand","Vlaams Gewest","Région flamande","<5"
"2020-04-18","24059","Landen","Landen","Arrondissement Leuven","Arrondissement de Louvain","Provincie Vlaams-Brabant","Province du Brabant flamand","Vlaams Gewest","Région flamande","<5"
"2020-04-18","24104","Tervuren","Tervuren","Arrondissement Leuven","Arrondissement de Louvain","Provincie Vlaams-Brabant","Province du Brabant flamand","Vlaams Gewest","Région flamande","<5"
"2020-04-18","24107","Tienen","Tirlemont","Arrondissement Leuven","Arrondissement de Louvain","Provincie Vlaams-Brabant","Province du Brabant flamand","Vlaams Gewest","Région flamande","<5"
"2020-04-18","24109","Tremelo","Tremelo","Arrondissement Leuven","Arrondissement de Louvain","Provincie Vlaams-Brabant","Province du Brabant flamand","Vlaams Gewest","Région flamande","<5"
"2020-04-18","24130","Zoutleeuw","Léau","Arrondissement Leuven","Arrondissement de Louvain","Provincie Vlaams-Brabant","Province du Brabant flamand","Vlaams Gewest","Région flamande","<5"
"2020-04-18","25014","Eigenbrakel","Braine-l’Alleud","Arrondissement Nijvel","Arrondissement de Nivelles","Provincie Waals-Brabant","Province du Brabant wallon","Waals Gewest","Région wallonne","13"
"2020-04-18","25023","Court-Saint-Etienne","Court-Saint-Etienne","Arrondissement Nijvel","Arrondissement de Nivelles","Provincie Waals-Brabant","Province du Brabant wallon","Waals Gewest","Région wallonne","<5"
"2020-04-18","25031","Genepiën","Genappe","Arrondissement Nijvel","Arrondissement de Nivelles","Provincie Waals-Brabant","Province du Brabant wallon","Waals Gewest","Région wallonne","6"
"2020-04-18","25044","Itter","Ittre","Arrondissement Nijvel","Arrondissement de Nivelles","Provincie Waals-Brabant","Province du Brabant wallon","Waals Gewest","Région wallonne","<5"
"2020-04-18","25072","Nijvel","Nivelles","Arrondissement Nijvel","Arrondissement de Nivelles","Provincie Waals-Brabant","Province du Brabant wallon","Waals Gewest","Région wallonne","<5"
"2020-04-18","25110","Waterloo","Waterloo","Arrondissement Nijvel","Arrondissement de Nivelles","Provincie Waals-Brabant","Province du Brabant wallon","Waals Gewest","Région wallonne","<5"
"2020-04-18","25120","Orp-Jauche","Orp-Jauche","Arrondissement Nijvel","Arrondissement de Nivelles","Provincie Waals-Brabant","Province du Brabant wallon","Waals Gewest","Région wallonne","<5"
"2020-04-18","25121","Ottignies-Louvain-la-Neuve","Ottignies-Louvain-la-Neuve","Arrondissement Nijvel","Arrondissement de Nivelles","Provincie Waals-Brabant","Province du Brabant wallon","Waals Gewest","Région wallonne","<5"
"2020-04-18","25124","Walhain","Walhain","Arrondissement Nijvel","Arrondissement de Nivelles","Provincie Waals-Brabant","Province du Brabant wallon","Waals Gewest","Région wallonne","<5"
"2020-04-18","31003","Beernem","Beernem","Arrondissement Brugge","Arrondissement de Bruges","Provincie West-Vlaanderen","Province de Flandre occidentale","Vlaams Gewest","Région flamande","<5"
"2020-04-18","31005","Brugge","Bruges","Arrondissement Brugge","Arrondissement de Bruges","Provincie West-Vlaanderen","Province de Flandre occidentale","Vlaams Gewest","Région flamande","8"
"2020-04-18","31006","Damme","Damme","Arrondissement Brugge","Arrondissement de Bruges","Provincie West-Vlaanderen","Province de Flandre occidentale","Vlaams Gewest","Région flamande","<5"
"2020-04-18","31022","Oostkamp","Oostkamp","Arrondissement Brugge","Arrondissement de Bruges","Provincie West-Vlaanderen","Province de Flandre occidentale","Vlaams Gewest","Région flamande","<5"
"2020-04-18","31033","Torhout","Torhout","Arrondissement Brugge","Arrondissement de Bruges","Provincie West-Vlaanderen","Province de Flandre occidentale","Vlaams Gewest","Région flamande","<5"
"2020-04-18","31043","Knokke-Heist","Knokke-Heist","Arrondissement Brugge","Arrondissement de Bruges","Provincie West-Vlaanderen","Province de Flandre occidentale","Vlaams Gewest","Région flamande","<5"
"2020-04-18","32030","Lo-Reninge","Lo-Reninge","Arrondissement Diksmuide","Arrondissement de Dixmude","Provincie West-Vlaanderen","Province de Flandre occidentale","Vlaams Gewest","Région flamande","<5"
"2020-04-18","33011","Ieper","Ypres","Arrondissement Ieper","Arrondissement d’Ypres","Provincie West-Vlaanderen","Province de Flandre occidentale","Vlaams Gewest","Région flamande","<5"
"2020-04-18","33029","Wervik","Wervik","Arrondissement Ieper","Arrondissement d’Ypres","Provincie West-Vlaanderen","Province de Flandre occidentale","Vlaams Gewest","Région flamande","<5"
"2020-04-18","33040","Langemark-Poelkapelle","Langemark-Poelkapelle","Arrondissement Ieper","Arrondissement d’Ypres","Provincie West-Vlaanderen","Province de Flandre occidentale","Vlaams Gewest","Région flamande","<5"
"2020-04-18","34003","Avelgem","Avelgem","Arrondissement Kortrijk","Arrondissement de Courtrai","Provincie West-Vlaanderen","Province de Flandre occidentale","Vlaams Gewest","Région flamande","<5"
"2020-04-18","34009","Deerlijk","Deerlijk","Arrondissement Kortrijk","Arrondissement de Courtrai","Provincie West-Vlaanderen","Province de Flandre occidentale","Vlaams Gewest","Région flamande","<5"
"2020-04-18","34013","Harelbeke","Harelbeke","Arrondissement Kortrijk","Arrondissement de Courtrai","Provincie West-Vlaanderen","Province de Flandre occidentale","Vlaams Gewest","Région flamande","<5"
"2020-04-18","34022","Kortrijk","Courtrai","Arrondissement Kortrijk","Arrondissement de Courtrai","Provincie West-Vlaanderen","Province de Flandre occidentale","Vlaams Gewest","Région flamande","6"
"2020-04-18","34027","Menen","Menin","Arrondissement Kortrijk","Arrondissement de Courtrai","Provincie West-Vlaanderen","Province de Flandre occidentale","Vlaams Gewest","Région flamande","<5"
"2020-04-18","34040","Waregem","Waregem","Arrondissement Kortrijk","Arrondissement de Courtrai","Provincie West-Vlaanderen","Province de Flandre occidentale","Vlaams Gewest","Région flamande","<5"
"2020-04-18","34041","Wevelgem","Wevelgem","Arrondissement Kortrijk","Arrondissement de Courtrai","Provincie West-Vlaanderen","Province de Flandre occidentale","Vlaams Gewest","Région flamande","<5"
"2020-04-18","35013","Oostende","Ostende","Arrondissement Oostende","Arrondissement d’Ostende","Provincie West-Vlaanderen","Province de Flandre occidentale","Vlaams Gewest","Région flamande","<5"
"2020-04-18","36007","Ingelmunster","Ingelmunster","Arrondissement Roeselare","Arrondissement de Roulers","Provincie West-Vlaanderen","Province de Flandre occidentale","Vlaams Gewest","Région flamande","<5"
"2020-04-18","36008","Izegem","Izegem","Arrondissement Roeselare","Arrondissement de Roulers","Provincie West-Vlaanderen","Province de Flandre occidentale","Vlaams Gewest","Région flamande","<5"
"2020-04-18","36010","Ledegem","Ledegem","Arrondissement Roeselare","Arrondissement de Roulers","Provincie West-Vlaanderen","Province de Flandre occidentale","Vlaams Gewest","Région flamande","<5"
"2020-04-18","36011","Lichtervelde","Lichtervelde","Arrondissement Roeselare","Arrondissement de Roulers","Provincie West-Vlaanderen","Province de Flandre occidentale","Vlaams Gewest","Région flamande","<5"
"2020-04-18","36012","Moorslede","Moorslede","Arrondissement Roeselare","Arrondissement de Roulers","Provincie West-Vlaanderen","Province de Flandre occidentale","Vlaams Gewest","Région flamande","<5"
"2020-04-18","36015","Roeselare","Roulers","Arrondissement Roeselare","Arrondissement de Roulers","Provincie West-Vlaanderen","Province de Flandre occidentale","Vlaams Gewest","Région flamande","<5"
"2020-04-18","36019","Staden","Staden","Arrondissement Roeselare","Arrondissement de Roulers","Provincie West-Vlaanderen","Province de Flandre occidentale","Vlaams Gewest","Région flamande","<5"
"2020-04-18","37007","Meulebeke","Meulebeke","Arrondissement Tielt","Arrondissement de Tielt","Provincie West-Vlaanderen","Province de Flandre occidentale","Vlaams Gewest","Région flamande","<5"
"2020-04-18","37015","Tielt (Tielt)","Tielt (Tielt)","Arrondissement Tielt","Arrondissement de Tielt","Provincie West-Vlaanderen","Province de Flandre occidentale","Vlaams Gewest","Région flamande","<5"
"2020-04-18","37017","Wielsbeke","Wielsbeke","Arrondissement Tielt","Arrondissement de Tielt","Provincie West-Vlaanderen","Province de Flandre occidentale","Vlaams Gewest","Région flamande","<5"
"2020-04-18","38002","Alveringem","Alveringem","Arrondissement Veurne","Arrondissement de Furnes","Provincie West-Vlaanderen","Province de Flandre occidentale","Vlaams Gewest","Région flamande","<5"
"2020-04-18","41002","Aalst (Aalst)","Alost (Alost)","Arrondissement Aalst","Arrondissement d’Alost","Provincie Oost-Vlaanderen","Province de Flandre orientale","Vlaams Gewest","Région flamande","6"
"2020-04-18","41011","Denderleeuw","Denderleeuw","Arrondissement Aalst","Arrondissement d’Alost","Provincie Oost-Vlaanderen","Province de Flandre orientale","Vlaams Gewest","Région flamande","<5"
"2020-04-18","41018","Geraardsbergen","Grammont","Arrondissement Aalst","Arrondissement d’Alost","Provincie Oost-Vlaanderen","Province de Flandre orientale","Vlaams Gewest","Région flamande","<5"
"2020-04-18","41034","Lede","Lede","Arrondissement Aalst","Arrondissement d’Alost","Provincie Oost-Vlaanderen","Province de Flandre orientale","Vlaams Gewest","Région flamande","<5"
"2020-04-18","41048","Ninove","Ninove","Arrondissement Aalst","Arrondissement d’Alost","Provincie Oost-Vlaanderen","Province de Flandre orientale","Vlaams Gewest","Région flamande","<5"
"2020-04-18","42003","Berlare","Berlare","Arrondissement Dendermonde","Arrondissement de Termonde","Provincie Oost-Vlaanderen","Province de Flandre orientale","Vlaams Gewest","Région flamande","<5"
"2020-04-18","42004","Buggenhout","Buggenhout","Arrondissement Dendermonde","Arrondissement de Termonde","Provincie Oost-Vlaanderen","Province de Flandre orientale","Vlaams Gewest","Région flamande","<5"
"2020-04-18","42006","Dendermonde","Termonde","Arrondissement Dendermonde","Arrondissement de Termonde","Provincie Oost-Vlaanderen","Province de Flandre orientale","Vlaams Gewest","Région flamande","<5"
"2020-04-18","42008","Hamme (Dendermonde)","Hamme (Termonde)","Arrondissement Dendermonde","Arrondissement de Termonde","Provincie Oost-Vlaanderen","Province de Flandre orientale","Vlaams Gewest","Région flamande","<5"
"2020-04-18","42023","Waasmunster","Waasmunster","Arrondissement Dendermonde","Arrondissement de Termonde","Provincie Oost-Vlaanderen","Province de Flandre orientale","Vlaams Gewest","Région flamande","<5"
"2020-04-18","42025","Wetteren","Wetteren","Arrondissement Dendermonde","Arrondissement de Termonde","Provincie Oost-Vlaanderen","Province de Flandre orientale","Vlaams Gewest","Région flamande","<5"
"2020-04-18","43007","Kaprijke","Kaprijke","Arrondissement Eeklo","Arrondissement d’Eeklo","Provincie Oost-Vlaanderen","Province de Flandre orientale","Vlaams Gewest","Région flamande","<5"
"2020-04-18","44012","De Pinte","De Pinte","Arrondissement Gent","Arrondissement de Gand","Provincie Oost-Vlaanderen","Province de Flandre orientale","Vlaams Gewest","Région flamande","<5"
"2020-04-18","44021","Gent","Gand","Arrondissement Gent","Arrondissement de Gand","Provincie Oost-Vlaanderen","Province de Flandre orientale","Vlaams Gewest","Région flamande","<5"
"2020-04-18","44083","Deinze","Deinze","Arrondissement Gent","Arrondissement de Gand","Provincie Oost-Vlaanderen","Province de Flandre orientale","Vlaams Gewest","Région flamande","<5"
"2020-04-18","44084","Aalter","Aalter","Arrondissement Gent","Arrondissement de Gand","Provincie Oost-Vlaanderen","Province de Flandre orientale","Vlaams Gewest","Région flamande","<5"
"2020-04-18","44085","Lievegem","Lievegem","Arrondissement Gent","Arrondissement de Gand","Provincie Oost-Vlaanderen","Province de Flandre orientale","Vlaams Gewest","Région flamande","6"
"2020-04-18","45063","Lierde","Lierde","Arrondissement Oudenaarde","Arrondissement d’Audenarde","Provincie Oost-Vlaanderen","Province de Flandre orientale","Vlaams Gewest","Région flamande","<5"
"2020-04-18","45068","Kruisem","Kruisem","Arrondissement Oudenaarde","Arrondissement d’Audenarde","Provincie Oost-Vlaanderen","Province de Flandre orientale","Vlaams Gewest","Région flamande","<5"
"2020-04-18","46014","Lokeren","Lokeren","Arrondissement Sint-Niklaas","Arrondissement de Saint-Nicolas","Provincie Oost-Vlaanderen","Province de Flandre orientale","Vlaams Gewest","Région flamande","<5"
"2020-04-18","46021","Sint-Niklaas (Sint-Niklaas)","Saint-Nicolas (Saint-Nicolas)","Arrondissement Sint-Niklaas","Arrondissement de Saint-Nicolas","Provincie Oost-Vlaanderen","Province de Flandre orientale","Vlaams Gewest","Région flamande","<5"
"2020-04-18","46025","Temse","Tamise","Arrondissement Sint-Niklaas","Arrondissement de Saint-Nicolas","Provincie Oost-Vlaanderen","Province de Flandre orientale","Vlaams Gewest","Région flamande","<5"
"2020-04-18","51004","Aat","Ath","Arrondissement Aat","Arrondissement d’Ath","Provincie Henegouwen","Province du Hainaut","Waals Gewest","Région wallonne","23"
"2020-04-18","51008","Beloeil","Beloeil","Arrondissement Aat","Arrondissement d’Ath","Provincie Henegouwen","Province du Hainaut","Waals Gewest","Région wallonne","<5"
"2020-04-18","51009","Bernissart","Bernissart","Arrondissement Aat","Arrondissement d’Ath","Provincie Henegouwen","Province du Hainaut","Waals Gewest","Région wallonne","<5"
"2020-04-18","51014","Chièvres","Chièvres","Arrondissement Aat","Arrondissement d’Ath","Provincie Henegouwen","Province du Hainaut","Waals Gewest","Région wallonne","<5"
"2020-04-18","51065","Frasnes-lez-Anvaing","Frasnes-lez-Anvaing","Arrondissement Aat","Arrondissement d’Ath","Provincie Henegouwen","Province du Hainaut","Waals Gewest","Région wallonne","<5"
"2020-04-18","51069","Lessen","Lessines","Arrondissement Aat","Arrondissement d’Ath","Provincie Henegouwen","Province du Hainaut","Waals Gewest","Région wallonne","<5"
"2020-04-18","52010","Chapelle-lez-Herlaimont","Chapelle-lez-Herlaimont","Arrondissement Charleroi","Arrondissement de Charleroi","Provincie Henegouwen","Province du Hainaut","Waals Gewest","Région wallonne","<5"
"2020-04-18","52011","Charleroi","Charleroi","Arrondissement Charleroi","Arrondissement de Charleroi","Provincie Henegouwen","Province du Hainaut","Waals Gewest","Région wallonne","37"
"2020-04-18","52012","Châtelet","Châtelet","Arrondissement Charleroi","Arrondissement de Charleroi","Provincie Henegouwen","Province du Hainaut","Waals Gewest","Région wallonne","<5"
"2020-04-18","52015","Courcelles","Courcelles","Arrondissement Charleroi","Arrondissement de Charleroi","Provincie Henegouwen","Province du Hainaut","Waals Gewest","Région wallonne","<5"
"2020-04-18","52021","Fleurus","Fleurus","Arrondissement Charleroi","Arrondissement de Charleroi","Provincie Henegouwen","Province du Hainaut","Waals Gewest","Région wallonne","<5"
"2020-04-18","52025","Gerpinnes","Gerpinnes","Arrondissement Charleroi","Arrondissement de Charleroi","Provincie Henegouwen","Province du Hainaut","Waals Gewest","Région wallonne","<5"
"2020-04-18","52048","Montigny-le-Tilleul","Montigny-le-Tilleul","Arrondissement Charleroi","Arrondissement de Charleroi","Provincie Henegouwen","Province du Hainaut","Waals Gewest","Région wallonne","<5"
"2020-04-18","52074","Aiseau-Presles","Aiseau-Presles","Arrondissement Charleroi","Arrondissement de Charleroi","Provincie Henegouwen","Province du Hainaut","Waals Gewest","Région wallonne","<5"
"2020-04-18","52075","Les Bons Villers","Les Bons Villers","Arrondissement Charleroi","Arrondissement de Charleroi","Provincie Henegouwen","Province du Hainaut","Waals Gewest","Région wallonne","16"
"2020-04-18","53014","Boussu","Boussu","Arrondissement Bergen","Arrondissement de Mons","Provincie Henegouwen","Province du Hainaut","Waals Gewest","Région wallonne","6"
"2020-04-18","53020","Dour","Dour","Arrondissement Bergen","Arrondissement de Mons","Provincie Henegouwen","Province du Hainaut","Waals Gewest","Région wallonne","<5"
"2020-04-18","53028","Frameries","Frameries","Arrondissement Bergen","Arrondissement de Mons","Provincie Henegouwen","Province du Hainaut","Waals Gewest","Région wallonne","<5"
"2020-04-18","53039","Hensies","Hensies","Arrondissement Bergen","Arrondissement de Mons","Provincie Henegouwen","Province du Hainaut","Waals Gewest","Région wallonne","<5"
"2020-04-18","53046","Lens","Lens","Arrondissement Bergen","Arrondissement de Mons","Provincie Henegouwen","Province du Hainaut","Waals Gewest","Région wallonne","<5"
"2020-04-18","53053","Bergen","Mons","Arrondissement Bergen","Arrondissement de Mons","Provincie Henegouwen","Province du Hainaut","Waals Gewest","Région wallonne","39"
"2020-04-18","53065","Quaregnon","Quaregnon","Arrondissement Bergen","Arrondissement de Mons","Provincie Henegouwen","Province du Hainaut","Waals Gewest","Région wallonne","<5"
"2020-04-18","53070","Saint-Ghislain","Saint-Ghislain","Arrondissement Bergen","Arrondissement de Mons","Provincie Henegouwen","Province du Hainaut","Waals Gewest","Région wallonne","8"
"2020-04-18","53082","Colfontaine","Colfontaine","Arrondissement Bergen","Arrondissement de Mons","Provincie Henegouwen","Province du Hainaut","Waals Gewest","Région wallonne","5"
"2020-04-18","53083","Honnelles","Honnelles","Arrondissement Bergen","Arrondissement de Mons","Provincie Henegouwen","Province du Hainaut","Waals Gewest","Région wallonne","<5"
"2020-04-18","53084","Quévy","Quévy","Arrondissement Bergen","Arrondissement de Mons","Provincie Henegouwen","Province du Hainaut","Waals Gewest","Région wallonne","<5"
"2020-04-18","55004","’s Gravenbrakel","Braine-le-Comte","Arrondissement Zinnik","Arrondissement de Soignies","Provincie Henegouwen","Province du Hainaut","Waals Gewest","Région wallonne","<5"
"2020-04-18","55040","Zinnik","Soignies","Arrondissement Zinnik","Arrondissement de Soignies","Provincie Henegouwen","Province du Hainaut","Waals Gewest","Région wallonne","<5"
"2020-04-18","55086","Manage","Manage","Arrondissement Zinnik","Arrondissement de Soignies","Provincie Henegouwen","Province du Hainaut","Waals Gewest","Région wallonne","<5"
"2020-04-18","56022","Erquelinnes","Erquelinnes","Arrondissement Thuin","Arrondissement de Thuin","Provincie Henegouwen","Province du Hainaut","Waals Gewest","Région wallonne","<5"
"2020-04-18","56044","Lobbes","Lobbes","Arrondissement Thuin","Arrondissement de Thuin","Provincie Henegouwen","Province du Hainaut","Waals Gewest","Région wallonne","<5"
"2020-04-18","56086","Ham-sur-Heure-Nalinnes","Ham-sur-Heure-Nalinnes","Arrondissement Thuin","Arrondissement de Thuin","Provincie Henegouwen","Province du Hainaut","Waals Gewest","Région wallonne","<5"
"2020-04-18","57062","Pecq","Pecq","Arrondissement Doornik-Moeskroen","Arrondissement de Tournai-Mouscron","Provincie Henegouwen","Province du Hainaut","Waals Gewest","Région wallonne","<5"
"2020-04-18","57064","Péruwelz","Péruwelz","Arrondissement Doornik-Moeskroen","Arrondissement de Tournai-Mouscron","Provincie Henegouwen","Province du Hainaut","Waals Gewest","Région wallonne","<5"
"2020-04-18","57081","Doornik","Tournai","Arrondissement Doornik-Moeskroen","Arrondissement de Tournai-Mouscron","Provincie Henegouwen","Province du Hainaut","Waals Gewest","Région wallonne","5"
"2020-04-18","57093","Brunehaut","Brunehaut","Arrondissement Doornik-Moeskroen","Arrondissement de Tournai-Mouscron","Provincie Henegouwen","Province du Hainaut","Waals Gewest","Région wallonne","21"
"2020-04-18","57094","Leuze-en-Hainaut","Leuze-en-Hainaut","Arrondissement Doornik-Moeskroen","Arrondissement de Tournai-Mouscron","Provincie Henegouwen","Province du Hainaut","Waals Gewest","Région wallonne","<5"
"2020-04-18","57096","Moeskroen","Mouscron","Arrondissement Doornik-Moeskroen","Arrondissement de Tournai-Mouscron","Provincie Henegouwen","Province du Hainaut","Waals Gewest","Région wallonne","7"
"2020-04-18","58001","La Louvière","La Louvière","Arrondissement La Louvière","Arrondissement de La Louvière","Provincie Henegouwen","Province du Hainaut","Waals Gewest","Région wallonne","<5"
"2020-04-18","58002","Binche","Binche","Arrondissement La Louvière","Arrondissement de La Louvière","Provincie Henegouwen","Province du Hainaut","Waals Gewest","Région wallonne","5"
"2020-04-18","61072","Wanze","Wanze","Arrondissement Hoei","Arrondissement de Huy","Provincie Luik","Province de Liège","Waals Gewest","Région wallonne","<5"
"2020-04-18","61079","Anthisnes","Anthisnes","Arrondissement Hoei","Arrondissement de Huy","Provincie Luik","Province de Liège","Waals Gewest","Région wallonne","<5"
"2020-04-18","62003","Ans","Ans","Arrondissement Luik","Arrondissement de Liège","Provincie Luik","Province de Liège","Waals Gewest","Région wallonne","<5"
"2020-04-18","62006","Awans","Awans","Arrondissement Luik","Arrondissement de Liège","Provincie Luik","Province de Liège","Waals Gewest","Région wallonne","8"
"2020-04-18","62032","Esneux","Esneux","Arrondissement Luik","Arrondissement de Liège","Provincie Luik","Province de Liège","Waals Gewest","Région wallonne","<5"
"2020-04-18","62038","Fléron","Fléron","Arrondissement Luik","Arrondissement de Liège","Provincie Luik","Province de Liège","Waals Gewest","Région wallonne","<5"
"2020-04-18","62051","Herstal","Herstal","Arrondissement Luik","Arrondissement de Liège","Provincie Luik","Province de Liège","Waals Gewest","Région wallonne","7"
"2020-04-18","62063","Luik","Liège","Arrondissement Luik","Arrondissement de Liège","Provincie Luik","Province de Liège","Waals Gewest","Région wallonne","20"
"2020-04-18","62079","Oupeye","Oupeye","Arrondissement Luik","Arrondissement de Liège","Provincie Luik","Province de Liège","Waals Gewest","Région wallonne","5"
"2020-04-18","62093","Saint-Nicolas (Luik)","Saint-Nicolas (Liège)","Arrondissement Luik","Arrondissement de Liège","Provincie Luik","Province de Liège","Waals Gewest","Région wallonne","29"
"2020-04-18","62096","Seraing","Seraing","Arrondissement Luik","Arrondissement de Liège","Provincie Luik","Province de Liège","Waals Gewest","Région wallonne","5"
"2020-04-18","62100","Sprimont","Sprimont","Arrondissement Luik","Arrondissement de Liège","Provincie Luik","Province de Liège","Waals Gewest","Région wallonne","<5"
"2020-04-18","62108","Wezet","Visé","Arrondissement Luik","Arrondissement de Liège","Provincie Luik","Province de Liège","Waals Gewest","Région wallonne","<5"
"2020-04-18","62118","Grâce-Hollogne","Grâce-Hollogne","Arrondissement Luik","Arrondissement de Liège","Provincie Luik","Province de Liège","Waals Gewest","Région wallonne","<5"
"2020-04-18","62119","Blegny","Blegny","Arrondissement Luik","Arrondissement de Liège","Provincie Luik","Province de Liège","Waals Gewest","Région wallonne","<5"
"2020-04-18","62121","Neupré","Neupré","Arrondissement Luik","Arrondissement de Liège","Provincie Luik","Province de Liège","Waals Gewest","Région wallonne","5"
"2020-04-18","63003","Aubel","Aubel","Arrondissement Verviers","Arrondissement de Verviers","Provincie Luik","Province de Liège","Waals Gewest","Région wallonne","<5"
"2020-04-18","63004","Baelen","Baelen","Arrondissement Verviers","Arrondissement de Verviers","Provincie Luik","Province de Liège","Waals Gewest","Région wallonne","<5"
"2020-04-18","63020","Dison","Dison","Arrondissement Verviers","Arrondissement de Verviers","Provincie Luik","Province de Liège","Waals Gewest","Région wallonne","<5"
"2020-04-18","63023","Eupen","Eupen","Arrondissement Verviers","Arrondissement de Verviers","Provincie Luik","Province de Liège","Waals Gewest","Région wallonne","<5"
"2020-04-18","63035","Herve","Herve","Arrondissement Verviers","Arrondissement de Verviers","Provincie Luik","Province de Liège","Waals Gewest","Région wallonne","<5"
"2020-04-18","63046","Limburg","Limbourg","Arrondissement Verviers","Arrondissement de Verviers","Provincie Luik","Province de Liège","Waals Gewest","Région wallonne","<5"
"2020-04-18","63072","Spa","Spa","Arrondissement Verviers","Arrondissement de Verviers","Provincie Luik","Province de Liège","Waals Gewest","Région wallonne","<5"
"2020-04-18","63079","Verviers","Verviers","Arrondissement Verviers","Arrondissement de Verviers","Provincie Luik","Province de Liège","Waals Gewest","Région wallonne","<5"
"2020-04-18","63087","Burg-Reuland","Burg-Reuland","Arrondissement Verviers","Arrondissement de Verviers","Provincie Luik","Province de Liège","Waals Gewest","Région wallonne","<5"
"2020-04-18","63088","Plombières","Plombières","Arrondissement Verviers","Arrondissement de Verviers","Provincie Luik","Province de Liège","Waals Gewest","Région wallonne","<5"
"2020-04-18","64025","Fexhe-le-Haut-Clocher","Fexhe-le-Haut-Clocher","Arrondissement Borgworm","Arrondissement de Waremme","Provincie Luik","Province de Liège","Waals Gewest","Région wallonne","<5"
"2020-04-18","64034","Hannuit","Hannut","Arrondissement Borgworm","Arrondissement de Waremme","Provincie Luik","Province de Liège","Waals Gewest","Région wallonne","<5"
"2020-04-18","64047","Lijsem","Lincent","Arrondissement Borgworm","Arrondissement de Waremme","Provincie Luik","Province de Liège","Waals Gewest","Région wallonne","13"
"2020-04-18","64063","Remicourt","Remicourt","Arrondissement Borgworm","Arrondissement de Waremme","Provincie Luik","Province de Liège","Waals Gewest","Région wallonne","<5"
"2020-04-18","71004","Beringen","Beringen","Arrondissement Hasselt","Arrondissement de Hasselt","Provincie Limburg","Province du Limbourg","Vlaams Gewest","Région flamande","<5"
"2020-04-18","71011","Diepenbeek","Diepenbeek","Arrondissement Hasselt","Arrondissement de Hasselt","Provincie Limburg","Province du Limbourg","Vlaams Gewest","Région flamande","<5"
"2020-04-18","71016","Genk","Genk","Arrondissement Hasselt","Arrondissement de Hasselt","Provincie Limburg","Province du Limbourg","Vlaams Gewest","Région flamande","<5"
"2020-04-18","71017","Gingelom","Gingelom","Arrondissement Hasselt","Arrondissement de Hasselt","Provincie Limburg","Province du Limbourg","Vlaams Gewest","Région flamande","<5"
"2020-04-18","71034","Leopoldsburg","Bourg-Léopold","Arrondissement Hasselt","Arrondissement de Hasselt","Provincie Limburg","Province du Limbourg","Vlaams Gewest","Région flamande","<5"
"2020-04-18","71037","Lummen","Lummen","Arrondissement Hasselt","Arrondissement de Hasselt","Provincie Limburg","Province du Limbourg","Vlaams Gewest","Région flamande","<5"
"2020-04-18","71045","Nieuwerkerken (Hasselt)","Nieuwerkerken (Hasselt)","Arrondissement Hasselt","Arrondissement de Hasselt","Provincie Limburg","Province du Limbourg","Vlaams Gewest","Région flamande","<5"
"2020-04-18","71053","Sint-Truiden","Saint-Trond","Arrondissement Hasselt","Arrondissement de Hasselt","Provincie Limburg","Province du Limbourg","Vlaams Gewest","Région flamande","<5"
"2020-04-18","71057","Tessenderlo","Tessenderlo","Arrondissement Hasselt","Arrondissement de Hasselt","Provincie Limburg","Province du Limbourg","Vlaams Gewest","Région flamande","<5"
"2020-04-18","71066","Zonhoven","Zonhoven","Arrondissement Hasselt","Arrondissement de Hasselt","Provincie Limburg","Province du Limbourg","Vlaams Gewest","Région flamande","7"
"2020-04-18","71070","Heusden-Zolder","Heusden-Zolder","Arrondissement Hasselt","Arrondissement de Hasselt","Provincie Limburg","Province du Limbourg","Vlaams Gewest","Région flamande","<5"
"2020-04-18","72018","Kinrooi","Kinrooi","Arrondissement Maaseik","Arrondissement de Maaseik","Provincie Limburg","Province du Limbourg","Vlaams Gewest","Région flamande","<5"
"2020-04-18","72021","Maaseik","Maaseik","Arrondissement Maaseik","Arrondissement de Maaseik","Provincie Limburg","Province du Limbourg","Vlaams Gewest","Région flamande","<5"
"2020-04-18","72039","Houthalen-Helchteren","Houthalen-Helchteren","Arrondissement Maaseik","Arrondissement de Maaseik","Provincie Limburg","Province du Limbourg","Vlaams Gewest","Région flamande","<5"
"2020-04-18","73009","Borgloon","Looz","Arrondissement Tongeren","Arrondissement de Tongres","Provincie Limburg","Province du Limbourg","Vlaams Gewest","Région flamande","<5"
"2020-04-18","73022","Heers","Heers","Arrondissement Tongeren","Arrondissement de Tongres","Provincie Limburg","Province du Limbourg","Vlaams Gewest","Région flamande","<5"
"2020-04-18","73032","Hoeselt","Hoeselt","Arrondissement Tongeren","Arrondissement de Tongres","Provincie Limburg","Province du Limbourg","Vlaams Gewest","Région flamande","<5"
"2020-04-18","73040","Kortessem","Kortessem","Arrondissement Tongeren","Arrondissement de Tongres","Provincie Limburg","Province du Limbourg","Vlaams Gewest","Région flamande","<5"
"2020-04-18","73042","Lanaken","Lanaken","Arrondissement Tongeren","Arrondissement de Tongres","Provincie Limburg","Province du Limbourg","Vlaams Gewest","Région flamande","<5"
"2020-04-18","73066","Riemst","Riemst","Arrondissement Tongeren","Arrondissement de Tongres","Provincie Limburg","Province du Limbourg","Vlaams Gewest","Région flamande","<5"
"2020-04-18","73083","Tongeren","Tongres","Arrondissement Tongeren","Arrondissement de Tongres","Provincie Limburg","Province du Limbourg","Vlaams Gewest","Région flamande","7"
"2020-04-18","73098","Wellen","Wellen","Arrondissement Tongeren","Arrondissement de Tongres","Provincie Limburg","Province du Limbourg","Vlaams Gewest","Région flamande","<5"
"2020-04-18","73107","Maasmechelen","Maasmechelen","Arrondissement Tongeren","Arrondissement de Tongres","Provincie Limburg","Province du Limbourg","Vlaams Gewest","Région flamande","<5"
"2020-04-18","82036","Vaux-sur-Sûre","Vaux-sur-Sûre","Arrondissement Bastenaken","Arrondissement de Bastogne","Provincie Luxemburg","Province du Luxembourg","Waals Gewest","Région wallonne","<5"
"2020-04-18","83034","Marche-en-Famenne","Marche-en-Famenne","Arrondissement Marche-en-Famenne","Arrondissement de Marche-en-Famenne","Provincie Luxemburg","Province du Luxembourg","Waals Gewest","Région wallonne","<5"
"2020-04-18","84043","Neufchâteau (Neufchâteau)","Neufchâteau (Neufchâteau)","Arrondissement Neufchâteau","Arrondissement de Neufchâteau","Provincie Luxemburg","Province du Luxembourg","Waals Gewest","Région wallonne","<5"
"2020-04-18","84077","Libramont-Chevigny","Libramont-Chevigny","Arrondissement Neufchâteau","Arrondissement de Neufchâteau","Provincie Luxemburg","Province du Luxembourg","Waals Gewest","Région wallonne","<5"
"2020-04-18","91030","Ciney","Ciney","Arrondissement Dinant","Arrondissement de Dinant","Provincie Namen","Province de Namur","Waals Gewest","Région wallonne","<5"
"2020-04-18","91114","Rochefort","Rochefort","Arrondissement Dinant","Arrondissement de Dinant","Provincie Namen","Province de Namur","Waals Gewest","Région wallonne","<5"
"2020-04-18","91141","Yvoir","Yvoir","Arrondissement Dinant","Arrondissement de Dinant","Provincie Namen","Province de Namur","Waals Gewest","Région wallonne","<5"
"2020-04-18","92003","Andenne","Andenne","Arrondissement Namen","Arrondissement de Namur","Provincie Namen","Province de Namur","Waals Gewest","Région wallonne","<5"
"2020-04-18","92035","Eghezée","Eghezée","Arrondissement Namen","Arrondissement de Namur","Provincie Namen","Province de Namur","Waals Gewest","Région wallonne","5"
"2020-04-18","92048","Fosses-la-Ville","Fosses-la-Ville","Arrondissement Namen","Arrondissement de Namur","Provincie Namen","Province de Namur","Waals Gewest","Région wallonne","<5"
"2020-04-18","92087","Mettet","Mettet","Arrondissement Namen","Arrondissement de Namur","Provincie Namen","Province de Namur","Waals Gewest","Région wallonne","<5"
"2020-04-18","92094","Namen","Namur","Arrondissement Namen","Arrondissement de Namur","Provincie Namen","Province de Namur","Waals Gewest","Région wallonne","<5"
"2020-04-18","92097","Ohey","Ohey","Arrondissement Namen","Arrondissement de Namur","Provincie Namen","Province de Namur","Waals Gewest","Région wallonne","<5"
"2020-04-18","92137","Sambreville","Sambreville","Arrondissement Namen","Arrondissement de Namur","Provincie Namen","Province de Namur","Waals Gewest","Région wallonne","<5"
"2020-04-18","92140","Jemeppe-sur-Sambre","Jemeppe-sur-Sambre","Arrondissement Namen","Arrondissement de Namur","Provincie Namen","Province de Namur","Waals Gewest","Région wallonne","<5"
"2020-04-18","92141","La Bruyère","La Bruyère","Arrondissement Namen","Arrondissement de Namur","Provincie Namen","Province de Namur","Waals Gewest","Région wallonne","<5"
"2020-04-18","92142","Gembloux","Gembloux","Arrondissement Namen","Arrondissement de Namur","Provincie Namen","Province de Namur","Waals Gewest","Région wallonne","<5"
"2020-04-18",NA,NA,NA,NA,NA,NA,NA,NA,NA,"10"
"2020-04-19","11002","Antwerpen","Anvers","Arrondissement Antwerpen","Arrondissement d’Anvers","Provincie Antwerpen","Province d’Anvers","Vlaams Gewest","Région flamande","19"
"2020-04-19","11008","Brasschaat","Brasschaat","Arrondissement Antwerpen","Arrondissement d’Anvers","Provincie Antwerpen","Province d’Anvers","Vlaams Gewest","Région flamande","<5"
"2020-04-19","11009","Brecht","Brecht","Arrondissement Antwerpen","Arrondissement d’Anvers","Provincie Antwerpen","Province d’Anvers","Vlaams Gewest","Région flamande","<5"
"2020-04-19","11022","Kalmthout","Kalmthout","Arrondissement Antwerpen","Arrondissement d’Anvers","Provincie Antwerpen","Province d’Anvers","Vlaams Gewest","Région flamande","<5"
"2020-04-19","11023","Kapellen (Antwerpen)","Kapellen (Anvers)","Arrondissement Antwerpen","Arrondissement d’Anvers","Provincie Antwerpen","Province d’Anvers","Vlaams Gewest","Région flamande","<5"
"2020-04-19","11037","Rumst","Rumst","Arrondissement Antwerpen","Arrondissement d’Anvers","Provincie Antwerpen","Province d’Anvers","Vlaams Gewest","Région flamande","<5"
"2020-04-19","11053","Wuustwezel","Wuustwezel","Arrondissement Antwerpen","Arrondissement d’Anvers","Provincie Antwerpen","Province d’Anvers","Vlaams Gewest","Région flamande","<5"
"2020-04-19","12002","Berlaar","Berlaar","Arrondissement Mechelen","Arrondissement de Malines","Provincie Antwerpen","Province d’Anvers","Vlaams Gewest","Région flamande","<5"
"2020-04-19","12009","Duffel","Duffel","Arrondissement Mechelen","Arrondissement de Malines","Provincie Antwerpen","Province d’Anvers","Vlaams Gewest","Région flamande","<5"
"2020-04-19","12014","Heist-op-den-Berg","Heist-op-den-Berg","Arrondissement Mechelen","Arrondissement de Malines","Provincie Antwerpen","Province d’Anvers","Vlaams Gewest","Région flamande","<5"
"2020-04-19","12021","Lier","Lierre","Arrondissement Mechelen","Arrondissement de Malines","Provincie Antwerpen","Province d’Anvers","Vlaams Gewest","Région flamande","<5"
"2020-04-19","12025","Mechelen","Malines","Arrondissement Mechelen","Arrondissement de Malines","Provincie Antwerpen","Province d’Anvers","Vlaams Gewest","Région flamande","<5"
"2020-04-19","12026","Nijlen","Nijlen","Arrondissement Mechelen","Arrondissement de Malines","Provincie Antwerpen","Province d’Anvers","Vlaams Gewest","Région flamande","<5"
"2020-04-19","12040","Willebroek","Willebroek","Arrondissement Mechelen","Arrondissement de Malines","Provincie Antwerpen","Province d’Anvers","Vlaams Gewest","Région flamande","<5"
"2020-04-19","13001","Arendonk","Arendonk","Arrondissement Turnhout","Arrondissement de Turnhout","Provincie Antwerpen","Province d’Anvers","Vlaams Gewest","Région flamande","<5"
"2020-04-19","13006","Dessel","Dessel","Arrondissement Turnhout","Arrondissement de Turnhout","Provincie Antwerpen","Province d’Anvers","Vlaams Gewest","Région flamande","<5"
"2020-04-19","13010","Grobbendonk","Grobbendonk","Arrondissement Turnhout","Arrondissement de Turnhout","Provincie Antwerpen","Province d’Anvers","Vlaams Gewest","Région flamande","<5"
"2020-04-19","13011","Herentals","Herentals","Arrondissement Turnhout","Arrondissement de Turnhout","Provincie Antwerpen","Province d’Anvers","Vlaams Gewest","Région flamande","<5"
"2020-04-19","13031","Oud-Turnhout","Oud-Turnhout","Arrondissement Turnhout","Arrondissement de Turnhout","Provincie Antwerpen","Province d’Anvers","Vlaams Gewest","Région flamande","<5"
"2020-04-19","13037","Rijkevorsel","Rijkevorsel","Arrondissement Turnhout","Arrondissement de Turnhout","Provincie Antwerpen","Province d’Anvers","Vlaams Gewest","Région flamande","<5"
"2020-04-19","13040","Turnhout","Turnhout","Arrondissement Turnhout","Arrondissement de Turnhout","Provincie Antwerpen","Province d’Anvers","Vlaams Gewest","Région flamande","<5"
"2020-04-19","13044","Vorselaar","Vorselaar","Arrondissement Turnhout","Arrondissement de Turnhout","Provincie Antwerpen","Province d’Anvers","Vlaams Gewest","Région flamande","<5"
"2020-04-19","21001","Anderlecht","Anderlecht","Arrondissement Brussel-Hoofdstad","Arrondissement de Bruxelles-Capitale",NA,NA,"Brussels Hoofdstedelijk Gewest","Région de Bruxelles-Capitale","7"
"2020-04-19","21003","Sint-Agatha-Berchem","Berchem-Sainte-Agathe","Arrondissement Brussel-Hoofdstad","Arrondissement de Bruxelles-Capitale",NA,NA,"Brussels Hoofdstedelijk Gewest","Région de Bruxelles-Capitale","5"
"2020-04-19","21004","Brussel","Bruxelles","Arrondissement Brussel-Hoofdstad","Arrondissement de Bruxelles-Capitale",NA,NA,"Brussels Hoofdstedelijk Gewest","Région de Bruxelles-Capitale","15"
"2020-04-19","21005","Etterbeek","Etterbeek","Arrondissement Brussel-Hoofdstad","Arrondissement de Bruxelles-Capitale",NA,NA,"Brussels Hoofdstedelijk Gewest","Région de Bruxelles-Capitale","<5"
"2020-04-19","21007","Vorst (Brussel-Hoofdstad)","Forest (Bruxelles-Capitale)","Arrondissement Brussel-Hoofdstad","Arrondissement de Bruxelles-Capitale",NA,NA,"Brussels Hoofdstedelijk Gewest","Région de Bruxelles-Capitale","<5"
"2020-04-19","21010","Jette","Jette","Arrondissement Brussel-Hoofdstad","Arrondissement de Bruxelles-Capitale",NA,NA,"Brussels Hoofdstedelijk Gewest","Région de Bruxelles-Capitale","<5"
"2020-04-19","21011","Koekelberg","Koekelberg","Arrondissement Brussel-Hoofdstad","Arrondissement de Bruxelles-Capitale",NA,NA,"Brussels Hoofdstedelijk Gewest","Région de Bruxelles-Capitale","<5"
"2020-04-19","21013","Sint-Gillis","Saint-Gilles","Arrondissement Brussel-Hoofdstad","Arrondissement de Bruxelles-Capitale",NA,NA,"Brussels Hoofdstedelijk Gewest","Région de Bruxelles-Capitale","<5"
"2020-04-19","21015","Schaarbeek","Schaerbeek","Arrondissement Brussel-Hoofdstad","Arrondissement de Bruxelles-Capitale",NA,NA,"Brussels Hoofdstedelijk Gewest","Région de Bruxelles-Capitale","<5"
"2020-04-19","21018","Sint-Lambrechts-Woluwe","Woluwe-Saint-Lambert","Arrondissement Brussel-Hoofdstad","Arrondissement de Bruxelles-Capitale",NA,NA,"Brussels Hoofdstedelijk Gewest","Région de Bruxelles-Capitale","<5"
"2020-04-19","23044","Liedekerke","Liedekerke","Arrondissement Halle-Vilvoorde","Arrondissement de Hal-Vilvorde","Provincie Vlaams-Brabant","Province du Brabant flamand","Vlaams Gewest","Région flamande","<5"
"2020-04-19","23047","Machelen (Halle-Vilvoorde)","Machelen (Hal-Vilvorde)","Arrondissement Halle-Vilvoorde","Arrondissement de Hal-Vilvorde","Provincie Vlaams-Brabant","Province du Brabant flamand","Vlaams Gewest","Région flamande","<5"
"2020-04-19","23077","Sint-Pieters-Leeuw","Sint-Pieters-Leeuw","Arrondissement Halle-Vilvoorde","Arrondissement de Hal-Vilvorde","Provincie Vlaams-Brabant","Province du Brabant flamand","Vlaams Gewest","Région flamande","<5"
"2020-04-19","23081","Steenokkerzeel","Steenokkerzeel","Arrondissement Halle-Vilvoorde","Arrondissement de Hal-Vilvorde","Provincie Vlaams-Brabant","Province du Brabant flamand","Vlaams Gewest","Région flamande","<5"
"2020-04-19","23088","Vilvoorde","Vilvorde","Arrondissement Halle-Vilvoorde","Arrondissement de Hal-Vilvorde","Provincie Vlaams-Brabant","Province du Brabant flamand","Vlaams Gewest","Région flamande","<5"
"2020-04-19","23094","Zaventem","Zaventem","Arrondissement Halle-Vilvoorde","Arrondissement de Hal-Vilvorde","Provincie Vlaams-Brabant","Province du Brabant flamand","Vlaams Gewest","Région flamande","<5"
"2020-04-19","23097","Roosdaal","Roosdaal","Arrondissement Halle-Vilvoorde","Arrondissement de Hal-Vilvorde","Provincie Vlaams-Brabant","Province du Brabant flamand","Vlaams Gewest","Région flamande","<5"
"2020-04-19","23100","Linkebeek","Linkebeek","Arrondissement Halle-Vilvoorde","Arrondissement de Hal-Vilvorde","Provincie Vlaams-Brabant","Province du Brabant flamand","Vlaams Gewest","Région flamande","<5"
"2020-04-19","24001","Aarschot","Aarschot","Arrondissement Leuven","Arrondissement de Louvain","Provincie Vlaams-Brabant","Province du Brabant flamand","Vlaams Gewest","Région flamande","<5"
"2020-04-19","24009","Bertem","Bertem","Arrondissement Leuven","Arrondissement de Louvain","Provincie Vlaams-Brabant","Province du Brabant flamand","Vlaams Gewest","Région flamande","<5"
"2020-04-19","24014","Boortmeerbeek","Boortmeerbeek","Arrondissement Leuven","Arrondissement de Louvain","Provincie Vlaams-Brabant","Province du Brabant flamand","Vlaams Gewest","Région flamande","<5"
"2020-04-19","24028","Geetbets","Geetbets","Arrondissement Leuven","Arrondissement de Louvain","Provincie Vlaams-Brabant","Province du Brabant flamand","Vlaams Gewest","Région flamande","<5"
"2020-04-19","24059","Landen","Landen","Arrondissement Leuven","Arrondissement de Louvain","Provincie Vlaams-Brabant","Province du Brabant flamand","Vlaams Gewest","Région flamande","<5"
"2020-04-19","24062","Leuven","Louvain","Arrondissement Leuven","Arrondissement de Louvain","Provincie Vlaams-Brabant","Province du Brabant flamand","Vlaams Gewest","Région flamande","<5"
"2020-04-19","24066","Lubbeek","Lubbeek","Arrondissement Leuven","Arrondissement de Louvain","Provincie Vlaams-Brabant","Province du Brabant flamand","Vlaams Gewest","Région flamande","<5"
"2020-04-19","25005","Bevekom","Beauvechain","Arrondissement Nijvel","Arrondissement de Nivelles","Provincie Waals-Brabant","Province du Brabant wallon","Waals Gewest","Région wallonne","<5"
"2020-04-19","25023","Court-Saint-Etienne","Court-Saint-Etienne","Arrondissement Nijvel","Arrondissement de Nivelles","Provincie Waals-Brabant","Province du Brabant wallon","Waals Gewest","Région wallonne","<5"
"2020-04-19","25048","Geldenaken","Jodoigne","Arrondissement Nijvel","Arrondissement de Nivelles","Provincie Waals-Brabant","Province du Brabant wallon","Waals Gewest","Région wallonne","11"
"2020-04-19","25105","Tubeke","Tubize","Arrondissement Nijvel","Arrondissement de Nivelles","Provincie Waals-Brabant","Province du Brabant wallon","Waals Gewest","Région wallonne","<5"
"2020-04-19","25121","Ottignies-Louvain-la-Neuve","Ottignies-Louvain-la-Neuve","Arrondissement Nijvel","Arrondissement de Nivelles","Provincie Waals-Brabant","Province du Brabant wallon","Waals Gewest","Région wallonne","<5"
"2020-04-19","25123","Rebecq","Rebecq","Arrondissement Nijvel","Arrondissement de Nivelles","Provincie Waals-Brabant","Province du Brabant wallon","Waals Gewest","Région wallonne","<5"
"2020-04-19","31003","Beernem","Beernem","Arrondissement Brugge","Arrondissement de Bruges","Provincie West-Vlaanderen","Province de Flandre occidentale","Vlaams Gewest","Région flamande","<5"
"2020-04-19","31004","Blankenberge","Blankenberge","Arrondissement Brugge","Arrondissement de Bruges","Provincie West-Vlaanderen","Province de Flandre occidentale","Vlaams Gewest","Région flamande","<5"
"2020-04-19","31005","Brugge","Bruges","Arrondissement Brugge","Arrondissement de Bruges","Provincie West-Vlaanderen","Province de Flandre occidentale","Vlaams Gewest","Région flamande","10"
"2020-04-19","31022","Oostkamp","Oostkamp","Arrondissement Brugge","Arrondissement de Bruges","Provincie West-Vlaanderen","Province de Flandre occidentale","Vlaams Gewest","Région flamande","<5"
"2020-04-19","31033","Torhout","Torhout","Arrondissement Brugge","Arrondissement de Bruges","Provincie West-Vlaanderen","Province de Flandre occidentale","Vlaams Gewest","Région flamande","<5"
"2020-04-19","31040","Zedelgem","Zedelgem","Arrondissement Brugge","Arrondissement de Bruges","Provincie West-Vlaanderen","Province de Flandre occidentale","Vlaams Gewest","Région flamande","<5"
"2020-04-19","32010","Koekelare","Koekelare","Arrondissement Diksmuide","Arrondissement de Dixmude","Provincie West-Vlaanderen","Province de Flandre occidentale","Vlaams Gewest","Région flamande","<5"
"2020-04-19","33011","Ieper","Ypres","Arrondissement Ieper","Arrondissement d’Ypres","Provincie West-Vlaanderen","Province de Flandre occidentale","Vlaams Gewest","Région flamande","<5"
"2020-04-19","33029","Wervik","Wervik","Arrondissement Ieper","Arrondissement d’Ypres","Provincie West-Vlaanderen","Province de Flandre occidentale","Vlaams Gewest","Région flamande","<5"
"2020-04-19","34027","Menen","Menin","Arrondissement Kortrijk","Arrondissement de Courtrai","Provincie West-Vlaanderen","Province de Flandre occidentale","Vlaams Gewest","Région flamande","<5"
"2020-04-19","34041","Wevelgem","Wevelgem","Arrondissement Kortrijk","Arrondissement de Courtrai","Provincie West-Vlaanderen","Province de Flandre occidentale","Vlaams Gewest","Région flamande","<5"
"2020-04-19","34042","Zwevegem","Zwevegem","Arrondissement Kortrijk","Arrondissement de Courtrai","Provincie West-Vlaanderen","Province de Flandre occidentale","Vlaams Gewest","Région flamande","<5"
"2020-04-19","35002","Bredene","Bredene","Arrondissement Oostende","Arrondissement d’Ostende","Provincie West-Vlaanderen","Province de Flandre occidentale","Vlaams Gewest","Région flamande","<5"
"2020-04-19","35011","Middelkerke","Middelkerke","Arrondissement Oostende","Arrondissement d’Ostende","Provincie West-Vlaanderen","Province de Flandre occidentale","Vlaams Gewest","Région flamande","<5"
"2020-04-19","35013","Oostende","Ostende","Arrondissement Oostende","Arrondissement d’Ostende","Provincie West-Vlaanderen","Province de Flandre occidentale","Vlaams Gewest","Région flamande","<5"
"2020-04-19","35014","Oudenburg","Oudenburg","Arrondissement Oostende","Arrondissement d’Ostende","Provincie West-Vlaanderen","Province de Flandre occidentale","Vlaams Gewest","Région flamande","<5"
"2020-04-19","35029","De Haan","De Haan","Arrondissement Oostende","Arrondissement d’Ostende","Provincie West-Vlaanderen","Province de Flandre occidentale","Vlaams Gewest","Région flamande","<5"
"2020-04-19","36008","Izegem","Izegem","Arrondissement Roeselare","Arrondissement de Roulers","Provincie West-Vlaanderen","Province de Flandre occidentale","Vlaams Gewest","Région flamande","<5"
"2020-04-19","38016","Nieuwpoort","Nieuport","Arrondissement Veurne","Arrondissement de Furnes","Provincie West-Vlaanderen","Province de Flandre occidentale","Vlaams Gewest","Région flamande","<5"
"2020-04-19","41002","Aalst (Aalst)","Alost (Alost)","Arrondissement Aalst","Arrondissement d’Alost","Provincie Oost-Vlaanderen","Province de Flandre orientale","Vlaams Gewest","Région flamande","5"
"2020-04-19","41011","Denderleeuw","Denderleeuw","Arrondissement Aalst","Arrondissement d’Alost","Provincie Oost-Vlaanderen","Province de Flandre orientale","Vlaams Gewest","Région flamande","<5"
"2020-04-19","41027","Herzele","Herzele","Arrondissement Aalst","Arrondissement d’Alost","Provincie Oost-Vlaanderen","Province de Flandre orientale","Vlaams Gewest","Région flamande","<5"
"2020-04-19","42006","Dendermonde","Termonde","Arrondissement Dendermonde","Arrondissement de Termonde","Provincie Oost-Vlaanderen","Province de Flandre orientale","Vlaams Gewest","Région flamande","<5"
"2020-04-19","42011","Lebbeke","Lebbeke","Arrondissement Dendermonde","Arrondissement de Termonde","Provincie Oost-Vlaanderen","Province de Flandre orientale","Vlaams Gewest","Région flamande","<5"
"2020-04-19","42025","Wetteren","Wetteren","Arrondissement Dendermonde","Arrondissement de Termonde","Provincie Oost-Vlaanderen","Province de Flandre orientale","Vlaams Gewest","Région flamande","<5"
"2020-04-19","42028","Zele","Zele","Arrondissement Dendermonde","Arrondissement de Termonde","Provincie Oost-Vlaanderen","Province de Flandre orientale","Vlaams Gewest","Région flamande","<5"
"2020-04-19","43010","Maldegem","Maldegem","Arrondissement Eeklo","Arrondissement d’Eeklo","Provincie Oost-Vlaanderen","Province de Flandre orientale","Vlaams Gewest","Région flamande","<5"
"2020-04-19","44019","Evergem","Evergem","Arrondissement Gent","Arrondissement de Gand","Provincie Oost-Vlaanderen","Province de Flandre orientale","Vlaams Gewest","Région flamande","<5"
"2020-04-19","44064","Sint-Martens-Latem","Sint-Martens-Latem","Arrondissement Gent","Arrondissement de Gand","Provincie Oost-Vlaanderen","Province de Flandre orientale","Vlaams Gewest","Région flamande","<5"
"2020-04-19","44083","Deinze","Deinze","Arrondissement Gent","Arrondissement de Gand","Provincie Oost-Vlaanderen","Province de Flandre orientale","Vlaams Gewest","Région flamande","<5"
"2020-04-19","45035","Oudenaarde","Audenarde","Arrondissement Oudenaarde","Arrondissement d’Audenarde","Provincie Oost-Vlaanderen","Province de Flandre orientale","Vlaams Gewest","Région flamande","<5"
"2020-04-19","46025","Temse","Tamise","Arrondissement Sint-Niklaas","Arrondissement de Saint-Nicolas","Provincie Oost-Vlaanderen","Province de Flandre orientale","Vlaams Gewest","Région flamande","<5"
"2020-04-19","51069","Lessen","Lessines","Arrondissement Aat","Arrondissement d’Ath","Provincie Henegouwen","Province du Hainaut","Waals Gewest","Région wallonne","<5"
"2020-04-19","52011","Charleroi","Charleroi","Arrondissement Charleroi","Arrondissement de Charleroi","Provincie Henegouwen","Province du Hainaut","Waals Gewest","Région wallonne","10"
"2020-04-19","52012","Châtelet","Châtelet","Arrondissement Charleroi","Arrondissement de Charleroi","Provincie Henegouwen","Province du Hainaut","Waals Gewest","Région wallonne","9"
"2020-04-19","52018","Farciennes","Farciennes","Arrondissement Charleroi","Arrondissement de Charleroi","Provincie Henegouwen","Province du Hainaut","Waals Gewest","Région wallonne","<5"
"2020-04-19","52021","Fleurus","Fleurus","Arrondissement Charleroi","Arrondissement de Charleroi","Provincie Henegouwen","Province du Hainaut","Waals Gewest","Région wallonne","<5"
"2020-04-19","52025","Gerpinnes","Gerpinnes","Arrondissement Charleroi","Arrondissement de Charleroi","Provincie Henegouwen","Province du Hainaut","Waals Gewest","Région wallonne","<5"
"2020-04-19","52074","Aiseau-Presles","Aiseau-Presles","Arrondissement Charleroi","Arrondissement de Charleroi","Provincie Henegouwen","Province du Hainaut","Waals Gewest","Région wallonne","<5"
"2020-04-19","53014","Boussu","Boussu","Arrondissement Bergen","Arrondissement de Mons","Provincie Henegouwen","Province du Hainaut","Waals Gewest","Région wallonne","<5"
"2020-04-19","53020","Dour","Dour","Arrondissement Bergen","Arrondissement de Mons","Provincie Henegouwen","Province du Hainaut","Waals Gewest","Région wallonne","<5"
"2020-04-19","53053","Bergen","Mons","Arrondissement Bergen","Arrondissement de Mons","Provincie Henegouwen","Province du Hainaut","Waals Gewest","Région wallonne","<5"
"2020-04-19","55035","Le Roeulx","Le Roeulx","Arrondissement Zinnik","Arrondissement de Soignies","Provincie Henegouwen","Province du Hainaut","Waals Gewest","Région wallonne","17"
"2020-04-19","56005","Beaumont","Beaumont","Arrondissement Thuin","Arrondissement de Thuin","Provincie Henegouwen","Province du Hainaut","Waals Gewest","Région wallonne","<5"
"2020-04-19","56078","Thuin","Thuin","Arrondissement Thuin","Arrondissement de Thuin","Provincie Henegouwen","Province du Hainaut","Waals Gewest","Région wallonne","<5"
"2020-04-19","57018","Celles (Doornik)","Celles (Tournai)","Arrondissement Doornik-Moeskroen","Arrondissement de Tournai-Mouscron","Provincie Henegouwen","Province du Hainaut","Waals Gewest","Région wallonne","<5"
"2020-04-19","57093","Brunehaut","Brunehaut","Arrondissement Doornik-Moeskroen","Arrondissement de Tournai-Mouscron","Provincie Henegouwen","Province du Hainaut","Waals Gewest","Région wallonne","<5"
"2020-04-19","57096","Moeskroen","Mouscron","Arrondissement Doornik-Moeskroen","Arrondissement de Tournai-Mouscron","Provincie Henegouwen","Province du Hainaut","Waals Gewest","Région wallonne","<5"
"2020-04-19","57097","Komen-Waasten","Comines-Warneton","Arrondissement Doornik-Moeskroen","Arrondissement de Tournai-Mouscron","Provincie Henegouwen","Province du Hainaut","Waals Gewest","Région wallonne","<5"
"2020-04-19","58001","La Louvière","La Louvière","Arrondissement La Louvière","Arrondissement de La Louvière","Provincie Henegouwen","Province du Hainaut","Waals Gewest","Région wallonne","<5"
"2020-04-19","58002","Binche","Binche","Arrondissement La Louvière","Arrondissement de La Louvière","Provincie Henegouwen","Province du Hainaut","Waals Gewest","Région wallonne","<5"
"2020-04-19","61031","Hoei","Huy","Arrondissement Hoei","Arrondissement de Huy","Provincie Luik","Province de Liège","Waals Gewest","Région wallonne","<5"
"2020-04-19","61079","Anthisnes","Anthisnes","Arrondissement Hoei","Arrondissement de Huy","Provincie Luik","Province de Liège","Waals Gewest","Région wallonne","<5"
"2020-04-19","62003","Ans","Ans","Arrondissement Luik","Arrondissement de Liège","Provincie Luik","Province de Liège","Waals Gewest","Région wallonne","<5"
"2020-04-19","62009","Aywaille","Aywaille","Arrondissement Luik","Arrondissement de Liège","Provincie Luik","Province de Liège","Waals Gewest","Région wallonne","<5"
"2020-04-19","62011","Bitsingen","Bassenge","Arrondissement Luik","Arrondissement de Liège","Provincie Luik","Province de Liège","Waals Gewest","Région wallonne","<5"
"2020-04-19","62015","Beyne-Heusay","Beyne-Heusay","Arrondissement Luik","Arrondissement de Liège","Provincie Luik","Province de Liège","Waals Gewest","Région wallonne","<5"
"2020-04-19","62022","Chaudfontaine","Chaudfontaine","Arrondissement Luik","Arrondissement de Liège","Provincie Luik","Province de Liège","Waals Gewest","Région wallonne","<5"
"2020-04-19","62026","Comblain-au-Pont","Comblain-au-Pont","Arrondissement Luik","Arrondissement de Liège","Provincie Luik","Province de Liège","Waals Gewest","Région wallonne","<5"
"2020-04-19","62032","Esneux","Esneux","Arrondissement Luik","Arrondissement de Liège","Provincie Luik","Province de Liège","Waals Gewest","Région wallonne","15"
"2020-04-19","62038","Fléron","Fléron","Arrondissement Luik","Arrondissement de Liège","Provincie Luik","Province de Liège","Waals Gewest","Région wallonne","<5"
"2020-04-19","62051","Herstal","Herstal","Arrondissement Luik","Arrondissement de Liège","Provincie Luik","Province de Liège","Waals Gewest","Région wallonne","22"
"2020-04-19","62063","Luik","Liège","Arrondissement Luik","Arrondissement de Liège","Provincie Luik","Province de Liège","Waals Gewest","Région wallonne","15"
"2020-04-19","62079","Oupeye","Oupeye","Arrondissement Luik","Arrondissement de Liège","Provincie Luik","Province de Liège","Waals Gewest","Région wallonne","<5"
"2020-04-19","62093","Saint-Nicolas (Luik)","Saint-Nicolas (Liège)","Arrondissement Luik","Arrondissement de Liège","Provincie Luik","Province de Liège","Waals Gewest","Région wallonne","<5"
"2020-04-19","62096","Seraing","Seraing","Arrondissement Luik","Arrondissement de Liège","Provincie Luik","Province de Liège","Waals Gewest","Région wallonne","<5"
"2020-04-19","62099","Soumagne","Soumagne","Arrondissement Luik","Arrondissement de Liège","Provincie Luik","Province de Liège","Waals Gewest","Région wallonne","5"
"2020-04-19","62108","Wezet","Visé","Arrondissement Luik","Arrondissement de Liège","Provincie Luik","Province de Liège","Waals Gewest","Région wallonne","<5"
"2020-04-19","62118","Grâce-Hollogne","Grâce-Hollogne","Arrondissement Luik","Arrondissement de Liège","Provincie Luik","Province de Liège","Waals Gewest","Région wallonne","<5"
"2020-04-19","62119","Blegny","Blegny","Arrondissement Luik","Arrondissement de Liège","Provincie Luik","Province de Liège","Waals Gewest","Région wallonne","<5"
"2020-04-19","62121","Neupré","Neupré","Arrondissement Luik","Arrondissement de Liège","Provincie Luik","Province de Liège","Waals Gewest","Région wallonne","<5"
"2020-04-19","62122","Trooz","Trooz","Arrondissement Luik","Arrondissement de Liège","Provincie Luik","Province de Liège","Waals Gewest","Région wallonne","<5"
"2020-04-19","63020","Dison","Dison","Arrondissement Verviers","Arrondissement de Verviers","Provincie Luik","Province de Liège","Waals Gewest","Région wallonne","<5"
"2020-04-19","63040","Kelmis","La Calamine","Arrondissement Verviers","Arrondissement de Verviers","Provincie Luik","Province de Liège","Waals Gewest","Région wallonne","<5"
"2020-04-19","63046","Limburg","Limbourg","Arrondissement Verviers","Arrondissement de Verviers","Provincie Luik","Province de Liège","Waals Gewest","Région wallonne","<5"
"2020-04-19","63049","Malmedy","Malmedy","Arrondissement Verviers","Arrondissement de Verviers","Provincie Luik","Province de Liège","Waals Gewest","Région wallonne","<5"
"2020-04-19","63073","Stavelot","Stavelot","Arrondissement Verviers","Arrondissement de Verviers","Provincie Luik","Province de Liège","Waals Gewest","Région wallonne","<5"
"2020-04-19","63076","Theux","Theux","Arrondissement Verviers","Arrondissement de Verviers","Provincie Luik","Province de Liège","Waals Gewest","Région wallonne","<5"
"2020-04-19","63079","Verviers","Verviers","Arrondissement Verviers","Arrondissement de Verviers","Provincie Luik","Province de Liège","Waals Gewest","Région wallonne","<5"
"2020-04-19","63084","Welkenraedt","Welkenraedt","Arrondissement Verviers","Arrondissement de Verviers","Provincie Luik","Province de Liège","Waals Gewest","Région wallonne","<5"
"2020-04-19","64063","Remicourt","Remicourt","Arrondissement Borgworm","Arrondissement de Waremme","Provincie Luik","Province de Liège","Waals Gewest","Région wallonne","<5"
"2020-04-19","64074","Borgworm","Waremme","Arrondissement Borgworm","Arrondissement de Waremme","Provincie Luik","Province de Liège","Waals Gewest","Région wallonne","<5"
"2020-04-19","71002","As","As","Arrondissement Hasselt","Arrondissement de Hasselt","Provincie Limburg","Province du Limbourg","Vlaams Gewest","Région flamande","<5"
"2020-04-19","71004","Beringen","Beringen","Arrondissement Hasselt","Arrondissement de Hasselt","Provincie Limburg","Province du Limbourg","Vlaams Gewest","Région flamande","<5"
"2020-04-19","71011","Diepenbeek","Diepenbeek","Arrondissement Hasselt","Arrondissement de Hasselt","Provincie Limburg","Province du Limbourg","Vlaams Gewest","Région flamande","<5"
"2020-04-19","71016","Genk","Genk","Arrondissement Hasselt","Arrondissement de Hasselt","Provincie Limburg","Province du Limbourg","Vlaams Gewest","Région flamande","11"
"2020-04-19","71022","Hasselt","Hasselt","Arrondissement Hasselt","Arrondissement de Hasselt","Provincie Limburg","Province du Limbourg","Vlaams Gewest","Région flamande","<5"
"2020-04-19","71053","Sint-Truiden","Saint-Trond","Arrondissement Hasselt","Arrondissement de Hasselt","Provincie Limburg","Province du Limbourg","Vlaams Gewest","Région flamande","<5"
"2020-04-19","71057","Tessenderlo","Tessenderlo","Arrondissement Hasselt","Arrondissement de Hasselt","Provincie Limburg","Province du Limbourg","Vlaams Gewest","Région flamande","<5"
"2020-04-19","71066","Zonhoven","Zonhoven","Arrondissement Hasselt","Arrondissement de Hasselt","Provincie Limburg","Province du Limbourg","Vlaams Gewest","Région flamande","<5"
"2020-04-19","71070","Heusden-Zolder","Heusden-Zolder","Arrondissement Hasselt","Arrondissement de Hasselt","Provincie Limburg","Province du Limbourg","Vlaams Gewest","Région flamande","<5"
"2020-04-19","72037","Hamont-Achel","Hamont-Achel","Arrondissement Maaseik","Arrondissement de Maaseik","Provincie Limburg","Province du Limbourg","Vlaams Gewest","Région flamande","<5"
"2020-04-19","72043","Pelt","Pelt","Arrondissement Maaseik","Arrondissement de Maaseik","Provincie Limburg","Province du Limbourg","Vlaams Gewest","Région flamande","<5"
"2020-04-19","73032","Hoeselt","Hoeselt","Arrondissement Tongeren","Arrondissement de Tongres","Provincie Limburg","Province du Limbourg","Vlaams Gewest","Région flamande","<5"
"2020-04-19","73040","Kortessem","Kortessem","Arrondissement Tongeren","Arrondissement de Tongres","Provincie Limburg","Province du Limbourg","Vlaams Gewest","Région flamande","<5"
"2020-04-19","73066","Riemst","Riemst","Arrondissement Tongeren","Arrondissement de Tongres","Provincie Limburg","Province du Limbourg","Vlaams Gewest","Région flamande","<5"
"2020-04-19","73083","Tongeren","Tongres","Arrondissement Tongeren","Arrondissement de Tongres","Provincie Limburg","Province du Limbourg","Vlaams Gewest","Région flamande","<5"
"2020-04-19","73107","Maasmechelen","Maasmechelen","Arrondissement Tongeren","Arrondissement de Tongres","Provincie Limburg","Province du Limbourg","Vlaams Gewest","Région flamande","<5"
"2020-04-19","82037","Gouvy","Gouvy","Arrondissement Bastenaken","Arrondissement de Bastogne","Provincie Luxemburg","Province du Luxembourg","Waals Gewest","Région wallonne","<5"
"2020-04-19","83034","Marche-en-Famenne","Marche-en-Famenne","Arrondissement Marche-en-Famenne","Arrondissement de Marche-en-Famenne","Provincie Luxemburg","Province du Luxembourg","Waals Gewest","Région wallonne","<5"
"2020-04-19","85009","Etalle","Etalle","Arrondissement Virton","Arrondissement de Virton","Provincie Luxemburg","Province du Luxembourg","Waals Gewest","Région wallonne","<5"
"2020-04-19","85039","Tintigny","Tintigny","Arrondissement Virton","Arrondissement de Virton","Provincie Luxemburg","Province du Luxembourg","Waals Gewest","Région wallonne","5"
"2020-04-19","91013","Beauraing","Beauraing","Arrondissement Dinant","Arrondissement de Dinant","Provincie Namen","Province de Namur","Waals Gewest","Région wallonne","<5"
"2020-04-19","91059","Hamois","Hamois","Arrondissement Dinant","Arrondissement de Dinant","Provincie Namen","Province de Namur","Waals Gewest","Région wallonne","<5"
"2020-04-19","91064","Havelange","Havelange","Arrondissement Dinant","Arrondissement de Dinant","Provincie Namen","Province de Namur","Waals Gewest","Région wallonne","<5"
"2020-04-19","92006","Assesse","Assesse","Arrondissement Namen","Arrondissement de Namur","Provincie Namen","Province de Namur","Waals Gewest","Région wallonne","<5"
"2020-04-19","92035","Eghezée","Eghezée","Arrondissement Namen","Arrondissement de Namur","Provincie Namen","Province de Namur","Waals Gewest","Région wallonne","<5"
"2020-04-19","92048","Fosses-la-Ville","Fosses-la-Ville","Arrondissement Namen","Arrondissement de Namur","Provincie Namen","Province de Namur","Waals Gewest","Région wallonne","<5"
"2020-04-19","92054","Gesves","Gesves","Arrondissement Namen","Arrondissement de Namur","Provincie Namen","Province de Namur","Waals Gewest","Région wallonne","<5"
"2020-04-19","92094","Namen","Namur","Arrondissement Namen","Arrondissement de Namur","Provincie Namen","Province de Namur","Waals Gewest","Région wallonne","<5"
"2020-04-19","92137","Sambreville","Sambreville","Arrondissement Namen","Arrondissement de Namur","Provincie Namen","Province de Namur","Waals Gewest","Région wallonne","31"
"2020-04-19","92140","Jemeppe-sur-Sambre","Jemeppe-sur-Sambre","Arrondissement Namen","Arrondissement de Namur","Provincie Namen","Province de Namur","Waals Gewest","Région wallonne","<5"
"2020-04-19","92141","La Bruyère","La Bruyère","Arrondissement Namen","Arrondissement de Namur","Provincie Namen","Province de Namur","Waals Gewest","Région wallonne","<5"
"2020-04-19","92142","Gembloux","Gembloux","Arrondissement Namen","Arrondissement de Namur","Provincie Namen","Province de Namur","Waals Gewest","Région wallonne","<5"
"2020-04-19","93014","Couvin","Couvin","Arrondissement Philippeville","Arrondissement de Philippeville","Provincie Namen","Province de Namur","Waals Gewest","Région wallonne","<5"
"2020-04-19","93022","Florennes","Florennes","Arrondissement Philippeville","Arrondissement de Philippeville","Provincie Namen","Province de Namur","Waals Gewest","Région wallonne","<5"
"2020-04-19","93088","Walcourt","Walcourt","Arrondissement Philippeville","Arrondissement de Philippeville","Provincie Namen","Province de Namur","Waals Gewest","Région wallonne","6"
"2020-04-19",NA,NA,NA,NA,NA,NA,NA,NA,NA,"7"
"2020-04-20","11001","Aartselaar","Aartselaar","Arrondissement Antwerpen","Arrondissement d’Anvers","Provincie Antwerpen","Province d’Anvers","Vlaams Gewest","Région flamande","<5"
"2020-04-20","11002","Antwerpen","Anvers","Arrondissement Antwerpen","Arrondissement d’Anvers","Provincie Antwerpen","Province d’Anvers","Vlaams Gewest","Région flamande","53"
"2020-04-20","11004","Boechout","Boechout","Arrondissement Antwerpen","Arrondissement d’Anvers","Provincie Antwerpen","Province d’Anvers","Vlaams Gewest","Région flamande","<5"
"2020-04-20","11007","Borsbeek","Borsbeek","Arrondissement Antwerpen","Arrondissement d’Anvers","Provincie Antwerpen","Province d’Anvers","Vlaams Gewest","Région flamande","<5"
"2020-04-20","11009","Brecht","Brecht","Arrondissement Antwerpen","Arrondissement d’Anvers","Provincie Antwerpen","Province d’Anvers","Vlaams Gewest","Région flamande","<5"
"2020-04-20","11016","Essen","Essen","Arrondissement Antwerpen","Arrondissement d’Anvers","Provincie Antwerpen","Province d’Anvers","Vlaams Gewest","Région flamande","<5"
"2020-04-20","11021","Hove (Antwerpen)","Hove (Anvers)","Arrondissement Antwerpen","Arrondissement d’Anvers","Provincie Antwerpen","Province d’Anvers","Vlaams Gewest","Région flamande","<5"
"2020-04-20","11022","Kalmthout","Kalmthout","Arrondissement Antwerpen","Arrondissement d’Anvers","Provincie Antwerpen","Province d’Anvers","Vlaams Gewest","Région flamande","<5"
"2020-04-20","11023","Kapellen (Antwerpen)","Kapellen (Anvers)","Arrondissement Antwerpen","Arrondissement d’Anvers","Provincie Antwerpen","Province d’Anvers","Vlaams Gewest","Région flamande","8"
"2020-04-20","11024","Kontich","Kontich","Arrondissement Antwerpen","Arrondissement d’Anvers","Provincie Antwerpen","Province d’Anvers","Vlaams Gewest","Région flamande","<5"
"2020-04-20","11025","Lint","Lint","Arrondissement Antwerpen","Arrondissement d’Anvers","Provincie Antwerpen","Province d’Anvers","Vlaams Gewest","Région flamande","<5"
"2020-04-20","11029","Mortsel","Mortsel","Arrondissement Antwerpen","Arrondissement d’Anvers","Provincie Antwerpen","Province d’Anvers","Vlaams Gewest","Région flamande","14"
"2020-04-20","11030","Niel","Niel","Arrondissement Antwerpen","Arrondissement d’Anvers","Provincie Antwerpen","Province d’Anvers","Vlaams Gewest","Région flamande","<5"
"2020-04-20","11037","Rumst","Rumst","Arrondissement Antwerpen","Arrondissement d’Anvers","Provincie Antwerpen","Province d’Anvers","Vlaams Gewest","Région flamande","<5"
"2020-04-20","11038","Schelle","Schelle","Arrondissement Antwerpen","Arrondissement d’Anvers","Provincie Antwerpen","Province d’Anvers","Vlaams Gewest","Région flamande","<5"
"2020-04-20","11039","Schilde","Schilde","Arrondissement Antwerpen","Arrondissement d’Anvers","Provincie Antwerpen","Province d’Anvers","Vlaams Gewest","Région flamande","<5"
"2020-04-20","11044","Stabroek","Stabroek","Arrondissement Antwerpen","Arrondissement d’Anvers","Provincie Antwerpen","Province d’Anvers","Vlaams Gewest","Région flamande","<5"
"2020-04-20","11050","Wijnegem","Wijnegem","Arrondissement Antwerpen","Arrondissement d’Anvers","Provincie Antwerpen","Province d’Anvers","Vlaams Gewest","Région flamande","<5"
"2020-04-20","11052","Wommelgem","Wommelgem","Arrondissement Antwerpen","Arrondissement d’Anvers","Provincie Antwerpen","Province d’Anvers","Vlaams Gewest","Région flamande","<5"
"2020-04-20","11053","Wuustwezel","Wuustwezel","Arrondissement Antwerpen","Arrondissement d’Anvers","Provincie Antwerpen","Province d’Anvers","Vlaams Gewest","Région flamande","<5"
"2020-04-20","11054","Zandhoven","Zandhoven","Arrondissement Antwerpen","Arrondissement d’Anvers","Provincie Antwerpen","Province d’Anvers","Vlaams Gewest","Région flamande","<5"
"2020-04-20","11055","Zoersel","Zoersel","Arrondissement Antwerpen","Arrondissement d’Anvers","Provincie Antwerpen","Province d’Anvers","Vlaams Gewest","Région flamande","<5"
"2020-04-20","11056","Zwijndrecht","Zwijndrecht","Arrondissement Antwerpen","Arrondissement d’Anvers","Provincie Antwerpen","Province d’Anvers","Vlaams Gewest","Région flamande","<5"
"2020-04-20","12005","Bonheiden","Bonheiden","Arrondissement Mechelen","Arrondissement de Malines","Provincie Antwerpen","Province d’Anvers","Vlaams Gewest","Région flamande","<5"
"2020-04-20","12009","Duffel","Duffel","Arrondissement Mechelen","Arrondissement de Malines","Provincie Antwerpen","Province d’Anvers","Vlaams Gewest","Région flamande","<5"
"2020-04-20","12014","Heist-op-den-Berg","Heist-op-den-Berg","Arrondissement Mechelen","Arrondissement de Malines","Provincie Antwerpen","Province d’Anvers","Vlaams Gewest","Région flamande","9"
"2020-04-20","12021","Lier","Lierre","Arrondissement Mechelen","Arrondissement de Malines","Provincie Antwerpen","Province d’Anvers","Vlaams Gewest","Région flamande","<5"
"2020-04-20","12025","Mechelen","Malines","Arrondissement Mechelen","Arrondissement de Malines","Provincie Antwerpen","Province d’Anvers","Vlaams Gewest","Région flamande","6"
"2020-04-20","12026","Nijlen","Nijlen","Arrondissement Mechelen","Arrondissement de Malines","Provincie Antwerpen","Province d’Anvers","Vlaams Gewest","Région flamande","<5"
"2020-04-20","12029","Putte","Putte","Arrondissement Mechelen","Arrondissement de Malines","Provincie Antwerpen","Province d’Anvers","Vlaams Gewest","Région flamande","<5"
"2020-04-20","12035","Sint-Katelijne-Waver","Sint-Katelijne-Waver","Arrondissement Mechelen","Arrondissement de Malines","Provincie Antwerpen","Province d’Anvers","Vlaams Gewest","Région flamande","11"
"2020-04-20","12041","Puurs-Sint-Amands","Puurs-Sint-Amands","Arrondissement Mechelen","Arrondissement de Malines","Provincie Antwerpen","Province d’Anvers","Vlaams Gewest","Région flamande","<5"
"2020-04-20","13003","Balen","Balen","Arrondissement Turnhout","Arrondissement de Turnhout","Provincie Antwerpen","Province d’Anvers","Vlaams Gewest","Région flamande","<5"
"2020-04-20","13004","Beerse","Beerse","Arrondissement Turnhout","Arrondissement de Turnhout","Provincie Antwerpen","Province d’Anvers","Vlaams Gewest","Région flamande","<5"
"2020-04-20","13008","Geel","Geel","Arrondissement Turnhout","Arrondissement de Turnhout","Provincie Antwerpen","Province d’Anvers","Vlaams Gewest","Région flamande","5"
"2020-04-20","13010","Grobbendonk","Grobbendonk","Arrondissement Turnhout","Arrondissement de Turnhout","Provincie Antwerpen","Province d’Anvers","Vlaams Gewest","Région flamande","6"
"2020-04-20","13011","Herentals","Herentals","Arrondissement Turnhout","Arrondissement de Turnhout","Provincie Antwerpen","Province d’Anvers","Vlaams Gewest","Région flamande","<5"
"2020-04-20","13016","Hulshout","Hulshout","Arrondissement Turnhout","Arrondissement de Turnhout","Provincie Antwerpen","Province d’Anvers","Vlaams Gewest","Région flamande","<5"
"2020-04-20","13019","Lille","Lille","Arrondissement Turnhout","Arrondissement de Turnhout","Provincie Antwerpen","Province d’Anvers","Vlaams Gewest","Région flamande","<5"
"2020-04-20","13025","Mol","Mol","Arrondissement Turnhout","Arrondissement de Turnhout","Provincie Antwerpen","Province d’Anvers","Vlaams Gewest","Région flamande","<5"
"2020-04-20","13029","Olen","Olen","Arrondissement Turnhout","Arrondissement de Turnhout","Provincie Antwerpen","Province d’Anvers","Vlaams Gewest","Région flamande","<5"
"2020-04-20","13035","Ravels","Ravels","Arrondissement Turnhout","Arrondissement de Turnhout","Provincie Antwerpen","Province d’Anvers","Vlaams Gewest","Région flamande","6"
"2020-04-20","13037","Rijkevorsel","Rijkevorsel","Arrondissement Turnhout","Arrondissement de Turnhout","Provincie Antwerpen","Province d’Anvers","Vlaams Gewest","Région flamande","<5"
"2020-04-20","21001","Anderlecht","Anderlecht","Arrondissement Brussel-Hoofdstad","Arrondissement de Bruxelles-Capitale",NA,NA,"Brussels Hoofdstedelijk Gewest","Région de Bruxelles-Capitale","23"
"2020-04-20","21002","Oudergem","Auderghem","Arrondissement Brussel-Hoofdstad","Arrondissement de Bruxelles-Capitale",NA,NA,"Brussels Hoofdstedelijk Gewest","Région de Bruxelles-Capitale","<5"
"2020-04-20","21003","Sint-Agatha-Berchem","Berchem-Sainte-Agathe","Arrondissement Brussel-Hoofdstad","Arrondissement de Bruxelles-Capitale",NA,NA,"Brussels Hoofdstedelijk Gewest","Région de Bruxelles-Capitale","<5"
"2020-04-20","21004","Brussel","Bruxelles","Arrondissement Brussel-Hoofdstad","Arrondissement de Bruxelles-Capitale",NA,NA,"Brussels Hoofdstedelijk Gewest","Région de Bruxelles-Capitale","18"
"2020-04-20","21005","Etterbeek","Etterbeek","Arrondissement Brussel-Hoofdstad","Arrondissement de Bruxelles-Capitale",NA,NA,"Brussels Hoofdstedelijk Gewest","Région de Bruxelles-Capitale","<5"
"2020-04-20","21006","Evere","Evere","Arrondissement Brussel-Hoofdstad","Arrondissement de Bruxelles-Capitale",NA,NA,"Brussels Hoofdstedelijk Gewest","Région de Bruxelles-Capitale","<5"
"2020-04-20","21007","Vorst (Brussel-Hoofdstad)","Forest (Bruxelles-Capitale)","Arrondissement Brussel-Hoofdstad","Arrondissement de Bruxelles-Capitale",NA,NA,"Brussels Hoofdstedelijk Gewest","Région de Bruxelles-Capitale","7"
"2020-04-20","21008","Ganshoren","Ganshoren","Arrondissement Brussel-Hoofdstad","Arrondissement de Bruxelles-Capitale",NA,NA,"Brussels Hoofdstedelijk Gewest","Région de Bruxelles-Capitale","7"
"2020-04-20","21009","Elsene","Ixelles","Arrondissement Brussel-Hoofdstad","Arrondissement de Bruxelles-Capitale",NA,NA,"Brussels Hoofdstedelijk Gewest","Région de Bruxelles-Capitale","30"
"2020-04-20","21010","Jette","Jette","Arrondissement Brussel-Hoofdstad","Arrondissement de Bruxelles-Capitale",NA,NA,"Brussels Hoofdstedelijk Gewest","Région de Bruxelles-Capitale","<5"
"2020-04-20","21011","Koekelberg","Koekelberg","Arrondissement Brussel-Hoofdstad","Arrondissement de Bruxelles-Capitale",NA,NA,"Brussels Hoofdstedelijk Gewest","Région de Bruxelles-Capitale","<5"
"2020-04-20","21012","Sint-Jans-Molenbeek","Molenbeek-Saint-Jean","Arrondissement Brussel-Hoofdstad","Arrondissement de Bruxelles-Capitale",NA,NA,"Brussels Hoofdstedelijk Gewest","Région de Bruxelles-Capitale","<5"
"2020-04-20","21013","Sint-Gillis","Saint-Gilles","Arrondissement Brussel-Hoofdstad","Arrondissement de Bruxelles-Capitale",NA,NA,"Brussels Hoofdstedelijk Gewest","Région de Bruxelles-Capitale","<5"
"2020-04-20","21015","Schaarbeek","Schaerbeek","Arrondissement Brussel-Hoofdstad","Arrondissement de Bruxelles-Capitale",NA,NA,"Brussels Hoofdstedelijk Gewest","Région de Bruxelles-Capitale","7"
"2020-04-20","21016","Ukkel","Uccle","Arrondissement Brussel-Hoofdstad","Arrondissement de Bruxelles-Capitale",NA,NA,"Brussels Hoofdstedelijk Gewest","Région de Bruxelles-Capitale","13"
"2020-04-20","21017","Watermaal-Bosvoorde","Watermael-Boitsfort","Arrondissement Brussel-Hoofdstad","Arrondissement de Bruxelles-Capitale",NA,NA,"Brussels Hoofdstedelijk Gewest","Région de Bruxelles-Capitale","10"
"2020-04-20","21018","Sint-Lambrechts-Woluwe","Woluwe-Saint-Lambert","Arrondissement Brussel-Hoofdstad","Arrondissement de Bruxelles-Capitale",NA,NA,"Brussels Hoofdstedelijk Gewest","Région de Bruxelles-Capitale","15"
"2020-04-20","21019","Sint-Pieters-Woluwe","Woluwe-Saint-Pierre","Arrondissement Brussel-Hoofdstad","Arrondissement de Bruxelles-Capitale",NA,NA,"Brussels Hoofdstedelijk Gewest","Région de Bruxelles-Capitale","<5"
"2020-04-20","23002","Asse","Asse","Arrondissement Halle-Vilvoorde","Arrondissement de Hal-Vilvorde","Provincie Vlaams-Brabant","Province du Brabant flamand","Vlaams Gewest","Région flamande","<5"
"2020-04-20","23003","Beersel","Beersel","Arrondissement Halle-Vilvoorde","Arrondissement de Hal-Vilvorde","Provincie Vlaams-Brabant","Province du Brabant flamand","Vlaams Gewest","Région flamande","<5"
"2020-04-20","23016","Dilbeek","Dilbeek","Arrondissement Halle-Vilvoorde","Arrondissement de Hal-Vilvorde","Provincie Vlaams-Brabant","Province du Brabant flamand","Vlaams Gewest","Région flamande","<5"
"2020-04-20","23025","Grimbergen","Grimbergen","Arrondissement Halle-Vilvoorde","Arrondissement de Hal-Vilvorde","Provincie Vlaams-Brabant","Province du Brabant flamand","Vlaams Gewest","Région flamande","<5"
"2020-04-20","23027","Halle (Halle-Vilvoorde)","Hal (Hal-Vilvorde)","Arrondissement Halle-Vilvoorde","Arrondissement de Hal-Vilvorde","Provincie Vlaams-Brabant","Province du Brabant flamand","Vlaams Gewest","Région flamande","<5"
"2020-04-20","23033","Hoeilaart","Hoeilaart","Arrondissement Halle-Vilvoorde","Arrondissement de Hal-Vilvorde","Provincie Vlaams-Brabant","Province du Brabant flamand","Vlaams Gewest","Région flamande","<5"
"2020-04-20","23038","Kampenhout","Kampenhout","Arrondissement Halle-Vilvoorde","Arrondissement de Hal-Vilvorde","Provincie Vlaams-Brabant","Province du Brabant flamand","Vlaams Gewest","Région flamande","<5"
"2020-04-20","23047","Machelen (Halle-Vilvoorde)","Machelen (Hal-Vilvorde)","Arrondissement Halle-Vilvoorde","Arrondissement de Hal-Vilvorde","Provincie Vlaams-Brabant","Province du Brabant flamand","Vlaams Gewest","Région flamande","<5"
"2020-04-20","23050","Meise","Meise","Arrondissement Halle-Vilvoorde","Arrondissement de Hal-Vilvorde","Provincie Vlaams-Brabant","Province du Brabant flamand","Vlaams Gewest","Région flamande","<5"
"2020-04-20","23052","Merchtem","Merchtem","Arrondissement Halle-Vilvoorde","Arrondissement de Hal-Vilvorde","Provincie Vlaams-Brabant","Province du Brabant flamand","Vlaams Gewest","Région flamande","<5"
"2020-04-20","23062","Overijse","Overijse","Arrondissement Halle-Vilvoorde","Arrondissement de Hal-Vilvorde","Provincie Vlaams-Brabant","Province du Brabant flamand","Vlaams Gewest","Région flamande","<5"
"2020-04-20","23094","Zaventem","Zaventem","Arrondissement Halle-Vilvoorde","Arrondissement de Hal-Vilvorde","Provincie Vlaams-Brabant","Province du Brabant flamand","Vlaams Gewest","Région flamande","<5"
"2020-04-20","23096","Zemst","Zemst","Arrondissement Halle-Vilvoorde","Arrondissement de Hal-Vilvorde","Provincie Vlaams-Brabant","Province du Brabant flamand","Vlaams Gewest","Région flamande","<5"
"2020-04-20","23098","Drogenbos","Drogenbos","Arrondissement Halle-Vilvoorde","Arrondissement de Hal-Vilvorde","Provincie Vlaams-Brabant","Province du Brabant flamand","Vlaams Gewest","Région flamande","<5"
"2020-04-20","23099","Kraainem","Kraainem","Arrondissement Halle-Vilvoorde","Arrondissement de Hal-Vilvorde","Provincie Vlaams-Brabant","Province du Brabant flamand","Vlaams Gewest","Région flamande","<5"
"2020-04-20","23105","Affligem","Affligem","Arrondissement Halle-Vilvoorde","Arrondissement de Hal-Vilvorde","Provincie Vlaams-Brabant","Province du Brabant flamand","Vlaams Gewest","Région flamande","<5"
"2020-04-20","24007","Begijnendijk","Begijnendijk","Arrondissement Leuven","Arrondissement de Louvain","Provincie Vlaams-Brabant","Province du Brabant flamand","Vlaams Gewest","Région flamande","<5"
"2020-04-20","24014","Boortmeerbeek","Boortmeerbeek","Arrondissement Leuven","Arrondissement de Louvain","Provincie Vlaams-Brabant","Province du Brabant flamand","Vlaams Gewest","Région flamande","<5"
"2020-04-20","24020","Diest","Diest","Arrondissement Leuven","Arrondissement de Louvain","Provincie Vlaams-Brabant","Province du Brabant flamand","Vlaams Gewest","Région flamande","<5"
"2020-04-20","24028","Geetbets","Geetbets","Arrondissement Leuven","Arrondissement de Louvain","Provincie Vlaams-Brabant","Province du Brabant flamand","Vlaams Gewest","Région flamande","<5"
"2020-04-20","24033","Haacht","Haacht","Arrondissement Leuven","Arrondissement de Louvain","Provincie Vlaams-Brabant","Province du Brabant flamand","Vlaams Gewest","Région flamande","<5"
"2020-04-20","24038","Herent","Herent","Arrondissement Leuven","Arrondissement de Louvain","Provincie Vlaams-Brabant","Province du Brabant flamand","Vlaams Gewest","Région flamande","<5"
"2020-04-20","24045","Huldenberg","Huldenberg","Arrondissement Leuven","Arrondissement de Louvain","Provincie Vlaams-Brabant","Province du Brabant flamand","Vlaams Gewest","Région flamande","<5"
"2020-04-20","24048","Keerbergen","Keerbergen","Arrondissement Leuven","Arrondissement de Louvain","Provincie Vlaams-Brabant","Province du Brabant flamand","Vlaams Gewest","Région flamande","<5"
"2020-04-20","24055","Kortenberg","Kortenberg","Arrondissement Leuven","Arrondissement de Louvain","Provincie Vlaams-Brabant","Province du Brabant flamand","Vlaams Gewest","Région flamande","<5"
"2020-04-20","24059","Landen","Landen","Arrondissement Leuven","Arrondissement de Louvain","Provincie Vlaams-Brabant","Province du Brabant flamand","Vlaams Gewest","Région flamande","<5"
"2020-04-20","24062","Leuven","Louvain","Arrondissement Leuven","Arrondissement de Louvain","Provincie Vlaams-Brabant","Province du Brabant flamand","Vlaams Gewest","Région flamande","7"
"2020-04-20","24094","Rotselaar","Rotselaar","Arrondissement Leuven","Arrondissement de Louvain","Provincie Vlaams-Brabant","Province du Brabant flamand","Vlaams Gewest","Région flamande","<5"
"2020-04-20","24104","Tervuren","Tervuren","Arrondissement Leuven","Arrondissement de Louvain","Provincie Vlaams-Brabant","Province du Brabant flamand","Vlaams Gewest","Région flamande","<5"
"2020-04-20","24107","Tienen","Tirlemont","Arrondissement Leuven","Arrondissement de Louvain","Provincie Vlaams-Brabant","Province du Brabant flamand","Vlaams Gewest","Région flamande","<5"
"2020-04-20","24134","Scherpenheuvel-Zichem","Montaigu-Zichem","Arrondissement Leuven","Arrondissement de Louvain","Provincie Vlaams-Brabant","Province du Brabant flamand","Vlaams Gewest","Région flamande","<5"
"2020-04-20","24135","Tielt-Winge","Tielt-Winge","Arrondissement Leuven","Arrondissement de Louvain","Provincie Vlaams-Brabant","Province du Brabant flamand","Vlaams Gewest","Région flamande","<5"
"2020-04-20","25005","Bevekom","Beauvechain","Arrondissement Nijvel","Arrondissement de Nivelles","Provincie Waals-Brabant","Province du Brabant wallon","Waals Gewest","Région wallonne","<5"
"2020-04-20","25014","Eigenbrakel","Braine-l’Alleud","Arrondissement Nijvel","Arrondissement de Nivelles","Provincie Waals-Brabant","Province du Brabant wallon","Waals Gewest","Région wallonne","7"
"2020-04-20","25015","Kasteelbrakel","Braine-le-Château","Arrondissement Nijvel","Arrondissement de Nivelles","Provincie Waals-Brabant","Province du Brabant wallon","Waals Gewest","Région wallonne","<5"
"2020-04-20","25023","Court-Saint-Etienne","Court-Saint-Etienne","Arrondissement Nijvel","Arrondissement de Nivelles","Provincie Waals-Brabant","Province du Brabant wallon","Waals Gewest","Région wallonne","<5"
"2020-04-20","25031","Genepiën","Genappe","Arrondissement Nijvel","Arrondissement de Nivelles","Provincie Waals-Brabant","Province du Brabant wallon","Waals Gewest","Région wallonne","<5"
"2020-04-20","25050","Terhulpen","La Hulpe","Arrondissement Nijvel","Arrondissement de Nivelles","Provincie Waals-Brabant","Province du Brabant wallon","Waals Gewest","Région wallonne","<5"
"2020-04-20","25068","Mont-Saint-Guibert","Mont-Saint-Guibert","Arrondissement Nijvel","Arrondissement de Nivelles","Provincie Waals-Brabant","Province du Brabant wallon","Waals Gewest","Région wallonne","<5"
"2020-04-20","25072","Nijvel","Nivelles","Arrondissement Nijvel","Arrondissement de Nivelles","Provincie Waals-Brabant","Province du Brabant wallon","Waals Gewest","Région wallonne","20"
"2020-04-20","25091","Rixensart","Rixensart","Arrondissement Nijvel","Arrondissement de Nivelles","Provincie Waals-Brabant","Province du Brabant wallon","Waals Gewest","Région wallonne","<5"
"2020-04-20","25105","Tubeke","Tubize","Arrondissement Nijvel","Arrondissement de Nivelles","Provincie Waals-Brabant","Province du Brabant wallon","Waals Gewest","Région wallonne","<5"
"2020-04-20","25110","Waterloo","Waterloo","Arrondissement Nijvel","Arrondissement de Nivelles","Provincie Waals-Brabant","Province du Brabant wallon","Waals Gewest","Région wallonne","<5"
"2020-04-20","25112","Waver","Wavre","Arrondissement Nijvel","Arrondissement de Nivelles","Provincie Waals-Brabant","Province du Brabant wallon","Waals Gewest","Région wallonne","<5"
"2020-04-20","25117","Chastre","Chastre","Arrondissement Nijvel","Arrondissement de Nivelles","Provincie Waals-Brabant","Province du Brabant wallon","Waals Gewest","Région wallonne","<5"
"2020-04-20","25119","Lasne","Lasne","Arrondissement Nijvel","Arrondissement de Nivelles","Provincie Waals-Brabant","Province du Brabant wallon","Waals Gewest","Région wallonne","<5"
"2020-04-20","25121","Ottignies-Louvain-la-Neuve","Ottignies-Louvain-la-Neuve","Arrondissement Nijvel","Arrondissement de Nivelles","Provincie Waals-Brabant","Province du Brabant wallon","Waals Gewest","Région wallonne","<5"
"2020-04-20","25123","Rebecq","Rebecq","Arrondissement Nijvel","Arrondissement de Nivelles","Provincie Waals-Brabant","Province du Brabant wallon","Waals Gewest","Région wallonne","<5"
"2020-04-20","31003","Beernem","Beernem","Arrondissement Brugge","Arrondissement de Bruges","Provincie West-Vlaanderen","Province de Flandre occidentale","Vlaams Gewest","Région flamande","7"
"2020-04-20","31005","Brugge","Bruges","Arrondissement Brugge","Arrondissement de Bruges","Provincie West-Vlaanderen","Province de Flandre occidentale","Vlaams Gewest","Région flamande","34"
"2020-04-20","31006","Damme","Damme","Arrondissement Brugge","Arrondissement de Bruges","Provincie West-Vlaanderen","Province de Flandre occidentale","Vlaams Gewest","Région flamande","<5"
"2020-04-20","31012","Jabbeke","Jabbeke","Arrondissement Brugge","Arrondissement de Bruges","Provincie West-Vlaanderen","Province de Flandre occidentale","Vlaams Gewest","Région flamande","<5"
"2020-04-20","31022","Oostkamp","Oostkamp","Arrondissement Brugge","Arrondissement de Bruges","Provincie West-Vlaanderen","Province de Flandre occidentale","Vlaams Gewest","Région flamande","5"
"2020-04-20","31033","Torhout","Torhout","Arrondissement Brugge","Arrondissement de Bruges","Provincie West-Vlaanderen","Province de Flandre occidentale","Vlaams Gewest","Région flamande","<5"
"2020-04-20","31040","Zedelgem","Zedelgem","Arrondissement Brugge","Arrondissement de Bruges","Provincie West-Vlaanderen","Province de Flandre occidentale","Vlaams Gewest","Région flamande","8"
"2020-04-20","31042","Zuienkerke","Zuienkerke","Arrondissement Brugge","Arrondissement de Bruges","Provincie West-Vlaanderen","Province de Flandre occidentale","Vlaams Gewest","Région flamande","<5"
"2020-04-20","32003","Diksmuide","Dixmude","Arrondissement Diksmuide","Arrondissement de Dixmude","Provincie West-Vlaanderen","Province de Flandre occidentale","Vlaams Gewest","Région flamande","<5"
"2020-04-20","32006","Houthulst","Houthulst","Arrondissement Diksmuide","Arrondissement de Dixmude","Provincie West-Vlaanderen","Province de Flandre occidentale","Vlaams Gewest","Région flamande","<5"
"2020-04-20","32011","Kortemark","Kortemark","Arrondissement Diksmuide","Arrondissement de Dixmude","Provincie West-Vlaanderen","Province de Flandre occidentale","Vlaams Gewest","Région flamande","<5"
"2020-04-20","33011","Ieper","Ypres","Arrondissement Ieper","Arrondissement d’Ypres","Provincie West-Vlaanderen","Province de Flandre occidentale","Vlaams Gewest","Région flamande","<5"
"2020-04-20","33021","Poperinge","Poperinge","Arrondissement Ieper","Arrondissement d’Ypres","Provincie West-Vlaanderen","Province de Flandre occidentale","Vlaams Gewest","Région flamande","<5"
"2020-04-20","33029","Wervik","Wervik","Arrondissement Ieper","Arrondissement d’Ypres","Provincie West-Vlaanderen","Province de Flandre occidentale","Vlaams Gewest","Région flamande","<5"
"2020-04-20","33039","Heuvelland","Heuvelland","Arrondissement Ieper","Arrondissement d’Ypres","Provincie West-Vlaanderen","Province de Flandre occidentale","Vlaams Gewest","Région flamande","<5"
"2020-04-20","34002","Anzegem","Anzegem","Arrondissement Kortrijk","Arrondissement de Courtrai","Provincie West-Vlaanderen","Province de Flandre occidentale","Vlaams Gewest","Région flamande","<5"
"2020-04-20","34003","Avelgem","Avelgem","Arrondissement Kortrijk","Arrondissement de Courtrai","Provincie West-Vlaanderen","Province de Flandre occidentale","Vlaams Gewest","Région flamande","<5"
"2020-04-20","34013","Harelbeke","Harelbeke","Arrondissement Kortrijk","Arrondissement de Courtrai","Provincie West-Vlaanderen","Province de Flandre occidentale","Vlaams Gewest","Région flamande","<5"
"2020-04-20","34022","Kortrijk","Courtrai","Arrondissement Kortrijk","Arrondissement de Courtrai","Provincie West-Vlaanderen","Province de Flandre occidentale","Vlaams Gewest","Région flamande","9"
"2020-04-20","34023","Kuurne","Kuurne","Arrondissement Kortrijk","Arrondissement de Courtrai","Provincie West-Vlaanderen","Province de Flandre occidentale","Vlaams Gewest","Région flamande","<5"
"2020-04-20","34027","Menen","Menin","Arrondissement Kortrijk","Arrondissement de Courtrai","Provincie West-Vlaanderen","Province de Flandre occidentale","Vlaams Gewest","Région flamande","<5"
"2020-04-20","34041","Wevelgem","Wevelgem","Arrondissement Kortrijk","Arrondissement de Courtrai","Provincie West-Vlaanderen","Province de Flandre occidentale","Vlaams Gewest","Région flamande","7"
"2020-04-20","34042","Zwevegem","Zwevegem","Arrondissement Kortrijk","Arrondissement de Courtrai","Provincie West-Vlaanderen","Province de Flandre occidentale","Vlaams Gewest","Région flamande","<5"
"2020-04-20","34043","Spiere-Helkijn","Espierres-Helchin","Arrondissement Kortrijk","Arrondissement de Courtrai","Provincie West-Vlaanderen","Province de Flandre occidentale","Vlaams Gewest","Région flamande","<5"
"2020-04-20","35002","Bredene","Bredene","Arrondissement Oostende","Arrondissement d’Ostende","Provincie West-Vlaanderen","Province de Flandre occidentale","Vlaams Gewest","Région flamande","<5"
"2020-04-20","35005","Gistel","Gistel","Arrondissement Oostende","Arrondissement d’Ostende","Provincie West-Vlaanderen","Province de Flandre occidentale","Vlaams Gewest","Région flamande","<5"
"2020-04-20","35006","Ichtegem","Ichtegem","Arrondissement Oostende","Arrondissement d’Ostende","Provincie West-Vlaanderen","Province de Flandre occidentale","Vlaams Gewest","Région flamande","<5"
"2020-04-20","35011","Middelkerke","Middelkerke","Arrondissement Oostende","Arrondissement d’Ostende","Provincie West-Vlaanderen","Province de Flandre occidentale","Vlaams Gewest","Région flamande","<5"
"2020-04-20","35013","Oostende","Ostende","Arrondissement Oostende","Arrondissement d’Ostende","Provincie West-Vlaanderen","Province de Flandre occidentale","Vlaams Gewest","Région flamande","<5"
"2020-04-20","35014","Oudenburg","Oudenburg","Arrondissement Oostende","Arrondissement d’Ostende","Provincie West-Vlaanderen","Province de Flandre occidentale","Vlaams Gewest","Région flamande","<5"
"2020-04-20","35029","De Haan","De Haan","Arrondissement Oostende","Arrondissement d’Ostende","Provincie West-Vlaanderen","Province de Flandre occidentale","Vlaams Gewest","Région flamande","<5"
"2020-04-20","36006","Hooglede","Hooglede","Arrondissement Roeselare","Arrondissement de Roulers","Provincie West-Vlaanderen","Province de Flandre occidentale","Vlaams Gewest","Région flamande","<5"
"2020-04-20","36007","Ingelmunster","Ingelmunster","Arrondissement Roeselare","Arrondissement de Roulers","Provincie West-Vlaanderen","Province de Flandre occidentale","Vlaams Gewest","Région flamande","5"
"2020-04-20","36008","Izegem","Izegem","Arrondissement Roeselare","Arrondissement de Roulers","Provincie West-Vlaanderen","Province de Flandre occidentale","Vlaams Gewest","Région flamande","<5"
"2020-04-20","36015","Roeselare","Roulers","Arrondissement Roeselare","Arrondissement de Roulers","Provincie West-Vlaanderen","Province de Flandre occidentale","Vlaams Gewest","Région flamande","7"
"2020-04-20","37007","Meulebeke","Meulebeke","Arrondissement Tielt","Arrondissement de Tielt","Provincie West-Vlaanderen","Province de Flandre occidentale","Vlaams Gewest","Région flamande","<5"
"2020-04-20","37012","Ruiselede","Ruiselede","Arrondissement Tielt","Arrondissement de Tielt","Provincie West-Vlaanderen","Province de Flandre occidentale","Vlaams Gewest","Région flamande","<5"
"2020-04-20","37015","Tielt (Tielt)","Tielt (Tielt)","Arrondissement Tielt","Arrondissement de Tielt","Provincie West-Vlaanderen","Province de Flandre occidentale","Vlaams Gewest","Région flamande","<5"
"2020-04-20","37017","Wielsbeke","Wielsbeke","Arrondissement Tielt","Arrondissement de Tielt","Provincie West-Vlaanderen","Province de Flandre occidentale","Vlaams Gewest","Région flamande","<5"
"2020-04-20","37018","Wingene","Wingene","Arrondissement Tielt","Arrondissement de Tielt","Provincie West-Vlaanderen","Province de Flandre occidentale","Vlaams Gewest","Région flamande","<5"
"2020-04-20","41002","Aalst (Aalst)","Alost (Alost)","Arrondissement Aalst","Arrondissement d’Alost","Provincie Oost-Vlaanderen","Province de Flandre orientale","Vlaams Gewest","Région flamande","20"
"2020-04-20","41011","Denderleeuw","Denderleeuw","Arrondissement Aalst","Arrondissement d’Alost","Provincie Oost-Vlaanderen","Province de Flandre orientale","Vlaams Gewest","Région flamande","<5"
"2020-04-20","41018","Geraardsbergen","Grammont","Arrondissement Aalst","Arrondissement d’Alost","Provincie Oost-Vlaanderen","Province de Flandre orientale","Vlaams Gewest","Région flamande","<5"
"2020-04-20","41024","Haaltert","Haaltert","Arrondissement Aalst","Arrondissement d’Alost","Provincie Oost-Vlaanderen","Province de Flandre orientale","Vlaams Gewest","Région flamande","<5"
"2020-04-20","41034","Lede","Lede","Arrondissement Aalst","Arrondissement d’Alost","Provincie Oost-Vlaanderen","Province de Flandre orientale","Vlaams Gewest","Région flamande","<5"
"2020-04-20","41048","Ninove","Ninove","Arrondissement Aalst","Arrondissement d’Alost","Provincie Oost-Vlaanderen","Province de Flandre orientale","Vlaams Gewest","Région flamande","<5"
"2020-04-20","41082","Erpe-Mere","Erpe-Mere","Arrondissement Aalst","Arrondissement d’Alost","Provincie Oost-Vlaanderen","Province de Flandre orientale","Vlaams Gewest","Région flamande","<5"
"2020-04-20","42003","Berlare","Berlare","Arrondissement Dendermonde","Arrondissement de Termonde","Provincie Oost-Vlaanderen","Province de Flandre orientale","Vlaams Gewest","Région flamande","<5"
"2020-04-20","42004","Buggenhout","Buggenhout","Arrondissement Dendermonde","Arrondissement de Termonde","Provincie Oost-Vlaanderen","Province de Flandre orientale","Vlaams Gewest","Région flamande","<5"
"2020-04-20","42006","Dendermonde","Termonde","Arrondissement Dendermonde","Arrondissement de Termonde","Provincie Oost-Vlaanderen","Province de Flandre orientale","Vlaams Gewest","Région flamande","<5"
"2020-04-20","42008","Hamme (Dendermonde)","Hamme (Termonde)","Arrondissement Dendermonde","Arrondissement de Termonde","Provincie Oost-Vlaanderen","Province de Flandre orientale","Vlaams Gewest","Région flamande","12"
"2020-04-20","42011","Lebbeke","Lebbeke","Arrondissement Dendermonde","Arrondissement de Termonde","Provincie Oost-Vlaanderen","Province de Flandre orientale","Vlaams Gewest","Région flamande","<5"
"2020-04-20","42023","Waasmunster","Waasmunster","Arrondissement Dendermonde","Arrondissement de Termonde","Provincie Oost-Vlaanderen","Province de Flandre orientale","Vlaams Gewest","Région flamande","<5"
"2020-04-20","42026","Wichelen","Wichelen","Arrondissement Dendermonde","Arrondissement de Termonde","Provincie Oost-Vlaanderen","Province de Flandre orientale","Vlaams Gewest","Région flamande","<5"
"2020-04-20","42028","Zele","Zele","Arrondissement Dendermonde","Arrondissement de Termonde","Provincie Oost-Vlaanderen","Province de Flandre orientale","Vlaams Gewest","Région flamande","<5"
"2020-04-20","43002","Assenede","Assenede","Arrondissement Eeklo","Arrondissement d’Eeklo","Provincie Oost-Vlaanderen","Province de Flandre orientale","Vlaams Gewest","Région flamande","<5"
"2020-04-20","43010","Maldegem","Maldegem","Arrondissement Eeklo","Arrondissement d’Eeklo","Provincie Oost-Vlaanderen","Province de Flandre orientale","Vlaams Gewest","Région flamande","<5"
"2020-04-20","44013","Destelbergen","Destelbergen","Arrondissement Gent","Arrondissement de Gand","Provincie Oost-Vlaanderen","Province de Flandre orientale","Vlaams Gewest","Région flamande","13"
"2020-04-20","44019","Evergem","Evergem","Arrondissement Gent","Arrondissement de Gand","Provincie Oost-Vlaanderen","Province de Flandre orientale","Vlaams Gewest","Région flamande","<5"
"2020-04-20","44021","Gent","Gand","Arrondissement Gent","Arrondissement de Gand","Provincie Oost-Vlaanderen","Province de Flandre orientale","Vlaams Gewest","Région flamande","12"
"2020-04-20","44040","Melle","Melle","Arrondissement Gent","Arrondissement de Gand","Provincie Oost-Vlaanderen","Province de Flandre orientale","Vlaams Gewest","Région flamande","<5"
"2020-04-20","44043","Merelbeke","Merelbeke","Arrondissement Gent","Arrondissement de Gand","Provincie Oost-Vlaanderen","Province de Flandre orientale","Vlaams Gewest","Région flamande","<5"
"2020-04-20","44048","Nazareth","Nazareth","Arrondissement Gent","Arrondissement de Gand","Provincie Oost-Vlaanderen","Province de Flandre orientale","Vlaams Gewest","Région flamande","<5"
"2020-04-20","44081","Zulte","Zulte","Arrondissement Gent","Arrondissement de Gand","Provincie Oost-Vlaanderen","Province de Flandre orientale","Vlaams Gewest","Région flamande","<5"
"2020-04-20","44085","Lievegem","Lievegem","Arrondissement Gent","Arrondissement de Gand","Provincie Oost-Vlaanderen","Province de Flandre orientale","Vlaams Gewest","Région flamande","<5"
"2020-04-20","45035","Oudenaarde","Audenarde","Arrondissement Oudenaarde","Arrondissement d’Audenarde","Provincie Oost-Vlaanderen","Province de Flandre orientale","Vlaams Gewest","Région flamande","6"
"2020-04-20","45041","Ronse","Renaix","Arrondissement Oudenaarde","Arrondissement d’Audenarde","Provincie Oost-Vlaanderen","Province de Flandre orientale","Vlaams Gewest","Région flamande","<5"
"2020-04-20","45059","Brakel","Brakel","Arrondissement Oudenaarde","Arrondissement d’Audenarde","Provincie Oost-Vlaanderen","Province de Flandre orientale","Vlaams Gewest","Région flamande","<5"
"2020-04-20","46003","Beveren (Sint-Niklaas)","Beveren (Saint-Nicolas)","Arrondissement Sint-Niklaas","Arrondissement de Saint-Nicolas","Provincie Oost-Vlaanderen","Province de Flandre orientale","Vlaams Gewest","Région flamande","<5"
"2020-04-20","46014","Lokeren","Lokeren","Arrondissement Sint-Niklaas","Arrondissement de Saint-Nicolas","Provincie Oost-Vlaanderen","Province de Flandre orientale","Vlaams Gewest","Région flamande","<5"
"2020-04-20","46020","Sint-Gillis-Waas","Sint-Gillis-Waas","Arrondissement Sint-Niklaas","Arrondissement de Saint-Nicolas","Provincie Oost-Vlaanderen","Province de Flandre orientale","Vlaams Gewest","Région flamande","<5"
"2020-04-20","46021","Sint-Niklaas (Sint-Niklaas)","Saint-Nicolas (Saint-Nicolas)","Arrondissement Sint-Niklaas","Arrondissement de Saint-Nicolas","Provincie Oost-Vlaanderen","Province de Flandre orientale","Vlaams Gewest","Région flamande","<5"
"2020-04-20","46024","Stekene","Stekene","Arrondissement Sint-Niklaas","Arrondissement de Saint-Nicolas","Provincie Oost-Vlaanderen","Province de Flandre orientale","Vlaams Gewest","Région flamande","<5"
"2020-04-20","51004","Aat","Ath","Arrondissement Aat","Arrondissement d’Ath","Provincie Henegouwen","Province du Hainaut","Waals Gewest","Région wallonne","<5"
"2020-04-20","51008","Beloeil","Beloeil","Arrondissement Aat","Arrondissement d’Ath","Provincie Henegouwen","Province du Hainaut","Waals Gewest","Région wallonne","<5"
"2020-04-20","51009","Bernissart","Bernissart","Arrondissement Aat","Arrondissement d’Ath","Provincie Henegouwen","Province du Hainaut","Waals Gewest","Région wallonne","<5"
"2020-04-20","51017","Elzele","Ellezelles","Arrondissement Aat","Arrondissement d’Ath","Provincie Henegouwen","Province du Hainaut","Waals Gewest","Région wallonne","<5"
"2020-04-20","51019","Vloesberg","Flobecq","Arrondissement Aat","Arrondissement d’Ath","Provincie Henegouwen","Province du Hainaut","Waals Gewest","Région wallonne","<5"
"2020-04-20","51067","Edingen","Enghien","Arrondissement Aat","Arrondissement d’Ath","Provincie Henegouwen","Province du Hainaut","Waals Gewest","Région wallonne","<5"
"2020-04-20","52010","Chapelle-lez-Herlaimont","Chapelle-lez-Herlaimont","Arrondissement Charleroi","Arrondissement de Charleroi","Provincie Henegouwen","Province du Hainaut","Waals Gewest","Région wallonne","<5"
"2020-04-20","52011","Charleroi","Charleroi","Arrondissement Charleroi","Arrondissement de Charleroi","Provincie Henegouwen","Province du Hainaut","Waals Gewest","Région wallonne","73"
"2020-04-20","52012","Châtelet","Châtelet","Arrondissement Charleroi","Arrondissement de Charleroi","Provincie Henegouwen","Province du Hainaut","Waals Gewest","Région wallonne","5"
"2020-04-20","52015","Courcelles","Courcelles","Arrondissement Charleroi","Arrondissement de Charleroi","Provincie Henegouwen","Province du Hainaut","Waals Gewest","Région wallonne","<5"
"2020-04-20","52021","Fleurus","Fleurus","Arrondissement Charleroi","Arrondissement de Charleroi","Provincie Henegouwen","Province du Hainaut","Waals Gewest","Région wallonne","<5"
"2020-04-20","52022","Fontaine-l’Evêque","Fontaine-l’Evêque","Arrondissement Charleroi","Arrondissement de Charleroi","Provincie Henegouwen","Province du Hainaut","Waals Gewest","Région wallonne","<5"
"2020-04-20","52025","Gerpinnes","Gerpinnes","Arrondissement Charleroi","Arrondissement de Charleroi","Provincie Henegouwen","Province du Hainaut","Waals Gewest","Région wallonne","<5"
"2020-04-20","52055","Pont-à-Celles","Pont-à-Celles","Arrondissement Charleroi","Arrondissement de Charleroi","Provincie Henegouwen","Province du Hainaut","Waals Gewest","Région wallonne","<5"
"2020-04-20","52074","Aiseau-Presles","Aiseau-Presles","Arrondissement Charleroi","Arrondissement de Charleroi","Provincie Henegouwen","Province du Hainaut","Waals Gewest","Région wallonne","<5"
"2020-04-20","52075","Les Bons Villers","Les Bons Villers","Arrondissement Charleroi","Arrondissement de Charleroi","Provincie Henegouwen","Province du Hainaut","Waals Gewest","Région wallonne","8"
"2020-04-20","53020","Dour","Dour","Arrondissement Bergen","Arrondissement de Mons","Provincie Henegouwen","Province du Hainaut","Waals Gewest","Région wallonne","<5"
"2020-04-20","53028","Frameries","Frameries","Arrondissement Bergen","Arrondissement de Mons","Provincie Henegouwen","Province du Hainaut","Waals Gewest","Région wallonne","<5"
"2020-04-20","53039","Hensies","Hensies","Arrondissement Bergen","Arrondissement de Mons","Provincie Henegouwen","Province du Hainaut","Waals Gewest","Région wallonne","<5"
"2020-04-20","53053","Bergen","Mons","Arrondissement Bergen","Arrondissement de Mons","Provincie Henegouwen","Province du Hainaut","Waals Gewest","Région wallonne","9"
"2020-04-20","53070","Saint-Ghislain","Saint-Ghislain","Arrondissement Bergen","Arrondissement de Mons","Provincie Henegouwen","Province du Hainaut","Waals Gewest","Région wallonne","<5"
"2020-04-20","53082","Colfontaine","Colfontaine","Arrondissement Bergen","Arrondissement de Mons","Provincie Henegouwen","Province du Hainaut","Waals Gewest","Région wallonne","<5"
"2020-04-20","53083","Honnelles","Honnelles","Arrondissement Bergen","Arrondissement de Mons","Provincie Henegouwen","Province du Hainaut","Waals Gewest","Région wallonne","<5"
"2020-04-20","55004","’s Gravenbrakel","Braine-le-Comte","Arrondissement Zinnik","Arrondissement de Soignies","Provincie Henegouwen","Province du Hainaut","Waals Gewest","Région wallonne","<5"
"2020-04-20","55085","Seneffe","Seneffe","Arrondissement Zinnik","Arrondissement de Soignies","Provincie Henegouwen","Province du Hainaut","Waals Gewest","Région wallonne","10"
"2020-04-20","55086","Manage","Manage","Arrondissement Zinnik","Arrondissement de Soignies","Provincie Henegouwen","Province du Hainaut","Waals Gewest","Région wallonne","<5"
"2020-04-20","56005","Beaumont","Beaumont","Arrondissement Thuin","Arrondissement de Thuin","Provincie Henegouwen","Province du Hainaut","Waals Gewest","Région wallonne","<5"
"2020-04-20","56022","Erquelinnes","Erquelinnes","Arrondissement Thuin","Arrondissement de Thuin","Provincie Henegouwen","Province du Hainaut","Waals Gewest","Région wallonne","<5"
"2020-04-20","56044","Lobbes","Lobbes","Arrondissement Thuin","Arrondissement de Thuin","Provincie Henegouwen","Province du Hainaut","Waals Gewest","Région wallonne","<5"
"2020-04-20","56049","Merbes-le-Château","Merbes-le-Château","Arrondissement Thuin","Arrondissement de Thuin","Provincie Henegouwen","Province du Hainaut","Waals Gewest","Région wallonne","<5"
"2020-04-20","56088","Sivry-Rance","Sivry-Rance","Arrondissement Thuin","Arrondissement de Thuin","Provincie Henegouwen","Province du Hainaut","Waals Gewest","Région wallonne","<5"
"2020-04-20","57081","Doornik","Tournai","Arrondissement Doornik-Moeskroen","Arrondissement de Tournai-Mouscron","Provincie Henegouwen","Province du Hainaut","Waals Gewest","Région wallonne","5"
"2020-04-20","57093","Brunehaut","Brunehaut","Arrondissement Doornik-Moeskroen","Arrondissement de Tournai-Mouscron","Provincie Henegouwen","Province du Hainaut","Waals Gewest","Région wallonne","<5"
"2020-04-20","57095","Mont-de-l’Enclus","Mont-de-l’Enclus","Arrondissement Doornik-Moeskroen","Arrondissement de Tournai-Mouscron","Provincie Henegouwen","Province du Hainaut","Waals Gewest","Région wallonne","<5"
"2020-04-20","57096","Moeskroen","Mouscron","Arrondissement Doornik-Moeskroen","Arrondissement de Tournai-Mouscron","Provincie Henegouwen","Province du Hainaut","Waals Gewest","Région wallonne","6"
"2020-04-20","57097","Komen-Waasten","Comines-Warneton","Arrondissement Doornik-Moeskroen","Arrondissement de Tournai-Mouscron","Provincie Henegouwen","Province du Hainaut","Waals Gewest","Région wallonne","<5"
"2020-04-20","58001","La Louvière","La Louvière","Arrondissement La Louvière","Arrondissement de La Louvière","Provincie Henegouwen","Province du Hainaut","Waals Gewest","Région wallonne","<5"
"2020-04-20","58002","Binche","Binche","Arrondissement La Louvière","Arrondissement de La Louvière","Provincie Henegouwen","Province du Hainaut","Waals Gewest","Région wallonne","<5"
"2020-04-20","58003","Estinnes","Estinnes","Arrondissement La Louvière","Arrondissement de La Louvière","Provincie Henegouwen","Province du Hainaut","Waals Gewest","Région wallonne","<5"
"2020-04-20","61031","Hoei","Huy","Arrondissement Hoei","Arrondissement de Huy","Provincie Luik","Province de Liège","Waals Gewest","Région wallonne","<5"
"2020-04-20","61041","Modave","Modave","Arrondissement Hoei","Arrondissement de Huy","Provincie Luik","Province de Liège","Waals Gewest","Région wallonne","<5"
"2020-04-20","61072","Wanze","Wanze","Arrondissement Hoei","Arrondissement de Huy","Provincie Luik","Province de Liège","Waals Gewest","Région wallonne","<5"
"2020-04-20","62003","Ans","Ans","Arrondissement Luik","Arrondissement de Liège","Provincie Luik","Province de Liège","Waals Gewest","Région wallonne","5"
"2020-04-20","62006","Awans","Awans","Arrondissement Luik","Arrondissement de Liège","Provincie Luik","Province de Liège","Waals Gewest","Région wallonne","5"
"2020-04-20","62015","Beyne-Heusay","Beyne-Heusay","Arrondissement Luik","Arrondissement de Liège","Provincie Luik","Province de Liège","Waals Gewest","Région wallonne","<5"
"2020-04-20","62022","Chaudfontaine","Chaudfontaine","Arrondissement Luik","Arrondissement de Liège","Provincie Luik","Province de Liège","Waals Gewest","Région wallonne","<5"
"2020-04-20","62032","Esneux","Esneux","Arrondissement Luik","Arrondissement de Liège","Provincie Luik","Province de Liège","Waals Gewest","Région wallonne","<5"
"2020-04-20","62038","Fléron","Fléron","Arrondissement Luik","Arrondissement de Liège","Provincie Luik","Province de Liège","Waals Gewest","Région wallonne","<5"
"2020-04-20","62051","Herstal","Herstal","Arrondissement Luik","Arrondissement de Liège","Provincie Luik","Province de Liège","Waals Gewest","Région wallonne","<5"
"2020-04-20","62063","Luik","Liège","Arrondissement Luik","Arrondissement de Liège","Provincie Luik","Province de Liège","Waals Gewest","Région wallonne","13"
"2020-04-20","62079","Oupeye","Oupeye","Arrondissement Luik","Arrondissement de Liège","Provincie Luik","Province de Liège","Waals Gewest","Région wallonne","<5"
"2020-04-20","62093","Saint-Nicolas (Luik)","Saint-Nicolas (Liège)","Arrondissement Luik","Arrondissement de Liège","Provincie Luik","Province de Liège","Waals Gewest","Région wallonne","<5"
"2020-04-20","62096","Seraing","Seraing","Arrondissement Luik","Arrondissement de Liège","Provincie Luik","Province de Liège","Waals Gewest","Région wallonne","<5"
"2020-04-20","62099","Soumagne","Soumagne","Arrondissement Luik","Arrondissement de Liège","Provincie Luik","Province de Liège","Waals Gewest","Région wallonne","5"
"2020-04-20","62108","Wezet","Visé","Arrondissement Luik","Arrondissement de Liège","Provincie Luik","Province de Liège","Waals Gewest","Région wallonne","<5"
"2020-04-20","62118","Grâce-Hollogne","Grâce-Hollogne","Arrondissement Luik","Arrondissement de Liège","Provincie Luik","Province de Liège","Waals Gewest","Région wallonne","5"
"2020-04-20","62119","Blegny","Blegny","Arrondissement Luik","Arrondissement de Liège","Provincie Luik","Province de Liège","Waals Gewest","Région wallonne","<5"
"2020-04-20","62120","Flémalle","Flémalle","Arrondissement Luik","Arrondissement de Liège","Provincie Luik","Province de Liège","Waals Gewest","Région wallonne","<5"
"2020-04-20","62121","Neupré","Neupré","Arrondissement Luik","Arrondissement de Liège","Provincie Luik","Province de Liège","Waals Gewest","Région wallonne","<5"
"2020-04-20","62122","Trooz","Trooz","Arrondissement Luik","Arrondissement de Liège","Provincie Luik","Province de Liège","Waals Gewest","Région wallonne","<5"
"2020-04-20","63003","Aubel","Aubel","Arrondissement Verviers","Arrondissement de Verviers","Provincie Luik","Province de Liège","Waals Gewest","Région wallonne","<5"
"2020-04-20","63012","Büllingen","Bullange","Arrondissement Verviers","Arrondissement de Verviers","Provincie Luik","Province de Liège","Waals Gewest","Région wallonne","<5"
"2020-04-20","63013","Bütgenbach","Butgenbach","Arrondissement Verviers","Arrondissement de Verviers","Provincie Luik","Province de Liège","Waals Gewest","Région wallonne","<5"
"2020-04-20","63020","Dison","Dison","Arrondissement Verviers","Arrondissement de Verviers","Provincie Luik","Province de Liège","Waals Gewest","Région wallonne","<5"
"2020-04-20","63023","Eupen","Eupen","Arrondissement Verviers","Arrondissement de Verviers","Provincie Luik","Province de Liège","Waals Gewest","Région wallonne","7"
"2020-04-20","63035","Herve","Herve","Arrondissement Verviers","Arrondissement de Verviers","Provincie Luik","Province de Liège","Waals Gewest","Région wallonne","51"
"2020-04-20","63038","Jalhay","Jalhay","Arrondissement Verviers","Arrondissement de Verviers","Provincie Luik","Province de Liège","Waals Gewest","Région wallonne","<5"
"2020-04-20","63040","Kelmis","La Calamine","Arrondissement Verviers","Arrondissement de Verviers","Provincie Luik","Province de Liège","Waals Gewest","Région wallonne","<5"
"2020-04-20","63049","Malmedy","Malmedy","Arrondissement Verviers","Arrondissement de Verviers","Provincie Luik","Province de Liège","Waals Gewest","Région wallonne","21"
"2020-04-20","63058","Pepinster","Pepinster","Arrondissement Verviers","Arrondissement de Verviers","Provincie Luik","Province de Liège","Waals Gewest","Région wallonne","<5"
"2020-04-20","63072","Spa","Spa","Arrondissement Verviers","Arrondissement de Verviers","Provincie Luik","Province de Liège","Waals Gewest","Région wallonne","<5"
"2020-04-20","63075","Stoumont","Stoumont","Arrondissement Verviers","Arrondissement de Verviers","Provincie Luik","Province de Liège","Waals Gewest","Région wallonne","<5"
"2020-04-20","63076","Theux","Theux","Arrondissement Verviers","Arrondissement de Verviers","Provincie Luik","Province de Liège","Waals Gewest","Région wallonne","<5"
"2020-04-20","63079","Verviers","Verviers","Arrondissement Verviers","Arrondissement de Verviers","Provincie Luik","Province de Liège","Waals Gewest","Région wallonne","8"
"2020-04-20","63080","Weismes","Waimes","Arrondissement Verviers","Arrondissement de Verviers","Provincie Luik","Province de Liège","Waals Gewest","Région wallonne","<5"
"2020-04-20","63088","Plombières","Plombières","Arrondissement Verviers","Arrondissement de Verviers","Provincie Luik","Province de Liège","Waals Gewest","Région wallonne","<5"
"2020-04-20","64023","Donceel","Donceel","Arrondissement Borgworm","Arrondissement de Waremme","Provincie Luik","Province de Liège","Waals Gewest","Région wallonne","<5"
"2020-04-20","64034","Hannuit","Hannut","Arrondissement Borgworm","Arrondissement de Waremme","Provincie Luik","Province de Liège","Waals Gewest","Région wallonne","<5"
"2020-04-20","64063","Remicourt","Remicourt","Arrondissement Borgworm","Arrondissement de Waremme","Provincie Luik","Province de Liège","Waals Gewest","Région wallonne","5"
"2020-04-20","64074","Borgworm","Waremme","Arrondissement Borgworm","Arrondissement de Waremme","Provincie Luik","Province de Liège","Waals Gewest","Région wallonne","<5"
"2020-04-20","71004","Beringen","Beringen","Arrondissement Hasselt","Arrondissement de Hasselt","Provincie Limburg","Province du Limbourg","Vlaams Gewest","Région flamande","<5"
"2020-04-20","71011","Diepenbeek","Diepenbeek","Arrondissement Hasselt","Arrondissement de Hasselt","Provincie Limburg","Province du Limbourg","Vlaams Gewest","Région flamande","<5"
"2020-04-20","71016","Genk","Genk","Arrondissement Hasselt","Arrondissement de Hasselt","Provincie Limburg","Province du Limbourg","Vlaams Gewest","Région flamande","7"
"2020-04-20","71017","Gingelom","Gingelom","Arrondissement Hasselt","Arrondissement de Hasselt","Provincie Limburg","Province du Limbourg","Vlaams Gewest","Région flamande","<5"
"2020-04-20","71020","Halen","Halen","Arrondissement Hasselt","Arrondissement de Hasselt","Provincie Limburg","Province du Limbourg","Vlaams Gewest","Région flamande","<5"
"2020-04-20","71022","Hasselt","Hasselt","Arrondissement Hasselt","Arrondissement de Hasselt","Provincie Limburg","Province du Limbourg","Vlaams Gewest","Région flamande","15"
"2020-04-20","71024","Herk-de-Stad","Herck-la-Ville","Arrondissement Hasselt","Arrondissement de Hasselt","Provincie Limburg","Province du Limbourg","Vlaams Gewest","Région flamande","<5"
"2020-04-20","71045","Nieuwerkerken (Hasselt)","Nieuwerkerken (Hasselt)","Arrondissement Hasselt","Arrondissement de Hasselt","Provincie Limburg","Province du Limbourg","Vlaams Gewest","Région flamande","5"
"2020-04-20","71053","Sint-Truiden","Saint-Trond","Arrondissement Hasselt","Arrondissement de Hasselt","Provincie Limburg","Province du Limbourg","Vlaams Gewest","Région flamande","10"
"2020-04-20","71057","Tessenderlo","Tessenderlo","Arrondissement Hasselt","Arrondissement de Hasselt","Provincie Limburg","Province du Limbourg","Vlaams Gewest","Région flamande","<5"
"2020-04-20","71066","Zonhoven","Zonhoven","Arrondissement Hasselt","Arrondissement de Hasselt","Provincie Limburg","Province du Limbourg","Vlaams Gewest","Région flamande","20"
"2020-04-20","71067","Zutendaal","Zutendaal","Arrondissement Hasselt","Arrondissement de Hasselt","Provincie Limburg","Province du Limbourg","Vlaams Gewest","Région flamande","<5"
"2020-04-20","71070","Heusden-Zolder","Heusden-Zolder","Arrondissement Hasselt","Arrondissement de Hasselt","Provincie Limburg","Province du Limbourg","Vlaams Gewest","Région flamande","<5"
"2020-04-20","72003","Bocholt","Bocholt","Arrondissement Maaseik","Arrondissement de Maaseik","Provincie Limburg","Province du Limbourg","Vlaams Gewest","Région flamande","<5"
"2020-04-20","72004","Bree","Bree","Arrondissement Maaseik","Arrondissement de Maaseik","Provincie Limburg","Province du Limbourg","Vlaams Gewest","Région flamande","<5"
"2020-04-20","72018","Kinrooi","Kinrooi","Arrondissement Maaseik","Arrondissement de Maaseik","Provincie Limburg","Province du Limbourg","Vlaams Gewest","Région flamande","<5"
"2020-04-20","72020","Lommel","Lommel","Arrondissement Maaseik","Arrondissement de Maaseik","Provincie Limburg","Province du Limbourg","Vlaams Gewest","Région flamande","<5"
"2020-04-20","72021","Maaseik","Maaseik","Arrondissement Maaseik","Arrondissement de Maaseik","Provincie Limburg","Province du Limbourg","Vlaams Gewest","Région flamande","<5"
"2020-04-20","72030","Peer","Peer","Arrondissement Maaseik","Arrondissement de Maaseik","Provincie Limburg","Province du Limbourg","Vlaams Gewest","Région flamande","<5"
"2020-04-20","72037","Hamont-Achel","Hamont-Achel","Arrondissement Maaseik","Arrondissement de Maaseik","Provincie Limburg","Province du Limbourg","Vlaams Gewest","Région flamande","<5"
"2020-04-20","72038","Hechtel-Eksel","Hechtel-Eksel","Arrondissement Maaseik","Arrondissement de Maaseik","Provincie Limburg","Province du Limbourg","Vlaams Gewest","Région flamande","<5"
"2020-04-20","72039","Houthalen-Helchteren","Houthalen-Helchteren","Arrondissement Maaseik","Arrondissement de Maaseik","Provincie Limburg","Province du Limbourg","Vlaams Gewest","Région flamande","6"
"2020-04-20","72041","Dilsen-Stokkem","Dilsen-Stokkem","Arrondissement Maaseik","Arrondissement de Maaseik","Provincie Limburg","Province du Limbourg","Vlaams Gewest","Région flamande","<5"
"2020-04-20","72042","Oudsbergen","Oudsbergen","Arrondissement Maaseik","Arrondissement de Maaseik","Provincie Limburg","Province du Limbourg","Vlaams Gewest","Région flamande","5"
"2020-04-20","72043","Pelt","Pelt","Arrondissement Maaseik","Arrondissement de Maaseik","Provincie Limburg","Province du Limbourg","Vlaams Gewest","Région flamande","<5"
"2020-04-20","73001","Alken","Alken","Arrondissement Tongeren","Arrondissement de Tongres","Provincie Limburg","Province du Limbourg","Vlaams Gewest","Région flamande","<5"
"2020-04-20","73006","Bilzen","Bilzen","Arrondissement Tongeren","Arrondissement de Tongres","Provincie Limburg","Province du Limbourg","Vlaams Gewest","Région flamande","6"
"2020-04-20","73009","Borgloon","Looz","Arrondissement Tongeren","Arrondissement de Tongres","Provincie Limburg","Province du Limbourg","Vlaams Gewest","Région flamande","<5"
"2020-04-20","73032","Hoeselt","Hoeselt","Arrondissement Tongeren","Arrondissement de Tongres","Provincie Limburg","Province du Limbourg","Vlaams Gewest","Région flamande","<5"
"2020-04-20","73040","Kortessem","Kortessem","Arrondissement Tongeren","Arrondissement de Tongres","Provincie Limburg","Province du Limbourg","Vlaams Gewest","Région flamande","<5"
"2020-04-20","73042","Lanaken","Lanaken","Arrondissement Tongeren","Arrondissement de Tongres","Provincie Limburg","Province du Limbourg","Vlaams Gewest","Région flamande","<5"
"2020-04-20","73066","Riemst","Riemst","Arrondissement Tongeren","Arrondissement de Tongres","Provincie Limburg","Province du Limbourg","Vlaams Gewest","Région flamande","<5"
"2020-04-20","73083","Tongeren","Tongres","Arrondissement Tongeren","Arrondissement de Tongres","Provincie Limburg","Province du Limbourg","Vlaams Gewest","Région flamande","<5"
"2020-04-20","73098","Wellen","Wellen","Arrondissement Tongeren","Arrondissement de Tongres","Provincie Limburg","Province du Limbourg","Vlaams Gewest","Région flamande","<5"
"2020-04-20","73107","Maasmechelen","Maasmechelen","Arrondissement Tongeren","Arrondissement de Tongres","Provincie Limburg","Province du Limbourg","Vlaams Gewest","Région flamande","<5"
"2020-04-20","81004","Aubange","Aubange","Arrondissement Aarlen","Arrondissement d’Arlon","Provincie Luxemburg","Province du Luxembourg","Waals Gewest","Région wallonne","<5"
"2020-04-20","83012","Durbuy","Durbuy","Arrondissement Marche-en-Famenne","Arrondissement de Marche-en-Famenne","Provincie Luxemburg","Province du Luxembourg","Waals Gewest","Région wallonne","<5"
"2020-04-20","83031","La Roche-en-Ardenne","La Roche-en-Ardenne","Arrondissement Marche-en-Famenne","Arrondissement de Marche-en-Famenne","Provincie Luxemburg","Province du Luxembourg","Waals Gewest","Région wallonne","<5"
"2020-04-20","83034","Marche-en-Famenne","Marche-en-Famenne","Arrondissement Marche-en-Famenne","Arrondissement de Marche-en-Famenne","Provincie Luxemburg","Province du Luxembourg","Waals Gewest","Région wallonne","<5"
"2020-04-20","83040","Nassogne","Nassogne","Arrondissement Marche-en-Famenne","Arrondissement de Marche-en-Famenne","Provincie Luxemburg","Province du Luxembourg","Waals Gewest","Région wallonne","<5"
"2020-04-20","84035","Libin","Libin","Arrondissement Neufchâteau","Arrondissement de Neufchâteau","Provincie Luxemburg","Province du Luxembourg","Waals Gewest","Région wallonne","<5"
"2020-04-20","84043","Neufchâteau (Neufchâteau)","Neufchâteau (Neufchâteau)","Arrondissement Neufchâteau","Arrondissement de Neufchâteau","Provincie Luxemburg","Province du Luxembourg","Waals Gewest","Région wallonne","<5"
"2020-04-20","84077","Libramont-Chevigny","Libramont-Chevigny","Arrondissement Neufchâteau","Arrondissement de Neufchâteau","Provincie Luxemburg","Province du Luxembourg","Waals Gewest","Région wallonne","<5"
"2020-04-20","91005","Anhée","Anhée","Arrondissement Dinant","Arrondissement de Dinant","Provincie Namen","Province de Namur","Waals Gewest","Région wallonne","<5"
"2020-04-20","91030","Ciney","Ciney","Arrondissement Dinant","Arrondissement de Dinant","Provincie Namen","Province de Namur","Waals Gewest","Région wallonne","<5"
"2020-04-20","91034","Dinant","Dinant","Arrondissement Dinant","Arrondissement de Dinant","Provincie Namen","Province de Namur","Waals Gewest","Région wallonne","<5"
"2020-04-20","91059","Hamois","Hamois","Arrondissement Dinant","Arrondissement de Dinant","Provincie Namen","Province de Namur","Waals Gewest","Région wallonne","<5"
"2020-04-20","91072","Houyet","Houyet","Arrondissement Dinant","Arrondissement de Dinant","Provincie Namen","Province de Namur","Waals Gewest","Région wallonne","<5"
"2020-04-20","91103","Onhaye","Onhaye","Arrondissement Dinant","Arrondissement de Dinant","Provincie Namen","Province de Namur","Waals Gewest","Région wallonne","<5"
"2020-04-20","91114","Rochefort","Rochefort","Arrondissement Dinant","Arrondissement de Dinant","Provincie Namen","Province de Namur","Waals Gewest","Région wallonne","<5"
"2020-04-20","91120","Somme-Leuze","Somme-Leuze","Arrondissement Dinant","Arrondissement de Dinant","Provincie Namen","Province de Namur","Waals Gewest","Région wallonne","<5"
"2020-04-20","91141","Yvoir","Yvoir","Arrondissement Dinant","Arrondissement de Dinant","Provincie Namen","Province de Namur","Waals Gewest","Région wallonne","<5"
"2020-04-20","92003","Andenne","Andenne","Arrondissement Namen","Arrondissement de Namur","Provincie Namen","Province de Namur","Waals Gewest","Région wallonne","6"
"2020-04-20","92035","Eghezée","Eghezée","Arrondissement Namen","Arrondissement de Namur","Provincie Namen","Province de Namur","Waals Gewest","Région wallonne","<5"
"2020-04-20","92048","Fosses-la-Ville","Fosses-la-Ville","Arrondissement Namen","Arrondissement de Namur","Provincie Namen","Province de Namur","Waals Gewest","Région wallonne","<5"
"2020-04-20","92054","Gesves","Gesves","Arrondissement Namen","Arrondissement de Namur","Provincie Namen","Province de Namur","Waals Gewest","Région wallonne","<5"
"2020-04-20","92094","Namen","Namur","Arrondissement Namen","Arrondissement de Namur","Provincie Namen","Province de Namur","Waals Gewest","Région wallonne","14"
"2020-04-20","92101","Profondeville","Profondeville","Arrondissement Namen","Arrondissement de Namur","Provincie Namen","Province de Namur","Waals Gewest","Région wallonne","<5"
"2020-04-20","92137","Sambreville","Sambreville","Arrondissement Namen","Arrondissement de Namur","Provincie Namen","Province de Namur","Waals Gewest","Région wallonne","<5"
"2020-04-20","92138","Fernelmont","Fernelmont","Arrondissement Namen","Arrondissement de Namur","Provincie Namen","Province de Namur","Waals Gewest","Région wallonne","<5"
"2020-04-20","92140","Jemeppe-sur-Sambre","Jemeppe-sur-Sambre","Arrondissement Namen","Arrondissement de Namur","Provincie Namen","Province de Namur","Waals Gewest","Région wallonne","<5"
"2020-04-20","92142","Gembloux","Gembloux","Arrondissement Namen","Arrondissement de Namur","Provincie Namen","Province de Namur","Waals Gewest","Région wallonne","24"
"2020-04-20","93010","Cerfontaine","Cerfontaine","Arrondissement Philippeville","Arrondissement de Philippeville","Provincie Namen","Province de Namur","Waals Gewest","Région wallonne","<5"
"2020-04-20","93014","Couvin","Couvin","Arrondissement Philippeville","Arrondissement de Philippeville","Provincie Namen","Province de Namur","Waals Gewest","Région wallonne","<5"
"2020-04-20","93022","Florennes","Florennes","Arrondissement Philippeville","Arrondissement de Philippeville","Provincie Namen","Province de Namur","Waals Gewest","Région wallonne","<5"
"2020-04-20","93088","Walcourt","Walcourt","Arrondissement Philippeville","Arrondissement de Philippeville","Provincie Namen","Province de Namur","Waals Gewest","Région wallonne","<5"
"2020-04-20",NA,NA,NA,NA,NA,NA,NA,NA,NA,"33"
"2020-04-21","11001","Aartselaar","Aartselaar","Arrondissement Antwerpen","Arrondissement d’Anvers","Provincie Antwerpen","Province d’Anvers","Vlaams Gewest","Région flamande","<5"
"2020-04-21","11002","Antwerpen","Anvers","Arrondissement Antwerpen","Arrondissement d’Anvers","Provincie Antwerpen","Province d’Anvers","Vlaams Gewest","Région flamande","90"
"2020-04-21","11008","Brasschaat","Brasschaat","Arrondissement Antwerpen","Arrondissement d’Anvers","Provincie Antwerpen","Province d’Anvers","Vlaams Gewest","Région flamande","<5"
"2020-04-21","11009","Brecht","Brecht","Arrondissement Antwerpen","Arrondissement d’Anvers","Provincie Antwerpen","Province d’Anvers","Vlaams Gewest","Région flamande","6"
"2020-04-21","11013","Edegem","Edegem","Arrondissement Antwerpen","Arrondissement d’Anvers","Provincie Antwerpen","Province d’Anvers","Vlaams Gewest","Région flamande","<5"
"2020-04-21","11016","Essen","Essen","Arrondissement Antwerpen","Arrondissement d’Anvers","Provincie Antwerpen","Province d’Anvers","Vlaams Gewest","Région flamande","<5"
"2020-04-21","11021","Hove (Antwerpen)","Hove (Anvers)","Arrondissement Antwerpen","Arrondissement d’Anvers","Provincie Antwerpen","Province d’Anvers","Vlaams Gewest","Région flamande","<5"
"2020-04-21","11022","Kalmthout","Kalmthout","Arrondissement Antwerpen","Arrondissement d’Anvers","Provincie Antwerpen","Province d’Anvers","Vlaams Gewest","Région flamande","<5"
"2020-04-21","11023","Kapellen (Antwerpen)","Kapellen (Anvers)","Arrondissement Antwerpen","Arrondissement d’Anvers","Provincie Antwerpen","Province d’Anvers","Vlaams Gewest","Région flamande","<5"
"2020-04-21","11025","Lint","Lint","Arrondissement Antwerpen","Arrondissement d’Anvers","Provincie Antwerpen","Province d’Anvers","Vlaams Gewest","Région flamande","<5"
"2020-04-21","11030","Niel","Niel","Arrondissement Antwerpen","Arrondissement d’Anvers","Provincie Antwerpen","Province d’Anvers","Vlaams Gewest","Région flamande","<5"
"2020-04-21","11035","Ranst","Ranst","Arrondissement Antwerpen","Arrondissement d’Anvers","Provincie Antwerpen","Province d’Anvers","Vlaams Gewest","Région flamande","<5"
"2020-04-21","11039","Schilde","Schilde","Arrondissement Antwerpen","Arrondissement d’Anvers","Provincie Antwerpen","Province d’Anvers","Vlaams Gewest","Région flamande","7"
"2020-04-21","11040","Schoten","Schoten","Arrondissement Antwerpen","Arrondissement d’Anvers","Provincie Antwerpen","Province d’Anvers","Vlaams Gewest","Région flamande","<5"
"2020-04-21","11044","Stabroek","Stabroek","Arrondissement Antwerpen","Arrondissement d’Anvers","Provincie Antwerpen","Province d’Anvers","Vlaams Gewest","Région flamande","<5"
"2020-04-21","11050","Wijnegem","Wijnegem","Arrondissement Antwerpen","Arrondissement d’Anvers","Provincie Antwerpen","Province d’Anvers","Vlaams Gewest","Région flamande","<5"
"2020-04-21","11052","Wommelgem","Wommelgem","Arrondissement Antwerpen","Arrondissement d’Anvers","Provincie Antwerpen","Province d’Anvers","Vlaams Gewest","Région flamande","<5"
"2020-04-21","11053","Wuustwezel","Wuustwezel","Arrondissement Antwerpen","Arrondissement d’Anvers","Provincie Antwerpen","Province d’Anvers","Vlaams Gewest","Région flamande","<5"
"2020-04-21","11054","Zandhoven","Zandhoven","Arrondissement Antwerpen","Arrondissement d’Anvers","Provincie Antwerpen","Province d’Anvers","Vlaams Gewest","Région flamande","<5"
"2020-04-21","11055","Zoersel","Zoersel","Arrondissement Antwerpen","Arrondissement d’Anvers","Provincie Antwerpen","Province d’Anvers","Vlaams Gewest","Région flamande","<5"
"2020-04-21","11056","Zwijndrecht","Zwijndrecht","Arrondissement Antwerpen","Arrondissement d’Anvers","Provincie Antwerpen","Province d’Anvers","Vlaams Gewest","Région flamande","<5"
"2020-04-21","12002","Berlaar","Berlaar","Arrondissement Mechelen","Arrondissement de Malines","Provincie Antwerpen","Province d’Anvers","Vlaams Gewest","Région flamande","<5"
"2020-04-21","12007","Bornem","Bornem","Arrondissement Mechelen","Arrondissement de Malines","Provincie Antwerpen","Province d’Anvers","Vlaams Gewest","Région flamande","<5"
"2020-04-21","12009","Duffel","Duffel","Arrondissement Mechelen","Arrondissement de Malines","Provincie Antwerpen","Province d’Anvers","Vlaams Gewest","Région flamande","<5"
"2020-04-21","12021","Lier","Lierre","Arrondissement Mechelen","Arrondissement de Malines","Provincie Antwerpen","Province d’Anvers","Vlaams Gewest","Région flamande","<5"
"2020-04-21","12025","Mechelen","Malines","Arrondissement Mechelen","Arrondissement de Malines","Provincie Antwerpen","Province d’Anvers","Vlaams Gewest","Région flamande","<5"
"2020-04-21","12026","Nijlen","Nijlen","Arrondissement Mechelen","Arrondissement de Malines","Provincie Antwerpen","Province d’Anvers","Vlaams Gewest","Région flamande","<5"
"2020-04-21","12040","Willebroek","Willebroek","Arrondissement Mechelen","Arrondissement de Malines","Provincie Antwerpen","Province d’Anvers","Vlaams Gewest","Région flamande","<5"
"2020-04-21","12041","Puurs-Sint-Amands","Puurs-Sint-Amands","Arrondissement Mechelen","Arrondissement de Malines","Provincie Antwerpen","Province d’Anvers","Vlaams Gewest","Région flamande","<5"
"2020-04-21","13001","Arendonk","Arendonk","Arrondissement Turnhout","Arrondissement de Turnhout","Provincie Antwerpen","Province d’Anvers","Vlaams Gewest","Région flamande","<5"
"2020-04-21","13003","Balen","Balen","Arrondissement Turnhout","Arrondissement de Turnhout","Provincie Antwerpen","Province d’Anvers","Vlaams Gewest","Région flamande","<5"
"2020-04-21","13004","Beerse","Beerse","Arrondissement Turnhout","Arrondissement de Turnhout","Provincie Antwerpen","Province d’Anvers","Vlaams Gewest","Région flamande","<5"
"2020-04-21","13006","Dessel","Dessel","Arrondissement Turnhout","Arrondissement de Turnhout","Provincie Antwerpen","Province d’Anvers","Vlaams Gewest","Région flamande","<5"
"2020-04-21","13008","Geel","Geel","Arrondissement Turnhout","Arrondissement de Turnhout","Provincie Antwerpen","Province d’Anvers","Vlaams Gewest","Région flamande","6"
"2020-04-21","13010","Grobbendonk","Grobbendonk","Arrondissement Turnhout","Arrondissement de Turnhout","Provincie Antwerpen","Province d’Anvers","Vlaams Gewest","Région flamande","<5"
"2020-04-21","13011","Herentals","Herentals","Arrondissement Turnhout","Arrondissement de Turnhout","Provincie Antwerpen","Province d’Anvers","Vlaams Gewest","Région flamande","<5"
"2020-04-21","13016","Hulshout","Hulshout","Arrondissement Turnhout","Arrondissement de Turnhout","Provincie Antwerpen","Province d’Anvers","Vlaams Gewest","Région flamande","<5"
"2020-04-21","13019","Lille","Lille","Arrondissement Turnhout","Arrondissement de Turnhout","Provincie Antwerpen","Province d’Anvers","Vlaams Gewest","Région flamande","<5"
"2020-04-21","13021","Meerhout","Meerhout","Arrondissement Turnhout","Arrondissement de Turnhout","Provincie Antwerpen","Province d’Anvers","Vlaams Gewest","Région flamande","<5"
"2020-04-21","13025","Mol","Mol","Arrondissement Turnhout","Arrondissement de Turnhout","Provincie Antwerpen","Province d’Anvers","Vlaams Gewest","Région flamande","<5"
"2020-04-21","13029","Olen","Olen","Arrondissement Turnhout","Arrondissement de Turnhout","Provincie Antwerpen","Province d’Anvers","Vlaams Gewest","Région flamande","<5"
"2020-04-21","13035","Ravels","Ravels","Arrondissement Turnhout","Arrondissement de Turnhout","Provincie Antwerpen","Province d’Anvers","Vlaams Gewest","Région flamande","11"
"2020-04-21","13037","Rijkevorsel","Rijkevorsel","Arrondissement Turnhout","Arrondissement de Turnhout","Provincie Antwerpen","Province d’Anvers","Vlaams Gewest","Région flamande","<5"
"2020-04-21","13040","Turnhout","Turnhout","Arrondissement Turnhout","Arrondissement de Turnhout","Provincie Antwerpen","Province d’Anvers","Vlaams Gewest","Région flamande","<5"
"2020-04-21","13053","Laakdal","Laakdal","Arrondissement Turnhout","Arrondissement de Turnhout","Provincie Antwerpen","Province d’Anvers","Vlaams Gewest","Région flamande","<5"
"2020-04-21","21001","Anderlecht","Anderlecht","Arrondissement Brussel-Hoofdstad","Arrondissement de Bruxelles-Capitale",NA,NA,"Brussels Hoofdstedelijk Gewest","Région de Bruxelles-Capitale","16"
"2020-04-21","21002","Oudergem","Auderghem","Arrondissement Brussel-Hoofdstad","Arrondissement de Bruxelles-Capitale",NA,NA,"Brussels Hoofdstedelijk Gewest","Région de Bruxelles-Capitale","<5"
"2020-04-21","21003","Sint-Agatha-Berchem","Berchem-Sainte-Agathe","Arrondissement Brussel-Hoofdstad","Arrondissement de Bruxelles-Capitale",NA,NA,"Brussels Hoofdstedelijk Gewest","Région de Bruxelles-Capitale","<5"
"2020-04-21","21004","Brussel","Bruxelles","Arrondissement Brussel-Hoofdstad","Arrondissement de Bruxelles-Capitale",NA,NA,"Brussels Hoofdstedelijk Gewest","Région de Bruxelles-Capitale","9"
"2020-04-21","21005","Etterbeek","Etterbeek","Arrondissement Brussel-Hoofdstad","Arrondissement de Bruxelles-Capitale",NA,NA,"Brussels Hoofdstedelijk Gewest","Région de Bruxelles-Capitale","6"
"2020-04-21","21006","Evere","Evere","Arrondissement Brussel-Hoofdstad","Arrondissement de Bruxelles-Capitale",NA,NA,"Brussels Hoofdstedelijk Gewest","Région de Bruxelles-Capitale","<5"
"2020-04-21","21007","Vorst (Brussel-Hoofdstad)","Forest (Bruxelles-Capitale)","Arrondissement Brussel-Hoofdstad","Arrondissement de Bruxelles-Capitale",NA,NA,"Brussels Hoofdstedelijk Gewest","Région de Bruxelles-Capitale","<5"
"2020-04-21","21009","Elsene","Ixelles","Arrondissement Brussel-Hoofdstad","Arrondissement de Bruxelles-Capitale",NA,NA,"Brussels Hoofdstedelijk Gewest","Région de Bruxelles-Capitale","9"
"2020-04-21","21010","Jette","Jette","Arrondissement Brussel-Hoofdstad","Arrondissement de Bruxelles-Capitale",NA,NA,"Brussels Hoofdstedelijk Gewest","Région de Bruxelles-Capitale","20"
"2020-04-21","21011","Koekelberg","Koekelberg","Arrondissement Brussel-Hoofdstad","Arrondissement de Bruxelles-Capitale",NA,NA,"Brussels Hoofdstedelijk Gewest","Région de Bruxelles-Capitale","<5"
"2020-04-21","21012","Sint-Jans-Molenbeek","Molenbeek-Saint-Jean","Arrondissement Brussel-Hoofdstad","Arrondissement de Bruxelles-Capitale",NA,NA,"Brussels Hoofdstedelijk Gewest","Région de Bruxelles-Capitale","7"
"2020-04-21","21013","Sint-Gillis","Saint-Gilles","Arrondissement Brussel-Hoofdstad","Arrondissement de Bruxelles-Capitale",NA,NA,"Brussels Hoofdstedelijk Gewest","Région de Bruxelles-Capitale","9"
"2020-04-21","21014","Sint-Joost-ten-Node","Saint-Josse-ten-Noode","Arrondissement Brussel-Hoofdstad","Arrondissement de Bruxelles-Capitale",NA,NA,"Brussels Hoofdstedelijk Gewest","Région de Bruxelles-Capitale","<5"
"2020-04-21","21015","Schaarbeek","Schaerbeek","Arrondissement Brussel-Hoofdstad","Arrondissement de Bruxelles-Capitale",NA,NA,"Brussels Hoofdstedelijk Gewest","Région de Bruxelles-Capitale","<5"
"2020-04-21","21016","Ukkel","Uccle","Arrondissement Brussel-Hoofdstad","Arrondissement de Bruxelles-Capitale",NA,NA,"Brussels Hoofdstedelijk Gewest","Région de Bruxelles-Capitale","23"
"2020-04-21","21017","Watermaal-Bosvoorde","Watermael-Boitsfort","Arrondissement Brussel-Hoofdstad","Arrondissement de Bruxelles-Capitale",NA,NA,"Brussels Hoofdstedelijk Gewest","Région de Bruxelles-Capitale","<5"
"2020-04-21","21018","Sint-Lambrechts-Woluwe","Woluwe-Saint-Lambert","Arrondissement Brussel-Hoofdstad","Arrondissement de Bruxelles-Capitale",NA,NA,"Brussels Hoofdstedelijk Gewest","Région de Bruxelles-Capitale","<5"
"2020-04-21","21019","Sint-Pieters-Woluwe","Woluwe-Saint-Pierre","Arrondissement Brussel-Hoofdstad","Arrondissement de Bruxelles-Capitale",NA,NA,"Brussels Hoofdstedelijk Gewest","Région de Bruxelles-Capitale","<5"
"2020-04-21","23016","Dilbeek","Dilbeek","Arrondissement Halle-Vilvoorde","Arrondissement de Hal-Vilvorde","Provincie Vlaams-Brabant","Province du Brabant flamand","Vlaams Gewest","Région flamande","<5"
"2020-04-21","23024","Gooik","Gooik","Arrondissement Halle-Vilvoorde","Arrondissement de Hal-Vilvorde","Provincie Vlaams-Brabant","Province du Brabant flamand","Vlaams Gewest","Région flamande","<5"
"2020-04-21","23032","Herne","Herne","Arrondissement Halle-Vilvoorde","Arrondissement de Hal-Vilvorde","Provincie Vlaams-Brabant","Province du Brabant flamand","Vlaams Gewest","Région flamande","<5"
"2020-04-21","23033","Hoeilaart","Hoeilaart","Arrondissement Halle-Vilvoorde","Arrondissement de Hal-Vilvorde","Provincie Vlaams-Brabant","Province du Brabant flamand","Vlaams Gewest","Région flamande","<5"
"2020-04-21","23039","Kapelle-op-den-Bos","Kapelle-op-den-Bos","Arrondissement Halle-Vilvoorde","Arrondissement de Hal-Vilvorde","Provincie Vlaams-Brabant","Province du Brabant flamand","Vlaams Gewest","Région flamande","<5"
"2020-04-21","23045","Londerzeel","Londerzeel","Arrondissement Halle-Vilvoorde","Arrondissement de Hal-Vilvorde","Provincie Vlaams-Brabant","Province du Brabant flamand","Vlaams Gewest","Région flamande","<5"
"2020-04-21","23047","Machelen (Halle-Vilvoorde)","Machelen (Hal-Vilvorde)","Arrondissement Halle-Vilvoorde","Arrondissement de Hal-Vilvorde","Provincie Vlaams-Brabant","Province du Brabant flamand","Vlaams Gewest","Région flamande","<5"
"2020-04-21","23052","Merchtem","Merchtem","Arrondissement Halle-Vilvoorde","Arrondissement de Hal-Vilvorde","Provincie Vlaams-Brabant","Province du Brabant flamand","Vlaams Gewest","Région flamande","<5"
"2020-04-21","23060","Opwijk","Opwijk","Arrondissement Halle-Vilvoorde","Arrondissement de Hal-Vilvorde","Provincie Vlaams-Brabant","Province du Brabant flamand","Vlaams Gewest","Région flamande","<5"
"2020-04-21","23062","Overijse","Overijse","Arrondissement Halle-Vilvoorde","Arrondissement de Hal-Vilvorde","Provincie Vlaams-Brabant","Province du Brabant flamand","Vlaams Gewest","Région flamande","<5"
"2020-04-21","23077","Sint-Pieters-Leeuw","Sint-Pieters-Leeuw","Arrondissement Halle-Vilvoorde","Arrondissement de Hal-Vilvorde","Provincie Vlaams-Brabant","Province du Brabant flamand","Vlaams Gewest","Région flamande","<5"
"2020-04-21","23081","Steenokkerzeel","Steenokkerzeel","Arrondissement Halle-Vilvoorde","Arrondissement de Hal-Vilvorde","Provincie Vlaams-Brabant","Province du Brabant flamand","Vlaams Gewest","Région flamande","<5"
"2020-04-21","23086","Ternat","Ternat","Arrondissement Halle-Vilvoorde","Arrondissement de Hal-Vilvorde","Provincie Vlaams-Brabant","Province du Brabant flamand","Vlaams Gewest","Région flamande","<5"
"2020-04-21","23088","Vilvoorde","Vilvorde","Arrondissement Halle-Vilvoorde","Arrondissement de Hal-Vilvorde","Provincie Vlaams-Brabant","Province du Brabant flamand","Vlaams Gewest","Région flamande","<5"
"2020-04-21","23094","Zaventem","Zaventem","Arrondissement Halle-Vilvoorde","Arrondissement de Hal-Vilvorde","Provincie Vlaams-Brabant","Province du Brabant flamand","Vlaams Gewest","Région flamande","<5"
"2020-04-21","23097","Roosdaal","Roosdaal","Arrondissement Halle-Vilvoorde","Arrondissement de Hal-Vilvorde","Provincie Vlaams-Brabant","Province du Brabant flamand","Vlaams Gewest","Région flamande","<5"
"2020-04-21","23101","Sint-Genesius-Rode","Rhode-Saint-Genèse","Arrondissement Halle-Vilvoorde","Arrondissement de Hal-Vilvorde","Provincie Vlaams-Brabant","Province du Brabant flamand","Vlaams Gewest","Région flamande","<5"
"2020-04-21","23102","Wemmel","Wemmel","Arrondissement Halle-Vilvoorde","Arrondissement de Hal-Vilvorde","Provincie Vlaams-Brabant","Province du Brabant flamand","Vlaams Gewest","Région flamande","<5"
"2020-04-21","23103","Wezembeek-Oppem","Wezembeek-Oppem","Arrondissement Halle-Vilvoorde","Arrondissement de Hal-Vilvorde","Provincie Vlaams-Brabant","Province du Brabant flamand","Vlaams Gewest","Région flamande","<5"
"2020-04-21","23105","Affligem","Affligem","Arrondissement Halle-Vilvoorde","Arrondissement de Hal-Vilvorde","Provincie Vlaams-Brabant","Province du Brabant flamand","Vlaams Gewest","Région flamande","<5"
"2020-04-21","24001","Aarschot","Aarschot","Arrondissement Leuven","Arrondissement de Louvain","Provincie Vlaams-Brabant","Province du Brabant flamand","Vlaams Gewest","Région flamande","<5"
"2020-04-21","24009","Bertem","Bertem","Arrondissement Leuven","Arrondissement de Louvain","Provincie Vlaams-Brabant","Province du Brabant flamand","Vlaams Gewest","Région flamande","<5"
"2020-04-21","24014","Boortmeerbeek","Boortmeerbeek","Arrondissement Leuven","Arrondissement de Louvain","Provincie Vlaams-Brabant","Province du Brabant flamand","Vlaams Gewest","Région flamande","<5"
"2020-04-21","24028","Geetbets","Geetbets","Arrondissement Leuven","Arrondissement de Louvain","Provincie Vlaams-Brabant","Province du Brabant flamand","Vlaams Gewest","Région flamande","<5"
"2020-04-21","24033","Haacht","Haacht","Arrondissement Leuven","Arrondissement de Louvain","Provincie Vlaams-Brabant","Province du Brabant flamand","Vlaams Gewest","Région flamande","<5"
"2020-04-21","24038","Herent","Herent","Arrondissement Leuven","Arrondissement de Louvain","Provincie Vlaams-Brabant","Province du Brabant flamand","Vlaams Gewest","Région flamande","15"
"2020-04-21","24043","Holsbeek","Holsbeek","Arrondissement Leuven","Arrondissement de Louvain","Provincie Vlaams-Brabant","Province du Brabant flamand","Vlaams Gewest","Région flamande","<5"
"2020-04-21","24045","Huldenberg","Huldenberg","Arrondissement Leuven","Arrondissement de Louvain","Provincie Vlaams-Brabant","Province du Brabant flamand","Vlaams Gewest","Région flamande","<5"
"2020-04-21","24054","Kortenaken","Kortenaken","Arrondissement Leuven","Arrondissement de Louvain","Provincie Vlaams-Brabant","Province du Brabant flamand","Vlaams Gewest","Région flamande","<5"
"2020-04-21","24055","Kortenberg","Kortenberg","Arrondissement Leuven","Arrondissement de Louvain","Provincie Vlaams-Brabant","Province du Brabant flamand","Vlaams Gewest","Région flamande","<5"
"2020-04-21","24059","Landen","Landen","Arrondissement Leuven","Arrondissement de Louvain","Provincie Vlaams-Brabant","Province du Brabant flamand","Vlaams Gewest","Région flamande","<5"
"2020-04-21","24062","Leuven","Louvain","Arrondissement Leuven","Arrondissement de Louvain","Provincie Vlaams-Brabant","Province du Brabant flamand","Vlaams Gewest","Région flamande","10"
"2020-04-21","24066","Lubbeek","Lubbeek","Arrondissement Leuven","Arrondissement de Louvain","Provincie Vlaams-Brabant","Province du Brabant flamand","Vlaams Gewest","Région flamande","<5"
"2020-04-21","24104","Tervuren","Tervuren","Arrondissement Leuven","Arrondissement de Louvain","Provincie Vlaams-Brabant","Province du Brabant flamand","Vlaams Gewest","Région flamande","24"
"2020-04-21","24107","Tienen","Tirlemont","Arrondissement Leuven","Arrondissement de Louvain","Provincie Vlaams-Brabant","Province du Brabant flamand","Vlaams Gewest","Région flamande","<5"
"2020-04-21","24134","Scherpenheuvel-Zichem","Montaigu-Zichem","Arrondissement Leuven","Arrondissement de Louvain","Provincie Vlaams-Brabant","Province du Brabant flamand","Vlaams Gewest","Région flamande","<5"
"2020-04-21","24135","Tielt-Winge","Tielt-Winge","Arrondissement Leuven","Arrondissement de Louvain","Provincie Vlaams-Brabant","Province du Brabant flamand","Vlaams Gewest","Région flamande","<5"
"2020-04-21","25014","Eigenbrakel","Braine-l’Alleud","Arrondissement Nijvel","Arrondissement de Nivelles","Provincie Waals-Brabant","Province du Brabant wallon","Waals Gewest","Région wallonne","<5"
"2020-04-21","25031","Genepiën","Genappe","Arrondissement Nijvel","Arrondissement de Nivelles","Provincie Waals-Brabant","Province du Brabant wallon","Waals Gewest","Région wallonne","<5"
"2020-04-21","25048","Geldenaken","Jodoigne","Arrondissement Nijvel","Arrondissement de Nivelles","Provincie Waals-Brabant","Province du Brabant wallon","Waals Gewest","Région wallonne","<5"
"2020-04-21","25072","Nijvel","Nivelles","Arrondissement Nijvel","Arrondissement de Nivelles","Provincie Waals-Brabant","Province du Brabant wallon","Waals Gewest","Région wallonne","<5"
"2020-04-21","25105","Tubeke","Tubize","Arrondissement Nijvel","Arrondissement de Nivelles","Provincie Waals-Brabant","Province du Brabant wallon","Waals Gewest","Région wallonne","<5"
"2020-04-21","25110","Waterloo","Waterloo","Arrondissement Nijvel","Arrondissement de Nivelles","Provincie Waals-Brabant","Province du Brabant wallon","Waals Gewest","Région wallonne","<5"
"2020-04-21","25112","Waver","Wavre","Arrondissement Nijvel","Arrondissement de Nivelles","Provincie Waals-Brabant","Province du Brabant wallon","Waals Gewest","Région wallonne","15"
"2020-04-21","25121","Ottignies-Louvain-la-Neuve","Ottignies-Louvain-la-Neuve","Arrondissement Nijvel","Arrondissement de Nivelles","Provincie Waals-Brabant","Province du Brabant wallon","Waals Gewest","Région wallonne","<5"
"2020-04-21","25123","Rebecq","Rebecq","Arrondissement Nijvel","Arrondissement de Nivelles","Provincie Waals-Brabant","Province du Brabant wallon","Waals Gewest","Région wallonne","5"
"2020-04-21","31003","Beernem","Beernem","Arrondissement Brugge","Arrondissement de Bruges","Provincie West-Vlaanderen","Province de Flandre occidentale","Vlaams Gewest","Région flamande","20"
"2020-04-21","31004","Blankenberge","Blankenberge","Arrondissement Brugge","Arrondissement de Bruges","Provincie West-Vlaanderen","Province de Flandre occidentale","Vlaams Gewest","Région flamande","<5"
"2020-04-21","31005","Brugge","Bruges","Arrondissement Brugge","Arrondissement de Bruges","Provincie West-Vlaanderen","Province de Flandre occidentale","Vlaams Gewest","Région flamande","35"
"2020-04-21","31006","Damme","Damme","Arrondissement Brugge","Arrondissement de Bruges","Provincie West-Vlaanderen","Province de Flandre occidentale","Vlaams Gewest","Région flamande","<5"
"2020-04-21","31012","Jabbeke","Jabbeke","Arrondissement Brugge","Arrondissement de Bruges","Provincie West-Vlaanderen","Province de Flandre occidentale","Vlaams Gewest","Région flamande","<5"
"2020-04-21","31022","Oostkamp","Oostkamp","Arrondissement Brugge","Arrondissement de Bruges","Provincie West-Vlaanderen","Province de Flandre occidentale","Vlaams Gewest","Région flamande","<5"
"2020-04-21","31033","Torhout","Torhout","Arrondissement Brugge","Arrondissement de Bruges","Provincie West-Vlaanderen","Province de Flandre occidentale","Vlaams Gewest","Région flamande","<5"
"2020-04-21","31040","Zedelgem","Zedelgem","Arrondissement Brugge","Arrondissement de Bruges","Provincie West-Vlaanderen","Province de Flandre occidentale","Vlaams Gewest","Région flamande","7"
"2020-04-21","31043","Knokke-Heist","Knokke-Heist","Arrondissement Brugge","Arrondissement de Bruges","Provincie West-Vlaanderen","Province de Flandre occidentale","Vlaams Gewest","Région flamande","<5"
"2020-04-21","32003","Diksmuide","Dixmude","Arrondissement Diksmuide","Arrondissement de Dixmude","Provincie West-Vlaanderen","Province de Flandre occidentale","Vlaams Gewest","Région flamande","<5"
"2020-04-21","33011","Ieper","Ypres","Arrondissement Ieper","Arrondissement d’Ypres","Provincie West-Vlaanderen","Province de Flandre occidentale","Vlaams Gewest","Région flamande","<5"
"2020-04-21","33021","Poperinge","Poperinge","Arrondissement Ieper","Arrondissement d’Ypres","Provincie West-Vlaanderen","Province de Flandre occidentale","Vlaams Gewest","Région flamande","<5"
"2020-04-21","33029","Wervik","Wervik","Arrondissement Ieper","Arrondissement d’Ypres","Provincie West-Vlaanderen","Province de Flandre occidentale","Vlaams Gewest","Région flamande","<5"
"2020-04-21","33037","Zonnebeke","Zonnebeke","Arrondissement Ieper","Arrondissement d’Ypres","Provincie West-Vlaanderen","Province de Flandre occidentale","Vlaams Gewest","Région flamande","<5"
"2020-04-21","34002","Anzegem","Anzegem","Arrondissement Kortrijk","Arrondissement de Courtrai","Provincie West-Vlaanderen","Province de Flandre occidentale","Vlaams Gewest","Région flamande","5"
"2020-04-21","34003","Avelgem","Avelgem","Arrondissement Kortrijk","Arrondissement de Courtrai","Provincie West-Vlaanderen","Province de Flandre occidentale","Vlaams Gewest","Région flamande","<5"
"2020-04-21","34009","Deerlijk","Deerlijk","Arrondissement Kortrijk","Arrondissement de Courtrai","Provincie West-Vlaanderen","Province de Flandre occidentale","Vlaams Gewest","Région flamande","<5"
"2020-04-21","34013","Harelbeke","Harelbeke","Arrondissement Kortrijk","Arrondissement de Courtrai","Provincie West-Vlaanderen","Province de Flandre occidentale","Vlaams Gewest","Région flamande","<5"
"2020-04-21","34022","Kortrijk","Courtrai","Arrondissement Kortrijk","Arrondissement de Courtrai","Provincie West-Vlaanderen","Province de Flandre occidentale","Vlaams Gewest","Région flamande","8"
"2020-04-21","34027","Menen","Menin","Arrondissement Kortrijk","Arrondissement de Courtrai","Provincie West-Vlaanderen","Province de Flandre occidentale","Vlaams Gewest","Région flamande","<5"
"2020-04-21","34040","Waregem","Waregem","Arrondissement Kortrijk","Arrondissement de Courtrai","Provincie West-Vlaanderen","Province de Flandre occidentale","Vlaams Gewest","Région flamande","<5"
"2020-04-21","34041","Wevelgem","Wevelgem","Arrondissement Kortrijk","Arrondissement de Courtrai","Provincie West-Vlaanderen","Province de Flandre occidentale","Vlaams Gewest","Région flamande","<5"
"2020-04-21","34042","Zwevegem","Zwevegem","Arrondissement Kortrijk","Arrondissement de Courtrai","Provincie West-Vlaanderen","Province de Flandre occidentale","Vlaams Gewest","Région flamande","<5"
"2020-04-21","35006","Ichtegem","Ichtegem","Arrondissement Oostende","Arrondissement d’Ostende","Provincie West-Vlaanderen","Province de Flandre occidentale","Vlaams Gewest","Région flamande","<5"
"2020-04-21","35013","Oostende","Ostende","Arrondissement Oostende","Arrondissement d’Ostende","Provincie West-Vlaanderen","Province de Flandre occidentale","Vlaams Gewest","Région flamande","<5"
"2020-04-21","36008","Izegem","Izegem","Arrondissement Roeselare","Arrondissement de Roulers","Provincie West-Vlaanderen","Province de Flandre occidentale","Vlaams Gewest","Région flamande","<5"
"2020-04-21","36011","Lichtervelde","Lichtervelde","Arrondissement Roeselare","Arrondissement de Roulers","Provincie West-Vlaanderen","Province de Flandre occidentale","Vlaams Gewest","Région flamande","<5"
"2020-04-21","36012","Moorslede","Moorslede","Arrondissement Roeselare","Arrondissement de Roulers","Provincie West-Vlaanderen","Province de Flandre occidentale","Vlaams Gewest","Région flamande","<5"
"2020-04-21","36015","Roeselare","Roulers","Arrondissement Roeselare","Arrondissement de Roulers","Provincie West-Vlaanderen","Province de Flandre occidentale","Vlaams Gewest","Région flamande","11"
"2020-04-21","37007","Meulebeke","Meulebeke","Arrondissement Tielt","Arrondissement de Tielt","Provincie West-Vlaanderen","Province de Flandre occidentale","Vlaams Gewest","Région flamande","<5"
"2020-04-21","37011","Pittem","Pittem","Arrondissement Tielt","Arrondissement de Tielt","Provincie West-Vlaanderen","Province de Flandre occidentale","Vlaams Gewest","Région flamande","<5"
"2020-04-21","37012","Ruiselede","Ruiselede","Arrondissement Tielt","Arrondissement de Tielt","Provincie West-Vlaanderen","Province de Flandre occidentale","Vlaams Gewest","Région flamande","<5"
"2020-04-21","37015","Tielt (Tielt)","Tielt (Tielt)","Arrondissement Tielt","Arrondissement de Tielt","Provincie West-Vlaanderen","Province de Flandre occidentale","Vlaams Gewest","Région flamande","<5"
"2020-04-21","37018","Wingene","Wingene","Arrondissement Tielt","Arrondissement de Tielt","Provincie West-Vlaanderen","Province de Flandre occidentale","Vlaams Gewest","Région flamande","<5"
"2020-04-21","38014","Koksijde","Koksijde","Arrondissement Veurne","Arrondissement de Furnes","Provincie West-Vlaanderen","Province de Flandre occidentale","Vlaams Gewest","Région flamande","<5"
"2020-04-21","38016","Nieuwpoort","Nieuport","Arrondissement Veurne","Arrondissement de Furnes","Provincie West-Vlaanderen","Province de Flandre occidentale","Vlaams Gewest","Région flamande","<5"
"2020-04-21","41002","Aalst (Aalst)","Alost (Alost)","Arrondissement Aalst","Arrondissement d’Alost","Provincie Oost-Vlaanderen","Province de Flandre orientale","Vlaams Gewest","Région flamande","8"
"2020-04-21","41011","Denderleeuw","Denderleeuw","Arrondissement Aalst","Arrondissement d’Alost","Provincie Oost-Vlaanderen","Province de Flandre orientale","Vlaams Gewest","Région flamande","<5"
"2020-04-21","41024","Haaltert","Haaltert","Arrondissement Aalst","Arrondissement d’Alost","Provincie Oost-Vlaanderen","Province de Flandre orientale","Vlaams Gewest","Région flamande","<5"
"2020-04-21","41034","Lede","Lede","Arrondissement Aalst","Arrondissement d’Alost","Provincie Oost-Vlaanderen","Province de Flandre orientale","Vlaams Gewest","Région flamande","<5"
"2020-04-21","41048","Ninove","Ninove","Arrondissement Aalst","Arrondissement d’Alost","Provincie Oost-Vlaanderen","Province de Flandre orientale","Vlaams Gewest","Région flamande","<5"
"2020-04-21","41081","Zottegem","Zottegem","Arrondissement Aalst","Arrondissement d’Alost","Provincie Oost-Vlaanderen","Province de Flandre orientale","Vlaams Gewest","Région flamande","<5"
"2020-04-21","41082","Erpe-Mere","Erpe-Mere","Arrondissement Aalst","Arrondissement d’Alost","Provincie Oost-Vlaanderen","Province de Flandre orientale","Vlaams Gewest","Région flamande","<5"
"2020-04-21","42003","Berlare","Berlare","Arrondissement Dendermonde","Arrondissement de Termonde","Provincie Oost-Vlaanderen","Province de Flandre orientale","Vlaams Gewest","Région flamande","<5"
"2020-04-21","42004","Buggenhout","Buggenhout","Arrondissement Dendermonde","Arrondissement de Termonde","Provincie Oost-Vlaanderen","Province de Flandre orientale","Vlaams Gewest","Région flamande","<5"
"2020-04-21","42006","Dendermonde","Termonde","Arrondissement Dendermonde","Arrondissement de Termonde","Provincie Oost-Vlaanderen","Province de Flandre orientale","Vlaams Gewest","Région flamande","<5"
"2020-04-21","42011","Lebbeke","Lebbeke","Arrondissement Dendermonde","Arrondissement de Termonde","Provincie Oost-Vlaanderen","Province de Flandre orientale","Vlaams Gewest","Région flamande","<5"
"2020-04-21","42023","Waasmunster","Waasmunster","Arrondissement Dendermonde","Arrondissement de Termonde","Provincie Oost-Vlaanderen","Province de Flandre orientale","Vlaams Gewest","Région flamande","<5"
"2020-04-21","42026","Wichelen","Wichelen","Arrondissement Dendermonde","Arrondissement de Termonde","Provincie Oost-Vlaanderen","Province de Flandre orientale","Vlaams Gewest","Région flamande","<5"
"2020-04-21","42028","Zele","Zele","Arrondissement Dendermonde","Arrondissement de Termonde","Provincie Oost-Vlaanderen","Province de Flandre orientale","Vlaams Gewest","Région flamande","<5"
"2020-04-21","43002","Assenede","Assenede","Arrondissement Eeklo","Arrondissement d’Eeklo","Provincie Oost-Vlaanderen","Province de Flandre orientale","Vlaams Gewest","Région flamande","<5"
"2020-04-21","43010","Maldegem","Maldegem","Arrondissement Eeklo","Arrondissement d’Eeklo","Provincie Oost-Vlaanderen","Province de Flandre orientale","Vlaams Gewest","Région flamande","<5"
"2020-04-21","44013","Destelbergen","Destelbergen","Arrondissement Gent","Arrondissement de Gand","Provincie Oost-Vlaanderen","Province de Flandre orientale","Vlaams Gewest","Région flamande","<5"
"2020-04-21","44019","Evergem","Evergem","Arrondissement Gent","Arrondissement de Gand","Provincie Oost-Vlaanderen","Province de Flandre orientale","Vlaams Gewest","Région flamande","<5"
"2020-04-21","44020","Gavere","Gavere","Arrondissement Gent","Arrondissement de Gand","Provincie Oost-Vlaanderen","Province de Flandre orientale","Vlaams Gewest","Région flamande","<5"
"2020-04-21","44021","Gent","Gand","Arrondissement Gent","Arrondissement de Gand","Provincie Oost-Vlaanderen","Province de Flandre orientale","Vlaams Gewest","Région flamande","12"
"2020-04-21","44034","Lochristi","Lochristi","Arrondissement Gent","Arrondissement de Gand","Provincie Oost-Vlaanderen","Province de Flandre orientale","Vlaams Gewest","Région flamande","<5"
"2020-04-21","44043","Merelbeke","Merelbeke","Arrondissement Gent","Arrondissement de Gand","Provincie Oost-Vlaanderen","Province de Flandre orientale","Vlaams Gewest","Région flamande","<5"
"2020-04-21","44081","Zulte","Zulte","Arrondissement Gent","Arrondissement de Gand","Provincie Oost-Vlaanderen","Province de Flandre orientale","Vlaams Gewest","Région flamande","<5"
"2020-04-21","44083","Deinze","Deinze","Arrondissement Gent","Arrondissement de Gand","Provincie Oost-Vlaanderen","Province de Flandre orientale","Vlaams Gewest","Région flamande","<5"
"2020-04-21","44084","Aalter","Aalter","Arrondissement Gent","Arrondissement de Gand","Provincie Oost-Vlaanderen","Province de Flandre orientale","Vlaams Gewest","Région flamande","<5"
"2020-04-21","44085","Lievegem","Lievegem","Arrondissement Gent","Arrondissement de Gand","Provincie Oost-Vlaanderen","Province de Flandre orientale","Vlaams Gewest","Région flamande","<5"
"2020-04-21","45035","Oudenaarde","Audenarde","Arrondissement Oudenaarde","Arrondissement d’Audenarde","Provincie Oost-Vlaanderen","Province de Flandre orientale","Vlaams Gewest","Région flamande","<5"
"2020-04-21","45041","Ronse","Renaix","Arrondissement Oudenaarde","Arrondissement d’Audenarde","Provincie Oost-Vlaanderen","Province de Flandre orientale","Vlaams Gewest","Région flamande","<5"
"2020-04-21","45068","Kruisem","Kruisem","Arrondissement Oudenaarde","Arrondissement d’Audenarde","Provincie Oost-Vlaanderen","Province de Flandre orientale","Vlaams Gewest","Région flamande","<5"
"2020-04-21","46003","Beveren (Sint-Niklaas)","Beveren (Saint-Nicolas)","Arrondissement Sint-Niklaas","Arrondissement de Saint-Nicolas","Provincie Oost-Vlaanderen","Province de Flandre orientale","Vlaams Gewest","Région flamande","<5"
"2020-04-21","46014","Lokeren","Lokeren","Arrondissement Sint-Niklaas","Arrondissement de Saint-Nicolas","Provincie Oost-Vlaanderen","Province de Flandre orientale","Vlaams Gewest","Région flamande","<5"
"2020-04-21","46021","Sint-Niklaas (Sint-Niklaas)","Saint-Nicolas (Saint-Nicolas)","Arrondissement Sint-Niklaas","Arrondissement de Saint-Nicolas","Provincie Oost-Vlaanderen","Province de Flandre orientale","Vlaams Gewest","Région flamande","5"
"2020-04-21","51004","Aat","Ath","Arrondissement Aat","Arrondissement d’Ath","Provincie Henegouwen","Province du Hainaut","Waals Gewest","Région wallonne","<5"
"2020-04-21","51008","Beloeil","Beloeil","Arrondissement Aat","Arrondissement d’Ath","Provincie Henegouwen","Province du Hainaut","Waals Gewest","Région wallonne","<5"
"2020-04-21","51009","Bernissart","Bernissart","Arrondissement Aat","Arrondissement d’Ath","Provincie Henegouwen","Province du Hainaut","Waals Gewest","Région wallonne","<5"
"2020-04-21","51067","Edingen","Enghien","Arrondissement Aat","Arrondissement d’Ath","Provincie Henegouwen","Province du Hainaut","Waals Gewest","Région wallonne","21"
"2020-04-21","51068","Opzullik","Silly","Arrondissement Aat","Arrondissement d’Ath","Provincie Henegouwen","Province du Hainaut","Waals Gewest","Région wallonne","<5"
"2020-04-21","52010","Chapelle-lez-Herlaimont","Chapelle-lez-Herlaimont","Arrondissement Charleroi","Arrondissement de Charleroi","Provincie Henegouwen","Province du Hainaut","Waals Gewest","Région wallonne","34"
"2020-04-21","52011","Charleroi","Charleroi","Arrondissement Charleroi","Arrondissement de Charleroi","Provincie Henegouwen","Province du Hainaut","Waals Gewest","Région wallonne","68"
"2020-04-21","52012","Châtelet","Châtelet","Arrondissement Charleroi","Arrondissement de Charleroi","Provincie Henegouwen","Province du Hainaut","Waals Gewest","Région wallonne","<5"
"2020-04-21","52015","Courcelles","Courcelles","Arrondissement Charleroi","Arrondissement de Charleroi","Provincie Henegouwen","Province du Hainaut","Waals Gewest","Région wallonne","<5"
"2020-04-21","52021","Fleurus","Fleurus","Arrondissement Charleroi","Arrondissement de Charleroi","Provincie Henegouwen","Province du Hainaut","Waals Gewest","Région wallonne","<5"
"2020-04-21","52022","Fontaine-l’Evêque","Fontaine-l’Evêque","Arrondissement Charleroi","Arrondissement de Charleroi","Provincie Henegouwen","Province du Hainaut","Waals Gewest","Région wallonne","<5"
"2020-04-21","52025","Gerpinnes","Gerpinnes","Arrondissement Charleroi","Arrondissement de Charleroi","Provincie Henegouwen","Province du Hainaut","Waals Gewest","Région wallonne","<5"
"2020-04-21","52055","Pont-à-Celles","Pont-à-Celles","Arrondissement Charleroi","Arrondissement de Charleroi","Provincie Henegouwen","Province du Hainaut","Waals Gewest","Région wallonne","5"
"2020-04-21","52075","Les Bons Villers","Les Bons Villers","Arrondissement Charleroi","Arrondissement de Charleroi","Provincie Henegouwen","Province du Hainaut","Waals Gewest","Région wallonne","<5"
"2020-04-21","53014","Boussu","Boussu","Arrondissement Bergen","Arrondissement de Mons","Provincie Henegouwen","Province du Hainaut","Waals Gewest","Région wallonne","<5"
"2020-04-21","53020","Dour","Dour","Arrondissement Bergen","Arrondissement de Mons","Provincie Henegouwen","Province du Hainaut","Waals Gewest","Région wallonne","6"
"2020-04-21","53028","Frameries","Frameries","Arrondissement Bergen","Arrondissement de Mons","Provincie Henegouwen","Province du Hainaut","Waals Gewest","Région wallonne","<5"
"2020-04-21","53044","Jurbeke","Jurbise","Arrondissement Bergen","Arrondissement de Mons","Provincie Henegouwen","Province du Hainaut","Waals Gewest","Région wallonne","<5"
"2020-04-21","53046","Lens","Lens","Arrondissement Bergen","Arrondissement de Mons","Provincie Henegouwen","Province du Hainaut","Waals Gewest","Région wallonne","<5"
"2020-04-21","53053","Bergen","Mons","Arrondissement Bergen","Arrondissement de Mons","Provincie Henegouwen","Province du Hainaut","Waals Gewest","Région wallonne","9"
"2020-04-21","53065","Quaregnon","Quaregnon","Arrondissement Bergen","Arrondissement de Mons","Provincie Henegouwen","Province du Hainaut","Waals Gewest","Région wallonne","<5"
"2020-04-21","53068","Quiévrain","Quiévrain","Arrondissement Bergen","Arrondissement de Mons","Provincie Henegouwen","Province du Hainaut","Waals Gewest","Région wallonne","<5"
"2020-04-21","53070","Saint-Ghislain","Saint-Ghislain","Arrondissement Bergen","Arrondissement de Mons","Provincie Henegouwen","Province du Hainaut","Waals Gewest","Région wallonne","<5"
"2020-04-21","55004","’s Gravenbrakel","Braine-le-Comte","Arrondissement Zinnik","Arrondissement de Soignies","Provincie Henegouwen","Province du Hainaut","Waals Gewest","Région wallonne","<5"
"2020-04-21","55040","Zinnik","Soignies","Arrondissement Zinnik","Arrondissement de Soignies","Provincie Henegouwen","Province du Hainaut","Waals Gewest","Région wallonne","27"
"2020-04-21","55050","Ecaussinnes","Ecaussinnes","Arrondissement Zinnik","Arrondissement de Soignies","Provincie Henegouwen","Province du Hainaut","Waals Gewest","Région wallonne","<5"
"2020-04-21","55085","Seneffe","Seneffe","Arrondissement Zinnik","Arrondissement de Soignies","Provincie Henegouwen","Province du Hainaut","Waals Gewest","Région wallonne","<5"
"2020-04-21","55086","Manage","Manage","Arrondissement Zinnik","Arrondissement de Soignies","Provincie Henegouwen","Province du Hainaut","Waals Gewest","Région wallonne","<5"
"2020-04-21","56001","Anderlues","Anderlues","Arrondissement Thuin","Arrondissement de Thuin","Provincie Henegouwen","Province du Hainaut","Waals Gewest","Région wallonne","<5"
"2020-04-21","56005","Beaumont","Beaumont","Arrondissement Thuin","Arrondissement de Thuin","Provincie Henegouwen","Province du Hainaut","Waals Gewest","Région wallonne","<5"
"2020-04-21","56022","Erquelinnes","Erquelinnes","Arrondissement Thuin","Arrondissement de Thuin","Provincie Henegouwen","Province du Hainaut","Waals Gewest","Région wallonne","<5"
"2020-04-21","56086","Ham-sur-Heure-Nalinnes","Ham-sur-Heure-Nalinnes","Arrondissement Thuin","Arrondissement de Thuin","Provincie Henegouwen","Province du Hainaut","Waals Gewest","Région wallonne","<5"
"2020-04-21","57018","Celles (Doornik)","Celles (Tournai)","Arrondissement Doornik-Moeskroen","Arrondissement de Tournai-Mouscron","Provincie Henegouwen","Province du Hainaut","Waals Gewest","Région wallonne","<5"
"2020-04-21","57062","Pecq","Pecq","Arrondissement Doornik-Moeskroen","Arrondissement de Tournai-Mouscron","Provincie Henegouwen","Province du Hainaut","Waals Gewest","Région wallonne","<5"
"2020-04-21","57064","Péruwelz","Péruwelz","Arrondissement Doornik-Moeskroen","Arrondissement de Tournai-Mouscron","Provincie Henegouwen","Province du Hainaut","Waals Gewest","Région wallonne","<5"
"2020-04-21","57081","Doornik","Tournai","Arrondissement Doornik-Moeskroen","Arrondissement de Tournai-Mouscron","Provincie Henegouwen","Province du Hainaut","Waals Gewest","Région wallonne","<5"
"2020-04-21","57094","Leuze-en-Hainaut","Leuze-en-Hainaut","Arrondissement Doornik-Moeskroen","Arrondissement de Tournai-Mouscron","Provincie Henegouwen","Province du Hainaut","Waals Gewest","Région wallonne","<5"
"2020-04-21","57096","Moeskroen","Mouscron","Arrondissement Doornik-Moeskroen","Arrondissement de Tournai-Mouscron","Provincie Henegouwen","Province du Hainaut","Waals Gewest","Région wallonne","18"
"2020-04-21","57097","Komen-Waasten","Comines-Warneton","Arrondissement Doornik-Moeskroen","Arrondissement de Tournai-Mouscron","Provincie Henegouwen","Province du Hainaut","Waals Gewest","Région wallonne","<5"
"2020-04-21","58001","La Louvière","La Louvière","Arrondissement La Louvière","Arrondissement de La Louvière","Provincie Henegouwen","Province du Hainaut","Waals Gewest","Région wallonne","5"
"2020-04-21","58002","Binche","Binche","Arrondissement La Louvière","Arrondissement de La Louvière","Provincie Henegouwen","Province du Hainaut","Waals Gewest","Région wallonne","48"
"2020-04-21","58003","Estinnes","Estinnes","Arrondissement La Louvière","Arrondissement de La Louvière","Provincie Henegouwen","Province du Hainaut","Waals Gewest","Région wallonne","<5"
"2020-04-21","58004","Morlanwelz","Morlanwelz","Arrondissement La Louvière","Arrondissement de La Louvière","Provincie Henegouwen","Province du Hainaut","Waals Gewest","Région wallonne","6"
"2020-04-21","61072","Wanze","Wanze","Arrondissement Hoei","Arrondissement de Huy","Provincie Luik","Province de Liège","Waals Gewest","Région wallonne","<5"
"2020-04-21","62003","Ans","Ans","Arrondissement Luik","Arrondissement de Liège","Provincie Luik","Province de Liège","Waals Gewest","Région wallonne","<5"
"2020-04-21","62006","Awans","Awans","Arrondissement Luik","Arrondissement de Liège","Provincie Luik","Province de Liège","Waals Gewest","Région wallonne","<5"
"2020-04-21","62011","Bitsingen","Bassenge","Arrondissement Luik","Arrondissement de Liège","Provincie Luik","Province de Liège","Waals Gewest","Région wallonne","<5"
"2020-04-21","62015","Beyne-Heusay","Beyne-Heusay","Arrondissement Luik","Arrondissement de Liège","Provincie Luik","Province de Liège","Waals Gewest","Région wallonne","5"
"2020-04-21","62022","Chaudfontaine","Chaudfontaine","Arrondissement Luik","Arrondissement de Liège","Provincie Luik","Province de Liège","Waals Gewest","Région wallonne","<5"
"2020-04-21","62027","Dalhem","Dalhem","Arrondissement Luik","Arrondissement de Liège","Provincie Luik","Province de Liège","Waals Gewest","Région wallonne","<5"
"2020-04-21","62032","Esneux","Esneux","Arrondissement Luik","Arrondissement de Liège","Provincie Luik","Province de Liège","Waals Gewest","Région wallonne","<5"
"2020-04-21","62038","Fléron","Fléron","Arrondissement Luik","Arrondissement de Liège","Provincie Luik","Province de Liège","Waals Gewest","Région wallonne","7"
"2020-04-21","62063","Luik","Liège","Arrondissement Luik","Arrondissement de Liège","Provincie Luik","Province de Liège","Waals Gewest","Région wallonne","38"
"2020-04-21","62079","Oupeye","Oupeye","Arrondissement Luik","Arrondissement de Liège","Provincie Luik","Province de Liège","Waals Gewest","Région wallonne","6"
"2020-04-21","62093","Saint-Nicolas (Luik)","Saint-Nicolas (Liège)","Arrondissement Luik","Arrondissement de Liège","Provincie Luik","Province de Liège","Waals Gewest","Région wallonne","<5"
"2020-04-21","62096","Seraing","Seraing","Arrondissement Luik","Arrondissement de Liège","Provincie Luik","Province de Liège","Waals Gewest","Région wallonne","<5"
"2020-04-21","62099","Soumagne","Soumagne","Arrondissement Luik","Arrondissement de Liège","Provincie Luik","Province de Liège","Waals Gewest","Région wallonne","<5"
"2020-04-21","62100","Sprimont","Sprimont","Arrondissement Luik","Arrondissement de Liège","Provincie Luik","Province de Liège","Waals Gewest","Région wallonne","<5"
"2020-04-21","62118","Grâce-Hollogne","Grâce-Hollogne","Arrondissement Luik","Arrondissement de Liège","Provincie Luik","Province de Liège","Waals Gewest","Région wallonne","<5"
"2020-04-21","62119","Blegny","Blegny","Arrondissement Luik","Arrondissement de Liège","Provincie Luik","Province de Liège","Waals Gewest","Région wallonne","<5"
"2020-04-21","62120","Flémalle","Flémalle","Arrondissement Luik","Arrondissement de Liège","Provincie Luik","Province de Liège","Waals Gewest","Région wallonne","<5"
"2020-04-21","62122","Trooz","Trooz","Arrondissement Luik","Arrondissement de Liège","Provincie Luik","Province de Liège","Waals Gewest","Région wallonne","<5"
"2020-04-21","63001","Amel","Amblève","Arrondissement Verviers","Arrondissement de Verviers","Provincie Luik","Province de Liège","Waals Gewest","Région wallonne","<5"
"2020-04-21","63004","Baelen","Baelen","Arrondissement Verviers","Arrondissement de Verviers","Provincie Luik","Province de Liège","Waals Gewest","Région wallonne","<5"
"2020-04-21","63020","Dison","Dison","Arrondissement Verviers","Arrondissement de Verviers","Provincie Luik","Province de Liège","Waals Gewest","Région wallonne","<5"
"2020-04-21","63049","Malmedy","Malmedy","Arrondissement Verviers","Arrondissement de Verviers","Provincie Luik","Province de Liège","Waals Gewest","Région wallonne","<5"
"2020-04-21","63058","Pepinster","Pepinster","Arrondissement Verviers","Arrondissement de Verviers","Provincie Luik","Province de Liège","Waals Gewest","Région wallonne","<5"
"2020-04-21","63072","Spa","Spa","Arrondissement Verviers","Arrondissement de Verviers","Provincie Luik","Province de Liège","Waals Gewest","Région wallonne","<5"
"2020-04-21","63075","Stoumont","Stoumont","Arrondissement Verviers","Arrondissement de Verviers","Provincie Luik","Province de Liège","Waals Gewest","Région wallonne","<5"
"2020-04-21","63079","Verviers","Verviers","Arrondissement Verviers","Arrondissement de Verviers","Provincie Luik","Province de Liège","Waals Gewest","Région wallonne","<5"
"2020-04-21","63080","Weismes","Waimes","Arrondissement Verviers","Arrondissement de Verviers","Provincie Luik","Province de Liège","Waals Gewest","Région wallonne","<5"
"2020-04-21","63084","Welkenraedt","Welkenraedt","Arrondissement Verviers","Arrondissement de Verviers","Provincie Luik","Province de Liège","Waals Gewest","Région wallonne","<5"
"2020-04-21","63087","Burg-Reuland","Burg-Reuland","Arrondissement Verviers","Arrondissement de Verviers","Provincie Luik","Province de Liège","Waals Gewest","Région wallonne","<5"
"2020-04-21","64063","Remicourt","Remicourt","Arrondissement Borgworm","Arrondissement de Waremme","Provincie Luik","Province de Liège","Waals Gewest","Région wallonne","9"
"2020-04-21","64065","Saint-Georges-sur-Meuse","Saint-Georges-sur-Meuse","Arrondissement Borgworm","Arrondissement de Waremme","Provincie Luik","Province de Liège","Waals Gewest","Région wallonne","<5"
"2020-04-21","64076","Faimes","Faimes","Arrondissement Borgworm","Arrondissement de Waremme","Provincie Luik","Province de Liège","Waals Gewest","Région wallonne","<5"
"2020-04-21","71002","As","As","Arrondissement Hasselt","Arrondissement de Hasselt","Provincie Limburg","Province du Limbourg","Vlaams Gewest","Région flamande","<5"
"2020-04-21","71004","Beringen","Beringen","Arrondissement Hasselt","Arrondissement de Hasselt","Provincie Limburg","Province du Limbourg","Vlaams Gewest","Région flamande","<5"
"2020-04-21","71011","Diepenbeek","Diepenbeek","Arrondissement Hasselt","Arrondissement de Hasselt","Provincie Limburg","Province du Limbourg","Vlaams Gewest","Région flamande","<5"
"2020-04-21","71016","Genk","Genk","Arrondissement Hasselt","Arrondissement de Hasselt","Provincie Limburg","Province du Limbourg","Vlaams Gewest","Région flamande","<5"
"2020-04-21","71017","Gingelom","Gingelom","Arrondissement Hasselt","Arrondissement de Hasselt","Provincie Limburg","Province du Limbourg","Vlaams Gewest","Région flamande","<5"
"2020-04-21","71020","Halen","Halen","Arrondissement Hasselt","Arrondissement de Hasselt","Provincie Limburg","Province du Limbourg","Vlaams Gewest","Région flamande","<5"
"2020-04-21","71022","Hasselt","Hasselt","Arrondissement Hasselt","Arrondissement de Hasselt","Provincie Limburg","Province du Limbourg","Vlaams Gewest","Région flamande","5"
"2020-04-21","71024","Herk-de-Stad","Herck-la-Ville","Arrondissement Hasselt","Arrondissement de Hasselt","Provincie Limburg","Province du Limbourg","Vlaams Gewest","Région flamande","<5"
"2020-04-21","71037","Lummen","Lummen","Arrondissement Hasselt","Arrondissement de Hasselt","Provincie Limburg","Province du Limbourg","Vlaams Gewest","Région flamande","<5"
"2020-04-21","71045","Nieuwerkerken (Hasselt)","Nieuwerkerken (Hasselt)","Arrondissement Hasselt","Arrondissement de Hasselt","Provincie Limburg","Province du Limbourg","Vlaams Gewest","Région flamande","<5"
"2020-04-21","71053","Sint-Truiden","Saint-Trond","Arrondissement Hasselt","Arrondissement de Hasselt","Provincie Limburg","Province du Limbourg","Vlaams Gewest","Région flamande","10"
"2020-04-21","71057","Tessenderlo","Tessenderlo","Arrondissement Hasselt","Arrondissement de Hasselt","Provincie Limburg","Province du Limbourg","Vlaams Gewest","Région flamande","<5"
"2020-04-21","71066","Zonhoven","Zonhoven","Arrondissement Hasselt","Arrondissement de Hasselt","Provincie Limburg","Province du Limbourg","Vlaams Gewest","Région flamande","<5"
"2020-04-21","71070","Heusden-Zolder","Heusden-Zolder","Arrondissement Hasselt","Arrondissement de Hasselt","Provincie Limburg","Province du Limbourg","Vlaams Gewest","Région flamande","<5"
"2020-04-21","72003","Bocholt","Bocholt","Arrondissement Maaseik","Arrondissement de Maaseik","Provincie Limburg","Province du Limbourg","Vlaams Gewest","Région flamande","<5"
"2020-04-21","72004","Bree","Bree","Arrondissement Maaseik","Arrondissement de Maaseik","Provincie Limburg","Province du Limbourg","Vlaams Gewest","Région flamande","<5"
"2020-04-21","72018","Kinrooi","Kinrooi","Arrondissement Maaseik","Arrondissement de Maaseik","Provincie Limburg","Province du Limbourg","Vlaams Gewest","Région flamande","<5"
"2020-04-21","72021","Maaseik","Maaseik","Arrondissement Maaseik","Arrondissement de Maaseik","Provincie Limburg","Province du Limbourg","Vlaams Gewest","Région flamande","<5"
"2020-04-21","72030","Peer","Peer","Arrondissement Maaseik","Arrondissement de Maaseik","Provincie Limburg","Province du Limbourg","Vlaams Gewest","Région flamande","7"
"2020-04-21","72037","Hamont-Achel","Hamont-Achel","Arrondissement Maaseik","Arrondissement de Maaseik","Provincie Limburg","Province du Limbourg","Vlaams Gewest","Région flamande","<5"
"2020-04-21","72038","Hechtel-Eksel","Hechtel-Eksel","Arrondissement Maaseik","Arrondissement de Maaseik","Provincie Limburg","Province du Limbourg","Vlaams Gewest","Région flamande","<5"
"2020-04-21","72039","Houthalen-Helchteren","Houthalen-Helchteren","Arrondissement Maaseik","Arrondissement de Maaseik","Provincie Limburg","Province du Limbourg","Vlaams Gewest","Région flamande","<5"
"2020-04-21","72041","Dilsen-Stokkem","Dilsen-Stokkem","Arrondissement Maaseik","Arrondissement de Maaseik","Provincie Limburg","Province du Limbourg","Vlaams Gewest","Région flamande","<5"
"2020-04-21","72042","Oudsbergen","Oudsbergen","Arrondissement Maaseik","Arrondissement de Maaseik","Provincie Limburg","Province du Limbourg","Vlaams Gewest","Région flamande","<5"
"2020-04-21","72043","Pelt","Pelt","Arrondissement Maaseik","Arrondissement de Maaseik","Provincie Limburg","Province du Limbourg","Vlaams Gewest","Région flamande","<5"
"2020-04-21","73001","Alken","Alken","Arrondissement Tongeren","Arrondissement de Tongres","Provincie Limburg","Province du Limbourg","Vlaams Gewest","Région flamande","<5"
"2020-04-21","73006","Bilzen","Bilzen","Arrondissement Tongeren","Arrondissement de Tongres","Provincie Limburg","Province du Limbourg","Vlaams Gewest","Région flamande","<5"
"2020-04-21","73009","Borgloon","Looz","Arrondissement Tongeren","Arrondissement de Tongres","Provincie Limburg","Province du Limbourg","Vlaams Gewest","Région flamande","<5"
"2020-04-21","73022","Heers","Heers","Arrondissement Tongeren","Arrondissement de Tongres","Provincie Limburg","Province du Limbourg","Vlaams Gewest","Région flamande","<5"
"2020-04-21","73032","Hoeselt","Hoeselt","Arrondissement Tongeren","Arrondissement de Tongres","Provincie Limburg","Province du Limbourg","Vlaams Gewest","Région flamande","<5"
"2020-04-21","73066","Riemst","Riemst","Arrondissement Tongeren","Arrondissement de Tongres","Provincie Limburg","Province du Limbourg","Vlaams Gewest","Région flamande","<5"
"2020-04-21","73083","Tongeren","Tongres","Arrondissement Tongeren","Arrondissement de Tongres","Provincie Limburg","Province du Limbourg","Vlaams Gewest","Région flamande","<5"
"2020-04-21","73107","Maasmechelen","Maasmechelen","Arrondissement Tongeren","Arrondissement de Tongres","Provincie Limburg","Province du Limbourg","Vlaams Gewest","Région flamande","<5"
"2020-04-21","82003","Bastenaken","Bastogne","Arrondissement Bastenaken","Arrondissement de Bastogne","Provincie Luxemburg","Province du Luxembourg","Waals Gewest","Région wallonne","<5"
"2020-04-21","82032","Vielsalm","Vielsalm","Arrondissement Bastenaken","Arrondissement de Bastogne","Provincie Luxemburg","Province du Luxembourg","Waals Gewest","Région wallonne","5"
"2020-04-21","82037","Gouvy","Gouvy","Arrondissement Bastenaken","Arrondissement de Bastogne","Provincie Luxemburg","Province du Luxembourg","Waals Gewest","Région wallonne","<5"
"2020-04-21","84009","Bertrix","Bertrix","Arrondissement Neufchâteau","Arrondissement de Neufchâteau","Provincie Luxemburg","Province du Luxembourg","Waals Gewest","Région wallonne","<5"
"2020-04-21","84035","Libin","Libin","Arrondissement Neufchâteau","Arrondissement de Neufchâteau","Provincie Luxemburg","Province du Luxembourg","Waals Gewest","Région wallonne","<5"
"2020-04-21","84043","Neufchâteau (Neufchâteau)","Neufchâteau (Neufchâteau)","Arrondissement Neufchâteau","Arrondissement de Neufchâteau","Provincie Luxemburg","Province du Luxembourg","Waals Gewest","Région wallonne","5"
"2020-04-21","84059","Saint-Hubert","Saint-Hubert","Arrondissement Neufchâteau","Arrondissement de Neufchâteau","Provincie Luxemburg","Province du Luxembourg","Waals Gewest","Région wallonne","<5"
"2020-04-21","84077","Libramont-Chevigny","Libramont-Chevigny","Arrondissement Neufchâteau","Arrondissement de Neufchâteau","Provincie Luxemburg","Province du Luxembourg","Waals Gewest","Région wallonne","6"
"2020-04-21","85045","Virton","Virton","Arrondissement Virton","Arrondissement de Virton","Provincie Luxemburg","Province du Luxembourg","Waals Gewest","Région wallonne","<5"
"2020-04-21","85046","Habay","Habay","Arrondissement Virton","Arrondissement de Virton","Provincie Luxemburg","Province du Luxembourg","Waals Gewest","Région wallonne","<5"
"2020-04-21","91005","Anhée","Anhée","Arrondissement Dinant","Arrondissement de Dinant","Provincie Namen","Province de Namur","Waals Gewest","Région wallonne","<5"
"2020-04-21","91030","Ciney","Ciney","Arrondissement Dinant","Arrondissement de Dinant","Provincie Namen","Province de Namur","Waals Gewest","Région wallonne","<5"
"2020-04-21","91034","Dinant","Dinant","Arrondissement Dinant","Arrondissement de Dinant","Provincie Namen","Province de Namur","Waals Gewest","Région wallonne","<5"
"2020-04-21","91103","Onhaye","Onhaye","Arrondissement Dinant","Arrondissement de Dinant","Provincie Namen","Province de Namur","Waals Gewest","Région wallonne","<5"
"2020-04-21","91114","Rochefort","Rochefort","Arrondissement Dinant","Arrondissement de Dinant","Provincie Namen","Province de Namur","Waals Gewest","Région wallonne","<5"
"2020-04-21","91142","Hastière","Hastière","Arrondissement Dinant","Arrondissement de Dinant","Provincie Namen","Province de Namur","Waals Gewest","Région wallonne","<5"
"2020-04-21","92003","Andenne","Andenne","Arrondissement Namen","Arrondissement de Namur","Provincie Namen","Province de Namur","Waals Gewest","Région wallonne","<5"
"2020-04-21","92006","Assesse","Assesse","Arrondissement Namen","Arrondissement de Namur","Provincie Namen","Province de Namur","Waals Gewest","Région wallonne","<5"
"2020-04-21","92087","Mettet","Mettet","Arrondissement Namen","Arrondissement de Namur","Provincie Namen","Province de Namur","Waals Gewest","Région wallonne","<5"
"2020-04-21","92094","Namen","Namur","Arrondissement Namen","Arrondissement de Namur","Provincie Namen","Province de Namur","Waals Gewest","Région wallonne","<5"
"2020-04-21","92137","Sambreville","Sambreville","Arrondissement Namen","Arrondissement de Namur","Provincie Namen","Province de Namur","Waals Gewest","Région wallonne","14"
"2020-04-21","92138","Fernelmont","Fernelmont","Arrondissement Namen","Arrondissement de Namur","Provincie Namen","Province de Namur","Waals Gewest","Région wallonne","<5"
"2020-04-21","92140","Jemeppe-sur-Sambre","Jemeppe-sur-Sambre","Arrondissement Namen","Arrondissement de Namur","Provincie Namen","Province de Namur","Waals Gewest","Région wallonne","<5"
"2020-04-21","92142","Gembloux","Gembloux","Arrondissement Namen","Arrondissement de Namur","Provincie Namen","Province de Namur","Waals Gewest","Région wallonne","<5"
"2020-04-21","93014","Couvin","Couvin","Arrondissement Philippeville","Arrondissement de Philippeville","Provincie Namen","Province de Namur","Waals Gewest","Région wallonne","<5"
"2020-04-21","93056","Philippeville","Philippeville","Arrondissement Philippeville","Arrondissement de Philippeville","Provincie Namen","Province de Namur","Waals Gewest","Région wallonne","<5"
"2020-04-21","93088","Walcourt","Walcourt","Arrondissement Philippeville","Arrondissement de Philippeville","Provincie Namen","Province de Namur","Waals Gewest","Région wallonne","13"
"2020-04-21",NA,NA,NA,NA,NA,NA,NA,NA,NA,"23"
"2020-04-22","11001","Aartselaar","Aartselaar","Arrondissement Antwerpen","Arrondissement d’Anvers","Provincie Antwerpen","Province d’Anvers","Vlaams Gewest","Région flamande","<5"
"2020-04-22","11002","Antwerpen","Anvers","Arrondissement Antwerpen","Arrondissement d’Anvers","Provincie Antwerpen","Province d’Anvers","Vlaams Gewest","Région flamande","46"
"2020-04-22","11005","Boom","Boom","Arrondissement Antwerpen","Arrondissement d’Anvers","Provincie Antwerpen","Province d’Anvers","Vlaams Gewest","Région flamande","<5"
"2020-04-22","11008","Brasschaat","Brasschaat","Arrondissement Antwerpen","Arrondissement d’Anvers","Provincie Antwerpen","Province d’Anvers","Vlaams Gewest","Région flamande","5"
"2020-04-22","11009","Brecht","Brecht","Arrondissement Antwerpen","Arrondissement d’Anvers","Provincie Antwerpen","Province d’Anvers","Vlaams Gewest","Région flamande","<5"
"2020-04-22","11016","Essen","Essen","Arrondissement Antwerpen","Arrondissement d’Anvers","Provincie Antwerpen","Province d’Anvers","Vlaams Gewest","Région flamande","<5"
"2020-04-22","11023","Kapellen (Antwerpen)","Kapellen (Anvers)","Arrondissement Antwerpen","Arrondissement d’Anvers","Provincie Antwerpen","Province d’Anvers","Vlaams Gewest","Région flamande","<5"
"2020-04-22","11024","Kontich","Kontich","Arrondissement Antwerpen","Arrondissement d’Anvers","Provincie Antwerpen","Province d’Anvers","Vlaams Gewest","Région flamande","<5"
"2020-04-22","11029","Mortsel","Mortsel","Arrondissement Antwerpen","Arrondissement d’Anvers","Provincie Antwerpen","Province d’Anvers","Vlaams Gewest","Région flamande","<5"
"2020-04-22","11030","Niel","Niel","Arrondissement Antwerpen","Arrondissement d’Anvers","Provincie Antwerpen","Province d’Anvers","Vlaams Gewest","Région flamande","<5"
"2020-04-22","11035","Ranst","Ranst","Arrondissement Antwerpen","Arrondissement d’Anvers","Provincie Antwerpen","Province d’Anvers","Vlaams Gewest","Région flamande","<5"
"2020-04-22","11039","Schilde","Schilde","Arrondissement Antwerpen","Arrondissement d’Anvers","Provincie Antwerpen","Province d’Anvers","Vlaams Gewest","Région flamande","<5"
"2020-04-22","11044","Stabroek","Stabroek","Arrondissement Antwerpen","Arrondissement d’Anvers","Provincie Antwerpen","Province d’Anvers","Vlaams Gewest","Région flamande","<5"
"2020-04-22","11052","Wommelgem","Wommelgem","Arrondissement Antwerpen","Arrondissement d’Anvers","Provincie Antwerpen","Province d’Anvers","Vlaams Gewest","Région flamande","<5"
"2020-04-22","12002","Berlaar","Berlaar","Arrondissement Mechelen","Arrondissement de Malines","Provincie Antwerpen","Province d’Anvers","Vlaams Gewest","Région flamande","<5"
"2020-04-22","12014","Heist-op-den-Berg","Heist-op-den-Berg","Arrondissement Mechelen","Arrondissement de Malines","Provincie Antwerpen","Province d’Anvers","Vlaams Gewest","Région flamande","<5"
"2020-04-22","12025","Mechelen","Malines","Arrondissement Mechelen","Arrondissement de Malines","Provincie Antwerpen","Province d’Anvers","Vlaams Gewest","Région flamande","<5"
"2020-04-22","12029","Putte","Putte","Arrondissement Mechelen","Arrondissement de Malines","Provincie Antwerpen","Province d’Anvers","Vlaams Gewest","Région flamande","<5"
"2020-04-22","12035","Sint-Katelijne-Waver","Sint-Katelijne-Waver","Arrondissement Mechelen","Arrondissement de Malines","Provincie Antwerpen","Province d’Anvers","Vlaams Gewest","Région flamande","<5"
"2020-04-22","12040","Willebroek","Willebroek","Arrondissement Mechelen","Arrondissement de Malines","Provincie Antwerpen","Province d’Anvers","Vlaams Gewest","Région flamande","<5"
"2020-04-22","13008","Geel","Geel","Arrondissement Turnhout","Arrondissement de Turnhout","Provincie Antwerpen","Province d’Anvers","Vlaams Gewest","Région flamande","<5"
"2020-04-22","13012","Herenthout","Herenthout","Arrondissement Turnhout","Arrondissement de Turnhout","Provincie Antwerpen","Province d’Anvers","Vlaams Gewest","Région flamande","<5"
"2020-04-22","13013","Herselt","Herselt","Arrondissement Turnhout","Arrondissement de Turnhout","Provincie Antwerpen","Province d’Anvers","Vlaams Gewest","Région flamande","<5"
"2020-04-22","13016","Hulshout","Hulshout","Arrondissement Turnhout","Arrondissement de Turnhout","Provincie Antwerpen","Province d’Anvers","Vlaams Gewest","Région flamande","<5"
"2020-04-22","13017","Kasterlee","Kasterlee","Arrondissement Turnhout","Arrondissement de Turnhout","Provincie Antwerpen","Province d’Anvers","Vlaams Gewest","Région flamande","<5"
"2020-04-22","13025","Mol","Mol","Arrondissement Turnhout","Arrondissement de Turnhout","Provincie Antwerpen","Province d’Anvers","Vlaams Gewest","Région flamande","<5"
"2020-04-22","13031","Oud-Turnhout","Oud-Turnhout","Arrondissement Turnhout","Arrondissement de Turnhout","Provincie Antwerpen","Province d’Anvers","Vlaams Gewest","Région flamande","<5"
"2020-04-22","13035","Ravels","Ravels","Arrondissement Turnhout","Arrondissement de Turnhout","Provincie Antwerpen","Province d’Anvers","Vlaams Gewest","Région flamande","<5"
"2020-04-22","13036","Retie","Retie","Arrondissement Turnhout","Arrondissement de Turnhout","Provincie Antwerpen","Province d’Anvers","Vlaams Gewest","Région flamande","<5"
"2020-04-22","13037","Rijkevorsel","Rijkevorsel","Arrondissement Turnhout","Arrondissement de Turnhout","Provincie Antwerpen","Province d’Anvers","Vlaams Gewest","Région flamande","<5"
"2020-04-22","13040","Turnhout","Turnhout","Arrondissement Turnhout","Arrondissement de Turnhout","Provincie Antwerpen","Province d’Anvers","Vlaams Gewest","Région flamande","<5"
"2020-04-22","13044","Vorselaar","Vorselaar","Arrondissement Turnhout","Arrondissement de Turnhout","Provincie Antwerpen","Province d’Anvers","Vlaams Gewest","Région flamande","<5"
"2020-04-22","13049","Westerlo","Westerlo","Arrondissement Turnhout","Arrondissement de Turnhout","Provincie Antwerpen","Province d’Anvers","Vlaams Gewest","Région flamande","<5"
"2020-04-22","13053","Laakdal","Laakdal","Arrondissement Turnhout","Arrondissement de Turnhout","Provincie Antwerpen","Province d’Anvers","Vlaams Gewest","Région flamande","<5"
"2020-04-22","21001","Anderlecht","Anderlecht","Arrondissement Brussel-Hoofdstad","Arrondissement de Bruxelles-Capitale",NA,NA,"Brussels Hoofdstedelijk Gewest","Région de Bruxelles-Capitale","6"
"2020-04-22","21003","Sint-Agatha-Berchem","Berchem-Sainte-Agathe","Arrondissement Brussel-Hoofdstad","Arrondissement de Bruxelles-Capitale",NA,NA,"Brussels Hoofdstedelijk Gewest","Région de Bruxelles-Capitale","<5"
"2020-04-22","21004","Brussel","Bruxelles","Arrondissement Brussel-Hoofdstad","Arrondissement de Bruxelles-Capitale",NA,NA,"Brussels Hoofdstedelijk Gewest","Région de Bruxelles-Capitale","9"
"2020-04-22","21005","Etterbeek","Etterbeek","Arrondissement Brussel-Hoofdstad","Arrondissement de Bruxelles-Capitale",NA,NA,"Brussels Hoofdstedelijk Gewest","Région de Bruxelles-Capitale","<5"
"2020-04-22","21006","Evere","Evere","Arrondissement Brussel-Hoofdstad","Arrondissement de Bruxelles-Capitale",NA,NA,"Brussels Hoofdstedelijk Gewest","Région de Bruxelles-Capitale","<5"
"2020-04-22","21007","Vorst (Brussel-Hoofdstad)","Forest (Bruxelles-Capitale)","Arrondissement Brussel-Hoofdstad","Arrondissement de Bruxelles-Capitale",NA,NA,"Brussels Hoofdstedelijk Gewest","Région de Bruxelles-Capitale","<5"
"2020-04-22","21008","Ganshoren","Ganshoren","Arrondissement Brussel-Hoofdstad","Arrondissement de Bruxelles-Capitale",NA,NA,"Brussels Hoofdstedelijk Gewest","Région de Bruxelles-Capitale","<5"
"2020-04-22","21009","Elsene","Ixelles","Arrondissement Brussel-Hoofdstad","Arrondissement de Bruxelles-Capitale",NA,NA,"Brussels Hoofdstedelijk Gewest","Région de Bruxelles-Capitale","<5"
"2020-04-22","21010","Jette","Jette","Arrondissement Brussel-Hoofdstad","Arrondissement de Bruxelles-Capitale",NA,NA,"Brussels Hoofdstedelijk Gewest","Région de Bruxelles-Capitale","<5"
"2020-04-22","21011","Koekelberg","Koekelberg","Arrondissement Brussel-Hoofdstad","Arrondissement de Bruxelles-Capitale",NA,NA,"Brussels Hoofdstedelijk Gewest","Région de Bruxelles-Capitale","<5"
"2020-04-22","21012","Sint-Jans-Molenbeek","Molenbeek-Saint-Jean","Arrondissement Brussel-Hoofdstad","Arrondissement de Bruxelles-Capitale",NA,NA,"Brussels Hoofdstedelijk Gewest","Région de Bruxelles-Capitale","7"
"2020-04-22","21013","Sint-Gillis","Saint-Gilles","Arrondissement Brussel-Hoofdstad","Arrondissement de Bruxelles-Capitale",NA,NA,"Brussels Hoofdstedelijk Gewest","Région de Bruxelles-Capitale","<5"
"2020-04-22","21015","Schaarbeek","Schaerbeek","Arrondissement Brussel-Hoofdstad","Arrondissement de Bruxelles-Capitale",NA,NA,"Brussels Hoofdstedelijk Gewest","Région de Bruxelles-Capitale","10"
"2020-04-22","21016","Ukkel","Uccle","Arrondissement Brussel-Hoofdstad","Arrondissement de Bruxelles-Capitale",NA,NA,"Brussels Hoofdstedelijk Gewest","Région de Bruxelles-Capitale","10"
"2020-04-22","21019","Sint-Pieters-Woluwe","Woluwe-Saint-Pierre","Arrondissement Brussel-Hoofdstad","Arrondissement de Bruxelles-Capitale",NA,NA,"Brussels Hoofdstedelijk Gewest","Région de Bruxelles-Capitale","<5"
"2020-04-22","23002","Asse","Asse","Arrondissement Halle-Vilvoorde","Arrondissement de Hal-Vilvorde","Provincie Vlaams-Brabant","Province du Brabant flamand","Vlaams Gewest","Région flamande","<5"
"2020-04-22","23003","Beersel","Beersel","Arrondissement Halle-Vilvoorde","Arrondissement de Hal-Vilvorde","Provincie Vlaams-Brabant","Province du Brabant flamand","Vlaams Gewest","Région flamande","<5"
"2020-04-22","23016","Dilbeek","Dilbeek","Arrondissement Halle-Vilvoorde","Arrondissement de Hal-Vilvorde","Provincie Vlaams-Brabant","Province du Brabant flamand","Vlaams Gewest","Région flamande","<5"
"2020-04-22","23025","Grimbergen","Grimbergen","Arrondissement Halle-Vilvoorde","Arrondissement de Hal-Vilvorde","Provincie Vlaams-Brabant","Province du Brabant flamand","Vlaams Gewest","Région flamande","<5"
"2020-04-22","23032","Herne","Herne","Arrondissement Halle-Vilvoorde","Arrondissement de Hal-Vilvorde","Provincie Vlaams-Brabant","Province du Brabant flamand","Vlaams Gewest","Région flamande","<5"
"2020-04-22","23038","Kampenhout","Kampenhout","Arrondissement Halle-Vilvoorde","Arrondissement de Hal-Vilvorde","Provincie Vlaams-Brabant","Province du Brabant flamand","Vlaams Gewest","Région flamande","<5"
"2020-04-22","23045","Londerzeel","Londerzeel","Arrondissement Halle-Vilvoorde","Arrondissement de Hal-Vilvorde","Provincie Vlaams-Brabant","Province du Brabant flamand","Vlaams Gewest","Région flamande","<5"
"2020-04-22","23047","Machelen (Halle-Vilvoorde)","Machelen (Hal-Vilvorde)","Arrondissement Halle-Vilvoorde","Arrondissement de Hal-Vilvorde","Provincie Vlaams-Brabant","Province du Brabant flamand","Vlaams Gewest","Région flamande","<5"
"2020-04-22","23050","Meise","Meise","Arrondissement Halle-Vilvoorde","Arrondissement de Hal-Vilvorde","Provincie Vlaams-Brabant","Province du Brabant flamand","Vlaams Gewest","Région flamande","<5"
"2020-04-22","23060","Opwijk","Opwijk","Arrondissement Halle-Vilvoorde","Arrondissement de Hal-Vilvorde","Provincie Vlaams-Brabant","Province du Brabant flamand","Vlaams Gewest","Région flamande","<5"
"2020-04-22","23062","Overijse","Overijse","Arrondissement Halle-Vilvoorde","Arrondissement de Hal-Vilvorde","Provincie Vlaams-Brabant","Province du Brabant flamand","Vlaams Gewest","Région flamande","<5"
"2020-04-22","23077","Sint-Pieters-Leeuw","Sint-Pieters-Leeuw","Arrondissement Halle-Vilvoorde","Arrondissement de Hal-Vilvorde","Provincie Vlaams-Brabant","Province du Brabant flamand","Vlaams Gewest","Région flamande","<5"
"2020-04-22","23081","Steenokkerzeel","Steenokkerzeel","Arrondissement Halle-Vilvoorde","Arrondissement de Hal-Vilvorde","Provincie Vlaams-Brabant","Province du Brabant flamand","Vlaams Gewest","Région flamande","<5"
"2020-04-22","23086","Ternat","Ternat","Arrondissement Halle-Vilvoorde","Arrondissement de Hal-Vilvorde","Provincie Vlaams-Brabant","Province du Brabant flamand","Vlaams Gewest","Région flamande","<5"
"2020-04-22","23094","Zaventem","Zaventem","Arrondissement Halle-Vilvoorde","Arrondissement de Hal-Vilvorde","Provincie Vlaams-Brabant","Province du Brabant flamand","Vlaams Gewest","Région flamande","<5"
"2020-04-22","23097","Roosdaal","Roosdaal","Arrondissement Halle-Vilvoorde","Arrondissement de Hal-Vilvorde","Provincie Vlaams-Brabant","Province du Brabant flamand","Vlaams Gewest","Région flamande","<5"
"2020-04-22","23101","Sint-Genesius-Rode","Rhode-Saint-Genèse","Arrondissement Halle-Vilvoorde","Arrondissement de Hal-Vilvorde","Provincie Vlaams-Brabant","Province du Brabant flamand","Vlaams Gewest","Région flamande","<5"
"2020-04-22","23104","Lennik","Lennik","Arrondissement Halle-Vilvoorde","Arrondissement de Hal-Vilvorde","Provincie Vlaams-Brabant","Province du Brabant flamand","Vlaams Gewest","Région flamande","<5"
"2020-04-22","23105","Affligem","Affligem","Arrondissement Halle-Vilvoorde","Arrondissement de Hal-Vilvorde","Provincie Vlaams-Brabant","Province du Brabant flamand","Vlaams Gewest","Région flamande","<5"
"2020-04-22","24001","Aarschot","Aarschot","Arrondissement Leuven","Arrondissement de Louvain","Provincie Vlaams-Brabant","Province du Brabant flamand","Vlaams Gewest","Région flamande","<5"
"2020-04-22","24008","Bekkevoort","Bekkevoort","Arrondissement Leuven","Arrondissement de Louvain","Provincie Vlaams-Brabant","Province du Brabant flamand","Vlaams Gewest","Région flamande","<5"
"2020-04-22","24016","Boutersem","Boutersem","Arrondissement Leuven","Arrondissement de Louvain","Provincie Vlaams-Brabant","Province du Brabant flamand","Vlaams Gewest","Région flamande","7"
"2020-04-22","24038","Herent","Herent","Arrondissement Leuven","Arrondissement de Louvain","Provincie Vlaams-Brabant","Province du Brabant flamand","Vlaams Gewest","Région flamande","43"
"2020-04-22","24045","Huldenberg","Huldenberg","Arrondissement Leuven","Arrondissement de Louvain","Provincie Vlaams-Brabant","Province du Brabant flamand","Vlaams Gewest","Région flamande","<5"
"2020-04-22","24062","Leuven","Louvain","Arrondissement Leuven","Arrondissement de Louvain","Provincie Vlaams-Brabant","Province du Brabant flamand","Vlaams Gewest","Région flamande","7"
"2020-04-22","24066","Lubbeek","Lubbeek","Arrondissement Leuven","Arrondissement de Louvain","Provincie Vlaams-Brabant","Province du Brabant flamand","Vlaams Gewest","Région flamande","<5"
"2020-04-22","24086","Oud-Heverlee","Oud-Heverlee","Arrondissement Leuven","Arrondissement de Louvain","Provincie Vlaams-Brabant","Province du Brabant flamand","Vlaams Gewest","Région flamande","<5"
"2020-04-22","24094","Rotselaar","Rotselaar","Arrondissement Leuven","Arrondissement de Louvain","Provincie Vlaams-Brabant","Province du Brabant flamand","Vlaams Gewest","Région flamande","<5"
"2020-04-22","24107","Tienen","Tirlemont","Arrondissement Leuven","Arrondissement de Louvain","Provincie Vlaams-Brabant","Province du Brabant flamand","Vlaams Gewest","Région flamande","6"
"2020-04-22","24134","Scherpenheuvel-Zichem","Montaigu-Zichem","Arrondissement Leuven","Arrondissement de Louvain","Provincie Vlaams-Brabant","Province du Brabant flamand","Vlaams Gewest","Région flamande","<5"
"2020-04-22","24135","Tielt-Winge","Tielt-Winge","Arrondissement Leuven","Arrondissement de Louvain","Provincie Vlaams-Brabant","Province du Brabant flamand","Vlaams Gewest","Région flamande","<5"
"2020-04-22","25014","Eigenbrakel","Braine-l’Alleud","Arrondissement Nijvel","Arrondissement de Nivelles","Provincie Waals-Brabant","Province du Brabant wallon","Waals Gewest","Région wallonne","<5"
"2020-04-22","25018","Chaumont-Gistoux","Chaumont-Gistoux","Arrondissement Nijvel","Arrondissement de Nivelles","Provincie Waals-Brabant","Province du Brabant wallon","Waals Gewest","Région wallonne","<5"
"2020-04-22","25023","Court-Saint-Etienne","Court-Saint-Etienne","Arrondissement Nijvel","Arrondissement de Nivelles","Provincie Waals-Brabant","Province du Brabant wallon","Waals Gewest","Région wallonne","<5"
"2020-04-22","25031","Genepiën","Genappe","Arrondissement Nijvel","Arrondissement de Nivelles","Provincie Waals-Brabant","Province du Brabant wallon","Waals Gewest","Région wallonne","21"
"2020-04-22","25068","Mont-Saint-Guibert","Mont-Saint-Guibert","Arrondissement Nijvel","Arrondissement de Nivelles","Provincie Waals-Brabant","Province du Brabant wallon","Waals Gewest","Région wallonne","<5"
"2020-04-22","25072","Nijvel","Nivelles","Arrondissement Nijvel","Arrondissement de Nivelles","Provincie Waals-Brabant","Province du Brabant wallon","Waals Gewest","Région wallonne","<5"
"2020-04-22","25091","Rixensart","Rixensart","Arrondissement Nijvel","Arrondissement de Nivelles","Provincie Waals-Brabant","Province du Brabant wallon","Waals Gewest","Région wallonne","<5"
"2020-04-22","25105","Tubeke","Tubize","Arrondissement Nijvel","Arrondissement de Nivelles","Provincie Waals-Brabant","Province du Brabant wallon","Waals Gewest","Région wallonne","<5"
"2020-04-22","25107","Villers-la-Ville","Villers-la-Ville","Arrondissement Nijvel","Arrondissement de Nivelles","Provincie Waals-Brabant","Province du Brabant wallon","Waals Gewest","Région wallonne","<5"
"2020-04-22","25110","Waterloo","Waterloo","Arrondissement Nijvel","Arrondissement de Nivelles","Provincie Waals-Brabant","Province du Brabant wallon","Waals Gewest","Région wallonne","<5"
"2020-04-22","25112","Waver","Wavre","Arrondissement Nijvel","Arrondissement de Nivelles","Provincie Waals-Brabant","Province du Brabant wallon","Waals Gewest","Région wallonne","<5"
"2020-04-22","25119","Lasne","Lasne","Arrondissement Nijvel","Arrondissement de Nivelles","Provincie Waals-Brabant","Province du Brabant wallon","Waals Gewest","Région wallonne","<5"
"2020-04-22","25121","Ottignies-Louvain-la-Neuve","Ottignies-Louvain-la-Neuve","Arrondissement Nijvel","Arrondissement de Nivelles","Provincie Waals-Brabant","Province du Brabant wallon","Waals Gewest","Région wallonne","11"
"2020-04-22","25124","Walhain","Walhain","Arrondissement Nijvel","Arrondissement de Nivelles","Provincie Waals-Brabant","Province du Brabant wallon","Waals Gewest","Région wallonne","<5"
"2020-04-22","31003","Beernem","Beernem","Arrondissement Brugge","Arrondissement de Bruges","Provincie West-Vlaanderen","Province de Flandre occidentale","Vlaams Gewest","Région flamande","<5"
"2020-04-22","31005","Brugge","Bruges","Arrondissement Brugge","Arrondissement de Bruges","Provincie West-Vlaanderen","Province de Flandre occidentale","Vlaams Gewest","Région flamande","12"
"2020-04-22","31022","Oostkamp","Oostkamp","Arrondissement Brugge","Arrondissement de Bruges","Provincie West-Vlaanderen","Province de Flandre occidentale","Vlaams Gewest","Région flamande","<5"
"2020-04-22","31033","Torhout","Torhout","Arrondissement Brugge","Arrondissement de Bruges","Provincie West-Vlaanderen","Province de Flandre occidentale","Vlaams Gewest","Région flamande","<5"
"2020-04-22","31043","Knokke-Heist","Knokke-Heist","Arrondissement Brugge","Arrondissement de Bruges","Provincie West-Vlaanderen","Province de Flandre occidentale","Vlaams Gewest","Région flamande","<5"
"2020-04-22","33011","Ieper","Ypres","Arrondissement Ieper","Arrondissement d’Ypres","Provincie West-Vlaanderen","Province de Flandre occidentale","Vlaams Gewest","Région flamande","<5"
"2020-04-22","33029","Wervik","Wervik","Arrondissement Ieper","Arrondissement d’Ypres","Provincie West-Vlaanderen","Province de Flandre occidentale","Vlaams Gewest","Région flamande","<5"
"2020-04-22","33037","Zonnebeke","Zonnebeke","Arrondissement Ieper","Arrondissement d’Ypres","Provincie West-Vlaanderen","Province de Flandre occidentale","Vlaams Gewest","Région flamande","<5"
"2020-04-22","34002","Anzegem","Anzegem","Arrondissement Kortrijk","Arrondissement de Courtrai","Provincie West-Vlaanderen","Province de Flandre occidentale","Vlaams Gewest","Région flamande","<5"
"2020-04-22","34003","Avelgem","Avelgem","Arrondissement Kortrijk","Arrondissement de Courtrai","Provincie West-Vlaanderen","Province de Flandre occidentale","Vlaams Gewest","Région flamande","<5"
"2020-04-22","34009","Deerlijk","Deerlijk","Arrondissement Kortrijk","Arrondissement de Courtrai","Provincie West-Vlaanderen","Province de Flandre occidentale","Vlaams Gewest","Région flamande","<5"
"2020-04-22","34013","Harelbeke","Harelbeke","Arrondissement Kortrijk","Arrondissement de Courtrai","Provincie West-Vlaanderen","Province de Flandre occidentale","Vlaams Gewest","Région flamande","<5"
"2020-04-22","34022","Kortrijk","Courtrai","Arrondissement Kortrijk","Arrondissement de Courtrai","Provincie West-Vlaanderen","Province de Flandre occidentale","Vlaams Gewest","Région flamande","<5"
"2020-04-22","34027","Menen","Menin","Arrondissement Kortrijk","Arrondissement de Courtrai","Provincie West-Vlaanderen","Province de Flandre occidentale","Vlaams Gewest","Région flamande","<5"
"2020-04-22","34040","Waregem","Waregem","Arrondissement Kortrijk","Arrondissement de Courtrai","Provincie West-Vlaanderen","Province de Flandre occidentale","Vlaams Gewest","Région flamande","<5"
"2020-04-22","34041","Wevelgem","Wevelgem","Arrondissement Kortrijk","Arrondissement de Courtrai","Provincie West-Vlaanderen","Province de Flandre occidentale","Vlaams Gewest","Région flamande","<5"
"2020-04-22","34042","Zwevegem","Zwevegem","Arrondissement Kortrijk","Arrondissement de Courtrai","Provincie West-Vlaanderen","Province de Flandre occidentale","Vlaams Gewest","Région flamande","<5"
"2020-04-22","35002","Bredene","Bredene","Arrondissement Oostende","Arrondissement d’Ostende","Provincie West-Vlaanderen","Province de Flandre occidentale","Vlaams Gewest","Région flamande","<5"
"2020-04-22","35005","Gistel","Gistel","Arrondissement Oostende","Arrondissement d’Ostende","Provincie West-Vlaanderen","Province de Flandre occidentale","Vlaams Gewest","Région flamande","<5"
"2020-04-22","35011","Middelkerke","Middelkerke","Arrondissement Oostende","Arrondissement d’Ostende","Provincie West-Vlaanderen","Province de Flandre occidentale","Vlaams Gewest","Région flamande","<5"
"2020-04-22","35013","Oostende","Ostende","Arrondissement Oostende","Arrondissement d’Ostende","Provincie West-Vlaanderen","Province de Flandre occidentale","Vlaams Gewest","Région flamande","<5"
"2020-04-22","35029","De Haan","De Haan","Arrondissement Oostende","Arrondissement d’Ostende","Provincie West-Vlaanderen","Province de Flandre occidentale","Vlaams Gewest","Région flamande","<5"
"2020-04-22","36006","Hooglede","Hooglede","Arrondissement Roeselare","Arrondissement de Roulers","Provincie West-Vlaanderen","Province de Flandre occidentale","Vlaams Gewest","Région flamande","10"
"2020-04-22","36008","Izegem","Izegem","Arrondissement Roeselare","Arrondissement de Roulers","Provincie West-Vlaanderen","Province de Flandre occidentale","Vlaams Gewest","Région flamande","<5"
"2020-04-22","36010","Ledegem","Ledegem","Arrondissement Roeselare","Arrondissement de Roulers","Provincie West-Vlaanderen","Province de Flandre occidentale","Vlaams Gewest","Région flamande","<5"
"2020-04-22","36012","Moorslede","Moorslede","Arrondissement Roeselare","Arrondissement de Roulers","Provincie West-Vlaanderen","Province de Flandre occidentale","Vlaams Gewest","Région flamande","<5"
"2020-04-22","36015","Roeselare","Roulers","Arrondissement Roeselare","Arrondissement de Roulers","Provincie West-Vlaanderen","Province de Flandre occidentale","Vlaams Gewest","Région flamande","6"
"2020-04-22","37007","Meulebeke","Meulebeke","Arrondissement Tielt","Arrondissement de Tielt","Provincie West-Vlaanderen","Province de Flandre occidentale","Vlaams Gewest","Région flamande","<5"
"2020-04-22","37010","Oostrozebeke","Oostrozebeke","Arrondissement Tielt","Arrondissement de Tielt","Provincie West-Vlaanderen","Province de Flandre occidentale","Vlaams Gewest","Région flamande","<5"
"2020-04-22","37011","Pittem","Pittem","Arrondissement Tielt","Arrondissement de Tielt","Provincie West-Vlaanderen","Province de Flandre occidentale","Vlaams Gewest","Région flamande","<5"
"2020-04-22","37018","Wingene","Wingene","Arrondissement Tielt","Arrondissement de Tielt","Provincie West-Vlaanderen","Province de Flandre occidentale","Vlaams Gewest","Région flamande","<5"
"2020-04-22","38025","Veurne","Furnes","Arrondissement Veurne","Arrondissement de Furnes","Provincie West-Vlaanderen","Province de Flandre occidentale","Vlaams Gewest","Région flamande","<5"
"2020-04-22","41002","Aalst (Aalst)","Alost (Alost)","Arrondissement Aalst","Arrondissement d’Alost","Provincie Oost-Vlaanderen","Province de Flandre orientale","Vlaams Gewest","Région flamande","<5"
"2020-04-22","41011","Denderleeuw","Denderleeuw","Arrondissement Aalst","Arrondissement d’Alost","Provincie Oost-Vlaanderen","Province de Flandre orientale","Vlaams Gewest","Région flamande","<5"
"2020-04-22","41018","Geraardsbergen","Grammont","Arrondissement Aalst","Arrondissement d’Alost","Provincie Oost-Vlaanderen","Province de Flandre orientale","Vlaams Gewest","Région flamande","<5"
"2020-04-22","41027","Herzele","Herzele","Arrondissement Aalst","Arrondissement d’Alost","Provincie Oost-Vlaanderen","Province de Flandre orientale","Vlaams Gewest","Région flamande","<5"
"2020-04-22","41048","Ninove","Ninove","Arrondissement Aalst","Arrondissement d’Alost","Provincie Oost-Vlaanderen","Province de Flandre orientale","Vlaams Gewest","Région flamande","<5"
"2020-04-22","41081","Zottegem","Zottegem","Arrondissement Aalst","Arrondissement d’Alost","Provincie Oost-Vlaanderen","Province de Flandre orientale","Vlaams Gewest","Région flamande","<5"
"2020-04-22","42003","Berlare","Berlare","Arrondissement Dendermonde","Arrondissement de Termonde","Provincie Oost-Vlaanderen","Province de Flandre orientale","Vlaams Gewest","Région flamande","<5"
"2020-04-22","42006","Dendermonde","Termonde","Arrondissement Dendermonde","Arrondissement de Termonde","Provincie Oost-Vlaanderen","Province de Flandre orientale","Vlaams Gewest","Région flamande","<5"
"2020-04-22","42008","Hamme (Dendermonde)","Hamme (Termonde)","Arrondissement Dendermonde","Arrondissement de Termonde","Provincie Oost-Vlaanderen","Province de Flandre orientale","Vlaams Gewest","Région flamande","<5"
"2020-04-22","42023","Waasmunster","Waasmunster","Arrondissement Dendermonde","Arrondissement de Termonde","Provincie Oost-Vlaanderen","Province de Flandre orientale","Vlaams Gewest","Région flamande","<5"
"2020-04-22","42025","Wetteren","Wetteren","Arrondissement Dendermonde","Arrondissement de Termonde","Provincie Oost-Vlaanderen","Province de Flandre orientale","Vlaams Gewest","Région flamande","<5"
"2020-04-22","42026","Wichelen","Wichelen","Arrondissement Dendermonde","Arrondissement de Termonde","Provincie Oost-Vlaanderen","Province de Flandre orientale","Vlaams Gewest","Région flamande","<5"
"2020-04-22","43002","Assenede","Assenede","Arrondissement Eeklo","Arrondissement d’Eeklo","Provincie Oost-Vlaanderen","Province de Flandre orientale","Vlaams Gewest","Région flamande","<5"
"2020-04-22","43005","Eeklo","Eeklo","Arrondissement Eeklo","Arrondissement d’Eeklo","Provincie Oost-Vlaanderen","Province de Flandre orientale","Vlaams Gewest","Région flamande","<5"
"2020-04-22","44012","De Pinte","De Pinte","Arrondissement Gent","Arrondissement de Gand","Provincie Oost-Vlaanderen","Province de Flandre orientale","Vlaams Gewest","Région flamande","<5"
"2020-04-22","44013","Destelbergen","Destelbergen","Arrondissement Gent","Arrondissement de Gand","Provincie Oost-Vlaanderen","Province de Flandre orientale","Vlaams Gewest","Région flamande","<5"
"2020-04-22","44019","Evergem","Evergem","Arrondissement Gent","Arrondissement de Gand","Provincie Oost-Vlaanderen","Province de Flandre orientale","Vlaams Gewest","Région flamande","<5"
"2020-04-22","44021","Gent","Gand","Arrondissement Gent","Arrondissement de Gand","Provincie Oost-Vlaanderen","Province de Flandre orientale","Vlaams Gewest","Région flamande","7"
"2020-04-22","44034","Lochristi","Lochristi","Arrondissement Gent","Arrondissement de Gand","Provincie Oost-Vlaanderen","Province de Flandre orientale","Vlaams Gewest","Région flamande","<5"
"2020-04-22","44043","Merelbeke","Merelbeke","Arrondissement Gent","Arrondissement de Gand","Provincie Oost-Vlaanderen","Province de Flandre orientale","Vlaams Gewest","Région flamande","<5"
"2020-04-22","44052","Oosterzele","Oosterzele","Arrondissement Gent","Arrondissement de Gand","Provincie Oost-Vlaanderen","Province de Flandre orientale","Vlaams Gewest","Région flamande","<5"
"2020-04-22","44064","Sint-Martens-Latem","Sint-Martens-Latem","Arrondissement Gent","Arrondissement de Gand","Provincie Oost-Vlaanderen","Province de Flandre orientale","Vlaams Gewest","Région flamande","<5"
"2020-04-22","44081","Zulte","Zulte","Arrondissement Gent","Arrondissement de Gand","Provincie Oost-Vlaanderen","Province de Flandre orientale","Vlaams Gewest","Région flamande","<5"
"2020-04-22","44083","Deinze","Deinze","Arrondissement Gent","Arrondissement de Gand","Provincie Oost-Vlaanderen","Province de Flandre orientale","Vlaams Gewest","Région flamande","<5"
"2020-04-22","44084","Aalter","Aalter","Arrondissement Gent","Arrondissement de Gand","Provincie Oost-Vlaanderen","Province de Flandre orientale","Vlaams Gewest","Région flamande","<5"
"2020-04-22","44085","Lievegem","Lievegem","Arrondissement Gent","Arrondissement de Gand","Provincie Oost-Vlaanderen","Province de Flandre orientale","Vlaams Gewest","Région flamande","14"
"2020-04-22","45041","Ronse","Renaix","Arrondissement Oudenaarde","Arrondissement d’Audenarde","Provincie Oost-Vlaanderen","Province de Flandre orientale","Vlaams Gewest","Région flamande","<5"
"2020-04-22","45068","Kruisem","Kruisem","Arrondissement Oudenaarde","Arrondissement d’Audenarde","Provincie Oost-Vlaanderen","Province de Flandre orientale","Vlaams Gewest","Région flamande","<5"
"2020-04-22","46003","Beveren (Sint-Niklaas)","Beveren (Saint-Nicolas)","Arrondissement Sint-Niklaas","Arrondissement de Saint-Nicolas","Provincie Oost-Vlaanderen","Province de Flandre orientale","Vlaams Gewest","Région flamande","<5"
"2020-04-22","46013","Kruibeke","Kruibeke","Arrondissement Sint-Niklaas","Arrondissement de Saint-Nicolas","Provincie Oost-Vlaanderen","Province de Flandre orientale","Vlaams Gewest","Région flamande","<5"
"2020-04-22","46014","Lokeren","Lokeren","Arrondissement Sint-Niklaas","Arrondissement de Saint-Nicolas","Provincie Oost-Vlaanderen","Province de Flandre orientale","Vlaams Gewest","Région flamande","<5"
"2020-04-22","46020","Sint-Gillis-Waas","Sint-Gillis-Waas","Arrondissement Sint-Niklaas","Arrondissement de Saint-Nicolas","Provincie Oost-Vlaanderen","Province de Flandre orientale","Vlaams Gewest","Région flamande","<5"
"2020-04-22","46021","Sint-Niklaas (Sint-Niklaas)","Saint-Nicolas (Saint-Nicolas)","Arrondissement Sint-Niklaas","Arrondissement de Saint-Nicolas","Provincie Oost-Vlaanderen","Province de Flandre orientale","Vlaams Gewest","Région flamande","<5"
"2020-04-22","46025","Temse","Tamise","Arrondissement Sint-Niklaas","Arrondissement de Saint-Nicolas","Provincie Oost-Vlaanderen","Province de Flandre orientale","Vlaams Gewest","Région flamande","<5"
"2020-04-22","51004","Aat","Ath","Arrondissement Aat","Arrondissement d’Ath","Provincie Henegouwen","Province du Hainaut","Waals Gewest","Région wallonne","<5"
"2020-04-22","51014","Chièvres","Chièvres","Arrondissement Aat","Arrondissement d’Ath","Provincie Henegouwen","Province du Hainaut","Waals Gewest","Région wallonne","<5"
"2020-04-22","52011","Charleroi","Charleroi","Arrondissement Charleroi","Arrondissement de Charleroi","Provincie Henegouwen","Province du Hainaut","Waals Gewest","Région wallonne","9"
"2020-04-22","52012","Châtelet","Châtelet","Arrondissement Charleroi","Arrondissement de Charleroi","Provincie Henegouwen","Province du Hainaut","Waals Gewest","Région wallonne","<5"
"2020-04-22","52015","Courcelles","Courcelles","Arrondissement Charleroi","Arrondissement de Charleroi","Provincie Henegouwen","Province du Hainaut","Waals Gewest","Région wallonne","<5"
"2020-04-22","52018","Farciennes","Farciennes","Arrondissement Charleroi","Arrondissement de Charleroi","Provincie Henegouwen","Province du Hainaut","Waals Gewest","Région wallonne","13"
"2020-04-22","52048","Montigny-le-Tilleul","Montigny-le-Tilleul","Arrondissement Charleroi","Arrondissement de Charleroi","Provincie Henegouwen","Province du Hainaut","Waals Gewest","Région wallonne","<5"
"2020-04-22","53014","Boussu","Boussu","Arrondissement Bergen","Arrondissement de Mons","Provincie Henegouwen","Province du Hainaut","Waals Gewest","Région wallonne","<5"
"2020-04-22","53020","Dour","Dour","Arrondissement Bergen","Arrondissement de Mons","Provincie Henegouwen","Province du Hainaut","Waals Gewest","Région wallonne","8"
"2020-04-22","53028","Frameries","Frameries","Arrondissement Bergen","Arrondissement de Mons","Provincie Henegouwen","Province du Hainaut","Waals Gewest","Région wallonne","<5"
"2020-04-22","53039","Hensies","Hensies","Arrondissement Bergen","Arrondissement de Mons","Provincie Henegouwen","Province du Hainaut","Waals Gewest","Région wallonne","<5"
"2020-04-22","53044","Jurbeke","Jurbise","Arrondissement Bergen","Arrondissement de Mons","Provincie Henegouwen","Province du Hainaut","Waals Gewest","Région wallonne","<5"
"2020-04-22","53053","Bergen","Mons","Arrondissement Bergen","Arrondissement de Mons","Provincie Henegouwen","Province du Hainaut","Waals Gewest","Région wallonne","19"
"2020-04-22","53068","Quiévrain","Quiévrain","Arrondissement Bergen","Arrondissement de Mons","Provincie Henegouwen","Province du Hainaut","Waals Gewest","Région wallonne","<5"
"2020-04-22","53070","Saint-Ghislain","Saint-Ghislain","Arrondissement Bergen","Arrondissement de Mons","Provincie Henegouwen","Province du Hainaut","Waals Gewest","Région wallonne","5"
"2020-04-22","55050","Ecaussinnes","Ecaussinnes","Arrondissement Zinnik","Arrondissement de Soignies","Provincie Henegouwen","Province du Hainaut","Waals Gewest","Région wallonne","<5"
"2020-04-22","55085","Seneffe","Seneffe","Arrondissement Zinnik","Arrondissement de Soignies","Provincie Henegouwen","Province du Hainaut","Waals Gewest","Région wallonne","<5"
"2020-04-22","55086","Manage","Manage","Arrondissement Zinnik","Arrondissement de Soignies","Provincie Henegouwen","Province du Hainaut","Waals Gewest","Région wallonne","<5"
"2020-04-22","56001","Anderlues","Anderlues","Arrondissement Thuin","Arrondissement de Thuin","Provincie Henegouwen","Province du Hainaut","Waals Gewest","Région wallonne","<5"
"2020-04-22","56022","Erquelinnes","Erquelinnes","Arrondissement Thuin","Arrondissement de Thuin","Provincie Henegouwen","Province du Hainaut","Waals Gewest","Région wallonne","<5"
"2020-04-22","56044","Lobbes","Lobbes","Arrondissement Thuin","Arrondissement de Thuin","Provincie Henegouwen","Province du Hainaut","Waals Gewest","Région wallonne","<5"
"2020-04-22","56086","Ham-sur-Heure-Nalinnes","Ham-sur-Heure-Nalinnes","Arrondissement Thuin","Arrondissement de Thuin","Provincie Henegouwen","Province du Hainaut","Waals Gewest","Région wallonne","<5"
"2020-04-22","57003","Antoing","Antoing","Arrondissement Doornik-Moeskroen","Arrondissement de Tournai-Mouscron","Provincie Henegouwen","Province du Hainaut","Waals Gewest","Région wallonne","<5"
"2020-04-22","57062","Pecq","Pecq","Arrondissement Doornik-Moeskroen","Arrondissement de Tournai-Mouscron","Provincie Henegouwen","Province du Hainaut","Waals Gewest","Région wallonne","<5"
"2020-04-22","57081","Doornik","Tournai","Arrondissement Doornik-Moeskroen","Arrondissement de Tournai-Mouscron","Provincie Henegouwen","Province du Hainaut","Waals Gewest","Région wallonne","<5"
"2020-04-22","57096","Moeskroen","Mouscron","Arrondissement Doornik-Moeskroen","Arrondissement de Tournai-Mouscron","Provincie Henegouwen","Province du Hainaut","Waals Gewest","Région wallonne","10"
"2020-04-22","58001","La Louvière","La Louvière","Arrondissement La Louvière","Arrondissement de La Louvière","Provincie Henegouwen","Province du Hainaut","Waals Gewest","Région wallonne","<5"
"2020-04-22","58002","Binche","Binche","Arrondissement La Louvière","Arrondissement de La Louvière","Provincie Henegouwen","Province du Hainaut","Waals Gewest","Région wallonne","<5"
"2020-04-22","58003","Estinnes","Estinnes","Arrondissement La Louvière","Arrondissement de La Louvière","Provincie Henegouwen","Province du Hainaut","Waals Gewest","Région wallonne","<5"
"2020-04-22","58004","Morlanwelz","Morlanwelz","Arrondissement La Louvière","Arrondissement de La Louvière","Provincie Henegouwen","Province du Hainaut","Waals Gewest","Région wallonne","<5"
"2020-04-22","61003","Amay","Amay","Arrondissement Hoei","Arrondissement de Huy","Provincie Luik","Province de Liège","Waals Gewest","Région wallonne","<5"
"2020-04-22","61031","Hoei","Huy","Arrondissement Hoei","Arrondissement de Huy","Provincie Luik","Province de Liège","Waals Gewest","Région wallonne","<5"
"2020-04-22","61043","Nandrin","Nandrin","Arrondissement Hoei","Arrondissement de Huy","Provincie Luik","Province de Liège","Waals Gewest","Région wallonne","<5"
"2020-04-22","61072","Wanze","Wanze","Arrondissement Hoei","Arrondissement de Huy","Provincie Luik","Province de Liège","Waals Gewest","Région wallonne","<5"
"2020-04-22","62022","Chaudfontaine","Chaudfontaine","Arrondissement Luik","Arrondissement de Liège","Provincie Luik","Province de Liège","Waals Gewest","Région wallonne","<5"
"2020-04-22","62026","Comblain-au-Pont","Comblain-au-Pont","Arrondissement Luik","Arrondissement de Liège","Provincie Luik","Province de Liège","Waals Gewest","Région wallonne","<5"
"2020-04-22","62032","Esneux","Esneux","Arrondissement Luik","Arrondissement de Liège","Provincie Luik","Province de Liège","Waals Gewest","Région wallonne","<5"
"2020-04-22","62038","Fléron","Fléron","Arrondissement Luik","Arrondissement de Liège","Provincie Luik","Province de Liège","Waals Gewest","Région wallonne","16"
"2020-04-22","62051","Herstal","Herstal","Arrondissement Luik","Arrondissement de Liège","Provincie Luik","Province de Liège","Waals Gewest","Région wallonne","<5"
"2020-04-22","62060","Juprelle","Juprelle","Arrondissement Luik","Arrondissement de Liège","Provincie Luik","Province de Liège","Waals Gewest","Région wallonne","<5"
"2020-04-22","62063","Luik","Liège","Arrondissement Luik","Arrondissement de Liège","Provincie Luik","Province de Liège","Waals Gewest","Région wallonne","8"
"2020-04-22","62079","Oupeye","Oupeye","Arrondissement Luik","Arrondissement de Liège","Provincie Luik","Province de Liège","Waals Gewest","Région wallonne","<5"
"2020-04-22","62099","Soumagne","Soumagne","Arrondissement Luik","Arrondissement de Liège","Provincie Luik","Province de Liège","Waals Gewest","Région wallonne","<5"
"2020-04-22","62108","Wezet","Visé","Arrondissement Luik","Arrondissement de Liège","Provincie Luik","Province de Liège","Waals Gewest","Région wallonne","<5"
"2020-04-22","62118","Grâce-Hollogne","Grâce-Hollogne","Arrondissement Luik","Arrondissement de Liège","Provincie Luik","Province de Liège","Waals Gewest","Région wallonne","<5"
"2020-04-22","62121","Neupré","Neupré","Arrondissement Luik","Arrondissement de Liège","Provincie Luik","Province de Liège","Waals Gewest","Région wallonne","<5"
"2020-04-22","63013","Bütgenbach","Butgenbach","Arrondissement Verviers","Arrondissement de Verviers","Provincie Luik","Province de Liège","Waals Gewest","Région wallonne","<5"
"2020-04-22","63020","Dison","Dison","Arrondissement Verviers","Arrondissement de Verviers","Provincie Luik","Province de Liège","Waals Gewest","Région wallonne","<5"
"2020-04-22","63040","Kelmis","La Calamine","Arrondissement Verviers","Arrondissement de Verviers","Provincie Luik","Province de Liège","Waals Gewest","Région wallonne","<5"
"2020-04-22","63046","Limburg","Limbourg","Arrondissement Verviers","Arrondissement de Verviers","Provincie Luik","Province de Liège","Waals Gewest","Région wallonne","<5"
"2020-04-22","63048","Lontzen","Lontzen","Arrondissement Verviers","Arrondissement de Verviers","Provincie Luik","Province de Liège","Waals Gewest","Région wallonne","<5"
"2020-04-22","63058","Pepinster","Pepinster","Arrondissement Verviers","Arrondissement de Verviers","Provincie Luik","Province de Liège","Waals Gewest","Région wallonne","<5"
"2020-04-22","63067","Sankt Vith","Saint-Vith","Arrondissement Verviers","Arrondissement de Verviers","Provincie Luik","Province de Liège","Waals Gewest","Région wallonne","<5"
"2020-04-22","63072","Spa","Spa","Arrondissement Verviers","Arrondissement de Verviers","Provincie Luik","Province de Liège","Waals Gewest","Région wallonne","<5"
"2020-04-22","63073","Stavelot","Stavelot","Arrondissement Verviers","Arrondissement de Verviers","Provincie Luik","Province de Liège","Waals Gewest","Région wallonne","<5"
"2020-04-22","63079","Verviers","Verviers","Arrondissement Verviers","Arrondissement de Verviers","Provincie Luik","Province de Liège","Waals Gewest","Région wallonne","11"
"2020-04-22","63084","Welkenraedt","Welkenraedt","Arrondissement Verviers","Arrondissement de Verviers","Provincie Luik","Province de Liège","Waals Gewest","Région wallonne","<5"
"2020-04-22","63088","Plombières","Plombières","Arrondissement Verviers","Arrondissement de Verviers","Provincie Luik","Province de Liège","Waals Gewest","Région wallonne","<5"
"2020-04-22","64025","Fexhe-le-Haut-Clocher","Fexhe-le-Haut-Clocher","Arrondissement Borgworm","Arrondissement de Waremme","Provincie Luik","Province de Liège","Waals Gewest","Région wallonne","<5"
"2020-04-22","71004","Beringen","Beringen","Arrondissement Hasselt","Arrondissement de Hasselt","Provincie Limburg","Province du Limbourg","Vlaams Gewest","Région flamande","<5"
"2020-04-22","71011","Diepenbeek","Diepenbeek","Arrondissement Hasselt","Arrondissement de Hasselt","Provincie Limburg","Province du Limbourg","Vlaams Gewest","Région flamande","<5"
"2020-04-22","71016","Genk","Genk","Arrondissement Hasselt","Arrondissement de Hasselt","Provincie Limburg","Province du Limbourg","Vlaams Gewest","Région flamande","<5"
"2020-04-22","71022","Hasselt","Hasselt","Arrondissement Hasselt","Arrondissement de Hasselt","Provincie Limburg","Province du Limbourg","Vlaams Gewest","Région flamande","<5"
"2020-04-22","71024","Herk-de-Stad","Herck-la-Ville","Arrondissement Hasselt","Arrondissement de Hasselt","Provincie Limburg","Province du Limbourg","Vlaams Gewest","Région flamande","<5"
"2020-04-22","71034","Leopoldsburg","Bourg-Léopold","Arrondissement Hasselt","Arrondissement de Hasselt","Provincie Limburg","Province du Limbourg","Vlaams Gewest","Région flamande","<5"
"2020-04-22","71045","Nieuwerkerken (Hasselt)","Nieuwerkerken (Hasselt)","Arrondissement Hasselt","Arrondissement de Hasselt","Provincie Limburg","Province du Limbourg","Vlaams Gewest","Région flamande","5"
"2020-04-22","71053","Sint-Truiden","Saint-Trond","Arrondissement Hasselt","Arrondissement de Hasselt","Provincie Limburg","Province du Limbourg","Vlaams Gewest","Région flamande","<5"
"2020-04-22","71066","Zonhoven","Zonhoven","Arrondissement Hasselt","Arrondissement de Hasselt","Provincie Limburg","Province du Limbourg","Vlaams Gewest","Région flamande","<5"
"2020-04-22","71067","Zutendaal","Zutendaal","Arrondissement Hasselt","Arrondissement de Hasselt","Provincie Limburg","Province du Limbourg","Vlaams Gewest","Région flamande","<5"
"2020-04-22","71069","Ham","Ham","Arrondissement Hasselt","Arrondissement de Hasselt","Provincie Limburg","Province du Limbourg","Vlaams Gewest","Région flamande","<5"
"2020-04-22","71070","Heusden-Zolder","Heusden-Zolder","Arrondissement Hasselt","Arrondissement de Hasselt","Provincie Limburg","Province du Limbourg","Vlaams Gewest","Région flamande","<5"
"2020-04-22","72004","Bree","Bree","Arrondissement Maaseik","Arrondissement de Maaseik","Provincie Limburg","Province du Limbourg","Vlaams Gewest","Région flamande","<5"
"2020-04-22","72021","Maaseik","Maaseik","Arrondissement Maaseik","Arrondissement de Maaseik","Provincie Limburg","Province du Limbourg","Vlaams Gewest","Région flamande","<5"
"2020-04-22","72037","Hamont-Achel","Hamont-Achel","Arrondissement Maaseik","Arrondissement de Maaseik","Provincie Limburg","Province du Limbourg","Vlaams Gewest","Région flamande","<5"
"2020-04-22","72038","Hechtel-Eksel","Hechtel-Eksel","Arrondissement Maaseik","Arrondissement de Maaseik","Provincie Limburg","Province du Limbourg","Vlaams Gewest","Région flamande","<5"
"2020-04-22","72041","Dilsen-Stokkem","Dilsen-Stokkem","Arrondissement Maaseik","Arrondissement de Maaseik","Provincie Limburg","Province du Limbourg","Vlaams Gewest","Région flamande","<5"
"2020-04-22","73001","Alken","Alken","Arrondissement Tongeren","Arrondissement de Tongres","Provincie Limburg","Province du Limbourg","Vlaams Gewest","Région flamande","<5"
"2020-04-22","73006","Bilzen","Bilzen","Arrondissement Tongeren","Arrondissement de Tongres","Provincie Limburg","Province du Limbourg","Vlaams Gewest","Région flamande","8"
"2020-04-22","73032","Hoeselt","Hoeselt","Arrondissement Tongeren","Arrondissement de Tongres","Provincie Limburg","Province du Limbourg","Vlaams Gewest","Région flamande","<5"
"2020-04-22","73042","Lanaken","Lanaken","Arrondissement Tongeren","Arrondissement de Tongres","Provincie Limburg","Province du Limbourg","Vlaams Gewest","Région flamande","<5"
"2020-04-22","73066","Riemst","Riemst","Arrondissement Tongeren","Arrondissement de Tongres","Provincie Limburg","Province du Limbourg","Vlaams Gewest","Région flamande","<5"
"2020-04-22","73083","Tongeren","Tongres","Arrondissement Tongeren","Arrondissement de Tongres","Provincie Limburg","Province du Limbourg","Vlaams Gewest","Région flamande","6"
"2020-04-22","73107","Maasmechelen","Maasmechelen","Arrondissement Tongeren","Arrondissement de Tongres","Provincie Limburg","Province du Limbourg","Vlaams Gewest","Région flamande","<5"
"2020-04-22","73109","Voeren","Fourons","Arrondissement Tongeren","Arrondissement de Tongres","Provincie Limburg","Province du Limbourg","Vlaams Gewest","Région flamande","<5"
"2020-04-22","81015","Messancy","Messancy","Arrondissement Aarlen","Arrondissement d’Arlon","Provincie Luxemburg","Province du Luxembourg","Waals Gewest","Région wallonne","<5"
"2020-04-22","82003","Bastenaken","Bastogne","Arrondissement Bastenaken","Arrondissement de Bastogne","Provincie Luxemburg","Province du Luxembourg","Waals Gewest","Région wallonne","<5"
"2020-04-22","82032","Vielsalm","Vielsalm","Arrondissement Bastenaken","Arrondissement de Bastogne","Provincie Luxemburg","Province du Luxembourg","Waals Gewest","Région wallonne","<5"
"2020-04-22","83012","Durbuy","Durbuy","Arrondissement Marche-en-Famenne","Arrondissement de Marche-en-Famenne","Provincie Luxemburg","Province du Luxembourg","Waals Gewest","Région wallonne","7"
"2020-04-22","83040","Nassogne","Nassogne","Arrondissement Marche-en-Famenne","Arrondissement de Marche-en-Famenne","Provincie Luxemburg","Province du Luxembourg","Waals Gewest","Région wallonne","<5"
"2020-04-22","84010","Bouillon","Bouillon","Arrondissement Neufchâteau","Arrondissement de Neufchâteau","Provincie Luxemburg","Province du Luxembourg","Waals Gewest","Région wallonne","<5"
"2020-04-22","84077","Libramont-Chevigny","Libramont-Chevigny","Arrondissement Neufchâteau","Arrondissement de Neufchâteau","Provincie Luxemburg","Province du Luxembourg","Waals Gewest","Région wallonne","<5"
"2020-04-22","91030","Ciney","Ciney","Arrondissement Dinant","Arrondissement de Dinant","Provincie Namen","Province de Namur","Waals Gewest","Région wallonne","<5"
"2020-04-22","92003","Andenne","Andenne","Arrondissement Namen","Arrondissement de Namur","Provincie Namen","Province de Namur","Waals Gewest","Région wallonne","<5"
"2020-04-22","92006","Assesse","Assesse","Arrondissement Namen","Arrondissement de Namur","Provincie Namen","Province de Namur","Waals Gewest","Région wallonne","<5"
"2020-04-22","92054","Gesves","Gesves","Arrondissement Namen","Arrondissement de Namur","Provincie Namen","Province de Namur","Waals Gewest","Région wallonne","<5"
"2020-04-22","92087","Mettet","Mettet","Arrondissement Namen","Arrondissement de Namur","Provincie Namen","Province de Namur","Waals Gewest","Région wallonne","<5"
"2020-04-22","92094","Namen","Namur","Arrondissement Namen","Arrondissement de Namur","Provincie Namen","Province de Namur","Waals Gewest","Région wallonne","15"
"2020-04-22","92097","Ohey","Ohey","Arrondissement Namen","Arrondissement de Namur","Provincie Namen","Province de Namur","Waals Gewest","Région wallonne","<5"
"2020-04-22","92114","Sombreffe","Sombreffe","Arrondissement Namen","Arrondissement de Namur","Provincie Namen","Province de Namur","Waals Gewest","Région wallonne","<5"
"2020-04-22","92137","Sambreville","Sambreville","Arrondissement Namen","Arrondissement de Namur","Provincie Namen","Province de Namur","Waals Gewest","Région wallonne","<5"
"2020-04-22","92140","Jemeppe-sur-Sambre","Jemeppe-sur-Sambre","Arrondissement Namen","Arrondissement de Namur","Provincie Namen","Province de Namur","Waals Gewest","Région wallonne","<5"
"2020-04-22","92141","La Bruyère","La Bruyère","Arrondissement Namen","Arrondissement de Namur","Provincie Namen","Province de Namur","Waals Gewest","Région wallonne","<5"
"2020-04-22","92142","Gembloux","Gembloux","Arrondissement Namen","Arrondissement de Namur","Provincie Namen","Province de Namur","Waals Gewest","Région wallonne","<5"
"2020-04-22",NA,NA,NA,NA,NA,NA,NA,NA,NA,"13"
"2020-04-23","11002","Antwerpen","Anvers","Arrondissement Antwerpen","Arrondissement d’Anvers","Provincie Antwerpen","Province d’Anvers","Vlaams Gewest","Région flamande","53"
"2020-04-23","11005","Boom","Boom","Arrondissement Antwerpen","Arrondissement d’Anvers","Provincie Antwerpen","Province d’Anvers","Vlaams Gewest","Région flamande","<5"
"2020-04-23","11007","Borsbeek","Borsbeek","Arrondissement Antwerpen","Arrondissement d’Anvers","Provincie Antwerpen","Province d’Anvers","Vlaams Gewest","Région flamande","<5"
"2020-04-23","11008","Brasschaat","Brasschaat","Arrondissement Antwerpen","Arrondissement d’Anvers","Provincie Antwerpen","Province d’Anvers","Vlaams Gewest","Région flamande","<5"
"2020-04-23","11009","Brecht","Brecht","Arrondissement Antwerpen","Arrondissement d’Anvers","Provincie Antwerpen","Province d’Anvers","Vlaams Gewest","Région flamande","<5"
"2020-04-23","11016","Essen","Essen","Arrondissement Antwerpen","Arrondissement d’Anvers","Provincie Antwerpen","Province d’Anvers","Vlaams Gewest","Région flamande","<5"
"2020-04-23","11018","Hemiksem","Hemiksem","Arrondissement Antwerpen","Arrondissement d’Anvers","Provincie Antwerpen","Province d’Anvers","Vlaams Gewest","Région flamande","<5"
"2020-04-23","11021","Hove (Antwerpen)","Hove (Anvers)","Arrondissement Antwerpen","Arrondissement d’Anvers","Provincie Antwerpen","Province d’Anvers","Vlaams Gewest","Région flamande","<5"
"2020-04-23","11022","Kalmthout","Kalmthout","Arrondissement Antwerpen","Arrondissement d’Anvers","Provincie Antwerpen","Province d’Anvers","Vlaams Gewest","Région flamande","<5"
"2020-04-23","11023","Kapellen (Antwerpen)","Kapellen (Anvers)","Arrondissement Antwerpen","Arrondissement d’Anvers","Provincie Antwerpen","Province d’Anvers","Vlaams Gewest","Région flamande","<5"
"2020-04-23","11025","Lint","Lint","Arrondissement Antwerpen","Arrondissement d’Anvers","Provincie Antwerpen","Province d’Anvers","Vlaams Gewest","Région flamande","<5"
"2020-04-23","11029","Mortsel","Mortsel","Arrondissement Antwerpen","Arrondissement d’Anvers","Provincie Antwerpen","Province d’Anvers","Vlaams Gewest","Région flamande","<5"
"2020-04-23","11030","Niel","Niel","Arrondissement Antwerpen","Arrondissement d’Anvers","Provincie Antwerpen","Province d’Anvers","Vlaams Gewest","Région flamande","<5"
"2020-04-23","11035","Ranst","Ranst","Arrondissement Antwerpen","Arrondissement d’Anvers","Provincie Antwerpen","Province d’Anvers","Vlaams Gewest","Région flamande","<5"
"2020-04-23","11038","Schelle","Schelle","Arrondissement Antwerpen","Arrondissement d’Anvers","Provincie Antwerpen","Province d’Anvers","Vlaams Gewest","Région flamande","<5"
"2020-04-23","11039","Schilde","Schilde","Arrondissement Antwerpen","Arrondissement d’Anvers","Provincie Antwerpen","Province d’Anvers","Vlaams Gewest","Région flamande","<5"
"2020-04-23","11044","Stabroek","Stabroek","Arrondissement Antwerpen","Arrondissement d’Anvers","Provincie Antwerpen","Province d’Anvers","Vlaams Gewest","Région flamande","<5"
"2020-04-23","11053","Wuustwezel","Wuustwezel","Arrondissement Antwerpen","Arrondissement d’Anvers","Provincie Antwerpen","Province d’Anvers","Vlaams Gewest","Région flamande","<5"
"2020-04-23","11054","Zandhoven","Zandhoven","Arrondissement Antwerpen","Arrondissement d’Anvers","Provincie Antwerpen","Province d’Anvers","Vlaams Gewest","Région flamande","<5"
"2020-04-23","11055","Zoersel","Zoersel","Arrondissement Antwerpen","Arrondissement d’Anvers","Provincie Antwerpen","Province d’Anvers","Vlaams Gewest","Région flamande","<5"
"2020-04-23","11056","Zwijndrecht","Zwijndrecht","Arrondissement Antwerpen","Arrondissement d’Anvers","Provincie Antwerpen","Province d’Anvers","Vlaams Gewest","Région flamande","9"
"2020-04-23","12007","Bornem","Bornem","Arrondissement Mechelen","Arrondissement de Malines","Provincie Antwerpen","Province d’Anvers","Vlaams Gewest","Région flamande","<5"
"2020-04-23","12009","Duffel","Duffel","Arrondissement Mechelen","Arrondissement de Malines","Provincie Antwerpen","Province d’Anvers","Vlaams Gewest","Région flamande","<5"
"2020-04-23","12014","Heist-op-den-Berg","Heist-op-den-Berg","Arrondissement Mechelen","Arrondissement de Malines","Provincie Antwerpen","Province d’Anvers","Vlaams Gewest","Région flamande","<5"
"2020-04-23","12021","Lier","Lierre","Arrondissement Mechelen","Arrondissement de Malines","Provincie Antwerpen","Province d’Anvers","Vlaams Gewest","Région flamande","<5"
"2020-04-23","12025","Mechelen","Malines","Arrondissement Mechelen","Arrondissement de Malines","Provincie Antwerpen","Province d’Anvers","Vlaams Gewest","Région flamande","<5"
"2020-04-23","12029","Putte","Putte","Arrondissement Mechelen","Arrondissement de Malines","Provincie Antwerpen","Province d’Anvers","Vlaams Gewest","Région flamande","<5"
"2020-04-23","12035","Sint-Katelijne-Waver","Sint-Katelijne-Waver","Arrondissement Mechelen","Arrondissement de Malines","Provincie Antwerpen","Province d’Anvers","Vlaams Gewest","Région flamande","<5"
"2020-04-23","12040","Willebroek","Willebroek","Arrondissement Mechelen","Arrondissement de Malines","Provincie Antwerpen","Province d’Anvers","Vlaams Gewest","Région flamande","<5"
"2020-04-23","12041","Puurs-Sint-Amands","Puurs-Sint-Amands","Arrondissement Mechelen","Arrondissement de Malines","Provincie Antwerpen","Province d’Anvers","Vlaams Gewest","Région flamande","<5"
"2020-04-23","13003","Balen","Balen","Arrondissement Turnhout","Arrondissement de Turnhout","Provincie Antwerpen","Province d’Anvers","Vlaams Gewest","Région flamande","<5"
"2020-04-23","13010","Grobbendonk","Grobbendonk","Arrondissement Turnhout","Arrondissement de Turnhout","Provincie Antwerpen","Province d’Anvers","Vlaams Gewest","Région flamande","<5"
"2020-04-23","13013","Herselt","Herselt","Arrondissement Turnhout","Arrondissement de Turnhout","Provincie Antwerpen","Province d’Anvers","Vlaams Gewest","Région flamande","<5"
"2020-04-23","13014","Hoogstraten","Hoogstraten","Arrondissement Turnhout","Arrondissement de Turnhout","Provincie Antwerpen","Province d’Anvers","Vlaams Gewest","Région flamande","<5"
"2020-04-23","13021","Meerhout","Meerhout","Arrondissement Turnhout","Arrondissement de Turnhout","Provincie Antwerpen","Province d’Anvers","Vlaams Gewest","Région flamande","<5"
"2020-04-23","13023","Merksplas","Merksplas","Arrondissement Turnhout","Arrondissement de Turnhout","Provincie Antwerpen","Province d’Anvers","Vlaams Gewest","Région flamande","<5"
"2020-04-23","13025","Mol","Mol","Arrondissement Turnhout","Arrondissement de Turnhout","Provincie Antwerpen","Province d’Anvers","Vlaams Gewest","Région flamande","<5"
"2020-04-23","13029","Olen","Olen","Arrondissement Turnhout","Arrondissement de Turnhout","Provincie Antwerpen","Province d’Anvers","Vlaams Gewest","Région flamande","<5"
"2020-04-23","13031","Oud-Turnhout","Oud-Turnhout","Arrondissement Turnhout","Arrondissement de Turnhout","Provincie Antwerpen","Province d’Anvers","Vlaams Gewest","Région flamande","<5"
"2020-04-23","13035","Ravels","Ravels","Arrondissement Turnhout","Arrondissement de Turnhout","Provincie Antwerpen","Province d’Anvers","Vlaams Gewest","Région flamande","<5"
"2020-04-23","13040","Turnhout","Turnhout","Arrondissement Turnhout","Arrondissement de Turnhout","Provincie Antwerpen","Province d’Anvers","Vlaams Gewest","Région flamande","<5"
"2020-04-23","13044","Vorselaar","Vorselaar","Arrondissement Turnhout","Arrondissement de Turnhout","Provincie Antwerpen","Province d’Anvers","Vlaams Gewest","Région flamande","<5"
"2020-04-23","21001","Anderlecht","Anderlecht","Arrondissement Brussel-Hoofdstad","Arrondissement de Bruxelles-Capitale",NA,NA,"Brussels Hoofdstedelijk Gewest","Région de Bruxelles-Capitale","12"
"2020-04-23","21002","Oudergem","Auderghem","Arrondissement Brussel-Hoofdstad","Arrondissement de Bruxelles-Capitale",NA,NA,"Brussels Hoofdstedelijk Gewest","Région de Bruxelles-Capitale","<5"
"2020-04-23","21003","Sint-Agatha-Berchem","Berchem-Sainte-Agathe","Arrondissement Brussel-Hoofdstad","Arrondissement de Bruxelles-Capitale",NA,NA,"Brussels Hoofdstedelijk Gewest","Région de Bruxelles-Capitale","<5"
"2020-04-23","21004","Brussel","Bruxelles","Arrondissement Brussel-Hoofdstad","Arrondissement de Bruxelles-Capitale",NA,NA,"Brussels Hoofdstedelijk Gewest","Région de Bruxelles-Capitale","19"
"2020-04-23","21005","Etterbeek","Etterbeek","Arrondissement Brussel-Hoofdstad","Arrondissement de Bruxelles-Capitale",NA,NA,"Brussels Hoofdstedelijk Gewest","Région de Bruxelles-Capitale","<5"
"2020-04-23","21006","Evere","Evere","Arrondissement Brussel-Hoofdstad","Arrondissement de Bruxelles-Capitale",NA,NA,"Brussels Hoofdstedelijk Gewest","Région de Bruxelles-Capitale","<5"
"2020-04-23","21007","Vorst (Brussel-Hoofdstad)","Forest (Bruxelles-Capitale)","Arrondissement Brussel-Hoofdstad","Arrondissement de Bruxelles-Capitale",NA,NA,"Brussels Hoofdstedelijk Gewest","Région de Bruxelles-Capitale","<5"
"2020-04-23","21008","Ganshoren","Ganshoren","Arrondissement Brussel-Hoofdstad","Arrondissement de Bruxelles-Capitale",NA,NA,"Brussels Hoofdstedelijk Gewest","Région de Bruxelles-Capitale","<5"
"2020-04-23","21009","Elsene","Ixelles","Arrondissement Brussel-Hoofdstad","Arrondissement de Bruxelles-Capitale",NA,NA,"Brussels Hoofdstedelijk Gewest","Région de Bruxelles-Capitale","<5"
"2020-04-23","21010","Jette","Jette","Arrondissement Brussel-Hoofdstad","Arrondissement de Bruxelles-Capitale",NA,NA,"Brussels Hoofdstedelijk Gewest","Région de Bruxelles-Capitale","8"
"2020-04-23","21011","Koekelberg","Koekelberg","Arrondissement Brussel-Hoofdstad","Arrondissement de Bruxelles-Capitale",NA,NA,"Brussels Hoofdstedelijk Gewest","Région de Bruxelles-Capitale","<5"
"2020-04-23","21012","Sint-Jans-Molenbeek","Molenbeek-Saint-Jean","Arrondissement Brussel-Hoofdstad","Arrondissement de Bruxelles-Capitale",NA,NA,"Brussels Hoofdstedelijk Gewest","Région de Bruxelles-Capitale","14"
"2020-04-23","21013","Sint-Gillis","Saint-Gilles","Arrondissement Brussel-Hoofdstad","Arrondissement de Bruxelles-Capitale",NA,NA,"Brussels Hoofdstedelijk Gewest","Région de Bruxelles-Capitale","<5"
"2020-04-23","21015","Schaarbeek","Schaerbeek","Arrondissement Brussel-Hoofdstad","Arrondissement de Bruxelles-Capitale",NA,NA,"Brussels Hoofdstedelijk Gewest","Région de Bruxelles-Capitale","<5"
"2020-04-23","21016","Ukkel","Uccle","Arrondissement Brussel-Hoofdstad","Arrondissement de Bruxelles-Capitale",NA,NA,"Brussels Hoofdstedelijk Gewest","Région de Bruxelles-Capitale","5"
"2020-04-23","21018","Sint-Lambrechts-Woluwe","Woluwe-Saint-Lambert","Arrondissement Brussel-Hoofdstad","Arrondissement de Bruxelles-Capitale",NA,NA,"Brussels Hoofdstedelijk Gewest","Région de Bruxelles-Capitale","<5"
"2020-04-23","21019","Sint-Pieters-Woluwe","Woluwe-Saint-Pierre","Arrondissement Brussel-Hoofdstad","Arrondissement de Bruxelles-Capitale",NA,NA,"Brussels Hoofdstedelijk Gewest","Région de Bruxelles-Capitale","<5"
"2020-04-23","23003","Beersel","Beersel","Arrondissement Halle-Vilvoorde","Arrondissement de Hal-Vilvorde","Provincie Vlaams-Brabant","Province du Brabant flamand","Vlaams Gewest","Région flamande","<5"
"2020-04-23","23016","Dilbeek","Dilbeek","Arrondissement Halle-Vilvoorde","Arrondissement de Hal-Vilvorde","Provincie Vlaams-Brabant","Province du Brabant flamand","Vlaams Gewest","Région flamande","6"
"2020-04-23","23024","Gooik","Gooik","Arrondissement Halle-Vilvoorde","Arrondissement de Hal-Vilvorde","Provincie Vlaams-Brabant","Province du Brabant flamand","Vlaams Gewest","Région flamande","<5"
"2020-04-23","23025","Grimbergen","Grimbergen","Arrondissement Halle-Vilvoorde","Arrondissement de Hal-Vilvorde","Provincie Vlaams-Brabant","Province du Brabant flamand","Vlaams Gewest","Région flamande","<5"
"2020-04-23","23033","Hoeilaart","Hoeilaart","Arrondissement Halle-Vilvoorde","Arrondissement de Hal-Vilvorde","Provincie Vlaams-Brabant","Province du Brabant flamand","Vlaams Gewest","Région flamande","<5"
"2020-04-23","23039","Kapelle-op-den-Bos","Kapelle-op-den-Bos","Arrondissement Halle-Vilvoorde","Arrondissement de Hal-Vilvorde","Provincie Vlaams-Brabant","Province du Brabant flamand","Vlaams Gewest","Région flamande","<5"
"2020-04-23","23045","Londerzeel","Londerzeel","Arrondissement Halle-Vilvoorde","Arrondissement de Hal-Vilvorde","Provincie Vlaams-Brabant","Province du Brabant flamand","Vlaams Gewest","Région flamande","<5"
"2020-04-23","23047","Machelen (Halle-Vilvoorde)","Machelen (Hal-Vilvorde)","Arrondissement Halle-Vilvoorde","Arrondissement de Hal-Vilvorde","Provincie Vlaams-Brabant","Province du Brabant flamand","Vlaams Gewest","Région flamande","<5"
"2020-04-23","23050","Meise","Meise","Arrondissement Halle-Vilvoorde","Arrondissement de Hal-Vilvorde","Provincie Vlaams-Brabant","Province du Brabant flamand","Vlaams Gewest","Région flamande","<5"
"2020-04-23","23062","Overijse","Overijse","Arrondissement Halle-Vilvoorde","Arrondissement de Hal-Vilvorde","Provincie Vlaams-Brabant","Province du Brabant flamand","Vlaams Gewest","Région flamande","<5"
"2020-04-23","23077","Sint-Pieters-Leeuw","Sint-Pieters-Leeuw","Arrondissement Halle-Vilvoorde","Arrondissement de Hal-Vilvorde","Provincie Vlaams-Brabant","Province du Brabant flamand","Vlaams Gewest","Région flamande","5"
"2020-04-23","23094","Zaventem","Zaventem","Arrondissement Halle-Vilvoorde","Arrondissement de Hal-Vilvorde","Provincie Vlaams-Brabant","Province du Brabant flamand","Vlaams Gewest","Région flamande","<5"
"2020-04-23","23098","Drogenbos","Drogenbos","Arrondissement Halle-Vilvoorde","Arrondissement de Hal-Vilvorde","Provincie Vlaams-Brabant","Province du Brabant flamand","Vlaams Gewest","Région flamande","<5"
"2020-04-23","23100","Linkebeek","Linkebeek","Arrondissement Halle-Vilvoorde","Arrondissement de Hal-Vilvorde","Provincie Vlaams-Brabant","Province du Brabant flamand","Vlaams Gewest","Région flamande","<5"
"2020-04-23","23102","Wemmel","Wemmel","Arrondissement Halle-Vilvoorde","Arrondissement de Hal-Vilvorde","Provincie Vlaams-Brabant","Province du Brabant flamand","Vlaams Gewest","Région flamande","<5"
"2020-04-23","24001","Aarschot","Aarschot","Arrondissement Leuven","Arrondissement de Louvain","Provincie Vlaams-Brabant","Province du Brabant flamand","Vlaams Gewest","Région flamande","<5"
"2020-04-23","24007","Begijnendijk","Begijnendijk","Arrondissement Leuven","Arrondissement de Louvain","Provincie Vlaams-Brabant","Province du Brabant flamand","Vlaams Gewest","Région flamande","<5"
"2020-04-23","24008","Bekkevoort","Bekkevoort","Arrondissement Leuven","Arrondissement de Louvain","Provincie Vlaams-Brabant","Province du Brabant flamand","Vlaams Gewest","Région flamande","<5"
"2020-04-23","24014","Boortmeerbeek","Boortmeerbeek","Arrondissement Leuven","Arrondissement de Louvain","Provincie Vlaams-Brabant","Province du Brabant flamand","Vlaams Gewest","Région flamande","<5"
"2020-04-23","24016","Boutersem","Boutersem","Arrondissement Leuven","Arrondissement de Louvain","Provincie Vlaams-Brabant","Province du Brabant flamand","Vlaams Gewest","Région flamande","<5"
"2020-04-23","24028","Geetbets","Geetbets","Arrondissement Leuven","Arrondissement de Louvain","Provincie Vlaams-Brabant","Province du Brabant flamand","Vlaams Gewest","Région flamande","<5"
"2020-04-23","24033","Haacht","Haacht","Arrondissement Leuven","Arrondissement de Louvain","Provincie Vlaams-Brabant","Province du Brabant flamand","Vlaams Gewest","Région flamande","<5"
"2020-04-23","24038","Herent","Herent","Arrondissement Leuven","Arrondissement de Louvain","Provincie Vlaams-Brabant","Province du Brabant flamand","Vlaams Gewest","Région flamande","<5"
"2020-04-23","24043","Holsbeek","Holsbeek","Arrondissement Leuven","Arrondissement de Louvain","Provincie Vlaams-Brabant","Province du Brabant flamand","Vlaams Gewest","Région flamande","<5"
"2020-04-23","24054","Kortenaken","Kortenaken","Arrondissement Leuven","Arrondissement de Louvain","Provincie Vlaams-Brabant","Province du Brabant flamand","Vlaams Gewest","Région flamande","<5"
"2020-04-23","24055","Kortenberg","Kortenberg","Arrondissement Leuven","Arrondissement de Louvain","Provincie Vlaams-Brabant","Province du Brabant flamand","Vlaams Gewest","Région flamande","<5"
"2020-04-23","24059","Landen","Landen","Arrondissement Leuven","Arrondissement de Louvain","Provincie Vlaams-Brabant","Province du Brabant flamand","Vlaams Gewest","Région flamande","<5"
"2020-04-23","24062","Leuven","Louvain","Arrondissement Leuven","Arrondissement de Louvain","Provincie Vlaams-Brabant","Province du Brabant flamand","Vlaams Gewest","Région flamande","6"
"2020-04-23","24107","Tienen","Tirlemont","Arrondissement Leuven","Arrondissement de Louvain","Provincie Vlaams-Brabant","Province du Brabant flamand","Vlaams Gewest","Région flamande","<5"
"2020-04-23","24109","Tremelo","Tremelo","Arrondissement Leuven","Arrondissement de Louvain","Provincie Vlaams-Brabant","Province du Brabant flamand","Vlaams Gewest","Région flamande","<5"
"2020-04-23","24130","Zoutleeuw","Léau","Arrondissement Leuven","Arrondissement de Louvain","Provincie Vlaams-Brabant","Province du Brabant flamand","Vlaams Gewest","Région flamande","<5"
"2020-04-23","24134","Scherpenheuvel-Zichem","Montaigu-Zichem","Arrondissement Leuven","Arrondissement de Louvain","Provincie Vlaams-Brabant","Province du Brabant flamand","Vlaams Gewest","Région flamande","<5"
"2020-04-23","25014","Eigenbrakel","Braine-l’Alleud","Arrondissement Nijvel","Arrondissement de Nivelles","Provincie Waals-Brabant","Province du Brabant wallon","Waals Gewest","Région wallonne","<5"
"2020-04-23","25018","Chaumont-Gistoux","Chaumont-Gistoux","Arrondissement Nijvel","Arrondissement de Nivelles","Provincie Waals-Brabant","Province du Brabant wallon","Waals Gewest","Région wallonne","<5"
"2020-04-23","25031","Genepiën","Genappe","Arrondissement Nijvel","Arrondissement de Nivelles","Provincie Waals-Brabant","Province du Brabant wallon","Waals Gewest","Région wallonne","<5"
"2020-04-23","25068","Mont-Saint-Guibert","Mont-Saint-Guibert","Arrondissement Nijvel","Arrondissement de Nivelles","Provincie Waals-Brabant","Province du Brabant wallon","Waals Gewest","Région wallonne","<5"
"2020-04-23","25072","Nijvel","Nivelles","Arrondissement Nijvel","Arrondissement de Nivelles","Provincie Waals-Brabant","Province du Brabant wallon","Waals Gewest","Région wallonne","<5"
"2020-04-23","25084","Perwijs (Nijvel)","Perwez (Nivelles)","Arrondissement Nijvel","Arrondissement de Nivelles","Provincie Waals-Brabant","Province du Brabant wallon","Waals Gewest","Région wallonne","<5"
"2020-04-23","25091","Rixensart","Rixensart","Arrondissement Nijvel","Arrondissement de Nivelles","Provincie Waals-Brabant","Province du Brabant wallon","Waals Gewest","Région wallonne","<5"
"2020-04-23","25105","Tubeke","Tubize","Arrondissement Nijvel","Arrondissement de Nivelles","Provincie Waals-Brabant","Province du Brabant wallon","Waals Gewest","Région wallonne","<5"
"2020-04-23","25110","Waterloo","Waterloo","Arrondissement Nijvel","Arrondissement de Nivelles","Provincie Waals-Brabant","Province du Brabant wallon","Waals Gewest","Région wallonne","<5"
"2020-04-23","25112","Waver","Wavre","Arrondissement Nijvel","Arrondissement de Nivelles","Provincie Waals-Brabant","Province du Brabant wallon","Waals Gewest","Région wallonne","<5"
"2020-04-23","25117","Chastre","Chastre","Arrondissement Nijvel","Arrondissement de Nivelles","Provincie Waals-Brabant","Province du Brabant wallon","Waals Gewest","Région wallonne","<5"
"2020-04-23","31003","Beernem","Beernem","Arrondissement Brugge","Arrondissement de Bruges","Provincie West-Vlaanderen","Province de Flandre occidentale","Vlaams Gewest","Région flamande","<5"
"2020-04-23","31005","Brugge","Bruges","Arrondissement Brugge","Arrondissement de Bruges","Provincie West-Vlaanderen","Province de Flandre occidentale","Vlaams Gewest","Région flamande","21"
"2020-04-23","31006","Damme","Damme","Arrondissement Brugge","Arrondissement de Bruges","Provincie West-Vlaanderen","Province de Flandre occidentale","Vlaams Gewest","Région flamande","<5"
"2020-04-23","31022","Oostkamp","Oostkamp","Arrondissement Brugge","Arrondissement de Bruges","Provincie West-Vlaanderen","Province de Flandre occidentale","Vlaams Gewest","Région flamande","<5"
"2020-04-23","31040","Zedelgem","Zedelgem","Arrondissement Brugge","Arrondissement de Bruges","Provincie West-Vlaanderen","Province de Flandre occidentale","Vlaams Gewest","Région flamande","<5"
"2020-04-23","31043","Knokke-Heist","Knokke-Heist","Arrondissement Brugge","Arrondissement de Bruges","Provincie West-Vlaanderen","Province de Flandre occidentale","Vlaams Gewest","Région flamande","<5"
"2020-04-23","32003","Diksmuide","Dixmude","Arrondissement Diksmuide","Arrondissement de Dixmude","Provincie West-Vlaanderen","Province de Flandre occidentale","Vlaams Gewest","Région flamande","<5"
"2020-04-23","32011","Kortemark","Kortemark","Arrondissement Diksmuide","Arrondissement de Dixmude","Provincie West-Vlaanderen","Province de Flandre occidentale","Vlaams Gewest","Région flamande","<5"
"2020-04-23","32030","Lo-Reninge","Lo-Reninge","Arrondissement Diksmuide","Arrondissement de Dixmude","Provincie West-Vlaanderen","Province de Flandre occidentale","Vlaams Gewest","Région flamande","<5"
"2020-04-23","33011","Ieper","Ypres","Arrondissement Ieper","Arrondissement d’Ypres","Provincie West-Vlaanderen","Province de Flandre occidentale","Vlaams Gewest","Région flamande","<5"
"2020-04-23","33029","Wervik","Wervik","Arrondissement Ieper","Arrondissement d’Ypres","Provincie West-Vlaanderen","Province de Flandre occidentale","Vlaams Gewest","Région flamande","<5"
"2020-04-23","34009","Deerlijk","Deerlijk","Arrondissement Kortrijk","Arrondissement de Courtrai","Provincie West-Vlaanderen","Province de Flandre occidentale","Vlaams Gewest","Région flamande","<5"
"2020-04-23","34013","Harelbeke","Harelbeke","Arrondissement Kortrijk","Arrondissement de Courtrai","Provincie West-Vlaanderen","Province de Flandre occidentale","Vlaams Gewest","Région flamande","5"
"2020-04-23","34022","Kortrijk","Courtrai","Arrondissement Kortrijk","Arrondissement de Courtrai","Provincie West-Vlaanderen","Province de Flandre occidentale","Vlaams Gewest","Région flamande","<5"
"2020-04-23","34023","Kuurne","Kuurne","Arrondissement Kortrijk","Arrondissement de Courtrai","Provincie West-Vlaanderen","Province de Flandre occidentale","Vlaams Gewest","Région flamande","<5"
"2020-04-23","34027","Menen","Menin","Arrondissement Kortrijk","Arrondissement de Courtrai","Provincie West-Vlaanderen","Province de Flandre occidentale","Vlaams Gewest","Région flamande","6"
"2020-04-23","34040","Waregem","Waregem","Arrondissement Kortrijk","Arrondissement de Courtrai","Provincie West-Vlaanderen","Province de Flandre occidentale","Vlaams Gewest","Région flamande","<5"
"2020-04-23","34041","Wevelgem","Wevelgem","Arrondissement Kortrijk","Arrondissement de Courtrai","Provincie West-Vlaanderen","Province de Flandre occidentale","Vlaams Gewest","Région flamande","<5"
"2020-04-23","34042","Zwevegem","Zwevegem","Arrondissement Kortrijk","Arrondissement de Courtrai","Provincie West-Vlaanderen","Province de Flandre occidentale","Vlaams Gewest","Région flamande","<5"
"2020-04-23","35002","Bredene","Bredene","Arrondissement Oostende","Arrondissement d’Ostende","Provincie West-Vlaanderen","Province de Flandre occidentale","Vlaams Gewest","Région flamande","<5"
"2020-04-23","35005","Gistel","Gistel","Arrondissement Oostende","Arrondissement d’Ostende","Provincie West-Vlaanderen","Province de Flandre occidentale","Vlaams Gewest","Région flamande","<5"
"2020-04-23","35006","Ichtegem","Ichtegem","Arrondissement Oostende","Arrondissement d’Ostende","Provincie West-Vlaanderen","Province de Flandre occidentale","Vlaams Gewest","Région flamande","<5"
"2020-04-23","35013","Oostende","Ostende","Arrondissement Oostende","Arrondissement d’Ostende","Provincie West-Vlaanderen","Province de Flandre occidentale","Vlaams Gewest","Région flamande","7"
"2020-04-23","36006","Hooglede","Hooglede","Arrondissement Roeselare","Arrondissement de Roulers","Provincie West-Vlaanderen","Province de Flandre occidentale","Vlaams Gewest","Région flamande","<5"
"2020-04-23","36007","Ingelmunster","Ingelmunster","Arrondissement Roeselare","Arrondissement de Roulers","Provincie West-Vlaanderen","Province de Flandre occidentale","Vlaams Gewest","Région flamande","<5"
"2020-04-23","36008","Izegem","Izegem","Arrondissement Roeselare","Arrondissement de Roulers","Provincie West-Vlaanderen","Province de Flandre occidentale","Vlaams Gewest","Région flamande","7"
"2020-04-23","36012","Moorslede","Moorslede","Arrondissement Roeselare","Arrondissement de Roulers","Provincie West-Vlaanderen","Province de Flandre occidentale","Vlaams Gewest","Région flamande","<5"
"2020-04-23","36015","Roeselare","Roulers","Arrondissement Roeselare","Arrondissement de Roulers","Provincie West-Vlaanderen","Province de Flandre occidentale","Vlaams Gewest","Région flamande","<5"
"2020-04-23","36019","Staden","Staden","Arrondissement Roeselare","Arrondissement de Roulers","Provincie West-Vlaanderen","Province de Flandre occidentale","Vlaams Gewest","Région flamande","<5"
"2020-04-23","37010","Oostrozebeke","Oostrozebeke","Arrondissement Tielt","Arrondissement de Tielt","Provincie West-Vlaanderen","Province de Flandre occidentale","Vlaams Gewest","Région flamande","<5"
"2020-04-23","37015","Tielt (Tielt)","Tielt (Tielt)","Arrondissement Tielt","Arrondissement de Tielt","Provincie West-Vlaanderen","Province de Flandre occidentale","Vlaams Gewest","Région flamande","<5"
"2020-04-23","37017","Wielsbeke","Wielsbeke","Arrondissement Tielt","Arrondissement de Tielt","Provincie West-Vlaanderen","Province de Flandre occidentale","Vlaams Gewest","Région flamande","<5"
"2020-04-23","37018","Wingene","Wingene","Arrondissement Tielt","Arrondissement de Tielt","Provincie West-Vlaanderen","Province de Flandre occidentale","Vlaams Gewest","Région flamande","<5"
"2020-04-23","38002","Alveringem","Alveringem","Arrondissement Veurne","Arrondissement de Furnes","Provincie West-Vlaanderen","Province de Flandre occidentale","Vlaams Gewest","Région flamande","<5"
"2020-04-23","38016","Nieuwpoort","Nieuport","Arrondissement Veurne","Arrondissement de Furnes","Provincie West-Vlaanderen","Province de Flandre occidentale","Vlaams Gewest","Région flamande","<5"
"2020-04-23","38025","Veurne","Furnes","Arrondissement Veurne","Arrondissement de Furnes","Provincie West-Vlaanderen","Province de Flandre occidentale","Vlaams Gewest","Région flamande","<5"
"2020-04-23","41002","Aalst (Aalst)","Alost (Alost)","Arrondissement Aalst","Arrondissement d’Alost","Provincie Oost-Vlaanderen","Province de Flandre orientale","Vlaams Gewest","Région flamande","16"
"2020-04-23","41011","Denderleeuw","Denderleeuw","Arrondissement Aalst","Arrondissement d’Alost","Provincie Oost-Vlaanderen","Province de Flandre orientale","Vlaams Gewest","Région flamande","<5"
"2020-04-23","41024","Haaltert","Haaltert","Arrondissement Aalst","Arrondissement d’Alost","Provincie Oost-Vlaanderen","Province de Flandre orientale","Vlaams Gewest","Région flamande","<5"
"2020-04-23","41048","Ninove","Ninove","Arrondissement Aalst","Arrondissement d’Alost","Provincie Oost-Vlaanderen","Province de Flandre orientale","Vlaams Gewest","Région flamande","<5"
"2020-04-23","41063","Sint-Lievens-Houtem","Sint-Lievens-Houtem","Arrondissement Aalst","Arrondissement d’Alost","Provincie Oost-Vlaanderen","Province de Flandre orientale","Vlaams Gewest","Région flamande","<5"
"2020-04-23","41081","Zottegem","Zottegem","Arrondissement Aalst","Arrondissement d’Alost","Provincie Oost-Vlaanderen","Province de Flandre orientale","Vlaams Gewest","Région flamande","<5"
"2020-04-23","42003","Berlare","Berlare","Arrondissement Dendermonde","Arrondissement de Termonde","Provincie Oost-Vlaanderen","Province de Flandre orientale","Vlaams Gewest","Région flamande","<5"
"2020-04-23","42004","Buggenhout","Buggenhout","Arrondissement Dendermonde","Arrondissement de Termonde","Provincie Oost-Vlaanderen","Province de Flandre orientale","Vlaams Gewest","Région flamande","<5"
"2020-04-23","42006","Dendermonde","Termonde","Arrondissement Dendermonde","Arrondissement de Termonde","Provincie Oost-Vlaanderen","Province de Flandre orientale","Vlaams Gewest","Région flamande","<5"
"2020-04-23","42008","Hamme (Dendermonde)","Hamme (Termonde)","Arrondissement Dendermonde","Arrondissement de Termonde","Provincie Oost-Vlaanderen","Province de Flandre orientale","Vlaams Gewest","Région flamande","<5"
"2020-04-23","42028","Zele","Zele","Arrondissement Dendermonde","Arrondissement de Termonde","Provincie Oost-Vlaanderen","Province de Flandre orientale","Vlaams Gewest","Région flamande","<5"
"2020-04-23","43010","Maldegem","Maldegem","Arrondissement Eeklo","Arrondissement d’Eeklo","Provincie Oost-Vlaanderen","Province de Flandre orientale","Vlaams Gewest","Région flamande","<5"
"2020-04-23","44012","De Pinte","De Pinte","Arrondissement Gent","Arrondissement de Gand","Provincie Oost-Vlaanderen","Province de Flandre orientale","Vlaams Gewest","Région flamande","<5"
"2020-04-23","44013","Destelbergen","Destelbergen","Arrondissement Gent","Arrondissement de Gand","Provincie Oost-Vlaanderen","Province de Flandre orientale","Vlaams Gewest","Région flamande","<5"
"2020-04-23","44019","Evergem","Evergem","Arrondissement Gent","Arrondissement de Gand","Provincie Oost-Vlaanderen","Province de Flandre orientale","Vlaams Gewest","Région flamande","9"
"2020-04-23","44021","Gent","Gand","Arrondissement Gent","Arrondissement de Gand","Provincie Oost-Vlaanderen","Province de Flandre orientale","Vlaams Gewest","Région flamande","16"
"2020-04-23","44034","Lochristi","Lochristi","Arrondissement Gent","Arrondissement de Gand","Provincie Oost-Vlaanderen","Province de Flandre orientale","Vlaams Gewest","Région flamande","<5"
"2020-04-23","44045","Moerbeke (Gent)","Moerbeke (Gand)","Arrondissement Gent","Arrondissement de Gand","Provincie Oost-Vlaanderen","Province de Flandre orientale","Vlaams Gewest","Région flamande","<5"
"2020-04-23","44064","Sint-Martens-Latem","Sint-Martens-Latem","Arrondissement Gent","Arrondissement de Gand","Provincie Oost-Vlaanderen","Province de Flandre orientale","Vlaams Gewest","Région flamande","<5"
"2020-04-23","44083","Deinze","Deinze","Arrondissement Gent","Arrondissement de Gand","Provincie Oost-Vlaanderen","Province de Flandre orientale","Vlaams Gewest","Région flamande","5"
"2020-04-23","45035","Oudenaarde","Audenarde","Arrondissement Oudenaarde","Arrondissement d’Audenarde","Provincie Oost-Vlaanderen","Province de Flandre orientale","Vlaams Gewest","Région flamande","<5"
"2020-04-23","45059","Brakel","Brakel","Arrondissement Oudenaarde","Arrondissement d’Audenarde","Provincie Oost-Vlaanderen","Province de Flandre orientale","Vlaams Gewest","Région flamande","<5"
"2020-04-23","46003","Beveren (Sint-Niklaas)","Beveren (Saint-Nicolas)","Arrondissement Sint-Niklaas","Arrondissement de Saint-Nicolas","Provincie Oost-Vlaanderen","Province de Flandre orientale","Vlaams Gewest","Région flamande","<5"
"2020-04-23","46013","Kruibeke","Kruibeke","Arrondissement Sint-Niklaas","Arrondissement de Saint-Nicolas","Provincie Oost-Vlaanderen","Province de Flandre orientale","Vlaams Gewest","Région flamande","<5"
"2020-04-23","46014","Lokeren","Lokeren","Arrondissement Sint-Niklaas","Arrondissement de Saint-Nicolas","Provincie Oost-Vlaanderen","Province de Flandre orientale","Vlaams Gewest","Région flamande","<5"
"2020-04-23","46020","Sint-Gillis-Waas","Sint-Gillis-Waas","Arrondissement Sint-Niklaas","Arrondissement de Saint-Nicolas","Provincie Oost-Vlaanderen","Province de Flandre orientale","Vlaams Gewest","Région flamande","<5"
"2020-04-23","46025","Temse","Tamise","Arrondissement Sint-Niklaas","Arrondissement de Saint-Nicolas","Provincie Oost-Vlaanderen","Province de Flandre orientale","Vlaams Gewest","Région flamande","<5"
"2020-04-23","51004","Aat","Ath","Arrondissement Aat","Arrondissement d’Ath","Provincie Henegouwen","Province du Hainaut","Waals Gewest","Région wallonne","<5"
"2020-04-23","51009","Bernissart","Bernissart","Arrondissement Aat","Arrondissement d’Ath","Provincie Henegouwen","Province du Hainaut","Waals Gewest","Région wallonne","<5"
"2020-04-23","51069","Lessen","Lessines","Arrondissement Aat","Arrondissement d’Ath","Provincie Henegouwen","Province du Hainaut","Waals Gewest","Région wallonne","14"
"2020-04-23","52010","Chapelle-lez-Herlaimont","Chapelle-lez-Herlaimont","Arrondissement Charleroi","Arrondissement de Charleroi","Provincie Henegouwen","Province du Hainaut","Waals Gewest","Région wallonne","<5"
"2020-04-23","52011","Charleroi","Charleroi","Arrondissement Charleroi","Arrondissement de Charleroi","Provincie Henegouwen","Province du Hainaut","Waals Gewest","Région wallonne","38"
"2020-04-23","52021","Fleurus","Fleurus","Arrondissement Charleroi","Arrondissement de Charleroi","Provincie Henegouwen","Province du Hainaut","Waals Gewest","Région wallonne","<5"
"2020-04-23","52025","Gerpinnes","Gerpinnes","Arrondissement Charleroi","Arrondissement de Charleroi","Provincie Henegouwen","Province du Hainaut","Waals Gewest","Région wallonne","<5"
"2020-04-23","52048","Montigny-le-Tilleul","Montigny-le-Tilleul","Arrondissement Charleroi","Arrondissement de Charleroi","Provincie Henegouwen","Province du Hainaut","Waals Gewest","Région wallonne","<5"
"2020-04-23","52074","Aiseau-Presles","Aiseau-Presles","Arrondissement Charleroi","Arrondissement de Charleroi","Provincie Henegouwen","Province du Hainaut","Waals Gewest","Région wallonne","<5"
"2020-04-23","53020","Dour","Dour","Arrondissement Bergen","Arrondissement de Mons","Provincie Henegouwen","Province du Hainaut","Waals Gewest","Région wallonne","5"
"2020-04-23","53028","Frameries","Frameries","Arrondissement Bergen","Arrondissement de Mons","Provincie Henegouwen","Province du Hainaut","Waals Gewest","Région wallonne","<5"
"2020-04-23","53039","Hensies","Hensies","Arrondissement Bergen","Arrondissement de Mons","Provincie Henegouwen","Province du Hainaut","Waals Gewest","Région wallonne","<5"
"2020-04-23","53053","Bergen","Mons","Arrondissement Bergen","Arrondissement de Mons","Provincie Henegouwen","Province du Hainaut","Waals Gewest","Région wallonne","<5"
"2020-04-23","53065","Quaregnon","Quaregnon","Arrondissement Bergen","Arrondissement de Mons","Provincie Henegouwen","Province du Hainaut","Waals Gewest","Région wallonne","<5"
"2020-04-23","53070","Saint-Ghislain","Saint-Ghislain","Arrondissement Bergen","Arrondissement de Mons","Provincie Henegouwen","Province du Hainaut","Waals Gewest","Région wallonne","<5"
"2020-04-23","53082","Colfontaine","Colfontaine","Arrondissement Bergen","Arrondissement de Mons","Provincie Henegouwen","Province du Hainaut","Waals Gewest","Région wallonne","<5"
"2020-04-23","53084","Quévy","Quévy","Arrondissement Bergen","Arrondissement de Mons","Provincie Henegouwen","Province du Hainaut","Waals Gewest","Région wallonne","<5"
"2020-04-23","55040","Zinnik","Soignies","Arrondissement Zinnik","Arrondissement de Soignies","Provincie Henegouwen","Province du Hainaut","Waals Gewest","Région wallonne","<5"
"2020-04-23","55085","Seneffe","Seneffe","Arrondissement Zinnik","Arrondissement de Soignies","Provincie Henegouwen","Province du Hainaut","Waals Gewest","Région wallonne","<5"
"2020-04-23","55086","Manage","Manage","Arrondissement Zinnik","Arrondissement de Soignies","Provincie Henegouwen","Province du Hainaut","Waals Gewest","Région wallonne","<5"
"2020-04-23","56005","Beaumont","Beaumont","Arrondissement Thuin","Arrondissement de Thuin","Provincie Henegouwen","Province du Hainaut","Waals Gewest","Région wallonne","<5"
"2020-04-23","56086","Ham-sur-Heure-Nalinnes","Ham-sur-Heure-Nalinnes","Arrondissement Thuin","Arrondissement de Thuin","Provincie Henegouwen","Province du Hainaut","Waals Gewest","Région wallonne","6"
"2020-04-23","57003","Antoing","Antoing","Arrondissement Doornik-Moeskroen","Arrondissement de Tournai-Mouscron","Provincie Henegouwen","Province du Hainaut","Waals Gewest","Région wallonne","<5"
"2020-04-23","57064","Péruwelz","Péruwelz","Arrondissement Doornik-Moeskroen","Arrondissement de Tournai-Mouscron","Provincie Henegouwen","Province du Hainaut","Waals Gewest","Région wallonne","<5"
"2020-04-23","57072","Rumes","Rumes","Arrondissement Doornik-Moeskroen","Arrondissement de Tournai-Mouscron","Provincie Henegouwen","Province du Hainaut","Waals Gewest","Région wallonne","<5"
"2020-04-23","57081","Doornik","Tournai","Arrondissement Doornik-Moeskroen","Arrondissement de Tournai-Mouscron","Provincie Henegouwen","Province du Hainaut","Waals Gewest","Région wallonne","16"
"2020-04-23","57094","Leuze-en-Hainaut","Leuze-en-Hainaut","Arrondissement Doornik-Moeskroen","Arrondissement de Tournai-Mouscron","Provincie Henegouwen","Province du Hainaut","Waals Gewest","Région wallonne","<5"
"2020-04-23","57096","Moeskroen","Mouscron","Arrondissement Doornik-Moeskroen","Arrondissement de Tournai-Mouscron","Provincie Henegouwen","Province du Hainaut","Waals Gewest","Région wallonne","10"
"2020-04-23","58001","La Louvière","La Louvière","Arrondissement La Louvière","Arrondissement de La Louvière","Provincie Henegouwen","Province du Hainaut","Waals Gewest","Région wallonne","26"
"2020-04-23","58002","Binche","Binche","Arrondissement La Louvière","Arrondissement de La Louvière","Provincie Henegouwen","Province du Hainaut","Waals Gewest","Région wallonne","<5"
"2020-04-23","58004","Morlanwelz","Morlanwelz","Arrondissement La Louvière","Arrondissement de La Louvière","Provincie Henegouwen","Province du Hainaut","Waals Gewest","Région wallonne","<5"
"2020-04-23","61003","Amay","Amay","Arrondissement Hoei","Arrondissement de Huy","Provincie Luik","Province de Liège","Waals Gewest","Région wallonne","<5"
"2020-04-23","61039","Marchin","Marchin","Arrondissement Hoei","Arrondissement de Huy","Provincie Luik","Province de Liège","Waals Gewest","Région wallonne","<5"
"2020-04-23","61041","Modave","Modave","Arrondissement Hoei","Arrondissement de Huy","Provincie Luik","Province de Liège","Waals Gewest","Région wallonne","<5"
"2020-04-23","61072","Wanze","Wanze","Arrondissement Hoei","Arrondissement de Huy","Provincie Luik","Province de Liège","Waals Gewest","Région wallonne","<5"
"2020-04-23","61080","Engis","Engis","Arrondissement Hoei","Arrondissement de Huy","Provincie Luik","Province de Liège","Waals Gewest","Région wallonne","<5"
"2020-04-23","62003","Ans","Ans","Arrondissement Luik","Arrondissement de Liège","Provincie Luik","Province de Liège","Waals Gewest","Région wallonne","5"
"2020-04-23","62006","Awans","Awans","Arrondissement Luik","Arrondissement de Liège","Provincie Luik","Province de Liège","Waals Gewest","Région wallonne","<5"
"2020-04-23","62009","Aywaille","Aywaille","Arrondissement Luik","Arrondissement de Liège","Provincie Luik","Province de Liège","Waals Gewest","Région wallonne","<5"
"2020-04-23","62011","Bitsingen","Bassenge","Arrondissement Luik","Arrondissement de Liège","Provincie Luik","Province de Liège","Waals Gewest","Région wallonne","<5"
"2020-04-23","62015","Beyne-Heusay","Beyne-Heusay","Arrondissement Luik","Arrondissement de Liège","Provincie Luik","Province de Liège","Waals Gewest","Région wallonne","<5"
"2020-04-23","62022","Chaudfontaine","Chaudfontaine","Arrondissement Luik","Arrondissement de Liège","Provincie Luik","Province de Liège","Waals Gewest","Région wallonne","<5"
"2020-04-23","62026","Comblain-au-Pont","Comblain-au-Pont","Arrondissement Luik","Arrondissement de Liège","Provincie Luik","Province de Liège","Waals Gewest","Région wallonne","<5"
"2020-04-23","62038","Fléron","Fléron","Arrondissement Luik","Arrondissement de Liège","Provincie Luik","Province de Liège","Waals Gewest","Région wallonne","35"
"2020-04-23","62051","Herstal","Herstal","Arrondissement Luik","Arrondissement de Liège","Provincie Luik","Province de Liège","Waals Gewest","Région wallonne","11"
"2020-04-23","62063","Luik","Liège","Arrondissement Luik","Arrondissement de Liège","Provincie Luik","Province de Liège","Waals Gewest","Région wallonne","51"
"2020-04-23","62079","Oupeye","Oupeye","Arrondissement Luik","Arrondissement de Liège","Provincie Luik","Province de Liège","Waals Gewest","Région wallonne","<5"
"2020-04-23","62093","Saint-Nicolas (Luik)","Saint-Nicolas (Liège)","Arrondissement Luik","Arrondissement de Liège","Provincie Luik","Province de Liège","Waals Gewest","Région wallonne","<5"
"2020-04-23","62096","Seraing","Seraing","Arrondissement Luik","Arrondissement de Liège","Provincie Luik","Province de Liège","Waals Gewest","Région wallonne","<5"
"2020-04-23","62099","Soumagne","Soumagne","Arrondissement Luik","Arrondissement de Liège","Provincie Luik","Province de Liège","Waals Gewest","Région wallonne","7"
"2020-04-23","62100","Sprimont","Sprimont","Arrondissement Luik","Arrondissement de Liège","Provincie Luik","Province de Liège","Waals Gewest","Région wallonne","<5"
"2020-04-23","62108","Wezet","Visé","Arrondissement Luik","Arrondissement de Liège","Provincie Luik","Province de Liège","Waals Gewest","Région wallonne","<5"
"2020-04-23","62118","Grâce-Hollogne","Grâce-Hollogne","Arrondissement Luik","Arrondissement de Liège","Provincie Luik","Province de Liège","Waals Gewest","Région wallonne","<5"
"2020-04-23","62119","Blegny","Blegny","Arrondissement Luik","Arrondissement de Liège","Provincie Luik","Province de Liège","Waals Gewest","Région wallonne","<5"
"2020-04-23","62120","Flémalle","Flémalle","Arrondissement Luik","Arrondissement de Liège","Provincie Luik","Province de Liège","Waals Gewest","Région wallonne","<5"
"2020-04-23","62121","Neupré","Neupré","Arrondissement Luik","Arrondissement de Liège","Provincie Luik","Province de Liège","Waals Gewest","Région wallonne","<5"
"2020-04-23","63003","Aubel","Aubel","Arrondissement Verviers","Arrondissement de Verviers","Provincie Luik","Province de Liège","Waals Gewest","Région wallonne","<5"
"2020-04-23","63013","Bütgenbach","Butgenbach","Arrondissement Verviers","Arrondissement de Verviers","Provincie Luik","Province de Liège","Waals Gewest","Région wallonne","<5"
"2020-04-23","63020","Dison","Dison","Arrondissement Verviers","Arrondissement de Verviers","Provincie Luik","Province de Liège","Waals Gewest","Région wallonne","<5"
"2020-04-23","63035","Herve","Herve","Arrondissement Verviers","Arrondissement de Verviers","Provincie Luik","Province de Liège","Waals Gewest","Région wallonne","<5"
"2020-04-23","63038","Jalhay","Jalhay","Arrondissement Verviers","Arrondissement de Verviers","Provincie Luik","Province de Liège","Waals Gewest","Région wallonne","<5"
"2020-04-23","63040","Kelmis","La Calamine","Arrondissement Verviers","Arrondissement de Verviers","Provincie Luik","Province de Liège","Waals Gewest","Région wallonne","<5"
"2020-04-23","63045","Lierneux","Lierneux","Arrondissement Verviers","Arrondissement de Verviers","Provincie Luik","Province de Liège","Waals Gewest","Région wallonne","<5"
"2020-04-23","63046","Limburg","Limbourg","Arrondissement Verviers","Arrondissement de Verviers","Provincie Luik","Province de Liège","Waals Gewest","Région wallonne","<5"
"2020-04-23","63049","Malmedy","Malmedy","Arrondissement Verviers","Arrondissement de Verviers","Provincie Luik","Province de Liège","Waals Gewest","Région wallonne","<5"
"2020-04-23","63058","Pepinster","Pepinster","Arrondissement Verviers","Arrondissement de Verviers","Provincie Luik","Province de Liège","Waals Gewest","Région wallonne","<5"
"2020-04-23","63061","Raeren","Raeren","Arrondissement Verviers","Arrondissement de Verviers","Provincie Luik","Province de Liège","Waals Gewest","Région wallonne","<5"
"2020-04-23","63072","Spa","Spa","Arrondissement Verviers","Arrondissement de Verviers","Provincie Luik","Province de Liège","Waals Gewest","Région wallonne","8"
"2020-04-23","63073","Stavelot","Stavelot","Arrondissement Verviers","Arrondissement de Verviers","Provincie Luik","Province de Liège","Waals Gewest","Région wallonne","<5"
"2020-04-23","63076","Theux","Theux","Arrondissement Verviers","Arrondissement de Verviers","Provincie Luik","Province de Liège","Waals Gewest","Région wallonne","<5"
"2020-04-23","63079","Verviers","Verviers","Arrondissement Verviers","Arrondissement de Verviers","Provincie Luik","Province de Liège","Waals Gewest","Région wallonne","5"
"2020-04-23","63084","Welkenraedt","Welkenraedt","Arrondissement Verviers","Arrondissement de Verviers","Provincie Luik","Province de Liège","Waals Gewest","Région wallonne","5"
"2020-04-23","64021","Crisnée","Crisnée","Arrondissement Borgworm","Arrondissement de Waremme","Provincie Luik","Province de Liège","Waals Gewest","Région wallonne","15"
"2020-04-23","64025","Fexhe-le-Haut-Clocher","Fexhe-le-Haut-Clocher","Arrondissement Borgworm","Arrondissement de Waremme","Provincie Luik","Province de Liège","Waals Gewest","Région wallonne","<5"
"2020-04-23","64034","Hannuit","Hannut","Arrondissement Borgworm","Arrondissement de Waremme","Provincie Luik","Province de Liège","Waals Gewest","Région wallonne","<5"
"2020-04-23","64056","Oerle","Oreye","Arrondissement Borgworm","Arrondissement de Waremme","Provincie Luik","Province de Liège","Waals Gewest","Région wallonne","<5"
"2020-04-23","64063","Remicourt","Remicourt","Arrondissement Borgworm","Arrondissement de Waremme","Provincie Luik","Province de Liège","Waals Gewest","Région wallonne","<5"
"2020-04-23","64074","Borgworm","Waremme","Arrondissement Borgworm","Arrondissement de Waremme","Provincie Luik","Province de Liège","Waals Gewest","Région wallonne","<5"
"2020-04-23","71004","Beringen","Beringen","Arrondissement Hasselt","Arrondissement de Hasselt","Provincie Limburg","Province du Limbourg","Vlaams Gewest","Région flamande","<5"
"2020-04-23","71011","Diepenbeek","Diepenbeek","Arrondissement Hasselt","Arrondissement de Hasselt","Provincie Limburg","Province du Limbourg","Vlaams Gewest","Région flamande","<5"
"2020-04-23","71016","Genk","Genk","Arrondissement Hasselt","Arrondissement de Hasselt","Provincie Limburg","Province du Limbourg","Vlaams Gewest","Région flamande","<5"
"2020-04-23","71022","Hasselt","Hasselt","Arrondissement Hasselt","Arrondissement de Hasselt","Provincie Limburg","Province du Limbourg","Vlaams Gewest","Région flamande","<5"
"2020-04-23","71034","Leopoldsburg","Bourg-Léopold","Arrondissement Hasselt","Arrondissement de Hasselt","Provincie Limburg","Province du Limbourg","Vlaams Gewest","Région flamande","<5"
"2020-04-23","71045","Nieuwerkerken (Hasselt)","Nieuwerkerken (Hasselt)","Arrondissement Hasselt","Arrondissement de Hasselt","Provincie Limburg","Province du Limbourg","Vlaams Gewest","Région flamande","6"
"2020-04-23","71053","Sint-Truiden","Saint-Trond","Arrondissement Hasselt","Arrondissement de Hasselt","Provincie Limburg","Province du Limbourg","Vlaams Gewest","Région flamande","5"
"2020-04-23","71057","Tessenderlo","Tessenderlo","Arrondissement Hasselt","Arrondissement de Hasselt","Provincie Limburg","Province du Limbourg","Vlaams Gewest","Région flamande","<5"
"2020-04-23","71067","Zutendaal","Zutendaal","Arrondissement Hasselt","Arrondissement de Hasselt","Provincie Limburg","Province du Limbourg","Vlaams Gewest","Région flamande","<5"
"2020-04-23","71069","Ham","Ham","Arrondissement Hasselt","Arrondissement de Hasselt","Provincie Limburg","Province du Limbourg","Vlaams Gewest","Région flamande","<5"
"2020-04-23","72003","Bocholt","Bocholt","Arrondissement Maaseik","Arrondissement de Maaseik","Provincie Limburg","Province du Limbourg","Vlaams Gewest","Région flamande","<5"
"2020-04-23","72004","Bree","Bree","Arrondissement Maaseik","Arrondissement de Maaseik","Provincie Limburg","Province du Limbourg","Vlaams Gewest","Région flamande","14"
"2020-04-23","72020","Lommel","Lommel","Arrondissement Maaseik","Arrondissement de Maaseik","Provincie Limburg","Province du Limbourg","Vlaams Gewest","Région flamande","<5"
"2020-04-23","72021","Maaseik","Maaseik","Arrondissement Maaseik","Arrondissement de Maaseik","Provincie Limburg","Province du Limbourg","Vlaams Gewest","Région flamande","<5"
"2020-04-23","72030","Peer","Peer","Arrondissement Maaseik","Arrondissement de Maaseik","Provincie Limburg","Province du Limbourg","Vlaams Gewest","Région flamande","<5"
"2020-04-23","72039","Houthalen-Helchteren","Houthalen-Helchteren","Arrondissement Maaseik","Arrondissement de Maaseik","Provincie Limburg","Province du Limbourg","Vlaams Gewest","Région flamande","<5"
"2020-04-23","72043","Pelt","Pelt","Arrondissement Maaseik","Arrondissement de Maaseik","Provincie Limburg","Province du Limbourg","Vlaams Gewest","Région flamande","<5"
"2020-04-23","73001","Alken","Alken","Arrondissement Tongeren","Arrondissement de Tongres","Provincie Limburg","Province du Limbourg","Vlaams Gewest","Région flamande","<5"
"2020-04-23","73006","Bilzen","Bilzen","Arrondissement Tongeren","Arrondissement de Tongres","Provincie Limburg","Province du Limbourg","Vlaams Gewest","Région flamande","<5"
"2020-04-23","73009","Borgloon","Looz","Arrondissement Tongeren","Arrondissement de Tongres","Provincie Limburg","Province du Limbourg","Vlaams Gewest","Région flamande","<5"
"2020-04-23","73042","Lanaken","Lanaken","Arrondissement Tongeren","Arrondissement de Tongres","Provincie Limburg","Province du Limbourg","Vlaams Gewest","Région flamande","<5"
"2020-04-23","73066","Riemst","Riemst","Arrondissement Tongeren","Arrondissement de Tongres","Provincie Limburg","Province du Limbourg","Vlaams Gewest","Région flamande","<5"
"2020-04-23","73107","Maasmechelen","Maasmechelen","Arrondissement Tongeren","Arrondissement de Tongres","Provincie Limburg","Province du Limbourg","Vlaams Gewest","Région flamande","<5"
"2020-04-23","81001","Aarlen","Arlon","Arrondissement Aarlen","Arrondissement d’Arlon","Provincie Luxemburg","Province du Luxembourg","Waals Gewest","Région wallonne","<5"
"2020-04-23","82009","Fauvillers","Fauvillers","Arrondissement Bastenaken","Arrondissement de Bastogne","Provincie Luxemburg","Province du Luxembourg","Waals Gewest","Région wallonne","<5"
"2020-04-23","82032","Vielsalm","Vielsalm","Arrondissement Bastenaken","Arrondissement de Bastogne","Provincie Luxemburg","Province du Luxembourg","Waals Gewest","Région wallonne","<5"
"2020-04-23","83012","Durbuy","Durbuy","Arrondissement Marche-en-Famenne","Arrondissement de Marche-en-Famenne","Provincie Luxemburg","Province du Luxembourg","Waals Gewest","Région wallonne","<5"
"2020-04-23","83013","Erezée","Erezée","Arrondissement Marche-en-Famenne","Arrondissement de Marche-en-Famenne","Provincie Luxemburg","Province du Luxembourg","Waals Gewest","Région wallonne","<5"
"2020-04-23","83028","Hotton","Hotton","Arrondissement Marche-en-Famenne","Arrondissement de Marche-en-Famenne","Provincie Luxemburg","Province du Luxembourg","Waals Gewest","Région wallonne","<5"
"2020-04-23","83034","Marche-en-Famenne","Marche-en-Famenne","Arrondissement Marche-en-Famenne","Arrondissement de Marche-en-Famenne","Provincie Luxemburg","Province du Luxembourg","Waals Gewest","Région wallonne","<5"
"2020-04-23","83040","Nassogne","Nassogne","Arrondissement Marche-en-Famenne","Arrondissement de Marche-en-Famenne","Provincie Luxemburg","Province du Luxembourg","Waals Gewest","Région wallonne","<5"
"2020-04-23","84009","Bertrix","Bertrix","Arrondissement Neufchâteau","Arrondissement de Neufchâteau","Provincie Luxemburg","Province du Luxembourg","Waals Gewest","Région wallonne","<5"
"2020-04-23","85045","Virton","Virton","Arrondissement Virton","Arrondissement de Virton","Provincie Luxemburg","Province du Luxembourg","Waals Gewest","Région wallonne","<5"
"2020-04-23","85047","Rouvroy","Rouvroy","Arrondissement Virton","Arrondissement de Virton","Provincie Luxemburg","Province du Luxembourg","Waals Gewest","Région wallonne","5"
"2020-04-23","91120","Somme-Leuze","Somme-Leuze","Arrondissement Dinant","Arrondissement de Dinant","Provincie Namen","Province de Namur","Waals Gewest","Région wallonne","<5"
"2020-04-23","92087","Mettet","Mettet","Arrondissement Namen","Arrondissement de Namur","Provincie Namen","Province de Namur","Waals Gewest","Région wallonne","<5"
"2020-04-23","92094","Namen","Namur","Arrondissement Namen","Arrondissement de Namur","Provincie Namen","Province de Namur","Waals Gewest","Région wallonne","11"
"2020-04-23","92114","Sombreffe","Sombreffe","Arrondissement Namen","Arrondissement de Namur","Provincie Namen","Province de Namur","Waals Gewest","Région wallonne","<5"
"2020-04-23","92137","Sambreville","Sambreville","Arrondissement Namen","Arrondissement de Namur","Provincie Namen","Province de Namur","Waals Gewest","Région wallonne","7"
"2020-04-23","92141","La Bruyère","La Bruyère","Arrondissement Namen","Arrondissement de Namur","Provincie Namen","Province de Namur","Waals Gewest","Région wallonne","<5"
"2020-04-23","93014","Couvin","Couvin","Arrondissement Philippeville","Arrondissement de Philippeville","Provincie Namen","Province de Namur","Waals Gewest","Région wallonne","<5"
"2020-04-23","93022","Florennes","Florennes","Arrondissement Philippeville","Arrondissement de Philippeville","Provincie Namen","Province de Namur","Waals Gewest","Région wallonne","<5"
"2020-04-23",NA,NA,NA,NA,NA,NA,NA,NA,NA,"13"
"2020-04-24","11001","Aartselaar","Aartselaar","Arrondissement Antwerpen","Arrondissement d’Anvers","Provincie Antwerpen","Province d’Anvers","Vlaams Gewest","Région flamande","<5"
"2020-04-24","11002","Antwerpen","Anvers","Arrondissement Antwerpen","Arrondissement d’Anvers","Provincie Antwerpen","Province d’Anvers","Vlaams Gewest","Région flamande","28"
"2020-04-24","11007","Borsbeek","Borsbeek","Arrondissement Antwerpen","Arrondissement d’Anvers","Provincie Antwerpen","Province d’Anvers","Vlaams Gewest","Région flamande","<5"
"2020-04-24","11008","Brasschaat","Brasschaat","Arrondissement Antwerpen","Arrondissement d’Anvers","Provincie Antwerpen","Province d’Anvers","Vlaams Gewest","Région flamande","<5"
"2020-04-24","11009","Brecht","Brecht","Arrondissement Antwerpen","Arrondissement d’Anvers","Provincie Antwerpen","Province d’Anvers","Vlaams Gewest","Région flamande","<5"
"2020-04-24","11013","Edegem","Edegem","Arrondissement Antwerpen","Arrondissement d’Anvers","Provincie Antwerpen","Province d’Anvers","Vlaams Gewest","Région flamande","<5"
"2020-04-24","11016","Essen","Essen","Arrondissement Antwerpen","Arrondissement d’Anvers","Provincie Antwerpen","Province d’Anvers","Vlaams Gewest","Région flamande","<5"
"2020-04-24","11018","Hemiksem","Hemiksem","Arrondissement Antwerpen","Arrondissement d’Anvers","Provincie Antwerpen","Province d’Anvers","Vlaams Gewest","Région flamande","<5"
"2020-04-24","11022","Kalmthout","Kalmthout","Arrondissement Antwerpen","Arrondissement d’Anvers","Provincie Antwerpen","Province d’Anvers","Vlaams Gewest","Région flamande","5"
"2020-04-24","11023","Kapellen (Antwerpen)","Kapellen (Anvers)","Arrondissement Antwerpen","Arrondissement d’Anvers","Provincie Antwerpen","Province d’Anvers","Vlaams Gewest","Région flamande","<5"
"2020-04-24","11024","Kontich","Kontich","Arrondissement Antwerpen","Arrondissement d’Anvers","Provincie Antwerpen","Province d’Anvers","Vlaams Gewest","Région flamande","<5"
"2020-04-24","11025","Lint","Lint","Arrondissement Antwerpen","Arrondissement d’Anvers","Provincie Antwerpen","Province d’Anvers","Vlaams Gewest","Région flamande","<5"
"2020-04-24","11037","Rumst","Rumst","Arrondissement Antwerpen","Arrondissement d’Anvers","Provincie Antwerpen","Province d’Anvers","Vlaams Gewest","Région flamande","<5"
"2020-04-24","11040","Schoten","Schoten","Arrondissement Antwerpen","Arrondissement d’Anvers","Provincie Antwerpen","Province d’Anvers","Vlaams Gewest","Région flamande","<5"
"2020-04-24","11044","Stabroek","Stabroek","Arrondissement Antwerpen","Arrondissement d’Anvers","Provincie Antwerpen","Province d’Anvers","Vlaams Gewest","Région flamande","<5"
"2020-04-24","11053","Wuustwezel","Wuustwezel","Arrondissement Antwerpen","Arrondissement d’Anvers","Provincie Antwerpen","Province d’Anvers","Vlaams Gewest","Région flamande","<5"
"2020-04-24","11055","Zoersel","Zoersel","Arrondissement Antwerpen","Arrondissement d’Anvers","Provincie Antwerpen","Province d’Anvers","Vlaams Gewest","Région flamande","<5"
"2020-04-24","11056","Zwijndrecht","Zwijndrecht","Arrondissement Antwerpen","Arrondissement d’Anvers","Provincie Antwerpen","Province d’Anvers","Vlaams Gewest","Région flamande","<5"
"2020-04-24","12014","Heist-op-den-Berg","Heist-op-den-Berg","Arrondissement Mechelen","Arrondissement de Malines","Provincie Antwerpen","Province d’Anvers","Vlaams Gewest","Région flamande","<5"
"2020-04-24","12025","Mechelen","Malines","Arrondissement Mechelen","Arrondissement de Malines","Provincie Antwerpen","Province d’Anvers","Vlaams Gewest","Région flamande","<5"
"2020-04-24","12041","Puurs-Sint-Amands","Puurs-Sint-Amands","Arrondissement Mechelen","Arrondissement de Malines","Provincie Antwerpen","Province d’Anvers","Vlaams Gewest","Région flamande","<5"
"2020-04-24","13003","Balen","Balen","Arrondissement Turnhout","Arrondissement de Turnhout","Provincie Antwerpen","Province d’Anvers","Vlaams Gewest","Région flamande","<5"
"2020-04-24","13011","Herentals","Herentals","Arrondissement Turnhout","Arrondissement de Turnhout","Provincie Antwerpen","Province d’Anvers","Vlaams Gewest","Région flamande","<5"
"2020-04-24","13013","Herselt","Herselt","Arrondissement Turnhout","Arrondissement de Turnhout","Provincie Antwerpen","Province d’Anvers","Vlaams Gewest","Région flamande","<5"
"2020-04-24","13014","Hoogstraten","Hoogstraten","Arrondissement Turnhout","Arrondissement de Turnhout","Provincie Antwerpen","Province d’Anvers","Vlaams Gewest","Région flamande","<5"
"2020-04-24","13019","Lille","Lille","Arrondissement Turnhout","Arrondissement de Turnhout","Provincie Antwerpen","Province d’Anvers","Vlaams Gewest","Région flamande","<5"
"2020-04-24","13031","Oud-Turnhout","Oud-Turnhout","Arrondissement Turnhout","Arrondissement de Turnhout","Provincie Antwerpen","Province d’Anvers","Vlaams Gewest","Région flamande","<5"
"2020-04-24","13035","Ravels","Ravels","Arrondissement Turnhout","Arrondissement de Turnhout","Provincie Antwerpen","Province d’Anvers","Vlaams Gewest","Région flamande","<5"
"2020-04-24","13037","Rijkevorsel","Rijkevorsel","Arrondissement Turnhout","Arrondissement de Turnhout","Provincie Antwerpen","Province d’Anvers","Vlaams Gewest","Région flamande","<5"
"2020-04-24","13040","Turnhout","Turnhout","Arrondissement Turnhout","Arrondissement de Turnhout","Provincie Antwerpen","Province d’Anvers","Vlaams Gewest","Région flamande","6"
"2020-04-24","13046","Vosselaar","Vosselaar","Arrondissement Turnhout","Arrondissement de Turnhout","Provincie Antwerpen","Province d’Anvers","Vlaams Gewest","Région flamande","<5"
"2020-04-24","13049","Westerlo","Westerlo","Arrondissement Turnhout","Arrondissement de Turnhout","Provincie Antwerpen","Province d’Anvers","Vlaams Gewest","Région flamande","<5"
"2020-04-24","13053","Laakdal","Laakdal","Arrondissement Turnhout","Arrondissement de Turnhout","Provincie Antwerpen","Province d’Anvers","Vlaams Gewest","Région flamande","<5"
"2020-04-24","21001","Anderlecht","Anderlecht","Arrondissement Brussel-Hoofdstad","Arrondissement de Bruxelles-Capitale",NA,NA,"Brussels Hoofdstedelijk Gewest","Région de Bruxelles-Capitale","57"
"2020-04-24","21003","Sint-Agatha-Berchem","Berchem-Sainte-Agathe","Arrondissement Brussel-Hoofdstad","Arrondissement de Bruxelles-Capitale",NA,NA,"Brussels Hoofdstedelijk Gewest","Région de Bruxelles-Capitale","<5"
"2020-04-24","21004","Brussel","Bruxelles","Arrondissement Brussel-Hoofdstad","Arrondissement de Bruxelles-Capitale",NA,NA,"Brussels Hoofdstedelijk Gewest","Région de Bruxelles-Capitale","26"
"2020-04-24","21005","Etterbeek","Etterbeek","Arrondissement Brussel-Hoofdstad","Arrondissement de Bruxelles-Capitale",NA,NA,"Brussels Hoofdstedelijk Gewest","Région de Bruxelles-Capitale","21"
"2020-04-24","21007","Vorst (Brussel-Hoofdstad)","Forest (Bruxelles-Capitale)","Arrondissement Brussel-Hoofdstad","Arrondissement de Bruxelles-Capitale",NA,NA,"Brussels Hoofdstedelijk Gewest","Région de Bruxelles-Capitale","7"
"2020-04-24","21009","Elsene","Ixelles","Arrondissement Brussel-Hoofdstad","Arrondissement de Bruxelles-Capitale",NA,NA,"Brussels Hoofdstedelijk Gewest","Région de Bruxelles-Capitale","<5"
"2020-04-24","21010","Jette","Jette","Arrondissement Brussel-Hoofdstad","Arrondissement de Bruxelles-Capitale",NA,NA,"Brussels Hoofdstedelijk Gewest","Région de Bruxelles-Capitale","5"
"2020-04-24","21011","Koekelberg","Koekelberg","Arrondissement Brussel-Hoofdstad","Arrondissement de Bruxelles-Capitale",NA,NA,"Brussels Hoofdstedelijk Gewest","Région de Bruxelles-Capitale","<5"
"2020-04-24","21012","Sint-Jans-Molenbeek","Molenbeek-Saint-Jean","Arrondissement Brussel-Hoofdstad","Arrondissement de Bruxelles-Capitale",NA,NA,"Brussels Hoofdstedelijk Gewest","Région de Bruxelles-Capitale","13"
"2020-04-24","21013","Sint-Gillis","Saint-Gilles","Arrondissement Brussel-Hoofdstad","Arrondissement de Bruxelles-Capitale",NA,NA,"Brussels Hoofdstedelijk Gewest","Région de Bruxelles-Capitale","12"
"2020-04-24","21014","Sint-Joost-ten-Node","Saint-Josse-ten-Noode","Arrondissement Brussel-Hoofdstad","Arrondissement de Bruxelles-Capitale",NA,NA,"Brussels Hoofdstedelijk Gewest","Région de Bruxelles-Capitale","<5"
"2020-04-24","21015","Schaarbeek","Schaerbeek","Arrondissement Brussel-Hoofdstad","Arrondissement de Bruxelles-Capitale",NA,NA,"Brussels Hoofdstedelijk Gewest","Région de Bruxelles-Capitale","8"
"2020-04-24","21016","Ukkel","Uccle","Arrondissement Brussel-Hoofdstad","Arrondissement de Bruxelles-Capitale",NA,NA,"Brussels Hoofdstedelijk Gewest","Région de Bruxelles-Capitale","<5"
"2020-04-24","21017","Watermaal-Bosvoorde","Watermael-Boitsfort","Arrondissement Brussel-Hoofdstad","Arrondissement de Bruxelles-Capitale",NA,NA,"Brussels Hoofdstedelijk Gewest","Région de Bruxelles-Capitale","<5"
"2020-04-24","23002","Asse","Asse","Arrondissement Halle-Vilvoorde","Arrondissement de Hal-Vilvorde","Provincie Vlaams-Brabant","Province du Brabant flamand","Vlaams Gewest","Région flamande","6"
"2020-04-24","23003","Beersel","Beersel","Arrondissement Halle-Vilvoorde","Arrondissement de Hal-Vilvorde","Provincie Vlaams-Brabant","Province du Brabant flamand","Vlaams Gewest","Région flamande","<5"
"2020-04-24","23016","Dilbeek","Dilbeek","Arrondissement Halle-Vilvoorde","Arrondissement de Hal-Vilvorde","Provincie Vlaams-Brabant","Province du Brabant flamand","Vlaams Gewest","Région flamande","<5"
"2020-04-24","23024","Gooik","Gooik","Arrondissement Halle-Vilvoorde","Arrondissement de Hal-Vilvorde","Provincie Vlaams-Brabant","Province du Brabant flamand","Vlaams Gewest","Région flamande","<5"
"2020-04-24","23025","Grimbergen","Grimbergen","Arrondissement Halle-Vilvoorde","Arrondissement de Hal-Vilvorde","Provincie Vlaams-Brabant","Province du Brabant flamand","Vlaams Gewest","Région flamande","<5"
"2020-04-24","23038","Kampenhout","Kampenhout","Arrondissement Halle-Vilvoorde","Arrondissement de Hal-Vilvorde","Provincie Vlaams-Brabant","Province du Brabant flamand","Vlaams Gewest","Région flamande","<5"
"2020-04-24","23039","Kapelle-op-den-Bos","Kapelle-op-den-Bos","Arrondissement Halle-Vilvoorde","Arrondissement de Hal-Vilvorde","Provincie Vlaams-Brabant","Province du Brabant flamand","Vlaams Gewest","Région flamande","6"
"2020-04-24","23044","Liedekerke","Liedekerke","Arrondissement Halle-Vilvoorde","Arrondissement de Hal-Vilvorde","Provincie Vlaams-Brabant","Province du Brabant flamand","Vlaams Gewest","Région flamande","<5"
"2020-04-24","23045","Londerzeel","Londerzeel","Arrondissement Halle-Vilvoorde","Arrondissement de Hal-Vilvorde","Provincie Vlaams-Brabant","Province du Brabant flamand","Vlaams Gewest","Région flamande","<5"
"2020-04-24","23050","Meise","Meise","Arrondissement Halle-Vilvoorde","Arrondissement de Hal-Vilvorde","Provincie Vlaams-Brabant","Province du Brabant flamand","Vlaams Gewest","Région flamande","<5"
"2020-04-24","23052","Merchtem","Merchtem","Arrondissement Halle-Vilvoorde","Arrondissement de Hal-Vilvorde","Provincie Vlaams-Brabant","Province du Brabant flamand","Vlaams Gewest","Région flamande","<5"
"2020-04-24","23064","Pepingen","Pepingen","Arrondissement Halle-Vilvoorde","Arrondissement de Hal-Vilvorde","Provincie Vlaams-Brabant","Province du Brabant flamand","Vlaams Gewest","Région flamande","<5"
"2020-04-24","23077","Sint-Pieters-Leeuw","Sint-Pieters-Leeuw","Arrondissement Halle-Vilvoorde","Arrondissement de Hal-Vilvorde","Provincie Vlaams-Brabant","Province du Brabant flamand","Vlaams Gewest","Région flamande","6"
"2020-04-24","23088","Vilvoorde","Vilvorde","Arrondissement Halle-Vilvoorde","Arrondissement de Hal-Vilvorde","Provincie Vlaams-Brabant","Province du Brabant flamand","Vlaams Gewest","Région flamande","<5"
"2020-04-24","23094","Zaventem","Zaventem","Arrondissement Halle-Vilvoorde","Arrondissement de Hal-Vilvorde","Provincie Vlaams-Brabant","Province du Brabant flamand","Vlaams Gewest","Région flamande","<5"
"2020-04-24","23096","Zemst","Zemst","Arrondissement Halle-Vilvoorde","Arrondissement de Hal-Vilvorde","Provincie Vlaams-Brabant","Province du Brabant flamand","Vlaams Gewest","Région flamande","<5"
"2020-04-24","23097","Roosdaal","Roosdaal","Arrondissement Halle-Vilvoorde","Arrondissement de Hal-Vilvorde","Provincie Vlaams-Brabant","Province du Brabant flamand","Vlaams Gewest","Région flamande","<5"
"2020-04-24","23099","Kraainem","Kraainem","Arrondissement Halle-Vilvoorde","Arrondissement de Hal-Vilvorde","Provincie Vlaams-Brabant","Province du Brabant flamand","Vlaams Gewest","Région flamande","<5"
"2020-04-24","23100","Linkebeek","Linkebeek","Arrondissement Halle-Vilvoorde","Arrondissement de Hal-Vilvorde","Provincie Vlaams-Brabant","Province du Brabant flamand","Vlaams Gewest","Région flamande","<5"
"2020-04-24","23102","Wemmel","Wemmel","Arrondissement Halle-Vilvoorde","Arrondissement de Hal-Vilvorde","Provincie Vlaams-Brabant","Province du Brabant flamand","Vlaams Gewest","Région flamande","<5"
"2020-04-24","23103","Wezembeek-Oppem","Wezembeek-Oppem","Arrondissement Halle-Vilvoorde","Arrondissement de Hal-Vilvorde","Provincie Vlaams-Brabant","Province du Brabant flamand","Vlaams Gewest","Région flamande","<5"
"2020-04-24","23105","Affligem","Affligem","Arrondissement Halle-Vilvoorde","Arrondissement de Hal-Vilvorde","Provincie Vlaams-Brabant","Province du Brabant flamand","Vlaams Gewest","Région flamande","<5"
"2020-04-24","24009","Bertem","Bertem","Arrondissement Leuven","Arrondissement de Louvain","Provincie Vlaams-Brabant","Province du Brabant flamand","Vlaams Gewest","Région flamande","<5"
"2020-04-24","24014","Boortmeerbeek","Boortmeerbeek","Arrondissement Leuven","Arrondissement de Louvain","Provincie Vlaams-Brabant","Province du Brabant flamand","Vlaams Gewest","Région flamande","<5"
"2020-04-24","24016","Boutersem","Boutersem","Arrondissement Leuven","Arrondissement de Louvain","Provincie Vlaams-Brabant","Province du Brabant flamand","Vlaams Gewest","Région flamande","<5"
"2020-04-24","24020","Diest","Diest","Arrondissement Leuven","Arrondissement de Louvain","Provincie Vlaams-Brabant","Province du Brabant flamand","Vlaams Gewest","Région flamande","<5"
"2020-04-24","24038","Herent","Herent","Arrondissement Leuven","Arrondissement de Louvain","Provincie Vlaams-Brabant","Province du Brabant flamand","Vlaams Gewest","Région flamande","<5"
"2020-04-24","24055","Kortenberg","Kortenberg","Arrondissement Leuven","Arrondissement de Louvain","Provincie Vlaams-Brabant","Province du Brabant flamand","Vlaams Gewest","Région flamande","<5"
"2020-04-24","24062","Leuven","Louvain","Arrondissement Leuven","Arrondissement de Louvain","Provincie Vlaams-Brabant","Province du Brabant flamand","Vlaams Gewest","Région flamande","29"
"2020-04-24","24066","Lubbeek","Lubbeek","Arrondissement Leuven","Arrondissement de Louvain","Provincie Vlaams-Brabant","Province du Brabant flamand","Vlaams Gewest","Région flamande","<5"
"2020-04-24","24107","Tienen","Tirlemont","Arrondissement Leuven","Arrondissement de Louvain","Provincie Vlaams-Brabant","Province du Brabant flamand","Vlaams Gewest","Région flamande","5"
"2020-04-24","24109","Tremelo","Tremelo","Arrondissement Leuven","Arrondissement de Louvain","Provincie Vlaams-Brabant","Province du Brabant flamand","Vlaams Gewest","Région flamande","<5"
"2020-04-24","24134","Scherpenheuvel-Zichem","Montaigu-Zichem","Arrondissement Leuven","Arrondissement de Louvain","Provincie Vlaams-Brabant","Province du Brabant flamand","Vlaams Gewest","Région flamande","<5"
"2020-04-24","24137","Glabbeek","Glabbeek","Arrondissement Leuven","Arrondissement de Louvain","Provincie Vlaams-Brabant","Province du Brabant flamand","Vlaams Gewest","Région flamande","<5"
"2020-04-24","25014","Eigenbrakel","Braine-l’Alleud","Arrondissement Nijvel","Arrondissement de Nivelles","Provincie Waals-Brabant","Province du Brabant wallon","Waals Gewest","Région wallonne","<5"
"2020-04-24","25023","Court-Saint-Etienne","Court-Saint-Etienne","Arrondissement Nijvel","Arrondissement de Nivelles","Provincie Waals-Brabant","Province du Brabant wallon","Waals Gewest","Région wallonne","<5"
"2020-04-24","25043","Incourt","Incourt","Arrondissement Nijvel","Arrondissement de Nivelles","Provincie Waals-Brabant","Province du Brabant wallon","Waals Gewest","Région wallonne","<5"
"2020-04-24","25044","Itter","Ittre","Arrondissement Nijvel","Arrondissement de Nivelles","Provincie Waals-Brabant","Province du Brabant wallon","Waals Gewest","Région wallonne","<5"
"2020-04-24","25068","Mont-Saint-Guibert","Mont-Saint-Guibert","Arrondissement Nijvel","Arrondissement de Nivelles","Provincie Waals-Brabant","Province du Brabant wallon","Waals Gewest","Région wallonne","<5"
"2020-04-24","25105","Tubeke","Tubize","Arrondissement Nijvel","Arrondissement de Nivelles","Provincie Waals-Brabant","Province du Brabant wallon","Waals Gewest","Région wallonne","<5"
"2020-04-24","25110","Waterloo","Waterloo","Arrondissement Nijvel","Arrondissement de Nivelles","Provincie Waals-Brabant","Province du Brabant wallon","Waals Gewest","Région wallonne","<5"
"2020-04-24","25112","Waver","Wavre","Arrondissement Nijvel","Arrondissement de Nivelles","Provincie Waals-Brabant","Province du Brabant wallon","Waals Gewest","Région wallonne","<5"
"2020-04-24","25118","Hélécine","Hélécine","Arrondissement Nijvel","Arrondissement de Nivelles","Provincie Waals-Brabant","Province du Brabant wallon","Waals Gewest","Région wallonne","<5"
"2020-04-24","25121","Ottignies-Louvain-la-Neuve","Ottignies-Louvain-la-Neuve","Arrondissement Nijvel","Arrondissement de Nivelles","Provincie Waals-Brabant","Province du Brabant wallon","Waals Gewest","Région wallonne","<5"
"2020-04-24","25122","Ramillies","Ramillies","Arrondissement Nijvel","Arrondissement de Nivelles","Provincie Waals-Brabant","Province du Brabant wallon","Waals Gewest","Région wallonne","<5"
"2020-04-24","25123","Rebecq","Rebecq","Arrondissement Nijvel","Arrondissement de Nivelles","Provincie Waals-Brabant","Province du Brabant wallon","Waals Gewest","Région wallonne","<5"
"2020-04-24","31003","Beernem","Beernem","Arrondissement Brugge","Arrondissement de Bruges","Provincie West-Vlaanderen","Province de Flandre occidentale","Vlaams Gewest","Région flamande","<5"
"2020-04-24","31005","Brugge","Bruges","Arrondissement Brugge","Arrondissement de Bruges","Provincie West-Vlaanderen","Province de Flandre occidentale","Vlaams Gewest","Région flamande","5"
"2020-04-24","31040","Zedelgem","Zedelgem","Arrondissement Brugge","Arrondissement de Bruges","Provincie West-Vlaanderen","Province de Flandre occidentale","Vlaams Gewest","Région flamande","<5"
"2020-04-24","31042","Zuienkerke","Zuienkerke","Arrondissement Brugge","Arrondissement de Bruges","Provincie West-Vlaanderen","Province de Flandre occidentale","Vlaams Gewest","Région flamande","<5"
"2020-04-24","32011","Kortemark","Kortemark","Arrondissement Diksmuide","Arrondissement de Dixmude","Provincie West-Vlaanderen","Province de Flandre occidentale","Vlaams Gewest","Région flamande","<5"
"2020-04-24","33029","Wervik","Wervik","Arrondissement Ieper","Arrondissement d’Ypres","Provincie West-Vlaanderen","Province de Flandre occidentale","Vlaams Gewest","Région flamande","<5"
"2020-04-24","33037","Zonnebeke","Zonnebeke","Arrondissement Ieper","Arrondissement d’Ypres","Provincie West-Vlaanderen","Province de Flandre occidentale","Vlaams Gewest","Région flamande","<5"
"2020-04-24","33039","Heuvelland","Heuvelland","Arrondissement Ieper","Arrondissement d’Ypres","Provincie West-Vlaanderen","Province de Flandre occidentale","Vlaams Gewest","Région flamande","<5"
"2020-04-24","34002","Anzegem","Anzegem","Arrondissement Kortrijk","Arrondissement de Courtrai","Provincie West-Vlaanderen","Province de Flandre occidentale","Vlaams Gewest","Région flamande","<5"
"2020-04-24","34009","Deerlijk","Deerlijk","Arrondissement Kortrijk","Arrondissement de Courtrai","Provincie West-Vlaanderen","Province de Flandre occidentale","Vlaams Gewest","Région flamande","<5"
"2020-04-24","34022","Kortrijk","Courtrai","Arrondissement Kortrijk","Arrondissement de Courtrai","Provincie West-Vlaanderen","Province de Flandre occidentale","Vlaams Gewest","Région flamande","<5"
"2020-04-24","34027","Menen","Menin","Arrondissement Kortrijk","Arrondissement de Courtrai","Provincie West-Vlaanderen","Province de Flandre occidentale","Vlaams Gewest","Région flamande","5"
"2020-04-24","34041","Wevelgem","Wevelgem","Arrondissement Kortrijk","Arrondissement de Courtrai","Provincie West-Vlaanderen","Province de Flandre occidentale","Vlaams Gewest","Région flamande","<5"
"2020-04-24","35013","Oostende","Ostende","Arrondissement Oostende","Arrondissement d’Ostende","Provincie West-Vlaanderen","Province de Flandre occidentale","Vlaams Gewest","Région flamande","8"
"2020-04-24","35029","De Haan","De Haan","Arrondissement Oostende","Arrondissement d’Ostende","Provincie West-Vlaanderen","Province de Flandre occidentale","Vlaams Gewest","Région flamande","<5"
"2020-04-24","36008","Izegem","Izegem","Arrondissement Roeselare","Arrondissement de Roulers","Provincie West-Vlaanderen","Province de Flandre occidentale","Vlaams Gewest","Région flamande","<5"
"2020-04-24","36010","Ledegem","Ledegem","Arrondissement Roeselare","Arrondissement de Roulers","Provincie West-Vlaanderen","Province de Flandre occidentale","Vlaams Gewest","Région flamande","<5"
"2020-04-24","36011","Lichtervelde","Lichtervelde","Arrondissement Roeselare","Arrondissement de Roulers","Provincie West-Vlaanderen","Province de Flandre occidentale","Vlaams Gewest","Région flamande","<5"
"2020-04-24","36015","Roeselare","Roulers","Arrondissement Roeselare","Arrondissement de Roulers","Provincie West-Vlaanderen","Province de Flandre occidentale","Vlaams Gewest","Région flamande","5"
"2020-04-24","36019","Staden","Staden","Arrondissement Roeselare","Arrondissement de Roulers","Provincie West-Vlaanderen","Province de Flandre occidentale","Vlaams Gewest","Région flamande","<5"
"2020-04-24","37007","Meulebeke","Meulebeke","Arrondissement Tielt","Arrondissement de Tielt","Provincie West-Vlaanderen","Province de Flandre occidentale","Vlaams Gewest","Région flamande","<5"
"2020-04-24","37010","Oostrozebeke","Oostrozebeke","Arrondissement Tielt","Arrondissement de Tielt","Provincie West-Vlaanderen","Province de Flandre occidentale","Vlaams Gewest","Région flamande","<5"
"2020-04-24","37018","Wingene","Wingene","Arrondissement Tielt","Arrondissement de Tielt","Provincie West-Vlaanderen","Province de Flandre occidentale","Vlaams Gewest","Région flamande","<5"
"2020-04-24","38014","Koksijde","Koksijde","Arrondissement Veurne","Arrondissement de Furnes","Provincie West-Vlaanderen","Province de Flandre occidentale","Vlaams Gewest","Région flamande","<5"
"2020-04-24","38016","Nieuwpoort","Nieuport","Arrondissement Veurne","Arrondissement de Furnes","Provincie West-Vlaanderen","Province de Flandre occidentale","Vlaams Gewest","Région flamande","<5"
"2020-04-24","38025","Veurne","Furnes","Arrondissement Veurne","Arrondissement de Furnes","Provincie West-Vlaanderen","Province de Flandre occidentale","Vlaams Gewest","Région flamande","<5"
"2020-04-24","41002","Aalst (Aalst)","Alost (Alost)","Arrondissement Aalst","Arrondissement d’Alost","Provincie Oost-Vlaanderen","Province de Flandre orientale","Vlaams Gewest","Région flamande","10"
"2020-04-24","41011","Denderleeuw","Denderleeuw","Arrondissement Aalst","Arrondissement d’Alost","Provincie Oost-Vlaanderen","Province de Flandre orientale","Vlaams Gewest","Région flamande","<5"
"2020-04-24","41018","Geraardsbergen","Grammont","Arrondissement Aalst","Arrondissement d’Alost","Provincie Oost-Vlaanderen","Province de Flandre orientale","Vlaams Gewest","Région flamande","<5"
"2020-04-24","41027","Herzele","Herzele","Arrondissement Aalst","Arrondissement d’Alost","Provincie Oost-Vlaanderen","Province de Flandre orientale","Vlaams Gewest","Région flamande","<5"
"2020-04-24","41048","Ninove","Ninove","Arrondissement Aalst","Arrondissement d’Alost","Provincie Oost-Vlaanderen","Province de Flandre orientale","Vlaams Gewest","Région flamande","<5"
"2020-04-24","41063","Sint-Lievens-Houtem","Sint-Lievens-Houtem","Arrondissement Aalst","Arrondissement d’Alost","Provincie Oost-Vlaanderen","Province de Flandre orientale","Vlaams Gewest","Région flamande","<5"
"2020-04-24","41081","Zottegem","Zottegem","Arrondissement Aalst","Arrondissement d’Alost","Provincie Oost-Vlaanderen","Province de Flandre orientale","Vlaams Gewest","Région flamande","<5"
"2020-04-24","41082","Erpe-Mere","Erpe-Mere","Arrondissement Aalst","Arrondissement d’Alost","Provincie Oost-Vlaanderen","Province de Flandre orientale","Vlaams Gewest","Région flamande","<5"
"2020-04-24","42008","Hamme (Dendermonde)","Hamme (Termonde)","Arrondissement Dendermonde","Arrondissement de Termonde","Provincie Oost-Vlaanderen","Province de Flandre orientale","Vlaams Gewest","Région flamande","7"
"2020-04-24","42011","Lebbeke","Lebbeke","Arrondissement Dendermonde","Arrondissement de Termonde","Provincie Oost-Vlaanderen","Province de Flandre orientale","Vlaams Gewest","Région flamande","<5"
"2020-04-24","42025","Wetteren","Wetteren","Arrondissement Dendermonde","Arrondissement de Termonde","Provincie Oost-Vlaanderen","Province de Flandre orientale","Vlaams Gewest","Région flamande","<5"
"2020-04-24","42028","Zele","Zele","Arrondissement Dendermonde","Arrondissement de Termonde","Provincie Oost-Vlaanderen","Province de Flandre orientale","Vlaams Gewest","Région flamande","<5"
"2020-04-24","43010","Maldegem","Maldegem","Arrondissement Eeklo","Arrondissement d’Eeklo","Provincie Oost-Vlaanderen","Province de Flandre orientale","Vlaams Gewest","Région flamande","<5"
"2020-04-24","44019","Evergem","Evergem","Arrondissement Gent","Arrondissement de Gand","Provincie Oost-Vlaanderen","Province de Flandre orientale","Vlaams Gewest","Région flamande","5"
"2020-04-24","44020","Gavere","Gavere","Arrondissement Gent","Arrondissement de Gand","Provincie Oost-Vlaanderen","Province de Flandre orientale","Vlaams Gewest","Région flamande","<5"
"2020-04-24","44021","Gent","Gand","Arrondissement Gent","Arrondissement de Gand","Provincie Oost-Vlaanderen","Province de Flandre orientale","Vlaams Gewest","Région flamande","7"
"2020-04-24","44034","Lochristi","Lochristi","Arrondissement Gent","Arrondissement de Gand","Provincie Oost-Vlaanderen","Province de Flandre orientale","Vlaams Gewest","Région flamande","<5"
"2020-04-24","44043","Merelbeke","Merelbeke","Arrondissement Gent","Arrondissement de Gand","Provincie Oost-Vlaanderen","Province de Flandre orientale","Vlaams Gewest","Région flamande","<5"
"2020-04-24","44064","Sint-Martens-Latem","Sint-Martens-Latem","Arrondissement Gent","Arrondissement de Gand","Provincie Oost-Vlaanderen","Province de Flandre orientale","Vlaams Gewest","Région flamande","<5"
"2020-04-24","44083","Deinze","Deinze","Arrondissement Gent","Arrondissement de Gand","Provincie Oost-Vlaanderen","Province de Flandre orientale","Vlaams Gewest","Région flamande","<5"
"2020-04-24","44085","Lievegem","Lievegem","Arrondissement Gent","Arrondissement de Gand","Provincie Oost-Vlaanderen","Province de Flandre orientale","Vlaams Gewest","Région flamande","<5"
"2020-04-24","45035","Oudenaarde","Audenarde","Arrondissement Oudenaarde","Arrondissement d’Audenarde","Provincie Oost-Vlaanderen","Province de Flandre orientale","Vlaams Gewest","Région flamande","8"
"2020-04-24","45041","Ronse","Renaix","Arrondissement Oudenaarde","Arrondissement d’Audenarde","Provincie Oost-Vlaanderen","Province de Flandre orientale","Vlaams Gewest","Région flamande","<5"
"2020-04-24","45059","Brakel","Brakel","Arrondissement Oudenaarde","Arrondissement d’Audenarde","Provincie Oost-Vlaanderen","Province de Flandre orientale","Vlaams Gewest","Région flamande","<5"
"2020-04-24","45061","Wortegem-Petegem","Wortegem-Petegem","Arrondissement Oudenaarde","Arrondissement d’Audenarde","Provincie Oost-Vlaanderen","Province de Flandre orientale","Vlaams Gewest","Région flamande","<5"
"2020-04-24","45065","Zwalm","Zwalin","Arrondissement Oudenaarde","Arrondissement d’Audenarde","Provincie Oost-Vlaanderen","Province de Flandre orientale","Vlaams Gewest","Région flamande","<5"
"2020-04-24","46014","Lokeren","Lokeren","Arrondissement Sint-Niklaas","Arrondissement de Saint-Nicolas","Provincie Oost-Vlaanderen","Province de Flandre orientale","Vlaams Gewest","Région flamande","<5"
"2020-04-24","46021","Sint-Niklaas (Sint-Niklaas)","Saint-Nicolas (Saint-Nicolas)","Arrondissement Sint-Niklaas","Arrondissement de Saint-Nicolas","Provincie Oost-Vlaanderen","Province de Flandre orientale","Vlaams Gewest","Région flamande","<5"
"2020-04-24","51008","Beloeil","Beloeil","Arrondissement Aat","Arrondissement d’Ath","Provincie Henegouwen","Province du Hainaut","Waals Gewest","Région wallonne","<5"
"2020-04-24","51009","Bernissart","Bernissart","Arrondissement Aat","Arrondissement d’Ath","Provincie Henegouwen","Province du Hainaut","Waals Gewest","Région wallonne","<5"
"2020-04-24","51014","Chièvres","Chièvres","Arrondissement Aat","Arrondissement d’Ath","Provincie Henegouwen","Province du Hainaut","Waals Gewest","Région wallonne","<5"
"2020-04-24","51017","Elzele","Ellezelles","Arrondissement Aat","Arrondissement d’Ath","Provincie Henegouwen","Province du Hainaut","Waals Gewest","Région wallonne","<5"
"2020-04-24","51069","Lessen","Lessines","Arrondissement Aat","Arrondissement d’Ath","Provincie Henegouwen","Province du Hainaut","Waals Gewest","Région wallonne","<5"
"2020-04-24","52010","Chapelle-lez-Herlaimont","Chapelle-lez-Herlaimont","Arrondissement Charleroi","Arrondissement de Charleroi","Provincie Henegouwen","Province du Hainaut","Waals Gewest","Région wallonne","<5"
"2020-04-24","52011","Charleroi","Charleroi","Arrondissement Charleroi","Arrondissement de Charleroi","Provincie Henegouwen","Province du Hainaut","Waals Gewest","Région wallonne","10"
"2020-04-24","52048","Montigny-le-Tilleul","Montigny-le-Tilleul","Arrondissement Charleroi","Arrondissement de Charleroi","Provincie Henegouwen","Province du Hainaut","Waals Gewest","Région wallonne","<5"
"2020-04-24","52074","Aiseau-Presles","Aiseau-Presles","Arrondissement Charleroi","Arrondissement de Charleroi","Provincie Henegouwen","Province du Hainaut","Waals Gewest","Région wallonne","<5"
"2020-04-24","53014","Boussu","Boussu","Arrondissement Bergen","Arrondissement de Mons","Provincie Henegouwen","Province du Hainaut","Waals Gewest","Région wallonne","<5"
"2020-04-24","53020","Dour","Dour","Arrondissement Bergen","Arrondissement de Mons","Provincie Henegouwen","Province du Hainaut","Waals Gewest","Région wallonne","<5"
"2020-04-24","53028","Frameries","Frameries","Arrondissement Bergen","Arrondissement de Mons","Provincie Henegouwen","Province du Hainaut","Waals Gewest","Région wallonne","<5"
"2020-04-24","53053","Bergen","Mons","Arrondissement Bergen","Arrondissement de Mons","Provincie Henegouwen","Province du Hainaut","Waals Gewest","Région wallonne","<5"
"2020-04-24","53065","Quaregnon","Quaregnon","Arrondissement Bergen","Arrondissement de Mons","Provincie Henegouwen","Province du Hainaut","Waals Gewest","Région wallonne","<5"
"2020-04-24","53068","Quiévrain","Quiévrain","Arrondissement Bergen","Arrondissement de Mons","Provincie Henegouwen","Province du Hainaut","Waals Gewest","Région wallonne","<5"
"2020-04-24","53070","Saint-Ghislain","Saint-Ghislain","Arrondissement Bergen","Arrondissement de Mons","Provincie Henegouwen","Province du Hainaut","Waals Gewest","Région wallonne","<5"
"2020-04-24","53082","Colfontaine","Colfontaine","Arrondissement Bergen","Arrondissement de Mons","Provincie Henegouwen","Province du Hainaut","Waals Gewest","Région wallonne","<5"
"2020-04-24","53083","Honnelles","Honnelles","Arrondissement Bergen","Arrondissement de Mons","Provincie Henegouwen","Province du Hainaut","Waals Gewest","Région wallonne","<5"
"2020-04-24","53084","Quévy","Quévy","Arrondissement Bergen","Arrondissement de Mons","Provincie Henegouwen","Province du Hainaut","Waals Gewest","Région wallonne","<5"
"2020-04-24","55004","’s Gravenbrakel","Braine-le-Comte","Arrondissement Zinnik","Arrondissement de Soignies","Provincie Henegouwen","Province du Hainaut","Waals Gewest","Région wallonne","<5"
"2020-04-24","55040","Zinnik","Soignies","Arrondissement Zinnik","Arrondissement de Soignies","Provincie Henegouwen","Province du Hainaut","Waals Gewest","Région wallonne","<5"
"2020-04-24","56078","Thuin","Thuin","Arrondissement Thuin","Arrondissement de Thuin","Provincie Henegouwen","Province du Hainaut","Waals Gewest","Région wallonne","<5"
"2020-04-24","57003","Antoing","Antoing","Arrondissement Doornik-Moeskroen","Arrondissement de Tournai-Mouscron","Provincie Henegouwen","Province du Hainaut","Waals Gewest","Région wallonne","<5"
"2020-04-24","57018","Celles (Doornik)","Celles (Tournai)","Arrondissement Doornik-Moeskroen","Arrondissement de Tournai-Mouscron","Provincie Henegouwen","Province du Hainaut","Waals Gewest","Région wallonne","<5"
"2020-04-24","57062","Pecq","Pecq","Arrondissement Doornik-Moeskroen","Arrondissement de Tournai-Mouscron","Provincie Henegouwen","Province du Hainaut","Waals Gewest","Région wallonne","<5"
"2020-04-24","57064","Péruwelz","Péruwelz","Arrondissement Doornik-Moeskroen","Arrondissement de Tournai-Mouscron","Provincie Henegouwen","Province du Hainaut","Waals Gewest","Région wallonne","<5"
"2020-04-24","57081","Doornik","Tournai","Arrondissement Doornik-Moeskroen","Arrondissement de Tournai-Mouscron","Provincie Henegouwen","Province du Hainaut","Waals Gewest","Région wallonne","<5"
"2020-04-24","57093","Brunehaut","Brunehaut","Arrondissement Doornik-Moeskroen","Arrondissement de Tournai-Mouscron","Provincie Henegouwen","Province du Hainaut","Waals Gewest","Région wallonne","<5"
"2020-04-24","57094","Leuze-en-Hainaut","Leuze-en-Hainaut","Arrondissement Doornik-Moeskroen","Arrondissement de Tournai-Mouscron","Provincie Henegouwen","Province du Hainaut","Waals Gewest","Région wallonne","7"
"2020-04-24","57096","Moeskroen","Mouscron","Arrondissement Doornik-Moeskroen","Arrondissement de Tournai-Mouscron","Provincie Henegouwen","Province du Hainaut","Waals Gewest","Région wallonne","7"
"2020-04-24","58001","La Louvière","La Louvière","Arrondissement La Louvière","Arrondissement de La Louvière","Provincie Henegouwen","Province du Hainaut","Waals Gewest","Région wallonne","<5"
"2020-04-24","61003","Amay","Amay","Arrondissement Hoei","Arrondissement de Huy","Provincie Luik","Province de Liège","Waals Gewest","Région wallonne","<5"
"2020-04-24","61012","Clavier","Clavier","Arrondissement Hoei","Arrondissement de Huy","Provincie Luik","Province de Liège","Waals Gewest","Région wallonne","<5"
"2020-04-24","61031","Hoei","Huy","Arrondissement Hoei","Arrondissement de Huy","Provincie Luik","Province de Liège","Waals Gewest","Région wallonne","<5"
"2020-04-24","61080","Engis","Engis","Arrondissement Hoei","Arrondissement de Huy","Provincie Luik","Province de Liège","Waals Gewest","Région wallonne","<5"
"2020-04-24","62003","Ans","Ans","Arrondissement Luik","Arrondissement de Liège","Provincie Luik","Province de Liège","Waals Gewest","Région wallonne","<5"
"2020-04-24","62006","Awans","Awans","Arrondissement Luik","Arrondissement de Liège","Provincie Luik","Province de Liège","Waals Gewest","Région wallonne","<5"
"2020-04-24","62015","Beyne-Heusay","Beyne-Heusay","Arrondissement Luik","Arrondissement de Liège","Provincie Luik","Province de Liège","Waals Gewest","Région wallonne","<5"
"2020-04-24","62026","Comblain-au-Pont","Comblain-au-Pont","Arrondissement Luik","Arrondissement de Liège","Provincie Luik","Province de Liège","Waals Gewest","Région wallonne","<5"
"2020-04-24","62027","Dalhem","Dalhem","Arrondissement Luik","Arrondissement de Liège","Provincie Luik","Province de Liège","Waals Gewest","Région wallonne","<5"
"2020-04-24","62038","Fléron","Fléron","Arrondissement Luik","Arrondissement de Liège","Provincie Luik","Province de Liège","Waals Gewest","Région wallonne","<5"
"2020-04-24","62051","Herstal","Herstal","Arrondissement Luik","Arrondissement de Liège","Provincie Luik","Province de Liège","Waals Gewest","Région wallonne","16"
"2020-04-24","62063","Luik","Liège","Arrondissement Luik","Arrondissement de Liège","Provincie Luik","Province de Liège","Waals Gewest","Région wallonne","9"
"2020-04-24","62079","Oupeye","Oupeye","Arrondissement Luik","Arrondissement de Liège","Provincie Luik","Province de Liège","Waals Gewest","Région wallonne","<5"
"2020-04-24","62093","Saint-Nicolas (Luik)","Saint-Nicolas (Liège)","Arrondissement Luik","Arrondissement de Liège","Provincie Luik","Province de Liège","Waals Gewest","Région wallonne","<5"
"2020-04-24","62099","Soumagne","Soumagne","Arrondissement Luik","Arrondissement de Liège","Provincie Luik","Province de Liège","Waals Gewest","Région wallonne","<5"
"2020-04-24","62108","Wezet","Visé","Arrondissement Luik","Arrondissement de Liège","Provincie Luik","Province de Liège","Waals Gewest","Région wallonne","5"
"2020-04-24","62118","Grâce-Hollogne","Grâce-Hollogne","Arrondissement Luik","Arrondissement de Liège","Provincie Luik","Province de Liège","Waals Gewest","Région wallonne","<5"
"2020-04-24","62119","Blegny","Blegny","Arrondissement Luik","Arrondissement de Liège","Provincie Luik","Province de Liège","Waals Gewest","Région wallonne","<5"
"2020-04-24","62121","Neupré","Neupré","Arrondissement Luik","Arrondissement de Liège","Provincie Luik","Province de Liège","Waals Gewest","Région wallonne","<5"
"2020-04-24","62122","Trooz","Trooz","Arrondissement Luik","Arrondissement de Liège","Provincie Luik","Province de Liège","Waals Gewest","Région wallonne","<5"
"2020-04-24","63013","Bütgenbach","Butgenbach","Arrondissement Verviers","Arrondissement de Verviers","Provincie Luik","Province de Liège","Waals Gewest","Région wallonne","<5"
"2020-04-24","63020","Dison","Dison","Arrondissement Verviers","Arrondissement de Verviers","Provincie Luik","Province de Liège","Waals Gewest","Région wallonne","<5"
"2020-04-24","63023","Eupen","Eupen","Arrondissement Verviers","Arrondissement de Verviers","Provincie Luik","Province de Liège","Waals Gewest","Région wallonne","<5"
"2020-04-24","63049","Malmedy","Malmedy","Arrondissement Verviers","Arrondissement de Verviers","Provincie Luik","Province de Liège","Waals Gewest","Région wallonne","<5"
"2020-04-24","63072","Spa","Spa","Arrondissement Verviers","Arrondissement de Verviers","Provincie Luik","Province de Liège","Waals Gewest","Région wallonne","<5"
"2020-04-24","63079","Verviers","Verviers","Arrondissement Verviers","Arrondissement de Verviers","Provincie Luik","Province de Liège","Waals Gewest","Région wallonne","<5"
"2020-04-24","64015","Braives","Braives","Arrondissement Borgworm","Arrondissement de Waremme","Provincie Luik","Province de Liège","Waals Gewest","Région wallonne","<5"
"2020-04-24","64047","Lijsem","Lincent","Arrondissement Borgworm","Arrondissement de Waremme","Provincie Luik","Province de Liège","Waals Gewest","Région wallonne","<5"
"2020-04-24","71002","As","As","Arrondissement Hasselt","Arrondissement de Hasselt","Provincie Limburg","Province du Limbourg","Vlaams Gewest","Région flamande","<5"
"2020-04-24","71004","Beringen","Beringen","Arrondissement Hasselt","Arrondissement de Hasselt","Provincie Limburg","Province du Limbourg","Vlaams Gewest","Région flamande","<5"
"2020-04-24","71011","Diepenbeek","Diepenbeek","Arrondissement Hasselt","Arrondissement de Hasselt","Provincie Limburg","Province du Limbourg","Vlaams Gewest","Région flamande","<5"
"2020-04-24","71016","Genk","Genk","Arrondissement Hasselt","Arrondissement de Hasselt","Provincie Limburg","Province du Limbourg","Vlaams Gewest","Région flamande","5"
"2020-04-24","71017","Gingelom","Gingelom","Arrondissement Hasselt","Arrondissement de Hasselt","Provincie Limburg","Province du Limbourg","Vlaams Gewest","Région flamande","<5"
"2020-04-24","71022","Hasselt","Hasselt","Arrondissement Hasselt","Arrondissement de Hasselt","Provincie Limburg","Province du Limbourg","Vlaams Gewest","Région flamande","7"
"2020-04-24","71024","Herk-de-Stad","Herck-la-Ville","Arrondissement Hasselt","Arrondissement de Hasselt","Provincie Limburg","Province du Limbourg","Vlaams Gewest","Région flamande","<5"
"2020-04-24","71034","Leopoldsburg","Bourg-Léopold","Arrondissement Hasselt","Arrondissement de Hasselt","Provincie Limburg","Province du Limbourg","Vlaams Gewest","Région flamande","<5"
"2020-04-24","71045","Nieuwerkerken (Hasselt)","Nieuwerkerken (Hasselt)","Arrondissement Hasselt","Arrondissement de Hasselt","Provincie Limburg","Province du Limbourg","Vlaams Gewest","Région flamande","<5"
"2020-04-24","71053","Sint-Truiden","Saint-Trond","Arrondissement Hasselt","Arrondissement de Hasselt","Provincie Limburg","Province du Limbourg","Vlaams Gewest","Région flamande","<5"
"2020-04-24","71066","Zonhoven","Zonhoven","Arrondissement Hasselt","Arrondissement de Hasselt","Provincie Limburg","Province du Limbourg","Vlaams Gewest","Région flamande","<5"
"2020-04-24","71069","Ham","Ham","Arrondissement Hasselt","Arrondissement de Hasselt","Provincie Limburg","Province du Limbourg","Vlaams Gewest","Région flamande","6"
"2020-04-24","72020","Lommel","Lommel","Arrondissement Maaseik","Arrondissement de Maaseik","Provincie Limburg","Province du Limbourg","Vlaams Gewest","Région flamande","<5"
"2020-04-24","72021","Maaseik","Maaseik","Arrondissement Maaseik","Arrondissement de Maaseik","Provincie Limburg","Province du Limbourg","Vlaams Gewest","Région flamande","<5"
"2020-04-24","72030","Peer","Peer","Arrondissement Maaseik","Arrondissement de Maaseik","Provincie Limburg","Province du Limbourg","Vlaams Gewest","Région flamande","<5"
"2020-04-24","72038","Hechtel-Eksel","Hechtel-Eksel","Arrondissement Maaseik","Arrondissement de Maaseik","Provincie Limburg","Province du Limbourg","Vlaams Gewest","Région flamande","<5"
"2020-04-24","72039","Houthalen-Helchteren","Houthalen-Helchteren","Arrondissement Maaseik","Arrondissement de Maaseik","Provincie Limburg","Province du Limbourg","Vlaams Gewest","Région flamande","<5"
"2020-04-24","72041","Dilsen-Stokkem","Dilsen-Stokkem","Arrondissement Maaseik","Arrondissement de Maaseik","Provincie Limburg","Province du Limbourg","Vlaams Gewest","Région flamande","<5"
"2020-04-24","72043","Pelt","Pelt","Arrondissement Maaseik","Arrondissement de Maaseik","Provincie Limburg","Province du Limbourg","Vlaams Gewest","Région flamande","<5"
"2020-04-24","73001","Alken","Alken","Arrondissement Tongeren","Arrondissement de Tongres","Provincie Limburg","Province du Limbourg","Vlaams Gewest","Région flamande","<5"
"2020-04-24","73006","Bilzen","Bilzen","Arrondissement Tongeren","Arrondissement de Tongres","Provincie Limburg","Province du Limbourg","Vlaams Gewest","Région flamande","<5"
"2020-04-24","73032","Hoeselt","Hoeselt","Arrondissement Tongeren","Arrondissement de Tongres","Provincie Limburg","Province du Limbourg","Vlaams Gewest","Région flamande","<5"
"2020-04-24","73042","Lanaken","Lanaken","Arrondissement Tongeren","Arrondissement de Tongres","Provincie Limburg","Province du Limbourg","Vlaams Gewest","Région flamande","<5"
"2020-04-24","73066","Riemst","Riemst","Arrondissement Tongeren","Arrondissement de Tongres","Provincie Limburg","Province du Limbourg","Vlaams Gewest","Région flamande","<5"
"2020-04-24","73083","Tongeren","Tongres","Arrondissement Tongeren","Arrondissement de Tongres","Provincie Limburg","Province du Limbourg","Vlaams Gewest","Région flamande","5"
"2020-04-24","73098","Wellen","Wellen","Arrondissement Tongeren","Arrondissement de Tongres","Provincie Limburg","Province du Limbourg","Vlaams Gewest","Région flamande","<5"
"2020-04-24","73107","Maasmechelen","Maasmechelen","Arrondissement Tongeren","Arrondissement de Tongres","Provincie Limburg","Province du Limbourg","Vlaams Gewest","Région flamande","<5"
"2020-04-24","73109","Voeren","Fourons","Arrondissement Tongeren","Arrondissement de Tongres","Provincie Limburg","Province du Limbourg","Vlaams Gewest","Région flamande","<5"
"2020-04-24","81013","Martelange","Martelange","Arrondissement Aarlen","Arrondissement d’Arlon","Provincie Luxemburg","Province du Luxembourg","Waals Gewest","Région wallonne","<5"
"2020-04-24","83012","Durbuy","Durbuy","Arrondissement Marche-en-Famenne","Arrondissement de Marche-en-Famenne","Provincie Luxemburg","Province du Luxembourg","Waals Gewest","Région wallonne","<5"
"2020-04-24","84009","Bertrix","Bertrix","Arrondissement Neufchâteau","Arrondissement de Neufchâteau","Provincie Luxemburg","Province du Luxembourg","Waals Gewest","Région wallonne","<5"
"2020-04-24","84043","Neufchâteau (Neufchâteau)","Neufchâteau (Neufchâteau)","Arrondissement Neufchâteau","Arrondissement de Neufchâteau","Provincie Luxemburg","Province du Luxembourg","Waals Gewest","Région wallonne","<5"
"2020-04-24","85039","Tintigny","Tintigny","Arrondissement Virton","Arrondissement de Virton","Provincie Luxemburg","Province du Luxembourg","Waals Gewest","Région wallonne","<5"
"2020-04-24","91034","Dinant","Dinant","Arrondissement Dinant","Arrondissement de Dinant","Provincie Namen","Province de Namur","Waals Gewest","Région wallonne","<5"
"2020-04-24","92003","Andenne","Andenne","Arrondissement Namen","Arrondissement de Namur","Provincie Namen","Province de Namur","Waals Gewest","Région wallonne","5"
"2020-04-24","92035","Eghezée","Eghezée","Arrondissement Namen","Arrondissement de Namur","Provincie Namen","Province de Namur","Waals Gewest","Région wallonne","<5"
"2020-04-24","92054","Gesves","Gesves","Arrondissement Namen","Arrondissement de Namur","Provincie Namen","Province de Namur","Waals Gewest","Région wallonne","<5"
"2020-04-24","92094","Namen","Namur","Arrondissement Namen","Arrondissement de Namur","Provincie Namen","Province de Namur","Waals Gewest","Région wallonne","41"
"2020-04-24","92097","Ohey","Ohey","Arrondissement Namen","Arrondissement de Namur","Provincie Namen","Province de Namur","Waals Gewest","Région wallonne","<5"
"2020-04-24","92101","Profondeville","Profondeville","Arrondissement Namen","Arrondissement de Namur","Provincie Namen","Province de Namur","Waals Gewest","Région wallonne","<5"
"2020-04-24","92137","Sambreville","Sambreville","Arrondissement Namen","Arrondissement de Namur","Provincie Namen","Province de Namur","Waals Gewest","Région wallonne","<5"
"2020-04-24","92140","Jemeppe-sur-Sambre","Jemeppe-sur-Sambre","Arrondissement Namen","Arrondissement de Namur","Provincie Namen","Province de Namur","Waals Gewest","Région wallonne","<5"
"2020-04-24","92141","La Bruyère","La Bruyère","Arrondissement Namen","Arrondissement de Namur","Provincie Namen","Province de Namur","Waals Gewest","Région wallonne","<5"
"2020-04-24","93010","Cerfontaine","Cerfontaine","Arrondissement Philippeville","Arrondissement de Philippeville","Provincie Namen","Province de Namur","Waals Gewest","Région wallonne","<5"
"2020-04-24","93022","Florennes","Florennes","Arrondissement Philippeville","Arrondissement de Philippeville","Provincie Namen","Province de Namur","Waals Gewest","Région wallonne","<5"
"2020-04-24","93056","Philippeville","Philippeville","Arrondissement Philippeville","Arrondissement de Philippeville","Provincie Namen","Province de Namur","Waals Gewest","Région wallonne","<5"
"2020-04-24",NA,NA,NA,NA,NA,NA,NA,NA,NA,"17"
"2020-04-25","11001","Aartselaar","Aartselaar","Arrondissement Antwerpen","Arrondissement d’Anvers","Provincie Antwerpen","Province d’Anvers","Vlaams Gewest","Région flamande","<5"
"2020-04-25","11002","Antwerpen","Anvers","Arrondissement Antwerpen","Arrondissement d’Anvers","Provincie Antwerpen","Province d’Anvers","Vlaams Gewest","Région flamande","10"
"2020-04-25","11008","Brasschaat","Brasschaat","Arrondissement Antwerpen","Arrondissement d’Anvers","Provincie Antwerpen","Province d’Anvers","Vlaams Gewest","Région flamande","<5"
"2020-04-25","11016","Essen","Essen","Arrondissement Antwerpen","Arrondissement d’Anvers","Provincie Antwerpen","Province d’Anvers","Vlaams Gewest","Région flamande","<5"
"2020-04-25","11022","Kalmthout","Kalmthout","Arrondissement Antwerpen","Arrondissement d’Anvers","Provincie Antwerpen","Province d’Anvers","Vlaams Gewest","Région flamande","<5"
"2020-04-25","11023","Kapellen (Antwerpen)","Kapellen (Anvers)","Arrondissement Antwerpen","Arrondissement d’Anvers","Provincie Antwerpen","Province d’Anvers","Vlaams Gewest","Région flamande","<5"
"2020-04-25","11024","Kontich","Kontich","Arrondissement Antwerpen","Arrondissement d’Anvers","Provincie Antwerpen","Province d’Anvers","Vlaams Gewest","Région flamande","<5"
"2020-04-25","11040","Schoten","Schoten","Arrondissement Antwerpen","Arrondissement d’Anvers","Provincie Antwerpen","Province d’Anvers","Vlaams Gewest","Région flamande","<5"
"2020-04-25","11052","Wommelgem","Wommelgem","Arrondissement Antwerpen","Arrondissement d’Anvers","Provincie Antwerpen","Province d’Anvers","Vlaams Gewest","Région flamande","<5"
"2020-04-25","11054","Zandhoven","Zandhoven","Arrondissement Antwerpen","Arrondissement d’Anvers","Provincie Antwerpen","Province d’Anvers","Vlaams Gewest","Région flamande","<5"
"2020-04-25","12014","Heist-op-den-Berg","Heist-op-den-Berg","Arrondissement Mechelen","Arrondissement de Malines","Provincie Antwerpen","Province d’Anvers","Vlaams Gewest","Région flamande","<5"
"2020-04-25","12026","Nijlen","Nijlen","Arrondissement Mechelen","Arrondissement de Malines","Provincie Antwerpen","Province d’Anvers","Vlaams Gewest","Région flamande","<5"
"2020-04-25","12040","Willebroek","Willebroek","Arrondissement Mechelen","Arrondissement de Malines","Provincie Antwerpen","Province d’Anvers","Vlaams Gewest","Région flamande","<5"
"2020-04-25","13002","Baarle-Hertog","Baerle-Duc","Arrondissement Turnhout","Arrondissement de Turnhout","Provincie Antwerpen","Province d’Anvers","Vlaams Gewest","Région flamande","<5"
"2020-04-25","13004","Beerse","Beerse","Arrondissement Turnhout","Arrondissement de Turnhout","Provincie Antwerpen","Province d’Anvers","Vlaams Gewest","Région flamande","<5"
"2020-04-25","13008","Geel","Geel","Arrondissement Turnhout","Arrondissement de Turnhout","Provincie Antwerpen","Province d’Anvers","Vlaams Gewest","Région flamande","<5"
"2020-04-25","13010","Grobbendonk","Grobbendonk","Arrondissement Turnhout","Arrondissement de Turnhout","Provincie Antwerpen","Province d’Anvers","Vlaams Gewest","Région flamande","<5"
"2020-04-25","13049","Westerlo","Westerlo","Arrondissement Turnhout","Arrondissement de Turnhout","Provincie Antwerpen","Province d’Anvers","Vlaams Gewest","Région flamande","<5"
"2020-04-25","21001","Anderlecht","Anderlecht","Arrondissement Brussel-Hoofdstad","Arrondissement de Bruxelles-Capitale",NA,NA,"Brussels Hoofdstedelijk Gewest","Région de Bruxelles-Capitale","<5"
"2020-04-25","21004","Brussel","Bruxelles","Arrondissement Brussel-Hoofdstad","Arrondissement de Bruxelles-Capitale",NA,NA,"Brussels Hoofdstedelijk Gewest","Région de Bruxelles-Capitale","<5"
"2020-04-25","21005","Etterbeek","Etterbeek","Arrondissement Brussel-Hoofdstad","Arrondissement de Bruxelles-Capitale",NA,NA,"Brussels Hoofdstedelijk Gewest","Région de Bruxelles-Capitale","<5"
"2020-04-25","21007","Vorst (Brussel-Hoofdstad)","Forest (Bruxelles-Capitale)","Arrondissement Brussel-Hoofdstad","Arrondissement de Bruxelles-Capitale",NA,NA,"Brussels Hoofdstedelijk Gewest","Région de Bruxelles-Capitale","11"
"2020-04-25","21008","Ganshoren","Ganshoren","Arrondissement Brussel-Hoofdstad","Arrondissement de Bruxelles-Capitale",NA,NA,"Brussels Hoofdstedelijk Gewest","Région de Bruxelles-Capitale","<5"
"2020-04-25","21009","Elsene","Ixelles","Arrondissement Brussel-Hoofdstad","Arrondissement de Bruxelles-Capitale",NA,NA,"Brussels Hoofdstedelijk Gewest","Région de Bruxelles-Capitale","<5"
"2020-04-25","21010","Jette","Jette","Arrondissement Brussel-Hoofdstad","Arrondissement de Bruxelles-Capitale",NA,NA,"Brussels Hoofdstedelijk Gewest","Région de Bruxelles-Capitale","<5"
"2020-04-25","21012","Sint-Jans-Molenbeek","Molenbeek-Saint-Jean","Arrondissement Brussel-Hoofdstad","Arrondissement de Bruxelles-Capitale",NA,NA,"Brussels Hoofdstedelijk Gewest","Région de Bruxelles-Capitale","<5"
"2020-04-25","21013","Sint-Gillis","Saint-Gilles","Arrondissement Brussel-Hoofdstad","Arrondissement de Bruxelles-Capitale",NA,NA,"Brussels Hoofdstedelijk Gewest","Région de Bruxelles-Capitale","<5"
"2020-04-25","21015","Schaarbeek","Schaerbeek","Arrondissement Brussel-Hoofdstad","Arrondissement de Bruxelles-Capitale",NA,NA,"Brussels Hoofdstedelijk Gewest","Région de Bruxelles-Capitale","<5"
"2020-04-25","21016","Ukkel","Uccle","Arrondissement Brussel-Hoofdstad","Arrondissement de Bruxelles-Capitale",NA,NA,"Brussels Hoofdstedelijk Gewest","Région de Bruxelles-Capitale","<5"
"2020-04-25","21018","Sint-Lambrechts-Woluwe","Woluwe-Saint-Lambert","Arrondissement Brussel-Hoofdstad","Arrondissement de Bruxelles-Capitale",NA,NA,"Brussels Hoofdstedelijk Gewest","Région de Bruxelles-Capitale","<5"
"2020-04-25","23016","Dilbeek","Dilbeek","Arrondissement Halle-Vilvoorde","Arrondissement de Hal-Vilvorde","Provincie Vlaams-Brabant","Province du Brabant flamand","Vlaams Gewest","Région flamande","<5"
"2020-04-25","23027","Halle (Halle-Vilvoorde)","Hal (Hal-Vilvorde)","Arrondissement Halle-Vilvoorde","Arrondissement de Hal-Vilvorde","Provincie Vlaams-Brabant","Province du Brabant flamand","Vlaams Gewest","Région flamande","<5"
"2020-04-25","23044","Liedekerke","Liedekerke","Arrondissement Halle-Vilvoorde","Arrondissement de Hal-Vilvorde","Provincie Vlaams-Brabant","Province du Brabant flamand","Vlaams Gewest","Région flamande","<5"
"2020-04-25","23062","Overijse","Overijse","Arrondissement Halle-Vilvoorde","Arrondissement de Hal-Vilvorde","Provincie Vlaams-Brabant","Province du Brabant flamand","Vlaams Gewest","Région flamande","<5"
"2020-04-25","24001","Aarschot","Aarschot","Arrondissement Leuven","Arrondissement de Louvain","Provincie Vlaams-Brabant","Province du Brabant flamand","Vlaams Gewest","Région flamande","<5"
"2020-04-25","24014","Boortmeerbeek","Boortmeerbeek","Arrondissement Leuven","Arrondissement de Louvain","Provincie Vlaams-Brabant","Province du Brabant flamand","Vlaams Gewest","Région flamande","<5"
"2020-04-25","24041","Hoegaarden","Hoegaarden","Arrondissement Leuven","Arrondissement de Louvain","Provincie Vlaams-Brabant","Province du Brabant flamand","Vlaams Gewest","Région flamande","<5"
"2020-04-25","24045","Huldenberg","Huldenberg","Arrondissement Leuven","Arrondissement de Louvain","Provincie Vlaams-Brabant","Province du Brabant flamand","Vlaams Gewest","Région flamande","<5"
"2020-04-25","24054","Kortenaken","Kortenaken","Arrondissement Leuven","Arrondissement de Louvain","Provincie Vlaams-Brabant","Province du Brabant flamand","Vlaams Gewest","Région flamande","<5"
"2020-04-25","24062","Leuven","Louvain","Arrondissement Leuven","Arrondissement de Louvain","Provincie Vlaams-Brabant","Province du Brabant flamand","Vlaams Gewest","Région flamande","8"
"2020-04-25","24107","Tienen","Tirlemont","Arrondissement Leuven","Arrondissement de Louvain","Provincie Vlaams-Brabant","Province du Brabant flamand","Vlaams Gewest","Région flamande","<5"
"2020-04-25","25014","Eigenbrakel","Braine-l’Alleud","Arrondissement Nijvel","Arrondissement de Nivelles","Provincie Waals-Brabant","Province du Brabant wallon","Waals Gewest","Région wallonne","14"
"2020-04-25","25044","Itter","Ittre","Arrondissement Nijvel","Arrondissement de Nivelles","Provincie Waals-Brabant","Province du Brabant wallon","Waals Gewest","Région wallonne","<5"
"2020-04-25","25050","Terhulpen","La Hulpe","Arrondissement Nijvel","Arrondissement de Nivelles","Provincie Waals-Brabant","Province du Brabant wallon","Waals Gewest","Région wallonne","<5"
"2020-04-25","25072","Nijvel","Nivelles","Arrondissement Nijvel","Arrondissement de Nivelles","Provincie Waals-Brabant","Province du Brabant wallon","Waals Gewest","Région wallonne","<5"
"2020-04-25","25091","Rixensart","Rixensart","Arrondissement Nijvel","Arrondissement de Nivelles","Provincie Waals-Brabant","Province du Brabant wallon","Waals Gewest","Région wallonne","10"
"2020-04-25","25110","Waterloo","Waterloo","Arrondissement Nijvel","Arrondissement de Nivelles","Provincie Waals-Brabant","Province du Brabant wallon","Waals Gewest","Région wallonne","<5"
"2020-04-25","25119","Lasne","Lasne","Arrondissement Nijvel","Arrondissement de Nivelles","Provincie Waals-Brabant","Province du Brabant wallon","Waals Gewest","Région wallonne","<5"
"2020-04-25","25121","Ottignies-Louvain-la-Neuve","Ottignies-Louvain-la-Neuve","Arrondissement Nijvel","Arrondissement de Nivelles","Provincie Waals-Brabant","Province du Brabant wallon","Waals Gewest","Région wallonne","<5"
"2020-04-25","25123","Rebecq","Rebecq","Arrondissement Nijvel","Arrondissement de Nivelles","Provincie Waals-Brabant","Province du Brabant wallon","Waals Gewest","Région wallonne","<5"
"2020-04-25","33029","Wervik","Wervik","Arrondissement Ieper","Arrondissement d’Ypres","Provincie West-Vlaanderen","Province de Flandre occidentale","Vlaams Gewest","Région flamande","<5"
"2020-04-25","34013","Harelbeke","Harelbeke","Arrondissement Kortrijk","Arrondissement de Courtrai","Provincie West-Vlaanderen","Province de Flandre occidentale","Vlaams Gewest","Région flamande","<5"
"2020-04-25","34027","Menen","Menin","Arrondissement Kortrijk","Arrondissement de Courtrai","Provincie West-Vlaanderen","Province de Flandre occidentale","Vlaams Gewest","Région flamande","<5"
"2020-04-25","34040","Waregem","Waregem","Arrondissement Kortrijk","Arrondissement de Courtrai","Provincie West-Vlaanderen","Province de Flandre occidentale","Vlaams Gewest","Région flamande","<5"
"2020-04-25","34041","Wevelgem","Wevelgem","Arrondissement Kortrijk","Arrondissement de Courtrai","Provincie West-Vlaanderen","Province de Flandre occidentale","Vlaams Gewest","Région flamande","<5"
"2020-04-25","34042","Zwevegem","Zwevegem","Arrondissement Kortrijk","Arrondissement de Courtrai","Provincie West-Vlaanderen","Province de Flandre occidentale","Vlaams Gewest","Région flamande","<5"
"2020-04-25","35006","Ichtegem","Ichtegem","Arrondissement Oostende","Arrondissement d’Ostende","Provincie West-Vlaanderen","Province de Flandre occidentale","Vlaams Gewest","Région flamande","<5"
"2020-04-25","35013","Oostende","Ostende","Arrondissement Oostende","Arrondissement d’Ostende","Provincie West-Vlaanderen","Province de Flandre occidentale","Vlaams Gewest","Région flamande","<5"
"2020-04-25","36008","Izegem","Izegem","Arrondissement Roeselare","Arrondissement de Roulers","Provincie West-Vlaanderen","Province de Flandre occidentale","Vlaams Gewest","Région flamande","<5"
"2020-04-25","36010","Ledegem","Ledegem","Arrondissement Roeselare","Arrondissement de Roulers","Provincie West-Vlaanderen","Province de Flandre occidentale","Vlaams Gewest","Région flamande","<5"
"2020-04-25","38008","De Panne","La Panne","Arrondissement Veurne","Arrondissement de Furnes","Provincie West-Vlaanderen","Province de Flandre occidentale","Vlaams Gewest","Région flamande","<5"
"2020-04-25","41002","Aalst (Aalst)","Alost (Alost)","Arrondissement Aalst","Arrondissement d’Alost","Provincie Oost-Vlaanderen","Province de Flandre orientale","Vlaams Gewest","Région flamande","<5"
"2020-04-25","41011","Denderleeuw","Denderleeuw","Arrondissement Aalst","Arrondissement d’Alost","Provincie Oost-Vlaanderen","Province de Flandre orientale","Vlaams Gewest","Région flamande","<5"
"2020-04-25","41024","Haaltert","Haaltert","Arrondissement Aalst","Arrondissement d’Alost","Provincie Oost-Vlaanderen","Province de Flandre orientale","Vlaams Gewest","Région flamande","<5"
"2020-04-25","41027","Herzele","Herzele","Arrondissement Aalst","Arrondissement d’Alost","Provincie Oost-Vlaanderen","Province de Flandre orientale","Vlaams Gewest","Région flamande","<5"
"2020-04-25","41034","Lede","Lede","Arrondissement Aalst","Arrondissement d’Alost","Provincie Oost-Vlaanderen","Province de Flandre orientale","Vlaams Gewest","Région flamande","<5"
"2020-04-25","41048","Ninove","Ninove","Arrondissement Aalst","Arrondissement d’Alost","Provincie Oost-Vlaanderen","Province de Flandre orientale","Vlaams Gewest","Région flamande","<5"
"2020-04-25","41063","Sint-Lievens-Houtem","Sint-Lievens-Houtem","Arrondissement Aalst","Arrondissement d’Alost","Provincie Oost-Vlaanderen","Province de Flandre orientale","Vlaams Gewest","Région flamande","<5"
"2020-04-25","42006","Dendermonde","Termonde","Arrondissement Dendermonde","Arrondissement de Termonde","Provincie Oost-Vlaanderen","Province de Flandre orientale","Vlaams Gewest","Région flamande","<5"
"2020-04-25","42026","Wichelen","Wichelen","Arrondissement Dendermonde","Arrondissement de Termonde","Provincie Oost-Vlaanderen","Province de Flandre orientale","Vlaams Gewest","Région flamande","<5"
"2020-04-25","42028","Zele","Zele","Arrondissement Dendermonde","Arrondissement de Termonde","Provincie Oost-Vlaanderen","Province de Flandre orientale","Vlaams Gewest","Région flamande","5"
"2020-04-25","44019","Evergem","Evergem","Arrondissement Gent","Arrondissement de Gand","Provincie Oost-Vlaanderen","Province de Flandre orientale","Vlaams Gewest","Région flamande","<5"
"2020-04-25","44021","Gent","Gand","Arrondissement Gent","Arrondissement de Gand","Provincie Oost-Vlaanderen","Province de Flandre orientale","Vlaams Gewest","Région flamande","<5"
"2020-04-25","44034","Lochristi","Lochristi","Arrondissement Gent","Arrondissement de Gand","Provincie Oost-Vlaanderen","Province de Flandre orientale","Vlaams Gewest","Région flamande","<5"
"2020-04-25","44048","Nazareth","Nazareth","Arrondissement Gent","Arrondissement de Gand","Provincie Oost-Vlaanderen","Province de Flandre orientale","Vlaams Gewest","Région flamande","<5"
"2020-04-25","44085","Lievegem","Lievegem","Arrondissement Gent","Arrondissement de Gand","Provincie Oost-Vlaanderen","Province de Flandre orientale","Vlaams Gewest","Région flamande","<5"
"2020-04-25","45059","Brakel","Brakel","Arrondissement Oudenaarde","Arrondissement d’Audenarde","Provincie Oost-Vlaanderen","Province de Flandre orientale","Vlaams Gewest","Région flamande","<5"
"2020-04-25","45060","Kluisbergen","Kluisbergen","Arrondissement Oudenaarde","Arrondissement d’Audenarde","Provincie Oost-Vlaanderen","Province de Flandre orientale","Vlaams Gewest","Région flamande","<5"
"2020-04-25","45065","Zwalm","Zwalin","Arrondissement Oudenaarde","Arrondissement d’Audenarde","Provincie Oost-Vlaanderen","Province de Flandre orientale","Vlaams Gewest","Région flamande","<5"
"2020-04-25","46003","Beveren (Sint-Niklaas)","Beveren (Saint-Nicolas)","Arrondissement Sint-Niklaas","Arrondissement de Saint-Nicolas","Provincie Oost-Vlaanderen","Province de Flandre orientale","Vlaams Gewest","Région flamande","<5"
"2020-04-25","46020","Sint-Gillis-Waas","Sint-Gillis-Waas","Arrondissement Sint-Niklaas","Arrondissement de Saint-Nicolas","Provincie Oost-Vlaanderen","Province de Flandre orientale","Vlaams Gewest","Région flamande","<5"
"2020-04-25","46021","Sint-Niklaas (Sint-Niklaas)","Saint-Nicolas (Saint-Nicolas)","Arrondissement Sint-Niklaas","Arrondissement de Saint-Nicolas","Provincie Oost-Vlaanderen","Province de Flandre orientale","Vlaams Gewest","Région flamande","<5"
"2020-04-25","46024","Stekene","Stekene","Arrondissement Sint-Niklaas","Arrondissement de Saint-Nicolas","Provincie Oost-Vlaanderen","Province de Flandre orientale","Vlaams Gewest","Région flamande","<5"
"2020-04-25","51067","Edingen","Enghien","Arrondissement Aat","Arrondissement d’Ath","Provincie Henegouwen","Province du Hainaut","Waals Gewest","Région wallonne","<5"
"2020-04-25","52011","Charleroi","Charleroi","Arrondissement Charleroi","Arrondissement de Charleroi","Provincie Henegouwen","Province du Hainaut","Waals Gewest","Région wallonne","<5"
"2020-04-25","52012","Châtelet","Châtelet","Arrondissement Charleroi","Arrondissement de Charleroi","Provincie Henegouwen","Province du Hainaut","Waals Gewest","Région wallonne","<5"
"2020-04-25","52015","Courcelles","Courcelles","Arrondissement Charleroi","Arrondissement de Charleroi","Provincie Henegouwen","Province du Hainaut","Waals Gewest","Région wallonne","<5"
"2020-04-25","52021","Fleurus","Fleurus","Arrondissement Charleroi","Arrondissement de Charleroi","Provincie Henegouwen","Province du Hainaut","Waals Gewest","Région wallonne","<5"
"2020-04-25","52055","Pont-à-Celles","Pont-à-Celles","Arrondissement Charleroi","Arrondissement de Charleroi","Provincie Henegouwen","Province du Hainaut","Waals Gewest","Région wallonne","<5"
"2020-04-25","53014","Boussu","Boussu","Arrondissement Bergen","Arrondissement de Mons","Provincie Henegouwen","Province du Hainaut","Waals Gewest","Région wallonne","<5"
"2020-04-25","53028","Frameries","Frameries","Arrondissement Bergen","Arrondissement de Mons","Provincie Henegouwen","Province du Hainaut","Waals Gewest","Région wallonne","<5"
"2020-04-25","53053","Bergen","Mons","Arrondissement Bergen","Arrondissement de Mons","Provincie Henegouwen","Province du Hainaut","Waals Gewest","Région wallonne","<5"
"2020-04-25","53065","Quaregnon","Quaregnon","Arrondissement Bergen","Arrondissement de Mons","Provincie Henegouwen","Province du Hainaut","Waals Gewest","Région wallonne","8"
"2020-04-25","53082","Colfontaine","Colfontaine","Arrondissement Bergen","Arrondissement de Mons","Provincie Henegouwen","Province du Hainaut","Waals Gewest","Région wallonne","<5"
"2020-04-25","53084","Quévy","Quévy","Arrondissement Bergen","Arrondissement de Mons","Provincie Henegouwen","Province du Hainaut","Waals Gewest","Région wallonne","<5"
"2020-04-25","56016","Chimay","Chimay","Arrondissement Thuin","Arrondissement de Thuin","Provincie Henegouwen","Province du Hainaut","Waals Gewest","Région wallonne","<5"
"2020-04-25","57081","Doornik","Tournai","Arrondissement Doornik-Moeskroen","Arrondissement de Tournai-Mouscron","Provincie Henegouwen","Province du Hainaut","Waals Gewest","Région wallonne","<5"
"2020-04-25","57094","Leuze-en-Hainaut","Leuze-en-Hainaut","Arrondissement Doornik-Moeskroen","Arrondissement de Tournai-Mouscron","Provincie Henegouwen","Province du Hainaut","Waals Gewest","Région wallonne","<5"
"2020-04-25","58001","La Louvière","La Louvière","Arrondissement La Louvière","Arrondissement de La Louvière","Provincie Henegouwen","Province du Hainaut","Waals Gewest","Région wallonne","7"
"2020-04-25","58004","Morlanwelz","Morlanwelz","Arrondissement La Louvière","Arrondissement de La Louvière","Provincie Henegouwen","Province du Hainaut","Waals Gewest","Région wallonne","<5"
"2020-04-25","61003","Amay","Amay","Arrondissement Hoei","Arrondissement de Huy","Provincie Luik","Province de Liège","Waals Gewest","Région wallonne","<5"
"2020-04-25","61012","Clavier","Clavier","Arrondissement Hoei","Arrondissement de Huy","Provincie Luik","Province de Liège","Waals Gewest","Région wallonne","<5"
"2020-04-25","61019","Ferrières","Ferrières","Arrondissement Hoei","Arrondissement de Huy","Provincie Luik","Province de Liège","Waals Gewest","Région wallonne","<5"
"2020-04-25","61031","Hoei","Huy","Arrondissement Hoei","Arrondissement de Huy","Provincie Luik","Province de Liège","Waals Gewest","Région wallonne","<5"
"2020-04-25","61039","Marchin","Marchin","Arrondissement Hoei","Arrondissement de Huy","Provincie Luik","Province de Liège","Waals Gewest","Région wallonne","<5"
"2020-04-25","61063","Verlaine","Verlaine","Arrondissement Hoei","Arrondissement de Huy","Provincie Luik","Province de Liège","Waals Gewest","Région wallonne","<5"
"2020-04-25","61068","Villers-Le-Bouillet","Villers-Le-Bouillet","Arrondissement Hoei","Arrondissement de Huy","Provincie Luik","Province de Liège","Waals Gewest","Région wallonne","<5"
"2020-04-25","61080","Engis","Engis","Arrondissement Hoei","Arrondissement de Huy","Provincie Luik","Province de Liège","Waals Gewest","Région wallonne","<5"
"2020-04-25","62003","Ans","Ans","Arrondissement Luik","Arrondissement de Liège","Provincie Luik","Province de Liège","Waals Gewest","Région wallonne","<5"
"2020-04-25","62009","Aywaille","Aywaille","Arrondissement Luik","Arrondissement de Liège","Provincie Luik","Province de Liège","Waals Gewest","Région wallonne","5"
"2020-04-25","62011","Bitsingen","Bassenge","Arrondissement Luik","Arrondissement de Liège","Provincie Luik","Province de Liège","Waals Gewest","Région wallonne","<5"
"2020-04-25","62015","Beyne-Heusay","Beyne-Heusay","Arrondissement Luik","Arrondissement de Liège","Provincie Luik","Province de Liège","Waals Gewest","Région wallonne","<5"
"2020-04-25","62022","Chaudfontaine","Chaudfontaine","Arrondissement Luik","Arrondissement de Liège","Provincie Luik","Province de Liège","Waals Gewest","Région wallonne","<5"
"2020-04-25","62026","Comblain-au-Pont","Comblain-au-Pont","Arrondissement Luik","Arrondissement de Liège","Provincie Luik","Province de Liège","Waals Gewest","Région wallonne","<5"
"2020-04-25","62032","Esneux","Esneux","Arrondissement Luik","Arrondissement de Liège","Provincie Luik","Province de Liège","Waals Gewest","Région wallonne","<5"
"2020-04-25","62038","Fléron","Fléron","Arrondissement Luik","Arrondissement de Liège","Provincie Luik","Province de Liège","Waals Gewest","Région wallonne","<5"
"2020-04-25","62063","Luik","Liège","Arrondissement Luik","Arrondissement de Liège","Provincie Luik","Province de Liège","Waals Gewest","Région wallonne","13"
"2020-04-25","62079","Oupeye","Oupeye","Arrondissement Luik","Arrondissement de Liège","Provincie Luik","Province de Liège","Waals Gewest","Région wallonne","7"
"2020-04-25","62093","Saint-Nicolas (Luik)","Saint-Nicolas (Liège)","Arrondissement Luik","Arrondissement de Liège","Provincie Luik","Province de Liège","Waals Gewest","Région wallonne","<5"
"2020-04-25","62096","Seraing","Seraing","Arrondissement Luik","Arrondissement de Liège","Provincie Luik","Province de Liège","Waals Gewest","Région wallonne","5"
"2020-04-25","62099","Soumagne","Soumagne","Arrondissement Luik","Arrondissement de Liège","Provincie Luik","Province de Liège","Waals Gewest","Région wallonne","<5"
"2020-04-25","62100","Sprimont","Sprimont","Arrondissement Luik","Arrondissement de Liège","Provincie Luik","Province de Liège","Waals Gewest","Région wallonne","11"
"2020-04-25","62118","Grâce-Hollogne","Grâce-Hollogne","Arrondissement Luik","Arrondissement de Liège","Provincie Luik","Province de Liège","Waals Gewest","Région wallonne","<5"
"2020-04-25","62119","Blegny","Blegny","Arrondissement Luik","Arrondissement de Liège","Provincie Luik","Province de Liège","Waals Gewest","Région wallonne","<5"
"2020-04-25","62120","Flémalle","Flémalle","Arrondissement Luik","Arrondissement de Liège","Provincie Luik","Province de Liège","Waals Gewest","Région wallonne","<5"
"2020-04-25","62121","Neupré","Neupré","Arrondissement Luik","Arrondissement de Liège","Provincie Luik","Province de Liège","Waals Gewest","Région wallonne","<5"
"2020-04-25","62122","Trooz","Trooz","Arrondissement Luik","Arrondissement de Liège","Provincie Luik","Province de Liège","Waals Gewest","Région wallonne","<5"
"2020-04-25","63020","Dison","Dison","Arrondissement Verviers","Arrondissement de Verviers","Provincie Luik","Province de Liège","Waals Gewest","Région wallonne","<5"
"2020-04-25","63035","Herve","Herve","Arrondissement Verviers","Arrondissement de Verviers","Provincie Luik","Province de Liège","Waals Gewest","Région wallonne","<5"
"2020-04-25","63049","Malmedy","Malmedy","Arrondissement Verviers","Arrondissement de Verviers","Provincie Luik","Province de Liège","Waals Gewest","Région wallonne","<5"
"2020-04-25","63058","Pepinster","Pepinster","Arrondissement Verviers","Arrondissement de Verviers","Provincie Luik","Province de Liège","Waals Gewest","Région wallonne","<5"
"2020-04-25","63072","Spa","Spa","Arrondissement Verviers","Arrondissement de Verviers","Provincie Luik","Province de Liège","Waals Gewest","Région wallonne","<5"
"2020-04-25","63076","Theux","Theux","Arrondissement Verviers","Arrondissement de Verviers","Provincie Luik","Province de Liège","Waals Gewest","Région wallonne","<5"
"2020-04-25","63079","Verviers","Verviers","Arrondissement Verviers","Arrondissement de Verviers","Provincie Luik","Province de Liège","Waals Gewest","Région wallonne","11"
"2020-04-25","63087","Burg-Reuland","Burg-Reuland","Arrondissement Verviers","Arrondissement de Verviers","Provincie Luik","Province de Liège","Waals Gewest","Région wallonne","<5"
"2020-04-25","64015","Braives","Braives","Arrondissement Borgworm","Arrondissement de Waremme","Provincie Luik","Province de Liège","Waals Gewest","Région wallonne","<5"
"2020-04-25","71004","Beringen","Beringen","Arrondissement Hasselt","Arrondissement de Hasselt","Provincie Limburg","Province du Limbourg","Vlaams Gewest","Région flamande","<5"
"2020-04-25","71016","Genk","Genk","Arrondissement Hasselt","Arrondissement de Hasselt","Provincie Limburg","Province du Limbourg","Vlaams Gewest","Région flamande","<5"
"2020-04-25","71022","Hasselt","Hasselt","Arrondissement Hasselt","Arrondissement de Hasselt","Provincie Limburg","Province du Limbourg","Vlaams Gewest","Région flamande","<5"
"2020-04-25","71024","Herk-de-Stad","Herck-la-Ville","Arrondissement Hasselt","Arrondissement de Hasselt","Provincie Limburg","Province du Limbourg","Vlaams Gewest","Région flamande","<5"
"2020-04-25","71045","Nieuwerkerken (Hasselt)","Nieuwerkerken (Hasselt)","Arrondissement Hasselt","Arrondissement de Hasselt","Provincie Limburg","Province du Limbourg","Vlaams Gewest","Région flamande","<5"
"2020-04-25","71057","Tessenderlo","Tessenderlo","Arrondissement Hasselt","Arrondissement de Hasselt","Provincie Limburg","Province du Limbourg","Vlaams Gewest","Région flamande","<5"
"2020-04-25","71069","Ham","Ham","Arrondissement Hasselt","Arrondissement de Hasselt","Provincie Limburg","Province du Limbourg","Vlaams Gewest","Région flamande","<5"
"2020-04-25","72018","Kinrooi","Kinrooi","Arrondissement Maaseik","Arrondissement de Maaseik","Provincie Limburg","Province du Limbourg","Vlaams Gewest","Région flamande","<5"
"2020-04-25","72039","Houthalen-Helchteren","Houthalen-Helchteren","Arrondissement Maaseik","Arrondissement de Maaseik","Provincie Limburg","Province du Limbourg","Vlaams Gewest","Région flamande","<5"
"2020-04-25","72041","Dilsen-Stokkem","Dilsen-Stokkem","Arrondissement Maaseik","Arrondissement de Maaseik","Provincie Limburg","Province du Limbourg","Vlaams Gewest","Région flamande","<5"
"2020-04-25","72042","Oudsbergen","Oudsbergen","Arrondissement Maaseik","Arrondissement de Maaseik","Provincie Limburg","Province du Limbourg","Vlaams Gewest","Région flamande","<5"
"2020-04-25","72043","Pelt","Pelt","Arrondissement Maaseik","Arrondissement de Maaseik","Provincie Limburg","Province du Limbourg","Vlaams Gewest","Région flamande","<5"
"2020-04-25","73009","Borgloon","Looz","Arrondissement Tongeren","Arrondissement de Tongres","Provincie Limburg","Province du Limbourg","Vlaams Gewest","Région flamande","<5"
"2020-04-25","73022","Heers","Heers","Arrondissement Tongeren","Arrondissement de Tongres","Provincie Limburg","Province du Limbourg","Vlaams Gewest","Région flamande","<5"
"2020-04-25","73032","Hoeselt","Hoeselt","Arrondissement Tongeren","Arrondissement de Tongres","Provincie Limburg","Province du Limbourg","Vlaams Gewest","Région flamande","<5"
"2020-04-25","73042","Lanaken","Lanaken","Arrondissement Tongeren","Arrondissement de Tongres","Provincie Limburg","Province du Limbourg","Vlaams Gewest","Région flamande","<5"
"2020-04-25","73083","Tongeren","Tongres","Arrondissement Tongeren","Arrondissement de Tongres","Provincie Limburg","Province du Limbourg","Vlaams Gewest","Région flamande","<5"
"2020-04-25","73107","Maasmechelen","Maasmechelen","Arrondissement Tongeren","Arrondissement de Tongres","Provincie Limburg","Province du Limbourg","Vlaams Gewest","Région flamande","<5"
"2020-04-25","83012","Durbuy","Durbuy","Arrondissement Marche-en-Famenne","Arrondissement de Marche-en-Famenne","Provincie Luxemburg","Province du Luxembourg","Waals Gewest","Région wallonne","<5"
"2020-04-25","83028","Hotton","Hotton","Arrondissement Marche-en-Famenne","Arrondissement de Marche-en-Famenne","Provincie Luxemburg","Province du Luxembourg","Waals Gewest","Région wallonne","<5"
"2020-04-25","84068","Tellin","Tellin","Arrondissement Neufchâteau","Arrondissement de Neufchâteau","Provincie Luxemburg","Province du Luxembourg","Waals Gewest","Région wallonne","<5"
"2020-04-25","91030","Ciney","Ciney","Arrondissement Dinant","Arrondissement de Dinant","Provincie Namen","Province de Namur","Waals Gewest","Région wallonne","<5"
"2020-04-25","92003","Andenne","Andenne","Arrondissement Namen","Arrondissement de Namur","Provincie Namen","Province de Namur","Waals Gewest","Région wallonne","<5"
"2020-04-25","92006","Assesse","Assesse","Arrondissement Namen","Arrondissement de Namur","Provincie Namen","Province de Namur","Waals Gewest","Région wallonne","<5"
"2020-04-25","92035","Eghezée","Eghezée","Arrondissement Namen","Arrondissement de Namur","Provincie Namen","Province de Namur","Waals Gewest","Région wallonne","<5"
"2020-04-25","92054","Gesves","Gesves","Arrondissement Namen","Arrondissement de Namur","Provincie Namen","Province de Namur","Waals Gewest","Région wallonne","14"
"2020-04-25","92087","Mettet","Mettet","Arrondissement Namen","Arrondissement de Namur","Provincie Namen","Province de Namur","Waals Gewest","Région wallonne","<5"
"2020-04-25","92094","Namen","Namur","Arrondissement Namen","Arrondissement de Namur","Provincie Namen","Province de Namur","Waals Gewest","Région wallonne","7"
"2020-04-25","92101","Profondeville","Profondeville","Arrondissement Namen","Arrondissement de Namur","Provincie Namen","Province de Namur","Waals Gewest","Région wallonne","<5"
"2020-04-25","92137","Sambreville","Sambreville","Arrondissement Namen","Arrondissement de Namur","Provincie Namen","Province de Namur","Waals Gewest","Région wallonne","<5"
"2020-04-25","92140","Jemeppe-sur-Sambre","Jemeppe-sur-Sambre","Arrondissement Namen","Arrondissement de Namur","Provincie Namen","Province de Namur","Waals Gewest","Région wallonne","<5"
"2020-04-25","92141","La Bruyère","La Bruyère","Arrondissement Namen","Arrondissement de Namur","Provincie Namen","Province de Namur","Waals Gewest","Région wallonne","<5"
"2020-04-25","93014","Couvin","Couvin","Arrondissement Philippeville","Arrondissement de Philippeville","Provincie Namen","Province de Namur","Waals Gewest","Région wallonne","<5"
"2020-04-25","93022","Florennes","Florennes","Arrondissement Philippeville","Arrondissement de Philippeville","Provincie Namen","Province de Namur","Waals Gewest","Région wallonne","<5"
"2020-04-25","93056","Philippeville","Philippeville","Arrondissement Philippeville","Arrondissement de Philippeville","Provincie Namen","Province de Namur","Waals Gewest","Région wallonne","<5"
"2020-04-25",NA,NA,NA,NA,NA,NA,NA,NA,NA,"7"
"2020-04-26","11002","Antwerpen","Anvers","Arrondissement Antwerpen","Arrondissement d’Anvers","Provincie Antwerpen","Province d’Anvers","Vlaams Gewest","Région flamande","11"
"2020-04-26","11008","Brasschaat","Brasschaat","Arrondissement Antwerpen","Arrondissement d’Anvers","Provincie Antwerpen","Province d’Anvers","Vlaams Gewest","Région flamande","<5"
"2020-04-26","11009","Brecht","Brecht","Arrondissement Antwerpen","Arrondissement d’Anvers","Provincie Antwerpen","Province d’Anvers","Vlaams Gewest","Région flamande","<5"
"2020-04-26","11023","Kapellen (Antwerpen)","Kapellen (Anvers)","Arrondissement Antwerpen","Arrondissement d’Anvers","Provincie Antwerpen","Province d’Anvers","Vlaams Gewest","Région flamande","<5"
"2020-04-26","11044","Stabroek","Stabroek","Arrondissement Antwerpen","Arrondissement d’Anvers","Provincie Antwerpen","Province d’Anvers","Vlaams Gewest","Région flamande","<5"
"2020-04-26","11052","Wommelgem","Wommelgem","Arrondissement Antwerpen","Arrondissement d’Anvers","Provincie Antwerpen","Province d’Anvers","Vlaams Gewest","Région flamande","<5"
"2020-04-26","11053","Wuustwezel","Wuustwezel","Arrondissement Antwerpen","Arrondissement d’Anvers","Provincie Antwerpen","Province d’Anvers","Vlaams Gewest","Région flamande","<5"
"2020-04-26","11056","Zwijndrecht","Zwijndrecht","Arrondissement Antwerpen","Arrondissement d’Anvers","Provincie Antwerpen","Province d’Anvers","Vlaams Gewest","Région flamande","<5"
"2020-04-26","12007","Bornem","Bornem","Arrondissement Mechelen","Arrondissement de Malines","Provincie Antwerpen","Province d’Anvers","Vlaams Gewest","Région flamande","<5"
"2020-04-26","12025","Mechelen","Malines","Arrondissement Mechelen","Arrondissement de Malines","Provincie Antwerpen","Province d’Anvers","Vlaams Gewest","Région flamande","<5"
"2020-04-26","12026","Nijlen","Nijlen","Arrondissement Mechelen","Arrondissement de Malines","Provincie Antwerpen","Province d’Anvers","Vlaams Gewest","Région flamande","<5"
"2020-04-26","12035","Sint-Katelijne-Waver","Sint-Katelijne-Waver","Arrondissement Mechelen","Arrondissement de Malines","Provincie Antwerpen","Province d’Anvers","Vlaams Gewest","Région flamande","<5"
"2020-04-26","12040","Willebroek","Willebroek","Arrondissement Mechelen","Arrondissement de Malines","Provincie Antwerpen","Province d’Anvers","Vlaams Gewest","Région flamande","<5"
"2020-04-26","13001","Arendonk","Arendonk","Arrondissement Turnhout","Arrondissement de Turnhout","Provincie Antwerpen","Province d’Anvers","Vlaams Gewest","Région flamande","<5"
"2020-04-26","13004","Beerse","Beerse","Arrondissement Turnhout","Arrondissement de Turnhout","Provincie Antwerpen","Province d’Anvers","Vlaams Gewest","Région flamande","<5"
"2020-04-26","13011","Herentals","Herentals","Arrondissement Turnhout","Arrondissement de Turnhout","Provincie Antwerpen","Province d’Anvers","Vlaams Gewest","Région flamande","<5"
"2020-04-26","13014","Hoogstraten","Hoogstraten","Arrondissement Turnhout","Arrondissement de Turnhout","Provincie Antwerpen","Province d’Anvers","Vlaams Gewest","Région flamande","<5"
"2020-04-26","13021","Meerhout","Meerhout","Arrondissement Turnhout","Arrondissement de Turnhout","Provincie Antwerpen","Province d’Anvers","Vlaams Gewest","Région flamande","<5"
"2020-04-26","13035","Ravels","Ravels","Arrondissement Turnhout","Arrondissement de Turnhout","Provincie Antwerpen","Province d’Anvers","Vlaams Gewest","Région flamande","<5"
"2020-04-26","13040","Turnhout","Turnhout","Arrondissement Turnhout","Arrondissement de Turnhout","Provincie Antwerpen","Province d’Anvers","Vlaams Gewest","Région flamande","<5"
"2020-04-26","13046","Vosselaar","Vosselaar","Arrondissement Turnhout","Arrondissement de Turnhout","Provincie Antwerpen","Province d’Anvers","Vlaams Gewest","Région flamande","<5"
"2020-04-26","13053","Laakdal","Laakdal","Arrondissement Turnhout","Arrondissement de Turnhout","Provincie Antwerpen","Province d’Anvers","Vlaams Gewest","Région flamande","<5"
"2020-04-26","21001","Anderlecht","Anderlecht","Arrondissement Brussel-Hoofdstad","Arrondissement de Bruxelles-Capitale",NA,NA,"Brussels Hoofdstedelijk Gewest","Région de Bruxelles-Capitale","<5"
"2020-04-26","21003","Sint-Agatha-Berchem","Berchem-Sainte-Agathe","Arrondissement Brussel-Hoofdstad","Arrondissement de Bruxelles-Capitale",NA,NA,"Brussels Hoofdstedelijk Gewest","Région de Bruxelles-Capitale","<5"
"2020-04-26","21004","Brussel","Bruxelles","Arrondissement Brussel-Hoofdstad","Arrondissement de Bruxelles-Capitale",NA,NA,"Brussels Hoofdstedelijk Gewest","Région de Bruxelles-Capitale","<5"
"2020-04-26","21007","Vorst (Brussel-Hoofdstad)","Forest (Bruxelles-Capitale)","Arrondissement Brussel-Hoofdstad","Arrondissement de Bruxelles-Capitale",NA,NA,"Brussels Hoofdstedelijk Gewest","Région de Bruxelles-Capitale","<5"
"2020-04-26","21010","Jette","Jette","Arrondissement Brussel-Hoofdstad","Arrondissement de Bruxelles-Capitale",NA,NA,"Brussels Hoofdstedelijk Gewest","Région de Bruxelles-Capitale","<5"
"2020-04-26","21012","Sint-Jans-Molenbeek","Molenbeek-Saint-Jean","Arrondissement Brussel-Hoofdstad","Arrondissement de Bruxelles-Capitale",NA,NA,"Brussels Hoofdstedelijk Gewest","Région de Bruxelles-Capitale","<5"
"2020-04-26","21013","Sint-Gillis","Saint-Gilles","Arrondissement Brussel-Hoofdstad","Arrondissement de Bruxelles-Capitale",NA,NA,"Brussels Hoofdstedelijk Gewest","Région de Bruxelles-Capitale","<5"
"2020-04-26","21015","Schaarbeek","Schaerbeek","Arrondissement Brussel-Hoofdstad","Arrondissement de Bruxelles-Capitale",NA,NA,"Brussels Hoofdstedelijk Gewest","Région de Bruxelles-Capitale","<5"
"2020-04-26","21017","Watermaal-Bosvoorde","Watermael-Boitsfort","Arrondissement Brussel-Hoofdstad","Arrondissement de Bruxelles-Capitale",NA,NA,"Brussels Hoofdstedelijk Gewest","Région de Bruxelles-Capitale","<5"
"2020-04-26","23003","Beersel","Beersel","Arrondissement Halle-Vilvoorde","Arrondissement de Hal-Vilvorde","Provincie Vlaams-Brabant","Province du Brabant flamand","Vlaams Gewest","Région flamande","<5"
"2020-04-26","23016","Dilbeek","Dilbeek","Arrondissement Halle-Vilvoorde","Arrondissement de Hal-Vilvorde","Provincie Vlaams-Brabant","Province du Brabant flamand","Vlaams Gewest","Région flamande","<5"
"2020-04-26","23025","Grimbergen","Grimbergen","Arrondissement Halle-Vilvoorde","Arrondissement de Hal-Vilvorde","Provincie Vlaams-Brabant","Province du Brabant flamand","Vlaams Gewest","Région flamande","<5"
"2020-04-26","23045","Londerzeel","Londerzeel","Arrondissement Halle-Vilvoorde","Arrondissement de Hal-Vilvorde","Provincie Vlaams-Brabant","Province du Brabant flamand","Vlaams Gewest","Région flamande","<5"
"2020-04-26","23062","Overijse","Overijse","Arrondissement Halle-Vilvoorde","Arrondissement de Hal-Vilvorde","Provincie Vlaams-Brabant","Province du Brabant flamand","Vlaams Gewest","Région flamande","<5"
"2020-04-26","23077","Sint-Pieters-Leeuw","Sint-Pieters-Leeuw","Arrondissement Halle-Vilvoorde","Arrondissement de Hal-Vilvorde","Provincie Vlaams-Brabant","Province du Brabant flamand","Vlaams Gewest","Région flamande","<5"
"2020-04-26","23088","Vilvoorde","Vilvorde","Arrondissement Halle-Vilvoorde","Arrondissement de Hal-Vilvorde","Provincie Vlaams-Brabant","Province du Brabant flamand","Vlaams Gewest","Région flamande","<5"
"2020-04-26","23098","Drogenbos","Drogenbos","Arrondissement Halle-Vilvoorde","Arrondissement de Hal-Vilvorde","Provincie Vlaams-Brabant","Province du Brabant flamand","Vlaams Gewest","Région flamande","<5"
"2020-04-26","24014","Boortmeerbeek","Boortmeerbeek","Arrondissement Leuven","Arrondissement de Louvain","Provincie Vlaams-Brabant","Province du Brabant flamand","Vlaams Gewest","Région flamande","<5"
"2020-04-26","24038","Herent","Herent","Arrondissement Leuven","Arrondissement de Louvain","Provincie Vlaams-Brabant","Province du Brabant flamand","Vlaams Gewest","Région flamande","<5"
"2020-04-26","24062","Leuven","Louvain","Arrondissement Leuven","Arrondissement de Louvain","Provincie Vlaams-Brabant","Province du Brabant flamand","Vlaams Gewest","Région flamande","<5"
"2020-04-26","24104","Tervuren","Tervuren","Arrondissement Leuven","Arrondissement de Louvain","Provincie Vlaams-Brabant","Province du Brabant flamand","Vlaams Gewest","Région flamande","<5"
"2020-04-26","25105","Tubeke","Tubize","Arrondissement Nijvel","Arrondissement de Nivelles","Provincie Waals-Brabant","Province du Brabant wallon","Waals Gewest","Région wallonne","<5"
"2020-04-26","25110","Waterloo","Waterloo","Arrondissement Nijvel","Arrondissement de Nivelles","Provincie Waals-Brabant","Province du Brabant wallon","Waals Gewest","Région wallonne","<5"
"2020-04-26","25118","Hélécine","Hélécine","Arrondissement Nijvel","Arrondissement de Nivelles","Provincie Waals-Brabant","Province du Brabant wallon","Waals Gewest","Région wallonne","<5"
"2020-04-26","31003","Beernem","Beernem","Arrondissement Brugge","Arrondissement de Bruges","Provincie West-Vlaanderen","Province de Flandre occidentale","Vlaams Gewest","Région flamande","<5"
"2020-04-26","31005","Brugge","Bruges","Arrondissement Brugge","Arrondissement de Bruges","Provincie West-Vlaanderen","Province de Flandre occidentale","Vlaams Gewest","Région flamande","<5"
"2020-04-26","31012","Jabbeke","Jabbeke","Arrondissement Brugge","Arrondissement de Bruges","Provincie West-Vlaanderen","Province de Flandre occidentale","Vlaams Gewest","Région flamande","<5"
"2020-04-26","31022","Oostkamp","Oostkamp","Arrondissement Brugge","Arrondissement de Bruges","Provincie West-Vlaanderen","Province de Flandre occidentale","Vlaams Gewest","Région flamande","<5"
"2020-04-26","32006","Houthulst","Houthulst","Arrondissement Diksmuide","Arrondissement de Dixmude","Provincie West-Vlaanderen","Province de Flandre occidentale","Vlaams Gewest","Région flamande","<5"
"2020-04-26","33029","Wervik","Wervik","Arrondissement Ieper","Arrondissement d’Ypres","Provincie West-Vlaanderen","Province de Flandre occidentale","Vlaams Gewest","Région flamande","<5"
"2020-04-26","34003","Avelgem","Avelgem","Arrondissement Kortrijk","Arrondissement de Courtrai","Provincie West-Vlaanderen","Province de Flandre occidentale","Vlaams Gewest","Région flamande","<5"
"2020-04-26","34023","Kuurne","Kuurne","Arrondissement Kortrijk","Arrondissement de Courtrai","Provincie West-Vlaanderen","Province de Flandre occidentale","Vlaams Gewest","Région flamande","<5"
"2020-04-26","35005","Gistel","Gistel","Arrondissement Oostende","Arrondissement d’Ostende","Provincie West-Vlaanderen","Province de Flandre occidentale","Vlaams Gewest","Région flamande","<5"
"2020-04-26","35013","Oostende","Ostende","Arrondissement Oostende","Arrondissement d’Ostende","Provincie West-Vlaanderen","Province de Flandre occidentale","Vlaams Gewest","Région flamande","<5"
"2020-04-26","36008","Izegem","Izegem","Arrondissement Roeselare","Arrondissement de Roulers","Provincie West-Vlaanderen","Province de Flandre occidentale","Vlaams Gewest","Région flamande","<5"
"2020-04-26","36015","Roeselare","Roulers","Arrondissement Roeselare","Arrondissement de Roulers","Provincie West-Vlaanderen","Province de Flandre occidentale","Vlaams Gewest","Région flamande","<5"
"2020-04-26","38008","De Panne","La Panne","Arrondissement Veurne","Arrondissement de Furnes","Provincie West-Vlaanderen","Province de Flandre occidentale","Vlaams Gewest","Région flamande","<5"
"2020-04-26","38016","Nieuwpoort","Nieuport","Arrondissement Veurne","Arrondissement de Furnes","Provincie West-Vlaanderen","Province de Flandre occidentale","Vlaams Gewest","Région flamande","<5"
"2020-04-26","44021","Gent","Gand","Arrondissement Gent","Arrondissement de Gand","Provincie Oost-Vlaanderen","Province de Flandre orientale","Vlaams Gewest","Région flamande","<5"
"2020-04-26","44034","Lochristi","Lochristi","Arrondissement Gent","Arrondissement de Gand","Provincie Oost-Vlaanderen","Province de Flandre orientale","Vlaams Gewest","Région flamande","<5"
"2020-04-26","45035","Oudenaarde","Audenarde","Arrondissement Oudenaarde","Arrondissement d’Audenarde","Provincie Oost-Vlaanderen","Province de Flandre orientale","Vlaams Gewest","Région flamande","<5"
"2020-04-26","45041","Ronse","Renaix","Arrondissement Oudenaarde","Arrondissement d’Audenarde","Provincie Oost-Vlaanderen","Province de Flandre orientale","Vlaams Gewest","Région flamande","<5"
"2020-04-26","46003","Beveren (Sint-Niklaas)","Beveren (Saint-Nicolas)","Arrondissement Sint-Niklaas","Arrondissement de Saint-Nicolas","Provincie Oost-Vlaanderen","Province de Flandre orientale","Vlaams Gewest","Région flamande","<5"
"2020-04-26","46014","Lokeren","Lokeren","Arrondissement Sint-Niklaas","Arrondissement de Saint-Nicolas","Provincie Oost-Vlaanderen","Province de Flandre orientale","Vlaams Gewest","Région flamande","<5"
"2020-04-26","46020","Sint-Gillis-Waas","Sint-Gillis-Waas","Arrondissement Sint-Niklaas","Arrondissement de Saint-Nicolas","Provincie Oost-Vlaanderen","Province de Flandre orientale","Vlaams Gewest","Région flamande","<5"
"2020-04-26","46021","Sint-Niklaas (Sint-Niklaas)","Saint-Nicolas (Saint-Nicolas)","Arrondissement Sint-Niklaas","Arrondissement de Saint-Nicolas","Provincie Oost-Vlaanderen","Province de Flandre orientale","Vlaams Gewest","Région flamande","<5"
"2020-04-26","51009","Bernissart","Bernissart","Arrondissement Aat","Arrondissement d’Ath","Provincie Henegouwen","Province du Hainaut","Waals Gewest","Région wallonne","<5"
"2020-04-26","52011","Charleroi","Charleroi","Arrondissement Charleroi","Arrondissement de Charleroi","Provincie Henegouwen","Province du Hainaut","Waals Gewest","Région wallonne","8"
"2020-04-26","52012","Châtelet","Châtelet","Arrondissement Charleroi","Arrondissement de Charleroi","Provincie Henegouwen","Province du Hainaut","Waals Gewest","Région wallonne","<5"
"2020-04-26","52015","Courcelles","Courcelles","Arrondissement Charleroi","Arrondissement de Charleroi","Provincie Henegouwen","Province du Hainaut","Waals Gewest","Région wallonne","<5"
"2020-04-26","53014","Boussu","Boussu","Arrondissement Bergen","Arrondissement de Mons","Provincie Henegouwen","Province du Hainaut","Waals Gewest","Région wallonne","<5"
"2020-04-26","55004","’s Gravenbrakel","Braine-le-Comte","Arrondissement Zinnik","Arrondissement de Soignies","Provincie Henegouwen","Province du Hainaut","Waals Gewest","Région wallonne","<5"
"2020-04-26","55040","Zinnik","Soignies","Arrondissement Zinnik","Arrondissement de Soignies","Provincie Henegouwen","Province du Hainaut","Waals Gewest","Région wallonne","<5"
"2020-04-26","55050","Ecaussinnes","Ecaussinnes","Arrondissement Zinnik","Arrondissement de Soignies","Provincie Henegouwen","Province du Hainaut","Waals Gewest","Région wallonne","<5"
"2020-04-26","55086","Manage","Manage","Arrondissement Zinnik","Arrondissement de Soignies","Provincie Henegouwen","Province du Hainaut","Waals Gewest","Région wallonne","<5"
"2020-04-26","56005","Beaumont","Beaumont","Arrondissement Thuin","Arrondissement de Thuin","Provincie Henegouwen","Province du Hainaut","Waals Gewest","Région wallonne","<5"
"2020-04-26","57003","Antoing","Antoing","Arrondissement Doornik-Moeskroen","Arrondissement de Tournai-Mouscron","Provincie Henegouwen","Province du Hainaut","Waals Gewest","Région wallonne","<5"
"2020-04-26","57027","Estaimpuis","Estaimpuis","Arrondissement Doornik-Moeskroen","Arrondissement de Tournai-Mouscron","Provincie Henegouwen","Province du Hainaut","Waals Gewest","Région wallonne","<5"
"2020-04-26","57081","Doornik","Tournai","Arrondissement Doornik-Moeskroen","Arrondissement de Tournai-Mouscron","Provincie Henegouwen","Province du Hainaut","Waals Gewest","Région wallonne","<5"
"2020-04-26","57096","Moeskroen","Mouscron","Arrondissement Doornik-Moeskroen","Arrondissement de Tournai-Mouscron","Provincie Henegouwen","Province du Hainaut","Waals Gewest","Région wallonne","5"
"2020-04-26","57097","Komen-Waasten","Comines-Warneton","Arrondissement Doornik-Moeskroen","Arrondissement de Tournai-Mouscron","Provincie Henegouwen","Province du Hainaut","Waals Gewest","Région wallonne","<5"
"2020-04-26","58001","La Louvière","La Louvière","Arrondissement La Louvière","Arrondissement de La Louvière","Provincie Henegouwen","Province du Hainaut","Waals Gewest","Région wallonne","<5"
"2020-04-26","61031","Hoei","Huy","Arrondissement Hoei","Arrondissement de Huy","Provincie Luik","Province de Liège","Waals Gewest","Région wallonne","<5"
"2020-04-26","61072","Wanze","Wanze","Arrondissement Hoei","Arrondissement de Huy","Provincie Luik","Province de Liège","Waals Gewest","Région wallonne","<5"
"2020-04-26","62003","Ans","Ans","Arrondissement Luik","Arrondissement de Liège","Provincie Luik","Province de Liège","Waals Gewest","Région wallonne","<5"
"2020-04-26","62051","Herstal","Herstal","Arrondissement Luik","Arrondissement de Liège","Provincie Luik","Province de Liège","Waals Gewest","Région wallonne","<5"
"2020-04-26","62063","Luik","Liège","Arrondissement Luik","Arrondissement de Liège","Provincie Luik","Province de Liège","Waals Gewest","Région wallonne","<5"
"2020-04-26","62093","Saint-Nicolas (Luik)","Saint-Nicolas (Liège)","Arrondissement Luik","Arrondissement de Liège","Provincie Luik","Province de Liège","Waals Gewest","Région wallonne","<5"
"2020-04-26","62096","Seraing","Seraing","Arrondissement Luik","Arrondissement de Liège","Provincie Luik","Province de Liège","Waals Gewest","Région wallonne","<5"
"2020-04-26","62118","Grâce-Hollogne","Grâce-Hollogne","Arrondissement Luik","Arrondissement de Liège","Provincie Luik","Province de Liège","Waals Gewest","Région wallonne","<5"
"2020-04-26","63049","Malmedy","Malmedy","Arrondissement Verviers","Arrondissement de Verviers","Provincie Luik","Province de Liège","Waals Gewest","Région wallonne","<5"
"2020-04-26","63058","Pepinster","Pepinster","Arrondissement Verviers","Arrondissement de Verviers","Provincie Luik","Province de Liège","Waals Gewest","Région wallonne","<5"
"2020-04-26","63061","Raeren","Raeren","Arrondissement Verviers","Arrondissement de Verviers","Provincie Luik","Province de Liège","Waals Gewest","Région wallonne","<5"
"2020-04-26","63073","Stavelot","Stavelot","Arrondissement Verviers","Arrondissement de Verviers","Provincie Luik","Province de Liège","Waals Gewest","Région wallonne","<5"
"2020-04-26","63079","Verviers","Verviers","Arrondissement Verviers","Arrondissement de Verviers","Provincie Luik","Province de Liège","Waals Gewest","Région wallonne","<5"
"2020-04-26","64034","Hannuit","Hannut","Arrondissement Borgworm","Arrondissement de Waremme","Provincie Luik","Province de Liège","Waals Gewest","Région wallonne","<5"
"2020-04-26","71002","As","As","Arrondissement Hasselt","Arrondissement de Hasselt","Provincie Limburg","Province du Limbourg","Vlaams Gewest","Région flamande","<5"
"2020-04-26","71004","Beringen","Beringen","Arrondissement Hasselt","Arrondissement de Hasselt","Provincie Limburg","Province du Limbourg","Vlaams Gewest","Région flamande","<5"
"2020-04-26","71011","Diepenbeek","Diepenbeek","Arrondissement Hasselt","Arrondissement de Hasselt","Provincie Limburg","Province du Limbourg","Vlaams Gewest","Région flamande","<5"
"2020-04-26","71016","Genk","Genk","Arrondissement Hasselt","Arrondissement de Hasselt","Provincie Limburg","Province du Limbourg","Vlaams Gewest","Région flamande","<5"
"2020-04-26","71020","Halen","Halen","Arrondissement Hasselt","Arrondissement de Hasselt","Provincie Limburg","Province du Limbourg","Vlaams Gewest","Région flamande","<5"
"2020-04-26","71022","Hasselt","Hasselt","Arrondissement Hasselt","Arrondissement de Hasselt","Provincie Limburg","Province du Limbourg","Vlaams Gewest","Région flamande","<5"
"2020-04-26","71057","Tessenderlo","Tessenderlo","Arrondissement Hasselt","Arrondissement de Hasselt","Provincie Limburg","Province du Limbourg","Vlaams Gewest","Région flamande","<5"
"2020-04-26","71066","Zonhoven","Zonhoven","Arrondissement Hasselt","Arrondissement de Hasselt","Provincie Limburg","Province du Limbourg","Vlaams Gewest","Région flamande","<5"
"2020-04-26","72018","Kinrooi","Kinrooi","Arrondissement Maaseik","Arrondissement de Maaseik","Provincie Limburg","Province du Limbourg","Vlaams Gewest","Région flamande","<5"
"2020-04-26","72039","Houthalen-Helchteren","Houthalen-Helchteren","Arrondissement Maaseik","Arrondissement de Maaseik","Provincie Limburg","Province du Limbourg","Vlaams Gewest","Région flamande","<5"
"2020-04-26","73006","Bilzen","Bilzen","Arrondissement Tongeren","Arrondissement de Tongres","Provincie Limburg","Province du Limbourg","Vlaams Gewest","Région flamande","<5"
"2020-04-26","73022","Heers","Heers","Arrondissement Tongeren","Arrondissement de Tongres","Provincie Limburg","Province du Limbourg","Vlaams Gewest","Région flamande","<5"
"2020-04-26","73066","Riemst","Riemst","Arrondissement Tongeren","Arrondissement de Tongres","Provincie Limburg","Province du Limbourg","Vlaams Gewest","Région flamande","<5"
"2020-04-26","73107","Maasmechelen","Maasmechelen","Arrondissement Tongeren","Arrondissement de Tongres","Provincie Limburg","Province du Limbourg","Vlaams Gewest","Région flamande","<5"
"2020-04-26","73109","Voeren","Fourons","Arrondissement Tongeren","Arrondissement de Tongres","Provincie Limburg","Province du Limbourg","Vlaams Gewest","Région flamande","<5"
"2020-04-26","81015","Messancy","Messancy","Arrondissement Aarlen","Arrondissement d’Arlon","Provincie Luxemburg","Province du Luxembourg","Waals Gewest","Région wallonne","<5"
"2020-04-26","82003","Bastenaken","Bastogne","Arrondissement Bastenaken","Arrondissement de Bastogne","Provincie Luxemburg","Province du Luxembourg","Waals Gewest","Région wallonne","<5"
"2020-04-26","91034","Dinant","Dinant","Arrondissement Dinant","Arrondissement de Dinant","Provincie Namen","Province de Namur","Waals Gewest","Région wallonne","<5"
"2020-04-26","92048","Fosses-la-Ville","Fosses-la-Ville","Arrondissement Namen","Arrondissement de Namur","Provincie Namen","Province de Namur","Waals Gewest","Région wallonne","<5"
"2020-04-26","92094","Namen","Namur","Arrondissement Namen","Arrondissement de Namur","Provincie Namen","Province de Namur","Waals Gewest","Région wallonne","<5"
"2020-04-26","92101","Profondeville","Profondeville","Arrondissement Namen","Arrondissement de Namur","Provincie Namen","Province de Namur","Waals Gewest","Région wallonne","<5"
"2020-04-26","92137","Sambreville","Sambreville","Arrondissement Namen","Arrondissement de Namur","Provincie Namen","Province de Namur","Waals Gewest","Région wallonne","<5"
"2020-04-26","92140","Jemeppe-sur-Sambre","Jemeppe-sur-Sambre","Arrondissement Namen","Arrondissement de Namur","Provincie Namen","Province de Namur","Waals Gewest","Région wallonne","<5"
"2020-04-26","93014","Couvin","Couvin","Arrondissement Philippeville","Arrondissement de Philippeville","Provincie Namen","Province de Namur","Waals Gewest","Région wallonne","<5"
"2020-04-26",NA,NA,NA,NA,NA,NA,NA,NA,NA,"<5"
"2020-04-27","11002","Antwerpen","Anvers","Arrondissement Antwerpen","Arrondissement d’Anvers","Provincie Antwerpen","Province d’Anvers","Vlaams Gewest","Région flamande","41"
"2020-04-27","11004","Boechout","Boechout","Arrondissement Antwerpen","Arrondissement d’Anvers","Provincie Antwerpen","Province d’Anvers","Vlaams Gewest","Région flamande","<5"
"2020-04-27","11005","Boom","Boom","Arrondissement Antwerpen","Arrondissement d’Anvers","Provincie Antwerpen","Province d’Anvers","Vlaams Gewest","Région flamande","<5"
"2020-04-27","11008","Brasschaat","Brasschaat","Arrondissement Antwerpen","Arrondissement d’Anvers","Provincie Antwerpen","Province d’Anvers","Vlaams Gewest","Région flamande","<5"
"2020-04-27","11009","Brecht","Brecht","Arrondissement Antwerpen","Arrondissement d’Anvers","Provincie Antwerpen","Province d’Anvers","Vlaams Gewest","Région flamande","<5"
"2020-04-27","11016","Essen","Essen","Arrondissement Antwerpen","Arrondissement d’Anvers","Provincie Antwerpen","Province d’Anvers","Vlaams Gewest","Région flamande","<5"
"2020-04-27","11022","Kalmthout","Kalmthout","Arrondissement Antwerpen","Arrondissement d’Anvers","Provincie Antwerpen","Province d’Anvers","Vlaams Gewest","Région flamande","<5"
"2020-04-27","11023","Kapellen (Antwerpen)","Kapellen (Anvers)","Arrondissement Antwerpen","Arrondissement d’Anvers","Provincie Antwerpen","Province d’Anvers","Vlaams Gewest","Région flamande","<5"
"2020-04-27","11024","Kontich","Kontich","Arrondissement Antwerpen","Arrondissement d’Anvers","Provincie Antwerpen","Province d’Anvers","Vlaams Gewest","Région flamande","<5"
"2020-04-27","11029","Mortsel","Mortsel","Arrondissement Antwerpen","Arrondissement d’Anvers","Provincie Antwerpen","Province d’Anvers","Vlaams Gewest","Région flamande","<5"
"2020-04-27","11039","Schilde","Schilde","Arrondissement Antwerpen","Arrondissement d’Anvers","Provincie Antwerpen","Province d’Anvers","Vlaams Gewest","Région flamande","<5"
"2020-04-27","11040","Schoten","Schoten","Arrondissement Antwerpen","Arrondissement d’Anvers","Provincie Antwerpen","Province d’Anvers","Vlaams Gewest","Région flamande","<5"
"2020-04-27","11044","Stabroek","Stabroek","Arrondissement Antwerpen","Arrondissement d’Anvers","Provincie Antwerpen","Province d’Anvers","Vlaams Gewest","Région flamande","<5"
"2020-04-27","11050","Wijnegem","Wijnegem","Arrondissement Antwerpen","Arrondissement d’Anvers","Provincie Antwerpen","Province d’Anvers","Vlaams Gewest","Région flamande","<5"
"2020-04-27","11055","Zoersel","Zoersel","Arrondissement Antwerpen","Arrondissement d’Anvers","Provincie Antwerpen","Province d’Anvers","Vlaams Gewest","Région flamande","<5"
"2020-04-27","11056","Zwijndrecht","Zwijndrecht","Arrondissement Antwerpen","Arrondissement d’Anvers","Provincie Antwerpen","Province d’Anvers","Vlaams Gewest","Région flamande","<5"
"2020-04-27","11057","Malle","Malle","Arrondissement Antwerpen","Arrondissement d’Anvers","Provincie Antwerpen","Province d’Anvers","Vlaams Gewest","Région flamande","<5"
"2020-04-27","12002","Berlaar","Berlaar","Arrondissement Mechelen","Arrondissement de Malines","Provincie Antwerpen","Province d’Anvers","Vlaams Gewest","Région flamande","<5"
"2020-04-27","12007","Bornem","Bornem","Arrondissement Mechelen","Arrondissement de Malines","Provincie Antwerpen","Province d’Anvers","Vlaams Gewest","Région flamande","<5"
"2020-04-27","12009","Duffel","Duffel","Arrondissement Mechelen","Arrondissement de Malines","Provincie Antwerpen","Province d’Anvers","Vlaams Gewest","Région flamande","<5"
"2020-04-27","12014","Heist-op-den-Berg","Heist-op-den-Berg","Arrondissement Mechelen","Arrondissement de Malines","Provincie Antwerpen","Province d’Anvers","Vlaams Gewest","Région flamande","<5"
"2020-04-27","12021","Lier","Lierre","Arrondissement Mechelen","Arrondissement de Malines","Provincie Antwerpen","Province d’Anvers","Vlaams Gewest","Région flamande","<5"
"2020-04-27","12025","Mechelen","Malines","Arrondissement Mechelen","Arrondissement de Malines","Provincie Antwerpen","Province d’Anvers","Vlaams Gewest","Région flamande","<5"
"2020-04-27","12026","Nijlen","Nijlen","Arrondissement Mechelen","Arrondissement de Malines","Provincie Antwerpen","Province d’Anvers","Vlaams Gewest","Région flamande","22"
"2020-04-27","12035","Sint-Katelijne-Waver","Sint-Katelijne-Waver","Arrondissement Mechelen","Arrondissement de Malines","Provincie Antwerpen","Province d’Anvers","Vlaams Gewest","Région flamande","<5"
"2020-04-27","12040","Willebroek","Willebroek","Arrondissement Mechelen","Arrondissement de Malines","Provincie Antwerpen","Province d’Anvers","Vlaams Gewest","Région flamande","<5"
"2020-04-27","13002","Baarle-Hertog","Baerle-Duc","Arrondissement Turnhout","Arrondissement de Turnhout","Provincie Antwerpen","Province d’Anvers","Vlaams Gewest","Région flamande","<5"
"2020-04-27","13003","Balen","Balen","Arrondissement Turnhout","Arrondissement de Turnhout","Provincie Antwerpen","Province d’Anvers","Vlaams Gewest","Région flamande","<5"
"2020-04-27","13006","Dessel","Dessel","Arrondissement Turnhout","Arrondissement de Turnhout","Provincie Antwerpen","Province d’Anvers","Vlaams Gewest","Région flamande","<5"
"2020-04-27","13010","Grobbendonk","Grobbendonk","Arrondissement Turnhout","Arrondissement de Turnhout","Provincie Antwerpen","Province d’Anvers","Vlaams Gewest","Région flamande","<5"
"2020-04-27","13011","Herentals","Herentals","Arrondissement Turnhout","Arrondissement de Turnhout","Provincie Antwerpen","Province d’Anvers","Vlaams Gewest","Région flamande","<5"
"2020-04-27","13013","Herselt","Herselt","Arrondissement Turnhout","Arrondissement de Turnhout","Provincie Antwerpen","Province d’Anvers","Vlaams Gewest","Région flamande","<5"
"2020-04-27","13016","Hulshout","Hulshout","Arrondissement Turnhout","Arrondissement de Turnhout","Provincie Antwerpen","Province d’Anvers","Vlaams Gewest","Région flamande","<5"
"2020-04-27","13019","Lille","Lille","Arrondissement Turnhout","Arrondissement de Turnhout","Provincie Antwerpen","Province d’Anvers","Vlaams Gewest","Région flamande","<5"
"2020-04-27","13021","Meerhout","Meerhout","Arrondissement Turnhout","Arrondissement de Turnhout","Provincie Antwerpen","Province d’Anvers","Vlaams Gewest","Région flamande","<5"
"2020-04-27","13023","Merksplas","Merksplas","Arrondissement Turnhout","Arrondissement de Turnhout","Provincie Antwerpen","Province d’Anvers","Vlaams Gewest","Région flamande","<5"
"2020-04-27","13025","Mol","Mol","Arrondissement Turnhout","Arrondissement de Turnhout","Provincie Antwerpen","Province d’Anvers","Vlaams Gewest","Région flamande","<5"
"2020-04-27","13029","Olen","Olen","Arrondissement Turnhout","Arrondissement de Turnhout","Provincie Antwerpen","Province d’Anvers","Vlaams Gewest","Région flamande","<5"
"2020-04-27","13031","Oud-Turnhout","Oud-Turnhout","Arrondissement Turnhout","Arrondissement de Turnhout","Provincie Antwerpen","Province d’Anvers","Vlaams Gewest","Région flamande","<5"
"2020-04-27","13035","Ravels","Ravels","Arrondissement Turnhout","Arrondissement de Turnhout","Provincie Antwerpen","Province d’Anvers","Vlaams Gewest","Région flamande","<5"
"2020-04-27","13037","Rijkevorsel","Rijkevorsel","Arrondissement Turnhout","Arrondissement de Turnhout","Provincie Antwerpen","Province d’Anvers","Vlaams Gewest","Région flamande","<5"
"2020-04-27","13040","Turnhout","Turnhout","Arrondissement Turnhout","Arrondissement de Turnhout","Provincie Antwerpen","Province d’Anvers","Vlaams Gewest","Région flamande","5"
"2020-04-27","13044","Vorselaar","Vorselaar","Arrondissement Turnhout","Arrondissement de Turnhout","Provincie Antwerpen","Province d’Anvers","Vlaams Gewest","Région flamande","<5"
"2020-04-27","13046","Vosselaar","Vosselaar","Arrondissement Turnhout","Arrondissement de Turnhout","Provincie Antwerpen","Province d’Anvers","Vlaams Gewest","Région flamande","<5"
"2020-04-27","13049","Westerlo","Westerlo","Arrondissement Turnhout","Arrondissement de Turnhout","Provincie Antwerpen","Province d’Anvers","Vlaams Gewest","Région flamande","8"
"2020-04-27","21001","Anderlecht","Anderlecht","Arrondissement Brussel-Hoofdstad","Arrondissement de Bruxelles-Capitale",NA,NA,"Brussels Hoofdstedelijk Gewest","Région de Bruxelles-Capitale","6"
"2020-04-27","21002","Oudergem","Auderghem","Arrondissement Brussel-Hoofdstad","Arrondissement de Bruxelles-Capitale",NA,NA,"Brussels Hoofdstedelijk Gewest","Région de Bruxelles-Capitale","<5"
"2020-04-27","21003","Sint-Agatha-Berchem","Berchem-Sainte-Agathe","Arrondissement Brussel-Hoofdstad","Arrondissement de Bruxelles-Capitale",NA,NA,"Brussels Hoofdstedelijk Gewest","Région de Bruxelles-Capitale","<5"
"2020-04-27","21004","Brussel","Bruxelles","Arrondissement Brussel-Hoofdstad","Arrondissement de Bruxelles-Capitale",NA,NA,"Brussels Hoofdstedelijk Gewest","Région de Bruxelles-Capitale","20"
"2020-04-27","21005","Etterbeek","Etterbeek","Arrondissement Brussel-Hoofdstad","Arrondissement de Bruxelles-Capitale",NA,NA,"Brussels Hoofdstedelijk Gewest","Région de Bruxelles-Capitale","<5"
"2020-04-27","21006","Evere","Evere","Arrondissement Brussel-Hoofdstad","Arrondissement de Bruxelles-Capitale",NA,NA,"Brussels Hoofdstedelijk Gewest","Région de Bruxelles-Capitale","<5"
"2020-04-27","21007","Vorst (Brussel-Hoofdstad)","Forest (Bruxelles-Capitale)","Arrondissement Brussel-Hoofdstad","Arrondissement de Bruxelles-Capitale",NA,NA,"Brussels Hoofdstedelijk Gewest","Région de Bruxelles-Capitale","10"
"2020-04-27","21009","Elsene","Ixelles","Arrondissement Brussel-Hoofdstad","Arrondissement de Bruxelles-Capitale",NA,NA,"Brussels Hoofdstedelijk Gewest","Région de Bruxelles-Capitale","6"
"2020-04-27","21010","Jette","Jette","Arrondissement Brussel-Hoofdstad","Arrondissement de Bruxelles-Capitale",NA,NA,"Brussels Hoofdstedelijk Gewest","Région de Bruxelles-Capitale","<5"
"2020-04-27","21011","Koekelberg","Koekelberg","Arrondissement Brussel-Hoofdstad","Arrondissement de Bruxelles-Capitale",NA,NA,"Brussels Hoofdstedelijk Gewest","Région de Bruxelles-Capitale","<5"
"2020-04-27","21012","Sint-Jans-Molenbeek","Molenbeek-Saint-Jean","Arrondissement Brussel-Hoofdstad","Arrondissement de Bruxelles-Capitale",NA,NA,"Brussels Hoofdstedelijk Gewest","Région de Bruxelles-Capitale","8"
"2020-04-27","21013","Sint-Gillis","Saint-Gilles","Arrondissement Brussel-Hoofdstad","Arrondissement de Bruxelles-Capitale",NA,NA,"Brussels Hoofdstedelijk Gewest","Région de Bruxelles-Capitale","<5"
"2020-04-27","21015","Schaarbeek","Schaerbeek","Arrondissement Brussel-Hoofdstad","Arrondissement de Bruxelles-Capitale",NA,NA,"Brussels Hoofdstedelijk Gewest","Région de Bruxelles-Capitale","8"
"2020-04-27","21016","Ukkel","Uccle","Arrondissement Brussel-Hoofdstad","Arrondissement de Bruxelles-Capitale",NA,NA,"Brussels Hoofdstedelijk Gewest","Région de Bruxelles-Capitale","<5"
"2020-04-27","21018","Sint-Lambrechts-Woluwe","Woluwe-Saint-Lambert","Arrondissement Brussel-Hoofdstad","Arrondissement de Bruxelles-Capitale",NA,NA,"Brussels Hoofdstedelijk Gewest","Région de Bruxelles-Capitale","<5"
"2020-04-27","21019","Sint-Pieters-Woluwe","Woluwe-Saint-Pierre","Arrondissement Brussel-Hoofdstad","Arrondissement de Bruxelles-Capitale",NA,NA,"Brussels Hoofdstedelijk Gewest","Région de Bruxelles-Capitale","10"
"2020-04-27","23003","Beersel","Beersel","Arrondissement Halle-Vilvoorde","Arrondissement de Hal-Vilvorde","Provincie Vlaams-Brabant","Province du Brabant flamand","Vlaams Gewest","Région flamande","<5"
"2020-04-27","23016","Dilbeek","Dilbeek","Arrondissement Halle-Vilvoorde","Arrondissement de Hal-Vilvorde","Provincie Vlaams-Brabant","Province du Brabant flamand","Vlaams Gewest","Région flamande","<5"
"2020-04-27","23024","Gooik","Gooik","Arrondissement Halle-Vilvoorde","Arrondissement de Hal-Vilvorde","Provincie Vlaams-Brabant","Province du Brabant flamand","Vlaams Gewest","Région flamande","<5"
"2020-04-27","23027","Halle (Halle-Vilvoorde)","Hal (Hal-Vilvorde)","Arrondissement Halle-Vilvoorde","Arrondissement de Hal-Vilvorde","Provincie Vlaams-Brabant","Province du Brabant flamand","Vlaams Gewest","Région flamande","<5"
"2020-04-27","23039","Kapelle-op-den-Bos","Kapelle-op-den-Bos","Arrondissement Halle-Vilvoorde","Arrondissement de Hal-Vilvorde","Provincie Vlaams-Brabant","Province du Brabant flamand","Vlaams Gewest","Région flamande","<5"
"2020-04-27","23044","Liedekerke","Liedekerke","Arrondissement Halle-Vilvoorde","Arrondissement de Hal-Vilvorde","Provincie Vlaams-Brabant","Province du Brabant flamand","Vlaams Gewest","Région flamande","<5"
"2020-04-27","23047","Machelen (Halle-Vilvoorde)","Machelen (Hal-Vilvorde)","Arrondissement Halle-Vilvoorde","Arrondissement de Hal-Vilvorde","Provincie Vlaams-Brabant","Province du Brabant flamand","Vlaams Gewest","Région flamande","<5"
"2020-04-27","23050","Meise","Meise","Arrondissement Halle-Vilvoorde","Arrondissement de Hal-Vilvorde","Provincie Vlaams-Brabant","Province du Brabant flamand","Vlaams Gewest","Région flamande","<5"
"2020-04-27","23052","Merchtem","Merchtem","Arrondissement Halle-Vilvoorde","Arrondissement de Hal-Vilvorde","Provincie Vlaams-Brabant","Province du Brabant flamand","Vlaams Gewest","Région flamande","<5"
"2020-04-27","23060","Opwijk","Opwijk","Arrondissement Halle-Vilvoorde","Arrondissement de Hal-Vilvorde","Provincie Vlaams-Brabant","Province du Brabant flamand","Vlaams Gewest","Région flamande","<5"
"2020-04-27","23064","Pepingen","Pepingen","Arrondissement Halle-Vilvoorde","Arrondissement de Hal-Vilvorde","Provincie Vlaams-Brabant","Province du Brabant flamand","Vlaams Gewest","Région flamande","<5"
"2020-04-27","23077","Sint-Pieters-Leeuw","Sint-Pieters-Leeuw","Arrondissement Halle-Vilvoorde","Arrondissement de Hal-Vilvorde","Provincie Vlaams-Brabant","Province du Brabant flamand","Vlaams Gewest","Région flamande","<5"
"2020-04-27","23086","Ternat","Ternat","Arrondissement Halle-Vilvoorde","Arrondissement de Hal-Vilvorde","Provincie Vlaams-Brabant","Province du Brabant flamand","Vlaams Gewest","Région flamande","<5"
"2020-04-27","23088","Vilvoorde","Vilvorde","Arrondissement Halle-Vilvoorde","Arrondissement de Hal-Vilvorde","Provincie Vlaams-Brabant","Province du Brabant flamand","Vlaams Gewest","Région flamande","<5"
"2020-04-27","23094","Zaventem","Zaventem","Arrondissement Halle-Vilvoorde","Arrondissement de Hal-Vilvorde","Provincie Vlaams-Brabant","Province du Brabant flamand","Vlaams Gewest","Région flamande","<5"
"2020-04-27","23097","Roosdaal","Roosdaal","Arrondissement Halle-Vilvoorde","Arrondissement de Hal-Vilvorde","Provincie Vlaams-Brabant","Province du Brabant flamand","Vlaams Gewest","Région flamande","<5"
"2020-04-27","23099","Kraainem","Kraainem","Arrondissement Halle-Vilvoorde","Arrondissement de Hal-Vilvorde","Provincie Vlaams-Brabant","Province du Brabant flamand","Vlaams Gewest","Région flamande","<5"
"2020-04-27","23101","Sint-Genesius-Rode","Rhode-Saint-Genèse","Arrondissement Halle-Vilvoorde","Arrondissement de Hal-Vilvorde","Provincie Vlaams-Brabant","Province du Brabant flamand","Vlaams Gewest","Région flamande","<5"
"2020-04-27","23104","Lennik","Lennik","Arrondissement Halle-Vilvoorde","Arrondissement de Hal-Vilvorde","Provincie Vlaams-Brabant","Province du Brabant flamand","Vlaams Gewest","Région flamande","<5"
"2020-04-27","24001","Aarschot","Aarschot","Arrondissement Leuven","Arrondissement de Louvain","Provincie Vlaams-Brabant","Province du Brabant flamand","Vlaams Gewest","Région flamande","5"
"2020-04-27","24007","Begijnendijk","Begijnendijk","Arrondissement Leuven","Arrondissement de Louvain","Provincie Vlaams-Brabant","Province du Brabant flamand","Vlaams Gewest","Région flamande","11"
"2020-04-27","24011","Bierbeek","Bierbeek","Arrondissement Leuven","Arrondissement de Louvain","Provincie Vlaams-Brabant","Province du Brabant flamand","Vlaams Gewest","Région flamande","<5"
"2020-04-27","24020","Diest","Diest","Arrondissement Leuven","Arrondissement de Louvain","Provincie Vlaams-Brabant","Province du Brabant flamand","Vlaams Gewest","Région flamande","<5"
"2020-04-27","24038","Herent","Herent","Arrondissement Leuven","Arrondissement de Louvain","Provincie Vlaams-Brabant","Province du Brabant flamand","Vlaams Gewest","Région flamande","<5"
"2020-04-27","24054","Kortenaken","Kortenaken","Arrondissement Leuven","Arrondissement de Louvain","Provincie Vlaams-Brabant","Province du Brabant flamand","Vlaams Gewest","Région flamande","<5"
"2020-04-27","24055","Kortenberg","Kortenberg","Arrondissement Leuven","Arrondissement de Louvain","Provincie Vlaams-Brabant","Province du Brabant flamand","Vlaams Gewest","Région flamande","<5"
"2020-04-27","24059","Landen","Landen","Arrondissement Leuven","Arrondissement de Louvain","Provincie Vlaams-Brabant","Province du Brabant flamand","Vlaams Gewest","Région flamande","<5"
"2020-04-27","24062","Leuven","Louvain","Arrondissement Leuven","Arrondissement de Louvain","Provincie Vlaams-Brabant","Province du Brabant flamand","Vlaams Gewest","Région flamande","7"
"2020-04-27","24107","Tienen","Tirlemont","Arrondissement Leuven","Arrondissement de Louvain","Provincie Vlaams-Brabant","Province du Brabant flamand","Vlaams Gewest","Région flamande","<5"
"2020-04-27","24109","Tremelo","Tremelo","Arrondissement Leuven","Arrondissement de Louvain","Provincie Vlaams-Brabant","Province du Brabant flamand","Vlaams Gewest","Région flamande","<5"
"2020-04-27","24130","Zoutleeuw","Léau","Arrondissement Leuven","Arrondissement de Louvain","Provincie Vlaams-Brabant","Province du Brabant flamand","Vlaams Gewest","Région flamande","<5"
"2020-04-27","24134","Scherpenheuvel-Zichem","Montaigu-Zichem","Arrondissement Leuven","Arrondissement de Louvain","Provincie Vlaams-Brabant","Province du Brabant flamand","Vlaams Gewest","Région flamande","<5"
"2020-04-27","25014","Eigenbrakel","Braine-l’Alleud","Arrondissement Nijvel","Arrondissement de Nivelles","Provincie Waals-Brabant","Province du Brabant wallon","Waals Gewest","Région wallonne","<5"
"2020-04-27","25018","Chaumont-Gistoux","Chaumont-Gistoux","Arrondissement Nijvel","Arrondissement de Nivelles","Provincie Waals-Brabant","Province du Brabant wallon","Waals Gewest","Région wallonne","<5"
"2020-04-27","25072","Nijvel","Nivelles","Arrondissement Nijvel","Arrondissement de Nivelles","Provincie Waals-Brabant","Province du Brabant wallon","Waals Gewest","Région wallonne","<5"
"2020-04-27","25091","Rixensart","Rixensart","Arrondissement Nijvel","Arrondissement de Nivelles","Provincie Waals-Brabant","Province du Brabant wallon","Waals Gewest","Région wallonne","<5"
"2020-04-27","25105","Tubeke","Tubize","Arrondissement Nijvel","Arrondissement de Nivelles","Provincie Waals-Brabant","Province du Brabant wallon","Waals Gewest","Région wallonne","<5"
"2020-04-27","25112","Waver","Wavre","Arrondissement Nijvel","Arrondissement de Nivelles","Provincie Waals-Brabant","Province du Brabant wallon","Waals Gewest","Région wallonne","<5"
"2020-04-27","25121","Ottignies-Louvain-la-Neuve","Ottignies-Louvain-la-Neuve","Arrondissement Nijvel","Arrondissement de Nivelles","Provincie Waals-Brabant","Province du Brabant wallon","Waals Gewest","Région wallonne","<5"
"2020-04-27","25123","Rebecq","Rebecq","Arrondissement Nijvel","Arrondissement de Nivelles","Provincie Waals-Brabant","Province du Brabant wallon","Waals Gewest","Région wallonne","<5"
"2020-04-27","31005","Brugge","Bruges","Arrondissement Brugge","Arrondissement de Bruges","Provincie West-Vlaanderen","Province de Flandre occidentale","Vlaams Gewest","Région flamande","11"
"2020-04-27","31006","Damme","Damme","Arrondissement Brugge","Arrondissement de Bruges","Provincie West-Vlaanderen","Province de Flandre occidentale","Vlaams Gewest","Région flamande","<5"
"2020-04-27","31012","Jabbeke","Jabbeke","Arrondissement Brugge","Arrondissement de Bruges","Provincie West-Vlaanderen","Province de Flandre occidentale","Vlaams Gewest","Région flamande","<5"
"2020-04-27","31022","Oostkamp","Oostkamp","Arrondissement Brugge","Arrondissement de Bruges","Provincie West-Vlaanderen","Province de Flandre occidentale","Vlaams Gewest","Région flamande","<5"
"2020-04-27","32003","Diksmuide","Dixmude","Arrondissement Diksmuide","Arrondissement de Dixmude","Provincie West-Vlaanderen","Province de Flandre occidentale","Vlaams Gewest","Région flamande","<5"
"2020-04-27","32006","Houthulst","Houthulst","Arrondissement Diksmuide","Arrondissement de Dixmude","Provincie West-Vlaanderen","Province de Flandre occidentale","Vlaams Gewest","Région flamande","<5"
"2020-04-27","32011","Kortemark","Kortemark","Arrondissement Diksmuide","Arrondissement de Dixmude","Provincie West-Vlaanderen","Province de Flandre occidentale","Vlaams Gewest","Région flamande","<5"
"2020-04-27","33011","Ieper","Ypres","Arrondissement Ieper","Arrondissement d’Ypres","Provincie West-Vlaanderen","Province de Flandre occidentale","Vlaams Gewest","Région flamande","5"
"2020-04-27","33029","Wervik","Wervik","Arrondissement Ieper","Arrondissement d’Ypres","Provincie West-Vlaanderen","Province de Flandre occidentale","Vlaams Gewest","Région flamande","<5"
"2020-04-27","34002","Anzegem","Anzegem","Arrondissement Kortrijk","Arrondissement de Courtrai","Provincie West-Vlaanderen","Province de Flandre occidentale","Vlaams Gewest","Région flamande","<5"
"2020-04-27","34013","Harelbeke","Harelbeke","Arrondissement Kortrijk","Arrondissement de Courtrai","Provincie West-Vlaanderen","Province de Flandre occidentale","Vlaams Gewest","Région flamande","<5"
"2020-04-27","34022","Kortrijk","Courtrai","Arrondissement Kortrijk","Arrondissement de Courtrai","Provincie West-Vlaanderen","Province de Flandre occidentale","Vlaams Gewest","Région flamande","7"
"2020-04-27","34023","Kuurne","Kuurne","Arrondissement Kortrijk","Arrondissement de Courtrai","Provincie West-Vlaanderen","Province de Flandre occidentale","Vlaams Gewest","Région flamande","<5"
"2020-04-27","34027","Menen","Menin","Arrondissement Kortrijk","Arrondissement de Courtrai","Provincie West-Vlaanderen","Province de Flandre occidentale","Vlaams Gewest","Région flamande","<5"
"2020-04-27","34040","Waregem","Waregem","Arrondissement Kortrijk","Arrondissement de Courtrai","Provincie West-Vlaanderen","Province de Flandre occidentale","Vlaams Gewest","Région flamande","<5"
"2020-04-27","34041","Wevelgem","Wevelgem","Arrondissement Kortrijk","Arrondissement de Courtrai","Provincie West-Vlaanderen","Province de Flandre occidentale","Vlaams Gewest","Région flamande","<5"
"2020-04-27","34042","Zwevegem","Zwevegem","Arrondissement Kortrijk","Arrondissement de Courtrai","Provincie West-Vlaanderen","Province de Flandre occidentale","Vlaams Gewest","Région flamande","<5"
"2020-04-27","34043","Spiere-Helkijn","Espierres-Helchin","Arrondissement Kortrijk","Arrondissement de Courtrai","Provincie West-Vlaanderen","Province de Flandre occidentale","Vlaams Gewest","Région flamande","<5"
"2020-04-27","35002","Bredene","Bredene","Arrondissement Oostende","Arrondissement d’Ostende","Provincie West-Vlaanderen","Province de Flandre occidentale","Vlaams Gewest","Région flamande","<5"
"2020-04-27","35005","Gistel","Gistel","Arrondissement Oostende","Arrondissement d’Ostende","Provincie West-Vlaanderen","Province de Flandre occidentale","Vlaams Gewest","Région flamande","<5"
"2020-04-27","35011","Middelkerke","Middelkerke","Arrondissement Oostende","Arrondissement d’Ostende","Provincie West-Vlaanderen","Province de Flandre occidentale","Vlaams Gewest","Région flamande","<5"
"2020-04-27","35013","Oostende","Ostende","Arrondissement Oostende","Arrondissement d’Ostende","Provincie West-Vlaanderen","Province de Flandre occidentale","Vlaams Gewest","Région flamande","<5"
"2020-04-27","36006","Hooglede","Hooglede","Arrondissement Roeselare","Arrondissement de Roulers","Provincie West-Vlaanderen","Province de Flandre occidentale","Vlaams Gewest","Région flamande","<5"
"2020-04-27","36008","Izegem","Izegem","Arrondissement Roeselare","Arrondissement de Roulers","Provincie West-Vlaanderen","Province de Flandre occidentale","Vlaams Gewest","Région flamande","<5"
"2020-04-27","36012","Moorslede","Moorslede","Arrondissement Roeselare","Arrondissement de Roulers","Provincie West-Vlaanderen","Province de Flandre occidentale","Vlaams Gewest","Région flamande","<5"
"2020-04-27","36015","Roeselare","Roulers","Arrondissement Roeselare","Arrondissement de Roulers","Provincie West-Vlaanderen","Province de Flandre occidentale","Vlaams Gewest","Région flamande","<5"
"2020-04-27","37007","Meulebeke","Meulebeke","Arrondissement Tielt","Arrondissement de Tielt","Provincie West-Vlaanderen","Province de Flandre occidentale","Vlaams Gewest","Région flamande","<5"
"2020-04-27","37011","Pittem","Pittem","Arrondissement Tielt","Arrondissement de Tielt","Provincie West-Vlaanderen","Province de Flandre occidentale","Vlaams Gewest","Région flamande","<5"
"2020-04-27","37012","Ruiselede","Ruiselede","Arrondissement Tielt","Arrondissement de Tielt","Provincie West-Vlaanderen","Province de Flandre occidentale","Vlaams Gewest","Région flamande","<5"
"2020-04-27","37015","Tielt (Tielt)","Tielt (Tielt)","Arrondissement Tielt","Arrondissement de Tielt","Provincie West-Vlaanderen","Province de Flandre occidentale","Vlaams Gewest","Région flamande","<5"
"2020-04-27","37017","Wielsbeke","Wielsbeke","Arrondissement Tielt","Arrondissement de Tielt","Provincie West-Vlaanderen","Province de Flandre occidentale","Vlaams Gewest","Région flamande","<5"
"2020-04-27","37018","Wingene","Wingene","Arrondissement Tielt","Arrondissement de Tielt","Provincie West-Vlaanderen","Province de Flandre occidentale","Vlaams Gewest","Région flamande","<5"
"2020-04-27","38008","De Panne","La Panne","Arrondissement Veurne","Arrondissement de Furnes","Provincie West-Vlaanderen","Province de Flandre occidentale","Vlaams Gewest","Région flamande","<5"
"2020-04-27","38014","Koksijde","Koksijde","Arrondissement Veurne","Arrondissement de Furnes","Provincie West-Vlaanderen","Province de Flandre occidentale","Vlaams Gewest","Région flamande","<5"
"2020-04-27","41002","Aalst (Aalst)","Alost (Alost)","Arrondissement Aalst","Arrondissement d’Alost","Provincie Oost-Vlaanderen","Province de Flandre orientale","Vlaams Gewest","Région flamande","7"
"2020-04-27","41011","Denderleeuw","Denderleeuw","Arrondissement Aalst","Arrondissement d’Alost","Provincie Oost-Vlaanderen","Province de Flandre orientale","Vlaams Gewest","Région flamande","<5"
"2020-04-27","41018","Geraardsbergen","Grammont","Arrondissement Aalst","Arrondissement d’Alost","Provincie Oost-Vlaanderen","Province de Flandre orientale","Vlaams Gewest","Région flamande","<5"
"2020-04-27","41024","Haaltert","Haaltert","Arrondissement Aalst","Arrondissement d’Alost","Provincie Oost-Vlaanderen","Province de Flandre orientale","Vlaams Gewest","Région flamande","14"
"2020-04-27","41034","Lede","Lede","Arrondissement Aalst","Arrondissement d’Alost","Provincie Oost-Vlaanderen","Province de Flandre orientale","Vlaams Gewest","Région flamande","<5"
"2020-04-27","41048","Ninove","Ninove","Arrondissement Aalst","Arrondissement d’Alost","Provincie Oost-Vlaanderen","Province de Flandre orientale","Vlaams Gewest","Région flamande","<5"
"2020-04-27","41063","Sint-Lievens-Houtem","Sint-Lievens-Houtem","Arrondissement Aalst","Arrondissement d’Alost","Provincie Oost-Vlaanderen","Province de Flandre orientale","Vlaams Gewest","Région flamande","<5"
"2020-04-27","42006","Dendermonde","Termonde","Arrondissement Dendermonde","Arrondissement de Termonde","Provincie Oost-Vlaanderen","Province de Flandre orientale","Vlaams Gewest","Région flamande","<5"
"2020-04-27","42026","Wichelen","Wichelen","Arrondissement Dendermonde","Arrondissement de Termonde","Provincie Oost-Vlaanderen","Province de Flandre orientale","Vlaams Gewest","Région flamande","<5"
"2020-04-27","42028","Zele","Zele","Arrondissement Dendermonde","Arrondissement de Termonde","Provincie Oost-Vlaanderen","Province de Flandre orientale","Vlaams Gewest","Région flamande","<5"
"2020-04-27","43002","Assenede","Assenede","Arrondissement Eeklo","Arrondissement d’Eeklo","Provincie Oost-Vlaanderen","Province de Flandre orientale","Vlaams Gewest","Région flamande","<5"
"2020-04-27","43010","Maldegem","Maldegem","Arrondissement Eeklo","Arrondissement d’Eeklo","Provincie Oost-Vlaanderen","Province de Flandre orientale","Vlaams Gewest","Région flamande","<5"
"2020-04-27","44012","De Pinte","De Pinte","Arrondissement Gent","Arrondissement de Gand","Provincie Oost-Vlaanderen","Province de Flandre orientale","Vlaams Gewest","Région flamande","<5"
"2020-04-27","44019","Evergem","Evergem","Arrondissement Gent","Arrondissement de Gand","Provincie Oost-Vlaanderen","Province de Flandre orientale","Vlaams Gewest","Région flamande","<5"
"2020-04-27","44021","Gent","Gand","Arrondissement Gent","Arrondissement de Gand","Provincie Oost-Vlaanderen","Province de Flandre orientale","Vlaams Gewest","Région flamande","18"
"2020-04-27","44034","Lochristi","Lochristi","Arrondissement Gent","Arrondissement de Gand","Provincie Oost-Vlaanderen","Province de Flandre orientale","Vlaams Gewest","Région flamande","<5"
"2020-04-27","44040","Melle","Melle","Arrondissement Gent","Arrondissement de Gand","Provincie Oost-Vlaanderen","Province de Flandre orientale","Vlaams Gewest","Région flamande","<5"
"2020-04-27","44043","Merelbeke","Merelbeke","Arrondissement Gent","Arrondissement de Gand","Provincie Oost-Vlaanderen","Province de Flandre orientale","Vlaams Gewest","Région flamande","<5"
"2020-04-27","44048","Nazareth","Nazareth","Arrondissement Gent","Arrondissement de Gand","Provincie Oost-Vlaanderen","Province de Flandre orientale","Vlaams Gewest","Région flamande","<5"
"2020-04-27","44064","Sint-Martens-Latem","Sint-Martens-Latem","Arrondissement Gent","Arrondissement de Gand","Provincie Oost-Vlaanderen","Province de Flandre orientale","Vlaams Gewest","Région flamande","<5"
"2020-04-27","44073","Wachtebeke","Wachtebeke","Arrondissement Gent","Arrondissement de Gand","Provincie Oost-Vlaanderen","Province de Flandre orientale","Vlaams Gewest","Région flamande","<5"
"2020-04-27","44081","Zulte","Zulte","Arrondissement Gent","Arrondissement de Gand","Provincie Oost-Vlaanderen","Province de Flandre orientale","Vlaams Gewest","Région flamande","<5"
"2020-04-27","44084","Aalter","Aalter","Arrondissement Gent","Arrondissement de Gand","Provincie Oost-Vlaanderen","Province de Flandre orientale","Vlaams Gewest","Région flamande","<5"
"2020-04-27","45035","Oudenaarde","Audenarde","Arrondissement Oudenaarde","Arrondissement d’Audenarde","Provincie Oost-Vlaanderen","Province de Flandre orientale","Vlaams Gewest","Région flamande","5"
"2020-04-27","45041","Ronse","Renaix","Arrondissement Oudenaarde","Arrondissement d’Audenarde","Provincie Oost-Vlaanderen","Province de Flandre orientale","Vlaams Gewest","Région flamande","<5"
"2020-04-27","45059","Brakel","Brakel","Arrondissement Oudenaarde","Arrondissement d’Audenarde","Provincie Oost-Vlaanderen","Province de Flandre orientale","Vlaams Gewest","Région flamande","<5"
"2020-04-27","45060","Kluisbergen","Kluisbergen","Arrondissement Oudenaarde","Arrondissement d’Audenarde","Provincie Oost-Vlaanderen","Province de Flandre orientale","Vlaams Gewest","Région flamande","<5"
"2020-04-27","45061","Wortegem-Petegem","Wortegem-Petegem","Arrondissement Oudenaarde","Arrondissement d’Audenarde","Provincie Oost-Vlaanderen","Province de Flandre orientale","Vlaams Gewest","Région flamande","<5"
"2020-04-27","45062","Horebeke","Horebeke","Arrondissement Oudenaarde","Arrondissement d’Audenarde","Provincie Oost-Vlaanderen","Province de Flandre orientale","Vlaams Gewest","Région flamande","<5"
"2020-04-27","46003","Beveren (Sint-Niklaas)","Beveren (Saint-Nicolas)","Arrondissement Sint-Niklaas","Arrondissement de Saint-Nicolas","Provincie Oost-Vlaanderen","Province de Flandre orientale","Vlaams Gewest","Région flamande","<5"
"2020-04-27","46013","Kruibeke","Kruibeke","Arrondissement Sint-Niklaas","Arrondissement de Saint-Nicolas","Provincie Oost-Vlaanderen","Province de Flandre orientale","Vlaams Gewest","Région flamande","<5"
"2020-04-27","46014","Lokeren","Lokeren","Arrondissement Sint-Niklaas","Arrondissement de Saint-Nicolas","Provincie Oost-Vlaanderen","Province de Flandre orientale","Vlaams Gewest","Région flamande","<5"
"2020-04-27","46021","Sint-Niklaas (Sint-Niklaas)","Saint-Nicolas (Saint-Nicolas)","Arrondissement Sint-Niklaas","Arrondissement de Saint-Nicolas","Provincie Oost-Vlaanderen","Province de Flandre orientale","Vlaams Gewest","Région flamande","<5"
"2020-04-27","46025","Temse","Tamise","Arrondissement Sint-Niklaas","Arrondissement de Saint-Nicolas","Provincie Oost-Vlaanderen","Province de Flandre orientale","Vlaams Gewest","Région flamande","<5"
"2020-04-27","51009","Bernissart","Bernissart","Arrondissement Aat","Arrondissement d’Ath","Provincie Henegouwen","Province du Hainaut","Waals Gewest","Région wallonne","<5"
"2020-04-27","51017","Elzele","Ellezelles","Arrondissement Aat","Arrondissement d’Ath","Provincie Henegouwen","Province du Hainaut","Waals Gewest","Région wallonne","<5"
"2020-04-27","51065","Frasnes-lez-Anvaing","Frasnes-lez-Anvaing","Arrondissement Aat","Arrondissement d’Ath","Provincie Henegouwen","Province du Hainaut","Waals Gewest","Région wallonne","<5"
"2020-04-27","51067","Edingen","Enghien","Arrondissement Aat","Arrondissement d’Ath","Provincie Henegouwen","Province du Hainaut","Waals Gewest","Région wallonne","<5"
"2020-04-27","51068","Opzullik","Silly","Arrondissement Aat","Arrondissement d’Ath","Provincie Henegouwen","Province du Hainaut","Waals Gewest","Région wallonne","<5"
"2020-04-27","52011","Charleroi","Charleroi","Arrondissement Charleroi","Arrondissement de Charleroi","Provincie Henegouwen","Province du Hainaut","Waals Gewest","Région wallonne","5"
"2020-04-27","52021","Fleurus","Fleurus","Arrondissement Charleroi","Arrondissement de Charleroi","Provincie Henegouwen","Province du Hainaut","Waals Gewest","Région wallonne","<5"
"2020-04-27","52048","Montigny-le-Tilleul","Montigny-le-Tilleul","Arrondissement Charleroi","Arrondissement de Charleroi","Provincie Henegouwen","Province du Hainaut","Waals Gewest","Région wallonne","<5"
"2020-04-27","52055","Pont-à-Celles","Pont-à-Celles","Arrondissement Charleroi","Arrondissement de Charleroi","Provincie Henegouwen","Province du Hainaut","Waals Gewest","Région wallonne","<5"
"2020-04-27","52074","Aiseau-Presles","Aiseau-Presles","Arrondissement Charleroi","Arrondissement de Charleroi","Provincie Henegouwen","Province du Hainaut","Waals Gewest","Région wallonne","<5"
"2020-04-27","53014","Boussu","Boussu","Arrondissement Bergen","Arrondissement de Mons","Provincie Henegouwen","Province du Hainaut","Waals Gewest","Région wallonne","<5"
"2020-04-27","53020","Dour","Dour","Arrondissement Bergen","Arrondissement de Mons","Provincie Henegouwen","Province du Hainaut","Waals Gewest","Région wallonne","<5"
"2020-04-27","53039","Hensies","Hensies","Arrondissement Bergen","Arrondissement de Mons","Provincie Henegouwen","Province du Hainaut","Waals Gewest","Région wallonne","<5"
"2020-04-27","53044","Jurbeke","Jurbise","Arrondissement Bergen","Arrondissement de Mons","Provincie Henegouwen","Province du Hainaut","Waals Gewest","Région wallonne","<5"
"2020-04-27","53053","Bergen","Mons","Arrondissement Bergen","Arrondissement de Mons","Provincie Henegouwen","Province du Hainaut","Waals Gewest","Région wallonne","7"
"2020-04-27","53068","Quiévrain","Quiévrain","Arrondissement Bergen","Arrondissement de Mons","Provincie Henegouwen","Province du Hainaut","Waals Gewest","Région wallonne","<5"
"2020-04-27","53082","Colfontaine","Colfontaine","Arrondissement Bergen","Arrondissement de Mons","Provincie Henegouwen","Province du Hainaut","Waals Gewest","Région wallonne","5"
"2020-04-27","55004","’s Gravenbrakel","Braine-le-Comte","Arrondissement Zinnik","Arrondissement de Soignies","Provincie Henegouwen","Province du Hainaut","Waals Gewest","Région wallonne","<5"
"2020-04-27","55040","Zinnik","Soignies","Arrondissement Zinnik","Arrondissement de Soignies","Provincie Henegouwen","Province du Hainaut","Waals Gewest","Région wallonne","16"
"2020-04-27","55050","Ecaussinnes","Ecaussinnes","Arrondissement Zinnik","Arrondissement de Soignies","Provincie Henegouwen","Province du Hainaut","Waals Gewest","Région wallonne","<5"
"2020-04-27","55086","Manage","Manage","Arrondissement Zinnik","Arrondissement de Soignies","Provincie Henegouwen","Province du Hainaut","Waals Gewest","Région wallonne","<5"
"2020-04-27","56001","Anderlues","Anderlues","Arrondissement Thuin","Arrondissement de Thuin","Provincie Henegouwen","Province du Hainaut","Waals Gewest","Région wallonne","<5"
"2020-04-27","56049","Merbes-le-Château","Merbes-le-Château","Arrondissement Thuin","Arrondissement de Thuin","Provincie Henegouwen","Province du Hainaut","Waals Gewest","Région wallonne","<5"
"2020-04-27","57003","Antoing","Antoing","Arrondissement Doornik-Moeskroen","Arrondissement de Tournai-Mouscron","Provincie Henegouwen","Province du Hainaut","Waals Gewest","Région wallonne","<5"
"2020-04-27","57027","Estaimpuis","Estaimpuis","Arrondissement Doornik-Moeskroen","Arrondissement de Tournai-Mouscron","Provincie Henegouwen","Province du Hainaut","Waals Gewest","Région wallonne","<5"
"2020-04-27","57064","Péruwelz","Péruwelz","Arrondissement Doornik-Moeskroen","Arrondissement de Tournai-Mouscron","Provincie Henegouwen","Province du Hainaut","Waals Gewest","Région wallonne","<5"
"2020-04-27","57081","Doornik","Tournai","Arrondissement Doornik-Moeskroen","Arrondissement de Tournai-Mouscron","Provincie Henegouwen","Province du Hainaut","Waals Gewest","Région wallonne","7"
"2020-04-27","57095","Mont-de-l’Enclus","Mont-de-l’Enclus","Arrondissement Doornik-Moeskroen","Arrondissement de Tournai-Mouscron","Provincie Henegouwen","Province du Hainaut","Waals Gewest","Région wallonne","<5"
"2020-04-27","57096","Moeskroen","Mouscron","Arrondissement Doornik-Moeskroen","Arrondissement de Tournai-Mouscron","Provincie Henegouwen","Province du Hainaut","Waals Gewest","Région wallonne","<5"
"2020-04-27","58001","La Louvière","La Louvière","Arrondissement La Louvière","Arrondissement de La Louvière","Provincie Henegouwen","Province du Hainaut","Waals Gewest","Région wallonne","<5"
"2020-04-27","58002","Binche","Binche","Arrondissement La Louvière","Arrondissement de La Louvière","Provincie Henegouwen","Province du Hainaut","Waals Gewest","Région wallonne","<5"
"2020-04-27","58004","Morlanwelz","Morlanwelz","Arrondissement La Louvière","Arrondissement de La Louvière","Provincie Henegouwen","Province du Hainaut","Waals Gewest","Région wallonne","<5"
"2020-04-27","61003","Amay","Amay","Arrondissement Hoei","Arrondissement de Huy","Provincie Luik","Province de Liège","Waals Gewest","Région wallonne","<5"
"2020-04-27","61019","Ferrières","Ferrières","Arrondissement Hoei","Arrondissement de Huy","Provincie Luik","Province de Liège","Waals Gewest","Région wallonne","<5"
"2020-04-27","61031","Hoei","Huy","Arrondissement Hoei","Arrondissement de Huy","Provincie Luik","Province de Liège","Waals Gewest","Région wallonne","<5"
"2020-04-27","62003","Ans","Ans","Arrondissement Luik","Arrondissement de Liège","Provincie Luik","Province de Liège","Waals Gewest","Région wallonne","<5"
"2020-04-27","62006","Awans","Awans","Arrondissement Luik","Arrondissement de Liège","Provincie Luik","Province de Liège","Waals Gewest","Région wallonne","<5"
"2020-04-27","62009","Aywaille","Aywaille","Arrondissement Luik","Arrondissement de Liège","Provincie Luik","Province de Liège","Waals Gewest","Région wallonne","<5"
"2020-04-27","62022","Chaudfontaine","Chaudfontaine","Arrondissement Luik","Arrondissement de Liège","Provincie Luik","Province de Liège","Waals Gewest","Région wallonne","<5"
"2020-04-27","62026","Comblain-au-Pont","Comblain-au-Pont","Arrondissement Luik","Arrondissement de Liège","Provincie Luik","Province de Liège","Waals Gewest","Région wallonne","<5"
"2020-04-27","62038","Fléron","Fléron","Arrondissement Luik","Arrondissement de Liège","Provincie Luik","Province de Liège","Waals Gewest","Région wallonne","<5"
"2020-04-27","62051","Herstal","Herstal","Arrondissement Luik","Arrondissement de Liège","Provincie Luik","Province de Liège","Waals Gewest","Région wallonne","<5"
"2020-04-27","62063","Luik","Liège","Arrondissement Luik","Arrondissement de Liège","Provincie Luik","Province de Liège","Waals Gewest","Région wallonne","7"
"2020-04-27","62099","Soumagne","Soumagne","Arrondissement Luik","Arrondissement de Liège","Provincie Luik","Province de Liège","Waals Gewest","Région wallonne","<5"
"2020-04-27","62108","Wezet","Visé","Arrondissement Luik","Arrondissement de Liège","Provincie Luik","Province de Liège","Waals Gewest","Région wallonne","<5"
"2020-04-27","62122","Trooz","Trooz","Arrondissement Luik","Arrondissement de Liège","Provincie Luik","Province de Liège","Waals Gewest","Région wallonne","<5"
"2020-04-27","63003","Aubel","Aubel","Arrondissement Verviers","Arrondissement de Verviers","Provincie Luik","Province de Liège","Waals Gewest","Région wallonne","<5"
"2020-04-27","63012","Büllingen","Bullange","Arrondissement Verviers","Arrondissement de Verviers","Provincie Luik","Province de Liège","Waals Gewest","Région wallonne","<5"
"2020-04-27","63013","Bütgenbach","Butgenbach","Arrondissement Verviers","Arrondissement de Verviers","Provincie Luik","Province de Liège","Waals Gewest","Région wallonne","<5"
"2020-04-27","63023","Eupen","Eupen","Arrondissement Verviers","Arrondissement de Verviers","Provincie Luik","Province de Liège","Waals Gewest","Région wallonne","<5"
"2020-04-27","63048","Lontzen","Lontzen","Arrondissement Verviers","Arrondissement de Verviers","Provincie Luik","Province de Liège","Waals Gewest","Région wallonne","<5"
"2020-04-27","63049","Malmedy","Malmedy","Arrondissement Verviers","Arrondissement de Verviers","Provincie Luik","Province de Liège","Waals Gewest","Région wallonne","<5"
"2020-04-27","63072","Spa","Spa","Arrondissement Verviers","Arrondissement de Verviers","Provincie Luik","Province de Liège","Waals Gewest","Région wallonne","<5"
"2020-04-27","63073","Stavelot","Stavelot","Arrondissement Verviers","Arrondissement de Verviers","Provincie Luik","Province de Liège","Waals Gewest","Région wallonne","<5"
"2020-04-27","63079","Verviers","Verviers","Arrondissement Verviers","Arrondissement de Verviers","Provincie Luik","Province de Liège","Waals Gewest","Région wallonne","<5"
"2020-04-27","63084","Welkenraedt","Welkenraedt","Arrondissement Verviers","Arrondissement de Verviers","Provincie Luik","Province de Liège","Waals Gewest","Région wallonne","<5"
"2020-04-27","63086","Trois-Ponts","Trois-Ponts","Arrondissement Verviers","Arrondissement de Verviers","Provincie Luik","Province de Liège","Waals Gewest","Région wallonne","<5"
"2020-04-27","71002","As","As","Arrondissement Hasselt","Arrondissement de Hasselt","Provincie Limburg","Province du Limbourg","Vlaams Gewest","Région flamande","6"
"2020-04-27","71004","Beringen","Beringen","Arrondissement Hasselt","Arrondissement de Hasselt","Provincie Limburg","Province du Limbourg","Vlaams Gewest","Région flamande","<5"
"2020-04-27","71016","Genk","Genk","Arrondissement Hasselt","Arrondissement de Hasselt","Provincie Limburg","Province du Limbourg","Vlaams Gewest","Région flamande","<5"
"2020-04-27","71017","Gingelom","Gingelom","Arrondissement Hasselt","Arrondissement de Hasselt","Provincie Limburg","Province du Limbourg","Vlaams Gewest","Région flamande","<5"
"2020-04-27","71022","Hasselt","Hasselt","Arrondissement Hasselt","Arrondissement de Hasselt","Provincie Limburg","Province du Limbourg","Vlaams Gewest","Région flamande","<5"
"2020-04-27","71024","Herk-de-Stad","Herck-la-Ville","Arrondissement Hasselt","Arrondissement de Hasselt","Provincie Limburg","Province du Limbourg","Vlaams Gewest","Région flamande","<5"
"2020-04-27","71037","Lummen","Lummen","Arrondissement Hasselt","Arrondissement de Hasselt","Provincie Limburg","Province du Limbourg","Vlaams Gewest","Région flamande","<5"
"2020-04-27","71045","Nieuwerkerken (Hasselt)","Nieuwerkerken (Hasselt)","Arrondissement Hasselt","Arrondissement de Hasselt","Provincie Limburg","Province du Limbourg","Vlaams Gewest","Région flamande","<5"
"2020-04-27","71053","Sint-Truiden","Saint-Trond","Arrondissement Hasselt","Arrondissement de Hasselt","Provincie Limburg","Province du Limbourg","Vlaams Gewest","Région flamande","<5"
"2020-04-27","71066","Zonhoven","Zonhoven","Arrondissement Hasselt","Arrondissement de Hasselt","Provincie Limburg","Province du Limbourg","Vlaams Gewest","Région flamande","<5"
"2020-04-27","71070","Heusden-Zolder","Heusden-Zolder","Arrondissement Hasselt","Arrondissement de Hasselt","Provincie Limburg","Province du Limbourg","Vlaams Gewest","Région flamande","<5"
"2020-04-27","72003","Bocholt","Bocholt","Arrondissement Maaseik","Arrondissement de Maaseik","Provincie Limburg","Province du Limbourg","Vlaams Gewest","Région flamande","<5"
"2020-04-27","72020","Lommel","Lommel","Arrondissement Maaseik","Arrondissement de Maaseik","Provincie Limburg","Province du Limbourg","Vlaams Gewest","Région flamande","<5"
"2020-04-27","72021","Maaseik","Maaseik","Arrondissement Maaseik","Arrondissement de Maaseik","Provincie Limburg","Province du Limbourg","Vlaams Gewest","Région flamande","<5"
"2020-04-27","72030","Peer","Peer","Arrondissement Maaseik","Arrondissement de Maaseik","Provincie Limburg","Province du Limbourg","Vlaams Gewest","Région flamande","<5"
"2020-04-27","72039","Houthalen-Helchteren","Houthalen-Helchteren","Arrondissement Maaseik","Arrondissement de Maaseik","Provincie Limburg","Province du Limbourg","Vlaams Gewest","Région flamande","<5"
"2020-04-27","72041","Dilsen-Stokkem","Dilsen-Stokkem","Arrondissement Maaseik","Arrondissement de Maaseik","Provincie Limburg","Province du Limbourg","Vlaams Gewest","Région flamande","<5"
"2020-04-27","72042","Oudsbergen","Oudsbergen","Arrondissement Maaseik","Arrondissement de Maaseik","Provincie Limburg","Province du Limbourg","Vlaams Gewest","Région flamande","<5"
"2020-04-27","72043","Pelt","Pelt","Arrondissement Maaseik","Arrondissement de Maaseik","Provincie Limburg","Province du Limbourg","Vlaams Gewest","Région flamande","<5"
"2020-04-27","73001","Alken","Alken","Arrondissement Tongeren","Arrondissement de Tongres","Provincie Limburg","Province du Limbourg","Vlaams Gewest","Région flamande","<5"
"2020-04-27","73009","Borgloon","Looz","Arrondissement Tongeren","Arrondissement de Tongres","Provincie Limburg","Province du Limbourg","Vlaams Gewest","Région flamande","<5"
"2020-04-27","73032","Hoeselt","Hoeselt","Arrondissement Tongeren","Arrondissement de Tongres","Provincie Limburg","Province du Limbourg","Vlaams Gewest","Région flamande","<5"
"2020-04-27","73042","Lanaken","Lanaken","Arrondissement Tongeren","Arrondissement de Tongres","Provincie Limburg","Province du Limbourg","Vlaams Gewest","Région flamande","<5"
"2020-04-27","73066","Riemst","Riemst","Arrondissement Tongeren","Arrondissement de Tongres","Provincie Limburg","Province du Limbourg","Vlaams Gewest","Région flamande","<5"
"2020-04-27","73083","Tongeren","Tongres","Arrondissement Tongeren","Arrondissement de Tongres","Provincie Limburg","Province du Limbourg","Vlaams Gewest","Région flamande","5"
"2020-04-27","73107","Maasmechelen","Maasmechelen","Arrondissement Tongeren","Arrondissement de Tongres","Provincie Limburg","Province du Limbourg","Vlaams Gewest","Région flamande","<5"
"2020-04-27","82009","Fauvillers","Fauvillers","Arrondissement Bastenaken","Arrondissement de Bastogne","Provincie Luxemburg","Province du Luxembourg","Waals Gewest","Région wallonne","<5"
"2020-04-27","82032","Vielsalm","Vielsalm","Arrondissement Bastenaken","Arrondissement de Bastogne","Provincie Luxemburg","Province du Luxembourg","Waals Gewest","Région wallonne","<5"
"2020-04-27","83013","Erezée","Erezée","Arrondissement Marche-en-Famenne","Arrondissement de Marche-en-Famenne","Provincie Luxemburg","Province du Luxembourg","Waals Gewest","Région wallonne","<5"
"2020-04-27","83028","Hotton","Hotton","Arrondissement Marche-en-Famenne","Arrondissement de Marche-en-Famenne","Provincie Luxemburg","Province du Luxembourg","Waals Gewest","Région wallonne","<5"
"2020-04-27","83034","Marche-en-Famenne","Marche-en-Famenne","Arrondissement Marche-en-Famenne","Arrondissement de Marche-en-Famenne","Provincie Luxemburg","Province du Luxembourg","Waals Gewest","Région wallonne","<5"
"2020-04-27","83044","Rendeux","Rendeux","Arrondissement Marche-en-Famenne","Arrondissement de Marche-en-Famenne","Provincie Luxemburg","Province du Luxembourg","Waals Gewest","Région wallonne","<5"
"2020-04-27","84009","Bertrix","Bertrix","Arrondissement Neufchâteau","Arrondissement de Neufchâteau","Provincie Luxemburg","Province du Luxembourg","Waals Gewest","Région wallonne","<5"
"2020-04-27","84077","Libramont-Chevigny","Libramont-Chevigny","Arrondissement Neufchâteau","Arrondissement de Neufchâteau","Provincie Luxemburg","Province du Luxembourg","Waals Gewest","Région wallonne","<5"
"2020-04-27","91059","Hamois","Hamois","Arrondissement Dinant","Arrondissement de Dinant","Provincie Namen","Province de Namur","Waals Gewest","Région wallonne","<5"
"2020-04-27","91114","Rochefort","Rochefort","Arrondissement Dinant","Arrondissement de Dinant","Provincie Namen","Province de Namur","Waals Gewest","Région wallonne","<5"
"2020-04-27","91120","Somme-Leuze","Somme-Leuze","Arrondissement Dinant","Arrondissement de Dinant","Provincie Namen","Province de Namur","Waals Gewest","Région wallonne","<5"
"2020-04-27","92003","Andenne","Andenne","Arrondissement Namen","Arrondissement de Namur","Provincie Namen","Province de Namur","Waals Gewest","Région wallonne","<5"
"2020-04-27","92006","Assesse","Assesse","Arrondissement Namen","Arrondissement de Namur","Provincie Namen","Province de Namur","Waals Gewest","Région wallonne","<5"
"2020-04-27","92035","Eghezée","Eghezée","Arrondissement Namen","Arrondissement de Namur","Provincie Namen","Province de Namur","Waals Gewest","Région wallonne","<5"
"2020-04-27","92048","Fosses-la-Ville","Fosses-la-Ville","Arrondissement Namen","Arrondissement de Namur","Provincie Namen","Province de Namur","Waals Gewest","Région wallonne","<5"
"2020-04-27","92087","Mettet","Mettet","Arrondissement Namen","Arrondissement de Namur","Provincie Namen","Province de Namur","Waals Gewest","Région wallonne","<5"
"2020-04-27","92094","Namen","Namur","Arrondissement Namen","Arrondissement de Namur","Provincie Namen","Province de Namur","Waals Gewest","Région wallonne","14"
"2020-04-27","92097","Ohey","Ohey","Arrondissement Namen","Arrondissement de Namur","Provincie Namen","Province de Namur","Waals Gewest","Région wallonne","<5"
"2020-04-27","92101","Profondeville","Profondeville","Arrondissement Namen","Arrondissement de Namur","Provincie Namen","Province de Namur","Waals Gewest","Région wallonne","<5"
"2020-04-27","92114","Sombreffe","Sombreffe","Arrondissement Namen","Arrondissement de Namur","Provincie Namen","Province de Namur","Waals Gewest","Région wallonne","<5"
"2020-04-27","92137","Sambreville","Sambreville","Arrondissement Namen","Arrondissement de Namur","Provincie Namen","Province de Namur","Waals Gewest","Région wallonne","<5"
"2020-04-27","92138","Fernelmont","Fernelmont","Arrondissement Namen","Arrondissement de Namur","Provincie Namen","Province de Namur","Waals Gewest","Région wallonne","<5"
"2020-04-27","92140","Jemeppe-sur-Sambre","Jemeppe-sur-Sambre","Arrondissement Namen","Arrondissement de Namur","Provincie Namen","Province de Namur","Waals Gewest","Région wallonne","6"
"2020-04-27","93018","Doische","Doische","Arrondissement Philippeville","Arrondissement de Philippeville","Provincie Namen","Province de Namur","Waals Gewest","Région wallonne","<5"
"2020-04-27","93022","Florennes","Florennes","Arrondissement Philippeville","Arrondissement de Philippeville","Provincie Namen","Province de Namur","Waals Gewest","Région wallonne","<5"
"2020-04-27",NA,NA,NA,NA,NA,NA,NA,NA,NA,"11"
"2020-04-28","11001","Aartselaar","Aartselaar","Arrondissement Antwerpen","Arrondissement d’Anvers","Provincie Antwerpen","Province d’Anvers","Vlaams Gewest","Région flamande","<5"
"2020-04-28","11002","Antwerpen","Anvers","Arrondissement Antwerpen","Arrondissement d’Anvers","Provincie Antwerpen","Province d’Anvers","Vlaams Gewest","Région flamande","34"
"2020-04-28","11007","Borsbeek","Borsbeek","Arrondissement Antwerpen","Arrondissement d’Anvers","Provincie Antwerpen","Province d’Anvers","Vlaams Gewest","Région flamande","<5"
"2020-04-28","11008","Brasschaat","Brasschaat","Arrondissement Antwerpen","Arrondissement d’Anvers","Provincie Antwerpen","Province d’Anvers","Vlaams Gewest","Région flamande","5"
"2020-04-28","11018","Hemiksem","Hemiksem","Arrondissement Antwerpen","Arrondissement d’Anvers","Provincie Antwerpen","Province d’Anvers","Vlaams Gewest","Région flamande","<5"
"2020-04-28","11022","Kalmthout","Kalmthout","Arrondissement Antwerpen","Arrondissement d’Anvers","Provincie Antwerpen","Province d’Anvers","Vlaams Gewest","Région flamande","<5"
"2020-04-28","11023","Kapellen (Antwerpen)","Kapellen (Anvers)","Arrondissement Antwerpen","Arrondissement d’Anvers","Provincie Antwerpen","Province d’Anvers","Vlaams Gewest","Région flamande","<5"
"2020-04-28","11029","Mortsel","Mortsel","Arrondissement Antwerpen","Arrondissement d’Anvers","Provincie Antwerpen","Province d’Anvers","Vlaams Gewest","Région flamande","5"
"2020-04-28","11030","Niel","Niel","Arrondissement Antwerpen","Arrondissement d’Anvers","Provincie Antwerpen","Province d’Anvers","Vlaams Gewest","Région flamande","<5"
"2020-04-28","11035","Ranst","Ranst","Arrondissement Antwerpen","Arrondissement d’Anvers","Provincie Antwerpen","Province d’Anvers","Vlaams Gewest","Région flamande","<5"
"2020-04-28","11039","Schilde","Schilde","Arrondissement Antwerpen","Arrondissement d’Anvers","Provincie Antwerpen","Province d’Anvers","Vlaams Gewest","Région flamande","<5"
"2020-04-28","11040","Schoten","Schoten","Arrondissement Antwerpen","Arrondissement d’Anvers","Provincie Antwerpen","Province d’Anvers","Vlaams Gewest","Région flamande","<5"
"2020-04-28","11044","Stabroek","Stabroek","Arrondissement Antwerpen","Arrondissement d’Anvers","Provincie Antwerpen","Province d’Anvers","Vlaams Gewest","Région flamande","<5"
"2020-04-28","11052","Wommelgem","Wommelgem","Arrondissement Antwerpen","Arrondissement d’Anvers","Provincie Antwerpen","Province d’Anvers","Vlaams Gewest","Région flamande","<5"
"2020-04-28","11053","Wuustwezel","Wuustwezel","Arrondissement Antwerpen","Arrondissement d’Anvers","Provincie Antwerpen","Province d’Anvers","Vlaams Gewest","Région flamande","<5"
"2020-04-28","11054","Zandhoven","Zandhoven","Arrondissement Antwerpen","Arrondissement d’Anvers","Provincie Antwerpen","Province d’Anvers","Vlaams Gewest","Région flamande","<5"
"2020-04-28","11055","Zoersel","Zoersel","Arrondissement Antwerpen","Arrondissement d’Anvers","Provincie Antwerpen","Province d’Anvers","Vlaams Gewest","Région flamande","<5"
"2020-04-28","11056","Zwijndrecht","Zwijndrecht","Arrondissement Antwerpen","Arrondissement d’Anvers","Provincie Antwerpen","Province d’Anvers","Vlaams Gewest","Région flamande","<5"
"2020-04-28","12007","Bornem","Bornem","Arrondissement Mechelen","Arrondissement de Malines","Provincie Antwerpen","Province d’Anvers","Vlaams Gewest","Région flamande","<5"
"2020-04-28","12009","Duffel","Duffel","Arrondissement Mechelen","Arrondissement de Malines","Provincie Antwerpen","Province d’Anvers","Vlaams Gewest","Région flamande","<5"
"2020-04-28","12014","Heist-op-den-Berg","Heist-op-den-Berg","Arrondissement Mechelen","Arrondissement de Malines","Provincie Antwerpen","Province d’Anvers","Vlaams Gewest","Région flamande","<5"
"2020-04-28","12021","Lier","Lierre","Arrondissement Mechelen","Arrondissement de Malines","Provincie Antwerpen","Province d’Anvers","Vlaams Gewest","Région flamande","<5"
"2020-04-28","12025","Mechelen","Malines","Arrondissement Mechelen","Arrondissement de Malines","Provincie Antwerpen","Province d’Anvers","Vlaams Gewest","Région flamande","5"
"2020-04-28","12035","Sint-Katelijne-Waver","Sint-Katelijne-Waver","Arrondissement Mechelen","Arrondissement de Malines","Provincie Antwerpen","Province d’Anvers","Vlaams Gewest","Région flamande","<5"
"2020-04-28","12040","Willebroek","Willebroek","Arrondissement Mechelen","Arrondissement de Malines","Provincie Antwerpen","Province d’Anvers","Vlaams Gewest","Région flamande","<5"
"2020-04-28","12041","Puurs-Sint-Amands","Puurs-Sint-Amands","Arrondissement Mechelen","Arrondissement de Malines","Provincie Antwerpen","Province d’Anvers","Vlaams Gewest","Région flamande","<5"
"2020-04-28","13001","Arendonk","Arendonk","Arrondissement Turnhout","Arrondissement de Turnhout","Provincie Antwerpen","Province d’Anvers","Vlaams Gewest","Région flamande","<5"
"2020-04-28","13003","Balen","Balen","Arrondissement Turnhout","Arrondissement de Turnhout","Provincie Antwerpen","Province d’Anvers","Vlaams Gewest","Région flamande","<5"
"2020-04-28","13006","Dessel","Dessel","Arrondissement Turnhout","Arrondissement de Turnhout","Provincie Antwerpen","Province d’Anvers","Vlaams Gewest","Région flamande","<5"
"2020-04-28","13012","Herenthout","Herenthout","Arrondissement Turnhout","Arrondissement de Turnhout","Provincie Antwerpen","Province d’Anvers","Vlaams Gewest","Région flamande","<5"
"2020-04-28","13014","Hoogstraten","Hoogstraten","Arrondissement Turnhout","Arrondissement de Turnhout","Provincie Antwerpen","Province d’Anvers","Vlaams Gewest","Région flamande","<5"
"2020-04-28","13019","Lille","Lille","Arrondissement Turnhout","Arrondissement de Turnhout","Provincie Antwerpen","Province d’Anvers","Vlaams Gewest","Région flamande","<5"
"2020-04-28","13021","Meerhout","Meerhout","Arrondissement Turnhout","Arrondissement de Turnhout","Provincie Antwerpen","Province d’Anvers","Vlaams Gewest","Région flamande","<5"
"2020-04-28","13023","Merksplas","Merksplas","Arrondissement Turnhout","Arrondissement de Turnhout","Provincie Antwerpen","Province d’Anvers","Vlaams Gewest","Région flamande","<5"
"2020-04-28","13025","Mol","Mol","Arrondissement Turnhout","Arrondissement de Turnhout","Provincie Antwerpen","Province d’Anvers","Vlaams Gewest","Région flamande","<5"
"2020-04-28","13029","Olen","Olen","Arrondissement Turnhout","Arrondissement de Turnhout","Provincie Antwerpen","Province d’Anvers","Vlaams Gewest","Région flamande","<5"
"2020-04-28","13031","Oud-Turnhout","Oud-Turnhout","Arrondissement Turnhout","Arrondissement de Turnhout","Provincie Antwerpen","Province d’Anvers","Vlaams Gewest","Région flamande","<5"
"2020-04-28","13035","Ravels","Ravels","Arrondissement Turnhout","Arrondissement de Turnhout","Provincie Antwerpen","Province d’Anvers","Vlaams Gewest","Région flamande","<5"
"2020-04-28","13040","Turnhout","Turnhout","Arrondissement Turnhout","Arrondissement de Turnhout","Provincie Antwerpen","Province d’Anvers","Vlaams Gewest","Région flamande","13"
"2020-04-28","13049","Westerlo","Westerlo","Arrondissement Turnhout","Arrondissement de Turnhout","Provincie Antwerpen","Province d’Anvers","Vlaams Gewest","Région flamande","<5"
"2020-04-28","21001","Anderlecht","Anderlecht","Arrondissement Brussel-Hoofdstad","Arrondissement de Bruxelles-Capitale",NA,NA,"Brussels Hoofdstedelijk Gewest","Région de Bruxelles-Capitale","5"
"2020-04-28","21004","Brussel","Bruxelles","Arrondissement Brussel-Hoofdstad","Arrondissement de Bruxelles-Capitale",NA,NA,"Brussels Hoofdstedelijk Gewest","Région de Bruxelles-Capitale","<5"
"2020-04-28","21005","Etterbeek","Etterbeek","Arrondissement Brussel-Hoofdstad","Arrondissement de Bruxelles-Capitale",NA,NA,"Brussels Hoofdstedelijk Gewest","Région de Bruxelles-Capitale","<5"
"2020-04-28","21006","Evere","Evere","Arrondissement Brussel-Hoofdstad","Arrondissement de Bruxelles-Capitale",NA,NA,"Brussels Hoofdstedelijk Gewest","Région de Bruxelles-Capitale","<5"
"2020-04-28","21007","Vorst (Brussel-Hoofdstad)","Forest (Bruxelles-Capitale)","Arrondissement Brussel-Hoofdstad","Arrondissement de Bruxelles-Capitale",NA,NA,"Brussels Hoofdstedelijk Gewest","Région de Bruxelles-Capitale","<5"
"2020-04-28","21009","Elsene","Ixelles","Arrondissement Brussel-Hoofdstad","Arrondissement de Bruxelles-Capitale",NA,NA,"Brussels Hoofdstedelijk Gewest","Région de Bruxelles-Capitale","<5"
"2020-04-28","21012","Sint-Jans-Molenbeek","Molenbeek-Saint-Jean","Arrondissement Brussel-Hoofdstad","Arrondissement de Bruxelles-Capitale",NA,NA,"Brussels Hoofdstedelijk Gewest","Région de Bruxelles-Capitale","11"
"2020-04-28","21013","Sint-Gillis","Saint-Gilles","Arrondissement Brussel-Hoofdstad","Arrondissement de Bruxelles-Capitale",NA,NA,"Brussels Hoofdstedelijk Gewest","Région de Bruxelles-Capitale","<5"
"2020-04-28","21015","Schaarbeek","Schaerbeek","Arrondissement Brussel-Hoofdstad","Arrondissement de Bruxelles-Capitale",NA,NA,"Brussels Hoofdstedelijk Gewest","Région de Bruxelles-Capitale","5"
"2020-04-28","21016","Ukkel","Uccle","Arrondissement Brussel-Hoofdstad","Arrondissement de Bruxelles-Capitale",NA,NA,"Brussels Hoofdstedelijk Gewest","Région de Bruxelles-Capitale","<5"
"2020-04-28","21017","Watermaal-Bosvoorde","Watermael-Boitsfort","Arrondissement Brussel-Hoofdstad","Arrondissement de Bruxelles-Capitale",NA,NA,"Brussels Hoofdstedelijk Gewest","Région de Bruxelles-Capitale","<5"
"2020-04-28","21018","Sint-Lambrechts-Woluwe","Woluwe-Saint-Lambert","Arrondissement Brussel-Hoofdstad","Arrondissement de Bruxelles-Capitale",NA,NA,"Brussels Hoofdstedelijk Gewest","Région de Bruxelles-Capitale","<5"
"2020-04-28","21019","Sint-Pieters-Woluwe","Woluwe-Saint-Pierre","Arrondissement Brussel-Hoofdstad","Arrondissement de Bruxelles-Capitale",NA,NA,"Brussels Hoofdstedelijk Gewest","Région de Bruxelles-Capitale","<5"
"2020-04-28","23002","Asse","Asse","Arrondissement Halle-Vilvoorde","Arrondissement de Hal-Vilvorde","Provincie Vlaams-Brabant","Province du Brabant flamand","Vlaams Gewest","Région flamande","<5"
"2020-04-28","23016","Dilbeek","Dilbeek","Arrondissement Halle-Vilvoorde","Arrondissement de Hal-Vilvorde","Provincie Vlaams-Brabant","Province du Brabant flamand","Vlaams Gewest","Région flamande","9"
"2020-04-28","23023","Galmaarden","Gammerages","Arrondissement Halle-Vilvoorde","Arrondissement de Hal-Vilvorde","Provincie Vlaams-Brabant","Province du Brabant flamand","Vlaams Gewest","Région flamande","<5"
"2020-04-28","23025","Grimbergen","Grimbergen","Arrondissement Halle-Vilvoorde","Arrondissement de Hal-Vilvorde","Provincie Vlaams-Brabant","Province du Brabant flamand","Vlaams Gewest","Région flamande","<5"
"2020-04-28","23033","Hoeilaart","Hoeilaart","Arrondissement Halle-Vilvoorde","Arrondissement de Hal-Vilvorde","Provincie Vlaams-Brabant","Province du Brabant flamand","Vlaams Gewest","Région flamande","<5"
"2020-04-28","23039","Kapelle-op-den-Bos","Kapelle-op-den-Bos","Arrondissement Halle-Vilvoorde","Arrondissement de Hal-Vilvorde","Provincie Vlaams-Brabant","Province du Brabant flamand","Vlaams Gewest","Région flamande","9"
"2020-04-28","23044","Liedekerke","Liedekerke","Arrondissement Halle-Vilvoorde","Arrondissement de Hal-Vilvorde","Provincie Vlaams-Brabant","Province du Brabant flamand","Vlaams Gewest","Région flamande","<5"
"2020-04-28","23045","Londerzeel","Londerzeel","Arrondissement Halle-Vilvoorde","Arrondissement de Hal-Vilvorde","Provincie Vlaams-Brabant","Province du Brabant flamand","Vlaams Gewest","Région flamande","<5"
"2020-04-28","23047","Machelen (Halle-Vilvoorde)","Machelen (Hal-Vilvorde)","Arrondissement Halle-Vilvoorde","Arrondissement de Hal-Vilvorde","Provincie Vlaams-Brabant","Province du Brabant flamand","Vlaams Gewest","Région flamande","<5"
"2020-04-28","23050","Meise","Meise","Arrondissement Halle-Vilvoorde","Arrondissement de Hal-Vilvorde","Provincie Vlaams-Brabant","Province du Brabant flamand","Vlaams Gewest","Région flamande","<5"
"2020-04-28","23062","Overijse","Overijse","Arrondissement Halle-Vilvoorde","Arrondissement de Hal-Vilvorde","Provincie Vlaams-Brabant","Province du Brabant flamand","Vlaams Gewest","Région flamande","<5"
"2020-04-28","23064","Pepingen","Pepingen","Arrondissement Halle-Vilvoorde","Arrondissement de Hal-Vilvorde","Provincie Vlaams-Brabant","Province du Brabant flamand","Vlaams Gewest","Région flamande","<5"
"2020-04-28","23088","Vilvoorde","Vilvorde","Arrondissement Halle-Vilvoorde","Arrondissement de Hal-Vilvorde","Provincie Vlaams-Brabant","Province du Brabant flamand","Vlaams Gewest","Région flamande","<5"
"2020-04-28","23094","Zaventem","Zaventem","Arrondissement Halle-Vilvoorde","Arrondissement de Hal-Vilvorde","Provincie Vlaams-Brabant","Province du Brabant flamand","Vlaams Gewest","Région flamande","<5"
"2020-04-28","23101","Sint-Genesius-Rode","Rhode-Saint-Genèse","Arrondissement Halle-Vilvoorde","Arrondissement de Hal-Vilvorde","Provincie Vlaams-Brabant","Province du Brabant flamand","Vlaams Gewest","Région flamande","<5"
"2020-04-28","23103","Wezembeek-Oppem","Wezembeek-Oppem","Arrondissement Halle-Vilvoorde","Arrondissement de Hal-Vilvorde","Provincie Vlaams-Brabant","Province du Brabant flamand","Vlaams Gewest","Région flamande","<5"
"2020-04-28","23105","Affligem","Affligem","Arrondissement Halle-Vilvoorde","Arrondissement de Hal-Vilvorde","Provincie Vlaams-Brabant","Province du Brabant flamand","Vlaams Gewest","Région flamande","<5"
"2020-04-28","24007","Begijnendijk","Begijnendijk","Arrondissement Leuven","Arrondissement de Louvain","Provincie Vlaams-Brabant","Province du Brabant flamand","Vlaams Gewest","Région flamande","<5"
"2020-04-28","24008","Bekkevoort","Bekkevoort","Arrondissement Leuven","Arrondissement de Louvain","Provincie Vlaams-Brabant","Province du Brabant flamand","Vlaams Gewest","Région flamande","<5"
"2020-04-28","24009","Bertem","Bertem","Arrondissement Leuven","Arrondissement de Louvain","Provincie Vlaams-Brabant","Province du Brabant flamand","Vlaams Gewest","Région flamande","<5"
"2020-04-28","24011","Bierbeek","Bierbeek","Arrondissement Leuven","Arrondissement de Louvain","Provincie Vlaams-Brabant","Province du Brabant flamand","Vlaams Gewest","Région flamande","<5"
"2020-04-28","24014","Boortmeerbeek","Boortmeerbeek","Arrondissement Leuven","Arrondissement de Louvain","Provincie Vlaams-Brabant","Province du Brabant flamand","Vlaams Gewest","Région flamande","<5"
"2020-04-28","24016","Boutersem","Boutersem","Arrondissement Leuven","Arrondissement de Louvain","Provincie Vlaams-Brabant","Province du Brabant flamand","Vlaams Gewest","Région flamande","<5"
"2020-04-28","24048","Keerbergen","Keerbergen","Arrondissement Leuven","Arrondissement de Louvain","Provincie Vlaams-Brabant","Province du Brabant flamand","Vlaams Gewest","Région flamande","<5"
"2020-04-28","24054","Kortenaken","Kortenaken","Arrondissement Leuven","Arrondissement de Louvain","Provincie Vlaams-Brabant","Province du Brabant flamand","Vlaams Gewest","Région flamande","<5"
"2020-04-28","24059","Landen","Landen","Arrondissement Leuven","Arrondissement de Louvain","Provincie Vlaams-Brabant","Province du Brabant flamand","Vlaams Gewest","Région flamande","<5"
"2020-04-28","24062","Leuven","Louvain","Arrondissement Leuven","Arrondissement de Louvain","Provincie Vlaams-Brabant","Province du Brabant flamand","Vlaams Gewest","Région flamande","<5"
"2020-04-28","24109","Tremelo","Tremelo","Arrondissement Leuven","Arrondissement de Louvain","Provincie Vlaams-Brabant","Province du Brabant flamand","Vlaams Gewest","Région flamande","<5"
"2020-04-28","24134","Scherpenheuvel-Zichem","Montaigu-Zichem","Arrondissement Leuven","Arrondissement de Louvain","Provincie Vlaams-Brabant","Province du Brabant flamand","Vlaams Gewest","Région flamande","<5"
"2020-04-28","24135","Tielt-Winge","Tielt-Winge","Arrondissement Leuven","Arrondissement de Louvain","Provincie Vlaams-Brabant","Province du Brabant flamand","Vlaams Gewest","Région flamande","<5"
"2020-04-28","25014","Eigenbrakel","Braine-l’Alleud","Arrondissement Nijvel","Arrondissement de Nivelles","Provincie Waals-Brabant","Province du Brabant wallon","Waals Gewest","Région wallonne","<5"
"2020-04-28","25048","Geldenaken","Jodoigne","Arrondissement Nijvel","Arrondissement de Nivelles","Provincie Waals-Brabant","Province du Brabant wallon","Waals Gewest","Région wallonne","<5"
"2020-04-28","25072","Nijvel","Nivelles","Arrondissement Nijvel","Arrondissement de Nivelles","Provincie Waals-Brabant","Province du Brabant wallon","Waals Gewest","Région wallonne","<5"
"2020-04-28","25105","Tubeke","Tubize","Arrondissement Nijvel","Arrondissement de Nivelles","Provincie Waals-Brabant","Province du Brabant wallon","Waals Gewest","Région wallonne","<5"
"2020-04-28","25110","Waterloo","Waterloo","Arrondissement Nijvel","Arrondissement de Nivelles","Provincie Waals-Brabant","Province du Brabant wallon","Waals Gewest","Région wallonne","<5"
"2020-04-28","25123","Rebecq","Rebecq","Arrondissement Nijvel","Arrondissement de Nivelles","Provincie Waals-Brabant","Province du Brabant wallon","Waals Gewest","Région wallonne","<5"
"2020-04-28","31003","Beernem","Beernem","Arrondissement Brugge","Arrondissement de Bruges","Provincie West-Vlaanderen","Province de Flandre occidentale","Vlaams Gewest","Région flamande","<5"
"2020-04-28","31005","Brugge","Bruges","Arrondissement Brugge","Arrondissement de Bruges","Provincie West-Vlaanderen","Province de Flandre occidentale","Vlaams Gewest","Région flamande","9"
"2020-04-28","31033","Torhout","Torhout","Arrondissement Brugge","Arrondissement de Bruges","Provincie West-Vlaanderen","Province de Flandre occidentale","Vlaams Gewest","Région flamande","<5"
"2020-04-28","31043","Knokke-Heist","Knokke-Heist","Arrondissement Brugge","Arrondissement de Bruges","Provincie West-Vlaanderen","Province de Flandre occidentale","Vlaams Gewest","Région flamande","<5"
"2020-04-28","32006","Houthulst","Houthulst","Arrondissement Diksmuide","Arrondissement de Dixmude","Provincie West-Vlaanderen","Province de Flandre occidentale","Vlaams Gewest","Région flamande","<5"
"2020-04-28","33011","Ieper","Ypres","Arrondissement Ieper","Arrondissement d’Ypres","Provincie West-Vlaanderen","Province de Flandre occidentale","Vlaams Gewest","Région flamande","<5"
"2020-04-28","33021","Poperinge","Poperinge","Arrondissement Ieper","Arrondissement d’Ypres","Provincie West-Vlaanderen","Province de Flandre occidentale","Vlaams Gewest","Région flamande","<5"
"2020-04-28","33037","Zonnebeke","Zonnebeke","Arrondissement Ieper","Arrondissement d’Ypres","Provincie West-Vlaanderen","Province de Flandre occidentale","Vlaams Gewest","Région flamande","<5"
"2020-04-28","34002","Anzegem","Anzegem","Arrondissement Kortrijk","Arrondissement de Courtrai","Provincie West-Vlaanderen","Province de Flandre occidentale","Vlaams Gewest","Région flamande","<5"
"2020-04-28","34013","Harelbeke","Harelbeke","Arrondissement Kortrijk","Arrondissement de Courtrai","Provincie West-Vlaanderen","Province de Flandre occidentale","Vlaams Gewest","Région flamande","<5"
"2020-04-28","34022","Kortrijk","Courtrai","Arrondissement Kortrijk","Arrondissement de Courtrai","Provincie West-Vlaanderen","Province de Flandre occidentale","Vlaams Gewest","Région flamande","<5"
"2020-04-28","34027","Menen","Menin","Arrondissement Kortrijk","Arrondissement de Courtrai","Provincie West-Vlaanderen","Province de Flandre occidentale","Vlaams Gewest","Région flamande","5"
"2020-04-28","34040","Waregem","Waregem","Arrondissement Kortrijk","Arrondissement de Courtrai","Provincie West-Vlaanderen","Province de Flandre occidentale","Vlaams Gewest","Région flamande","<5"
"2020-04-28","34041","Wevelgem","Wevelgem","Arrondissement Kortrijk","Arrondissement de Courtrai","Provincie West-Vlaanderen","Province de Flandre occidentale","Vlaams Gewest","Région flamande","<5"
"2020-04-28","35002","Bredene","Bredene","Arrondissement Oostende","Arrondissement d’Ostende","Provincie West-Vlaanderen","Province de Flandre occidentale","Vlaams Gewest","Région flamande","5"
"2020-04-28","35013","Oostende","Ostende","Arrondissement Oostende","Arrondissement d’Ostende","Provincie West-Vlaanderen","Province de Flandre occidentale","Vlaams Gewest","Région flamande","6"
"2020-04-28","35014","Oudenburg","Oudenburg","Arrondissement Oostende","Arrondissement d’Ostende","Provincie West-Vlaanderen","Province de Flandre occidentale","Vlaams Gewest","Région flamande","<5"
"2020-04-28","35029","De Haan","De Haan","Arrondissement Oostende","Arrondissement d’Ostende","Provincie West-Vlaanderen","Province de Flandre occidentale","Vlaams Gewest","Région flamande","<5"
"2020-04-28","36007","Ingelmunster","Ingelmunster","Arrondissement Roeselare","Arrondissement de Roulers","Provincie West-Vlaanderen","Province de Flandre occidentale","Vlaams Gewest","Région flamande","<5"
"2020-04-28","36012","Moorslede","Moorslede","Arrondissement Roeselare","Arrondissement de Roulers","Provincie West-Vlaanderen","Province de Flandre occidentale","Vlaams Gewest","Région flamande","<5"
"2020-04-28","36015","Roeselare","Roulers","Arrondissement Roeselare","Arrondissement de Roulers","Provincie West-Vlaanderen","Province de Flandre occidentale","Vlaams Gewest","Région flamande","6"
"2020-04-28","37012","Ruiselede","Ruiselede","Arrondissement Tielt","Arrondissement de Tielt","Provincie West-Vlaanderen","Province de Flandre occidentale","Vlaams Gewest","Région flamande","<5"
"2020-04-28","37015","Tielt (Tielt)","Tielt (Tielt)","Arrondissement Tielt","Arrondissement de Tielt","Provincie West-Vlaanderen","Province de Flandre occidentale","Vlaams Gewest","Région flamande","<5"
"2020-04-28","38016","Nieuwpoort","Nieuport","Arrondissement Veurne","Arrondissement de Furnes","Provincie West-Vlaanderen","Province de Flandre occidentale","Vlaams Gewest","Région flamande","<5"
"2020-04-28","41002","Aalst (Aalst)","Alost (Alost)","Arrondissement Aalst","Arrondissement d’Alost","Provincie Oost-Vlaanderen","Province de Flandre orientale","Vlaams Gewest","Région flamande","<5"
"2020-04-28","41024","Haaltert","Haaltert","Arrondissement Aalst","Arrondissement d’Alost","Provincie Oost-Vlaanderen","Province de Flandre orientale","Vlaams Gewest","Région flamande","<5"
"2020-04-28","41027","Herzele","Herzele","Arrondissement Aalst","Arrondissement d’Alost","Provincie Oost-Vlaanderen","Province de Flandre orientale","Vlaams Gewest","Région flamande","<5"
"2020-04-28","41048","Ninove","Ninove","Arrondissement Aalst","Arrondissement d’Alost","Provincie Oost-Vlaanderen","Province de Flandre orientale","Vlaams Gewest","Région flamande","<5"
"2020-04-28","41082","Erpe-Mere","Erpe-Mere","Arrondissement Aalst","Arrondissement d’Alost","Provincie Oost-Vlaanderen","Province de Flandre orientale","Vlaams Gewest","Région flamande","<5"
"2020-04-28","42003","Berlare","Berlare","Arrondissement Dendermonde","Arrondissement de Termonde","Provincie Oost-Vlaanderen","Province de Flandre orientale","Vlaams Gewest","Région flamande","<5"
"2020-04-28","42006","Dendermonde","Termonde","Arrondissement Dendermonde","Arrondissement de Termonde","Provincie Oost-Vlaanderen","Province de Flandre orientale","Vlaams Gewest","Région flamande","<5"
"2020-04-28","42023","Waasmunster","Waasmunster","Arrondissement Dendermonde","Arrondissement de Termonde","Provincie Oost-Vlaanderen","Province de Flandre orientale","Vlaams Gewest","Région flamande","8"
"2020-04-28","42025","Wetteren","Wetteren","Arrondissement Dendermonde","Arrondissement de Termonde","Provincie Oost-Vlaanderen","Province de Flandre orientale","Vlaams Gewest","Région flamande","<5"
"2020-04-28","43010","Maldegem","Maldegem","Arrondissement Eeklo","Arrondissement d’Eeklo","Provincie Oost-Vlaanderen","Province de Flandre orientale","Vlaams Gewest","Région flamande","<5"
"2020-04-28","44019","Evergem","Evergem","Arrondissement Gent","Arrondissement de Gand","Provincie Oost-Vlaanderen","Province de Flandre orientale","Vlaams Gewest","Région flamande","31"
"2020-04-28","44020","Gavere","Gavere","Arrondissement Gent","Arrondissement de Gand","Provincie Oost-Vlaanderen","Province de Flandre orientale","Vlaams Gewest","Région flamande","<5"
"2020-04-28","44021","Gent","Gand","Arrondissement Gent","Arrondissement de Gand","Provincie Oost-Vlaanderen","Province de Flandre orientale","Vlaams Gewest","Région flamande","7"
"2020-04-28","44043","Merelbeke","Merelbeke","Arrondissement Gent","Arrondissement de Gand","Provincie Oost-Vlaanderen","Province de Flandre orientale","Vlaams Gewest","Région flamande","<5"
"2020-04-28","44048","Nazareth","Nazareth","Arrondissement Gent","Arrondissement de Gand","Provincie Oost-Vlaanderen","Province de Flandre orientale","Vlaams Gewest","Région flamande","<5"
"2020-04-28","44064","Sint-Martens-Latem","Sint-Martens-Latem","Arrondissement Gent","Arrondissement de Gand","Provincie Oost-Vlaanderen","Province de Flandre orientale","Vlaams Gewest","Région flamande","<5"
"2020-04-28","44073","Wachtebeke","Wachtebeke","Arrondissement Gent","Arrondissement de Gand","Provincie Oost-Vlaanderen","Province de Flandre orientale","Vlaams Gewest","Région flamande","<5"
"2020-04-28","44085","Lievegem","Lievegem","Arrondissement Gent","Arrondissement de Gand","Provincie Oost-Vlaanderen","Province de Flandre orientale","Vlaams Gewest","Région flamande","<5"
"2020-04-28","45035","Oudenaarde","Audenarde","Arrondissement Oudenaarde","Arrondissement d’Audenarde","Provincie Oost-Vlaanderen","Province de Flandre orientale","Vlaams Gewest","Région flamande","<5"
"2020-04-28","45060","Kluisbergen","Kluisbergen","Arrondissement Oudenaarde","Arrondissement d’Audenarde","Provincie Oost-Vlaanderen","Province de Flandre orientale","Vlaams Gewest","Région flamande","<5"
"2020-04-28","45064","Maarkedal","Maarkedal","Arrondissement Oudenaarde","Arrondissement d’Audenarde","Provincie Oost-Vlaanderen","Province de Flandre orientale","Vlaams Gewest","Région flamande","<5"
"2020-04-28","46003","Beveren (Sint-Niklaas)","Beveren (Saint-Nicolas)","Arrondissement Sint-Niklaas","Arrondissement de Saint-Nicolas","Provincie Oost-Vlaanderen","Province de Flandre orientale","Vlaams Gewest","Région flamande","<5"
"2020-04-28","46014","Lokeren","Lokeren","Arrondissement Sint-Niklaas","Arrondissement de Saint-Nicolas","Provincie Oost-Vlaanderen","Province de Flandre orientale","Vlaams Gewest","Région flamande","<5"
"2020-04-28","46021","Sint-Niklaas (Sint-Niklaas)","Saint-Nicolas (Saint-Nicolas)","Arrondissement Sint-Niklaas","Arrondissement de Saint-Nicolas","Provincie Oost-Vlaanderen","Province de Flandre orientale","Vlaams Gewest","Région flamande","<5"
"2020-04-28","51009","Bernissart","Bernissart","Arrondissement Aat","Arrondissement d’Ath","Provincie Henegouwen","Province du Hainaut","Waals Gewest","Région wallonne","<5"
"2020-04-28","51065","Frasnes-lez-Anvaing","Frasnes-lez-Anvaing","Arrondissement Aat","Arrondissement d’Ath","Provincie Henegouwen","Province du Hainaut","Waals Gewest","Région wallonne","<5"
"2020-04-28","52011","Charleroi","Charleroi","Arrondissement Charleroi","Arrondissement de Charleroi","Provincie Henegouwen","Province du Hainaut","Waals Gewest","Région wallonne","6"
"2020-04-28","52012","Châtelet","Châtelet","Arrondissement Charleroi","Arrondissement de Charleroi","Provincie Henegouwen","Province du Hainaut","Waals Gewest","Région wallonne","<5"
"2020-04-28","52075","Les Bons Villers","Les Bons Villers","Arrondissement Charleroi","Arrondissement de Charleroi","Provincie Henegouwen","Province du Hainaut","Waals Gewest","Région wallonne","<5"
"2020-04-28","53014","Boussu","Boussu","Arrondissement Bergen","Arrondissement de Mons","Provincie Henegouwen","Province du Hainaut","Waals Gewest","Région wallonne","<5"
"2020-04-28","53053","Bergen","Mons","Arrondissement Bergen","Arrondissement de Mons","Provincie Henegouwen","Province du Hainaut","Waals Gewest","Région wallonne","<5"
"2020-04-28","53082","Colfontaine","Colfontaine","Arrondissement Bergen","Arrondissement de Mons","Provincie Henegouwen","Province du Hainaut","Waals Gewest","Région wallonne","<5"
"2020-04-28","53084","Quévy","Quévy","Arrondissement Bergen","Arrondissement de Mons","Provincie Henegouwen","Province du Hainaut","Waals Gewest","Région wallonne","<5"
"2020-04-28","55086","Manage","Manage","Arrondissement Zinnik","Arrondissement de Soignies","Provincie Henegouwen","Province du Hainaut","Waals Gewest","Région wallonne","<5"
"2020-04-28","56078","Thuin","Thuin","Arrondissement Thuin","Arrondissement de Thuin","Provincie Henegouwen","Province du Hainaut","Waals Gewest","Région wallonne","<5"
"2020-04-28","56086","Ham-sur-Heure-Nalinnes","Ham-sur-Heure-Nalinnes","Arrondissement Thuin","Arrondissement de Thuin","Provincie Henegouwen","Province du Hainaut","Waals Gewest","Région wallonne","<5"
"2020-04-28","57027","Estaimpuis","Estaimpuis","Arrondissement Doornik-Moeskroen","Arrondissement de Tournai-Mouscron","Provincie Henegouwen","Province du Hainaut","Waals Gewest","Région wallonne","<5"
"2020-04-28","57064","Péruwelz","Péruwelz","Arrondissement Doornik-Moeskroen","Arrondissement de Tournai-Mouscron","Provincie Henegouwen","Province du Hainaut","Waals Gewest","Région wallonne","<5"
"2020-04-28","57081","Doornik","Tournai","Arrondissement Doornik-Moeskroen","Arrondissement de Tournai-Mouscron","Provincie Henegouwen","Province du Hainaut","Waals Gewest","Région wallonne","7"
"2020-04-28","57093","Brunehaut","Brunehaut","Arrondissement Doornik-Moeskroen","Arrondissement de Tournai-Mouscron","Provincie Henegouwen","Province du Hainaut","Waals Gewest","Région wallonne","<5"
"2020-04-28","57096","Moeskroen","Mouscron","Arrondissement Doornik-Moeskroen","Arrondissement de Tournai-Mouscron","Provincie Henegouwen","Province du Hainaut","Waals Gewest","Région wallonne","11"
"2020-04-28","57097","Komen-Waasten","Comines-Warneton","Arrondissement Doornik-Moeskroen","Arrondissement de Tournai-Mouscron","Provincie Henegouwen","Province du Hainaut","Waals Gewest","Région wallonne","<5"
"2020-04-28","58001","La Louvière","La Louvière","Arrondissement La Louvière","Arrondissement de La Louvière","Provincie Henegouwen","Province du Hainaut","Waals Gewest","Région wallonne","5"
"2020-04-28","61003","Amay","Amay","Arrondissement Hoei","Arrondissement de Huy","Provincie Luik","Province de Liège","Waals Gewest","Région wallonne","<5"
"2020-04-28","61010","Burdinne","Burdinne","Arrondissement Hoei","Arrondissement de Huy","Provincie Luik","Province de Liège","Waals Gewest","Région wallonne","<5"
"2020-04-28","61019","Ferrières","Ferrières","Arrondissement Hoei","Arrondissement de Huy","Provincie Luik","Province de Liège","Waals Gewest","Région wallonne","<5"
"2020-04-28","61031","Hoei","Huy","Arrondissement Hoei","Arrondissement de Huy","Provincie Luik","Province de Liège","Waals Gewest","Région wallonne","<5"
"2020-04-28","61043","Nandrin","Nandrin","Arrondissement Hoei","Arrondissement de Huy","Provincie Luik","Province de Liège","Waals Gewest","Région wallonne","<5"
"2020-04-28","61072","Wanze","Wanze","Arrondissement Hoei","Arrondissement de Huy","Provincie Luik","Province de Liège","Waals Gewest","Région wallonne","<5"
"2020-04-28","61079","Anthisnes","Anthisnes","Arrondissement Hoei","Arrondissement de Huy","Provincie Luik","Province de Liège","Waals Gewest","Région wallonne","<5"
"2020-04-28","62011","Bitsingen","Bassenge","Arrondissement Luik","Arrondissement de Liège","Provincie Luik","Province de Liège","Waals Gewest","Région wallonne","<5"
"2020-04-28","62015","Beyne-Heusay","Beyne-Heusay","Arrondissement Luik","Arrondissement de Liège","Provincie Luik","Province de Liège","Waals Gewest","Région wallonne","<5"
"2020-04-28","62032","Esneux","Esneux","Arrondissement Luik","Arrondissement de Liège","Provincie Luik","Province de Liège","Waals Gewest","Région wallonne","<5"
"2020-04-28","62051","Herstal","Herstal","Arrondissement Luik","Arrondissement de Liège","Provincie Luik","Province de Liège","Waals Gewest","Région wallonne","<5"
"2020-04-28","62063","Luik","Liège","Arrondissement Luik","Arrondissement de Liège","Provincie Luik","Province de Liège","Waals Gewest","Région wallonne","11"
"2020-04-28","62079","Oupeye","Oupeye","Arrondissement Luik","Arrondissement de Liège","Provincie Luik","Province de Liège","Waals Gewest","Région wallonne","<5"
"2020-04-28","62096","Seraing","Seraing","Arrondissement Luik","Arrondissement de Liège","Provincie Luik","Province de Liège","Waals Gewest","Région wallonne","<5"
"2020-04-28","62099","Soumagne","Soumagne","Arrondissement Luik","Arrondissement de Liège","Provincie Luik","Province de Liège","Waals Gewest","Région wallonne","<5"
"2020-04-28","62100","Sprimont","Sprimont","Arrondissement Luik","Arrondissement de Liège","Provincie Luik","Province de Liège","Waals Gewest","Région wallonne","<5"
"2020-04-28","62108","Wezet","Visé","Arrondissement Luik","Arrondissement de Liège","Provincie Luik","Province de Liège","Waals Gewest","Région wallonne","<5"
"2020-04-28","62118","Grâce-Hollogne","Grâce-Hollogne","Arrondissement Luik","Arrondissement de Liège","Provincie Luik","Province de Liège","Waals Gewest","Région wallonne","<5"
"2020-04-28","62119","Blegny","Blegny","Arrondissement Luik","Arrondissement de Liège","Provincie Luik","Province de Liège","Waals Gewest","Région wallonne","<5"
"2020-04-28","62120","Flémalle","Flémalle","Arrondissement Luik","Arrondissement de Liège","Provincie Luik","Province de Liège","Waals Gewest","Région wallonne","<5"
"2020-04-28","63003","Aubel","Aubel","Arrondissement Verviers","Arrondissement de Verviers","Provincie Luik","Province de Liège","Waals Gewest","Région wallonne","<5"
"2020-04-28","63013","Bütgenbach","Butgenbach","Arrondissement Verviers","Arrondissement de Verviers","Provincie Luik","Province de Liège","Waals Gewest","Région wallonne","<5"
"2020-04-28","63020","Dison","Dison","Arrondissement Verviers","Arrondissement de Verviers","Provincie Luik","Province de Liège","Waals Gewest","Région wallonne","<5"
"2020-04-28","63035","Herve","Herve","Arrondissement Verviers","Arrondissement de Verviers","Provincie Luik","Province de Liège","Waals Gewest","Région wallonne","<5"
"2020-04-28","63046","Limburg","Limbourg","Arrondissement Verviers","Arrondissement de Verviers","Provincie Luik","Province de Liège","Waals Gewest","Région wallonne","<5"
"2020-04-28","63067","Sankt Vith","Saint-Vith","Arrondissement Verviers","Arrondissement de Verviers","Provincie Luik","Province de Liège","Waals Gewest","Région wallonne","<5"
"2020-04-28","63072","Spa","Spa","Arrondissement Verviers","Arrondissement de Verviers","Provincie Luik","Province de Liège","Waals Gewest","Région wallonne","<5"
"2020-04-28","63073","Stavelot","Stavelot","Arrondissement Verviers","Arrondissement de Verviers","Provincie Luik","Province de Liège","Waals Gewest","Région wallonne","<5"
"2020-04-28","63079","Verviers","Verviers","Arrondissement Verviers","Arrondissement de Verviers","Provincie Luik","Province de Liège","Waals Gewest","Région wallonne","<5"
"2020-04-28","63080","Weismes","Waimes","Arrondissement Verviers","Arrondissement de Verviers","Provincie Luik","Province de Liège","Waals Gewest","Région wallonne","<5"
"2020-04-28","63088","Plombières","Plombières","Arrondissement Verviers","Arrondissement de Verviers","Provincie Luik","Province de Liège","Waals Gewest","Région wallonne","<5"
"2020-04-28","64015","Braives","Braives","Arrondissement Borgworm","Arrondissement de Waremme","Provincie Luik","Province de Liège","Waals Gewest","Région wallonne","<5"
"2020-04-28","64063","Remicourt","Remicourt","Arrondissement Borgworm","Arrondissement de Waremme","Provincie Luik","Province de Liège","Waals Gewest","Région wallonne","<5"
"2020-04-28","71002","As","As","Arrondissement Hasselt","Arrondissement de Hasselt","Provincie Limburg","Province du Limbourg","Vlaams Gewest","Région flamande","<5"
"2020-04-28","71004","Beringen","Beringen","Arrondissement Hasselt","Arrondissement de Hasselt","Provincie Limburg","Province du Limbourg","Vlaams Gewest","Région flamande","<5"
"2020-04-28","71022","Hasselt","Hasselt","Arrondissement Hasselt","Arrondissement de Hasselt","Provincie Limburg","Province du Limbourg","Vlaams Gewest","Région flamande","<5"
"2020-04-28","71034","Leopoldsburg","Bourg-Léopold","Arrondissement Hasselt","Arrondissement de Hasselt","Provincie Limburg","Province du Limbourg","Vlaams Gewest","Région flamande","<5"
"2020-04-28","71053","Sint-Truiden","Saint-Trond","Arrondissement Hasselt","Arrondissement de Hasselt","Provincie Limburg","Province du Limbourg","Vlaams Gewest","Région flamande","5"
"2020-04-28","71066","Zonhoven","Zonhoven","Arrondissement Hasselt","Arrondissement de Hasselt","Provincie Limburg","Province du Limbourg","Vlaams Gewest","Région flamande","<5"
"2020-04-28","71069","Ham","Ham","Arrondissement Hasselt","Arrondissement de Hasselt","Provincie Limburg","Province du Limbourg","Vlaams Gewest","Région flamande","<5"
"2020-04-28","71070","Heusden-Zolder","Heusden-Zolder","Arrondissement Hasselt","Arrondissement de Hasselt","Provincie Limburg","Province du Limbourg","Vlaams Gewest","Région flamande","<5"
"2020-04-28","72004","Bree","Bree","Arrondissement Maaseik","Arrondissement de Maaseik","Provincie Limburg","Province du Limbourg","Vlaams Gewest","Région flamande","<5"
"2020-04-28","72018","Kinrooi","Kinrooi","Arrondissement Maaseik","Arrondissement de Maaseik","Provincie Limburg","Province du Limbourg","Vlaams Gewest","Région flamande","<5"
"2020-04-28","72020","Lommel","Lommel","Arrondissement Maaseik","Arrondissement de Maaseik","Provincie Limburg","Province du Limbourg","Vlaams Gewest","Région flamande","<5"
"2020-04-28","72021","Maaseik","Maaseik","Arrondissement Maaseik","Arrondissement de Maaseik","Provincie Limburg","Province du Limbourg","Vlaams Gewest","Région flamande","<5"
"2020-04-28","72030","Peer","Peer","Arrondissement Maaseik","Arrondissement de Maaseik","Provincie Limburg","Province du Limbourg","Vlaams Gewest","Région flamande","<5"
"2020-04-28","72037","Hamont-Achel","Hamont-Achel","Arrondissement Maaseik","Arrondissement de Maaseik","Provincie Limburg","Province du Limbourg","Vlaams Gewest","Région flamande","<5"
"2020-04-28","72041","Dilsen-Stokkem","Dilsen-Stokkem","Arrondissement Maaseik","Arrondissement de Maaseik","Provincie Limburg","Province du Limbourg","Vlaams Gewest","Région flamande","<5"
"2020-04-28","72042","Oudsbergen","Oudsbergen","Arrondissement Maaseik","Arrondissement de Maaseik","Provincie Limburg","Province du Limbourg","Vlaams Gewest","Région flamande","<5"
"2020-04-28","72043","Pelt","Pelt","Arrondissement Maaseik","Arrondissement de Maaseik","Provincie Limburg","Province du Limbourg","Vlaams Gewest","Région flamande","<5"
"2020-04-28","73006","Bilzen","Bilzen","Arrondissement Tongeren","Arrondissement de Tongres","Provincie Limburg","Province du Limbourg","Vlaams Gewest","Région flamande","<5"
"2020-04-28","73009","Borgloon","Looz","Arrondissement Tongeren","Arrondissement de Tongres","Provincie Limburg","Province du Limbourg","Vlaams Gewest","Région flamande","<5"
"2020-04-28","73032","Hoeselt","Hoeselt","Arrondissement Tongeren","Arrondissement de Tongres","Provincie Limburg","Province du Limbourg","Vlaams Gewest","Région flamande","<5"
"2020-04-28","73042","Lanaken","Lanaken","Arrondissement Tongeren","Arrondissement de Tongres","Provincie Limburg","Province du Limbourg","Vlaams Gewest","Région flamande","<5"
"2020-04-28","73066","Riemst","Riemst","Arrondissement Tongeren","Arrondissement de Tongres","Provincie Limburg","Province du Limbourg","Vlaams Gewest","Région flamande","<5"
"2020-04-28","73083","Tongeren","Tongres","Arrondissement Tongeren","Arrondissement de Tongres","Provincie Limburg","Province du Limbourg","Vlaams Gewest","Région flamande","<5"
"2020-04-28","73098","Wellen","Wellen","Arrondissement Tongeren","Arrondissement de Tongres","Provincie Limburg","Province du Limbourg","Vlaams Gewest","Région flamande","<5"
"2020-04-28","73107","Maasmechelen","Maasmechelen","Arrondissement Tongeren","Arrondissement de Tongres","Provincie Limburg","Province du Limbourg","Vlaams Gewest","Région flamande","<5"
"2020-04-28","81001","Aarlen","Arlon","Arrondissement Aarlen","Arrondissement d’Arlon","Provincie Luxemburg","Province du Luxembourg","Waals Gewest","Région wallonne","<5"
"2020-04-28","82036","Vaux-sur-Sûre","Vaux-sur-Sûre","Arrondissement Bastenaken","Arrondissement de Bastogne","Provincie Luxemburg","Province du Luxembourg","Waals Gewest","Région wallonne","<5"
"2020-04-28","82037","Gouvy","Gouvy","Arrondissement Bastenaken","Arrondissement de Bastogne","Provincie Luxemburg","Province du Luxembourg","Waals Gewest","Région wallonne","<5"
"2020-04-28","84010","Bouillon","Bouillon","Arrondissement Neufchâteau","Arrondissement de Neufchâteau","Provincie Luxemburg","Province du Luxembourg","Waals Gewest","Région wallonne","<5"
"2020-04-28","91030","Ciney","Ciney","Arrondissement Dinant","Arrondissement de Dinant","Provincie Namen","Province de Namur","Waals Gewest","Région wallonne","<5"
"2020-04-28","91034","Dinant","Dinant","Arrondissement Dinant","Arrondissement de Dinant","Provincie Namen","Province de Namur","Waals Gewest","Région wallonne","<5"
"2020-04-28","91114","Rochefort","Rochefort","Arrondissement Dinant","Arrondissement de Dinant","Provincie Namen","Province de Namur","Waals Gewest","Région wallonne","<5"
"2020-04-28","91141","Yvoir","Yvoir","Arrondissement Dinant","Arrondissement de Dinant","Provincie Namen","Province de Namur","Waals Gewest","Région wallonne","<5"
"2020-04-28","92003","Andenne","Andenne","Arrondissement Namen","Arrondissement de Namur","Provincie Namen","Province de Namur","Waals Gewest","Région wallonne","<5"
"2020-04-28","92006","Assesse","Assesse","Arrondissement Namen","Arrondissement de Namur","Provincie Namen","Province de Namur","Waals Gewest","Région wallonne","<5"
"2020-04-28","92035","Eghezée","Eghezée","Arrondissement Namen","Arrondissement de Namur","Provincie Namen","Province de Namur","Waals Gewest","Région wallonne","<5"
"2020-04-28","92054","Gesves","Gesves","Arrondissement Namen","Arrondissement de Namur","Provincie Namen","Province de Namur","Waals Gewest","Région wallonne","<5"
"2020-04-28","92087","Mettet","Mettet","Arrondissement Namen","Arrondissement de Namur","Provincie Namen","Province de Namur","Waals Gewest","Région wallonne","<5"
"2020-04-28","92094","Namen","Namur","Arrondissement Namen","Arrondissement de Namur","Provincie Namen","Province de Namur","Waals Gewest","Région wallonne","10"
"2020-04-28","92137","Sambreville","Sambreville","Arrondissement Namen","Arrondissement de Namur","Provincie Namen","Province de Namur","Waals Gewest","Région wallonne","<5"
"2020-04-28","92138","Fernelmont","Fernelmont","Arrondissement Namen","Arrondissement de Namur","Provincie Namen","Province de Namur","Waals Gewest","Région wallonne","<5"
"2020-04-28","92140","Jemeppe-sur-Sambre","Jemeppe-sur-Sambre","Arrondissement Namen","Arrondissement de Namur","Provincie Namen","Province de Namur","Waals Gewest","Région wallonne","<5"
"2020-04-28","92142","Gembloux","Gembloux","Arrondissement Namen","Arrondissement de Namur","Provincie Namen","Province de Namur","Waals Gewest","Région wallonne","<5"
"2020-04-28","93014","Couvin","Couvin","Arrondissement Philippeville","Arrondissement de Philippeville","Provincie Namen","Province de Namur","Waals Gewest","Région wallonne","<5"
"2020-04-28","93022","Florennes","Florennes","Arrondissement Philippeville","Arrondissement de Philippeville","Provincie Namen","Province de Namur","Waals Gewest","Région wallonne","<5"
"2020-04-28",NA,NA,NA,NA,NA,NA,NA,NA,NA,"14"
"2020-04-29","11001","Aartselaar","Aartselaar","Arrondissement Antwerpen","Arrondissement d’Anvers","Provincie Antwerpen","Province d’Anvers","Vlaams Gewest","Région flamande","<5"
"2020-04-29","11002","Antwerpen","Anvers","Arrondissement Antwerpen","Arrondissement d’Anvers","Provincie Antwerpen","Province d’Anvers","Vlaams Gewest","Région flamande","69"
"2020-04-29","11004","Boechout","Boechout","Arrondissement Antwerpen","Arrondissement d’Anvers","Provincie Antwerpen","Province d’Anvers","Vlaams Gewest","Région flamande","<5"
"2020-04-29","11005","Boom","Boom","Arrondissement Antwerpen","Arrondissement d’Anvers","Provincie Antwerpen","Province d’Anvers","Vlaams Gewest","Région flamande","<5"
"2020-04-29","11008","Brasschaat","Brasschaat","Arrondissement Antwerpen","Arrondissement d’Anvers","Provincie Antwerpen","Province d’Anvers","Vlaams Gewest","Région flamande","<5"
"2020-04-29","11009","Brecht","Brecht","Arrondissement Antwerpen","Arrondissement d’Anvers","Provincie Antwerpen","Province d’Anvers","Vlaams Gewest","Région flamande","<5"
"2020-04-29","11013","Edegem","Edegem","Arrondissement Antwerpen","Arrondissement d’Anvers","Provincie Antwerpen","Province d’Anvers","Vlaams Gewest","Région flamande","<5"
"2020-04-29","11016","Essen","Essen","Arrondissement Antwerpen","Arrondissement d’Anvers","Provincie Antwerpen","Province d’Anvers","Vlaams Gewest","Région flamande","<5"
"2020-04-29","11021","Hove (Antwerpen)","Hove (Anvers)","Arrondissement Antwerpen","Arrondissement d’Anvers","Provincie Antwerpen","Province d’Anvers","Vlaams Gewest","Région flamande","<5"
"2020-04-29","11022","Kalmthout","Kalmthout","Arrondissement Antwerpen","Arrondissement d’Anvers","Provincie Antwerpen","Province d’Anvers","Vlaams Gewest","Région flamande","<5"
"2020-04-29","11029","Mortsel","Mortsel","Arrondissement Antwerpen","Arrondissement d’Anvers","Provincie Antwerpen","Province d’Anvers","Vlaams Gewest","Région flamande","<5"
"2020-04-29","11038","Schelle","Schelle","Arrondissement Antwerpen","Arrondissement d’Anvers","Provincie Antwerpen","Province d’Anvers","Vlaams Gewest","Région flamande","<5"
"2020-04-29","11052","Wommelgem","Wommelgem","Arrondissement Antwerpen","Arrondissement d’Anvers","Provincie Antwerpen","Province d’Anvers","Vlaams Gewest","Région flamande","<5"
"2020-04-29","11053","Wuustwezel","Wuustwezel","Arrondissement Antwerpen","Arrondissement d’Anvers","Provincie Antwerpen","Province d’Anvers","Vlaams Gewest","Région flamande","<5"
"2020-04-29","11055","Zoersel","Zoersel","Arrondissement Antwerpen","Arrondissement d’Anvers","Provincie Antwerpen","Province d’Anvers","Vlaams Gewest","Région flamande","<5"
"2020-04-29","12002","Berlaar","Berlaar","Arrondissement Mechelen","Arrondissement de Malines","Provincie Antwerpen","Province d’Anvers","Vlaams Gewest","Région flamande","<5"
"2020-04-29","12007","Bornem","Bornem","Arrondissement Mechelen","Arrondissement de Malines","Provincie Antwerpen","Province d’Anvers","Vlaams Gewest","Région flamande","<5"
"2020-04-29","12014","Heist-op-den-Berg","Heist-op-den-Berg","Arrondissement Mechelen","Arrondissement de Malines","Provincie Antwerpen","Province d’Anvers","Vlaams Gewest","Région flamande","<5"
"2020-04-29","12021","Lier","Lierre","Arrondissement Mechelen","Arrondissement de Malines","Provincie Antwerpen","Province d’Anvers","Vlaams Gewest","Région flamande","<5"
"2020-04-29","12025","Mechelen","Malines","Arrondissement Mechelen","Arrondissement de Malines","Provincie Antwerpen","Province d’Anvers","Vlaams Gewest","Région flamande","<5"
"2020-04-29","12041","Puurs-Sint-Amands","Puurs-Sint-Amands","Arrondissement Mechelen","Arrondissement de Malines","Provincie Antwerpen","Province d’Anvers","Vlaams Gewest","Région flamande","<5"
"2020-04-29","13006","Dessel","Dessel","Arrondissement Turnhout","Arrondissement de Turnhout","Provincie Antwerpen","Province d’Anvers","Vlaams Gewest","Région flamande","<5"
"2020-04-29","13008","Geel","Geel","Arrondissement Turnhout","Arrondissement de Turnhout","Provincie Antwerpen","Province d’Anvers","Vlaams Gewest","Région flamande","<5"
"2020-04-29","13011","Herentals","Herentals","Arrondissement Turnhout","Arrondissement de Turnhout","Provincie Antwerpen","Province d’Anvers","Vlaams Gewest","Région flamande","<5"
"2020-04-29","13012","Herenthout","Herenthout","Arrondissement Turnhout","Arrondissement de Turnhout","Provincie Antwerpen","Province d’Anvers","Vlaams Gewest","Région flamande","<5"
"2020-04-29","13014","Hoogstraten","Hoogstraten","Arrondissement Turnhout","Arrondissement de Turnhout","Provincie Antwerpen","Province d’Anvers","Vlaams Gewest","Région flamande","<5"
"2020-04-29","13017","Kasterlee","Kasterlee","Arrondissement Turnhout","Arrondissement de Turnhout","Provincie Antwerpen","Province d’Anvers","Vlaams Gewest","Région flamande","<5"
"2020-04-29","13019","Lille","Lille","Arrondissement Turnhout","Arrondissement de Turnhout","Provincie Antwerpen","Province d’Anvers","Vlaams Gewest","Région flamande","<5"
"2020-04-29","13021","Meerhout","Meerhout","Arrondissement Turnhout","Arrondissement de Turnhout","Provincie Antwerpen","Province d’Anvers","Vlaams Gewest","Région flamande","<5"
"2020-04-29","13035","Ravels","Ravels","Arrondissement Turnhout","Arrondissement de Turnhout","Provincie Antwerpen","Province d’Anvers","Vlaams Gewest","Région flamande","<5"
"2020-04-29","13036","Retie","Retie","Arrondissement Turnhout","Arrondissement de Turnhout","Provincie Antwerpen","Province d’Anvers","Vlaams Gewest","Région flamande","<5"
"2020-04-29","13040","Turnhout","Turnhout","Arrondissement Turnhout","Arrondissement de Turnhout","Provincie Antwerpen","Province d’Anvers","Vlaams Gewest","Région flamande","<5"
"2020-04-29","13046","Vosselaar","Vosselaar","Arrondissement Turnhout","Arrondissement de Turnhout","Provincie Antwerpen","Province d’Anvers","Vlaams Gewest","Région flamande","<5"
"2020-04-29","13053","Laakdal","Laakdal","Arrondissement Turnhout","Arrondissement de Turnhout","Provincie Antwerpen","Province d’Anvers","Vlaams Gewest","Région flamande","<5"
"2020-04-29","21001","Anderlecht","Anderlecht","Arrondissement Brussel-Hoofdstad","Arrondissement de Bruxelles-Capitale",NA,NA,"Brussels Hoofdstedelijk Gewest","Région de Bruxelles-Capitale","19"
"2020-04-29","21002","Oudergem","Auderghem","Arrondissement Brussel-Hoofdstad","Arrondissement de Bruxelles-Capitale",NA,NA,"Brussels Hoofdstedelijk Gewest","Région de Bruxelles-Capitale","<5"
"2020-04-29","21004","Brussel","Bruxelles","Arrondissement Brussel-Hoofdstad","Arrondissement de Bruxelles-Capitale",NA,NA,"Brussels Hoofdstedelijk Gewest","Région de Bruxelles-Capitale","<5"
"2020-04-29","21005","Etterbeek","Etterbeek","Arrondissement Brussel-Hoofdstad","Arrondissement de Bruxelles-Capitale",NA,NA,"Brussels Hoofdstedelijk Gewest","Région de Bruxelles-Capitale","<5"
"2020-04-29","21007","Vorst (Brussel-Hoofdstad)","Forest (Bruxelles-Capitale)","Arrondissement Brussel-Hoofdstad","Arrondissement de Bruxelles-Capitale",NA,NA,"Brussels Hoofdstedelijk Gewest","Région de Bruxelles-Capitale","<5"
"2020-04-29","21008","Ganshoren","Ganshoren","Arrondissement Brussel-Hoofdstad","Arrondissement de Bruxelles-Capitale",NA,NA,"Brussels Hoofdstedelijk Gewest","Région de Bruxelles-Capitale","<5"
"2020-04-29","21009","Elsene","Ixelles","Arrondissement Brussel-Hoofdstad","Arrondissement de Bruxelles-Capitale",NA,NA,"Brussels Hoofdstedelijk Gewest","Région de Bruxelles-Capitale","<5"
"2020-04-29","21010","Jette","Jette","Arrondissement Brussel-Hoofdstad","Arrondissement de Bruxelles-Capitale",NA,NA,"Brussels Hoofdstedelijk Gewest","Région de Bruxelles-Capitale","<5"
"2020-04-29","21011","Koekelberg","Koekelberg","Arrondissement Brussel-Hoofdstad","Arrondissement de Bruxelles-Capitale",NA,NA,"Brussels Hoofdstedelijk Gewest","Région de Bruxelles-Capitale","<5"
"2020-04-29","21012","Sint-Jans-Molenbeek","Molenbeek-Saint-Jean","Arrondissement Brussel-Hoofdstad","Arrondissement de Bruxelles-Capitale",NA,NA,"Brussels Hoofdstedelijk Gewest","Région de Bruxelles-Capitale","11"
"2020-04-29","21013","Sint-Gillis","Saint-Gilles","Arrondissement Brussel-Hoofdstad","Arrondissement de Bruxelles-Capitale",NA,NA,"Brussels Hoofdstedelijk Gewest","Région de Bruxelles-Capitale","<5"
"2020-04-29","21014","Sint-Joost-ten-Node","Saint-Josse-ten-Noode","Arrondissement Brussel-Hoofdstad","Arrondissement de Bruxelles-Capitale",NA,NA,"Brussels Hoofdstedelijk Gewest","Région de Bruxelles-Capitale","<5"
"2020-04-29","21015","Schaarbeek","Schaerbeek","Arrondissement Brussel-Hoofdstad","Arrondissement de Bruxelles-Capitale",NA,NA,"Brussels Hoofdstedelijk Gewest","Région de Bruxelles-Capitale","5"
"2020-04-29","21016","Ukkel","Uccle","Arrondissement Brussel-Hoofdstad","Arrondissement de Bruxelles-Capitale",NA,NA,"Brussels Hoofdstedelijk Gewest","Région de Bruxelles-Capitale","6"
"2020-04-29","21017","Watermaal-Bosvoorde","Watermael-Boitsfort","Arrondissement Brussel-Hoofdstad","Arrondissement de Bruxelles-Capitale",NA,NA,"Brussels Hoofdstedelijk Gewest","Région de Bruxelles-Capitale","<5"
"2020-04-29","21019","Sint-Pieters-Woluwe","Woluwe-Saint-Pierre","Arrondissement Brussel-Hoofdstad","Arrondissement de Bruxelles-Capitale",NA,NA,"Brussels Hoofdstedelijk Gewest","Région de Bruxelles-Capitale","<5"
"2020-04-29","23002","Asse","Asse","Arrondissement Halle-Vilvoorde","Arrondissement de Hal-Vilvorde","Provincie Vlaams-Brabant","Province du Brabant flamand","Vlaams Gewest","Région flamande","<5"
"2020-04-29","23025","Grimbergen","Grimbergen","Arrondissement Halle-Vilvoorde","Arrondissement de Hal-Vilvorde","Provincie Vlaams-Brabant","Province du Brabant flamand","Vlaams Gewest","Région flamande","<5"
"2020-04-29","23033","Hoeilaart","Hoeilaart","Arrondissement Halle-Vilvoorde","Arrondissement de Hal-Vilvorde","Provincie Vlaams-Brabant","Province du Brabant flamand","Vlaams Gewest","Région flamande","<5"
"2020-04-29","23038","Kampenhout","Kampenhout","Arrondissement Halle-Vilvoorde","Arrondissement de Hal-Vilvorde","Provincie Vlaams-Brabant","Province du Brabant flamand","Vlaams Gewest","Région flamande","<5"
"2020-04-29","23039","Kapelle-op-den-Bos","Kapelle-op-den-Bos","Arrondissement Halle-Vilvoorde","Arrondissement de Hal-Vilvorde","Provincie Vlaams-Brabant","Province du Brabant flamand","Vlaams Gewest","Région flamande","<5"
"2020-04-29","23045","Londerzeel","Londerzeel","Arrondissement Halle-Vilvoorde","Arrondissement de Hal-Vilvorde","Provincie Vlaams-Brabant","Province du Brabant flamand","Vlaams Gewest","Région flamande","<5"
"2020-04-29","23047","Machelen (Halle-Vilvoorde)","Machelen (Hal-Vilvorde)","Arrondissement Halle-Vilvoorde","Arrondissement de Hal-Vilvorde","Provincie Vlaams-Brabant","Province du Brabant flamand","Vlaams Gewest","Région flamande","<5"
"2020-04-29","23052","Merchtem","Merchtem","Arrondissement Halle-Vilvoorde","Arrondissement de Hal-Vilvorde","Provincie Vlaams-Brabant","Province du Brabant flamand","Vlaams Gewest","Région flamande","<5"
"2020-04-29","23060","Opwijk","Opwijk","Arrondissement Halle-Vilvoorde","Arrondissement de Hal-Vilvorde","Provincie Vlaams-Brabant","Province du Brabant flamand","Vlaams Gewest","Région flamande","<5"
"2020-04-29","23062","Overijse","Overijse","Arrondissement Halle-Vilvoorde","Arrondissement de Hal-Vilvorde","Provincie Vlaams-Brabant","Province du Brabant flamand","Vlaams Gewest","Région flamande","<5"
"2020-04-29","23081","Steenokkerzeel","Steenokkerzeel","Arrondissement Halle-Vilvoorde","Arrondissement de Hal-Vilvorde","Provincie Vlaams-Brabant","Province du Brabant flamand","Vlaams Gewest","Région flamande","<5"
"2020-04-29","23094","Zaventem","Zaventem","Arrondissement Halle-Vilvoorde","Arrondissement de Hal-Vilvorde","Provincie Vlaams-Brabant","Province du Brabant flamand","Vlaams Gewest","Région flamande","<5"
"2020-04-29","23102","Wemmel","Wemmel","Arrondissement Halle-Vilvoorde","Arrondissement de Hal-Vilvorde","Provincie Vlaams-Brabant","Province du Brabant flamand","Vlaams Gewest","Région flamande","<5"
"2020-04-29","23103","Wezembeek-Oppem","Wezembeek-Oppem","Arrondissement Halle-Vilvoorde","Arrondissement de Hal-Vilvorde","Provincie Vlaams-Brabant","Province du Brabant flamand","Vlaams Gewest","Région flamande","<5"
"2020-04-29","24001","Aarschot","Aarschot","Arrondissement Leuven","Arrondissement de Louvain","Provincie Vlaams-Brabant","Province du Brabant flamand","Vlaams Gewest","Région flamande","<5"
"2020-04-29","24014","Boortmeerbeek","Boortmeerbeek","Arrondissement Leuven","Arrondissement de Louvain","Provincie Vlaams-Brabant","Province du Brabant flamand","Vlaams Gewest","Région flamande","<5"
"2020-04-29","24062","Leuven","Louvain","Arrondissement Leuven","Arrondissement de Louvain","Provincie Vlaams-Brabant","Province du Brabant flamand","Vlaams Gewest","Région flamande","<5"
"2020-04-29","24107","Tienen","Tirlemont","Arrondissement Leuven","Arrondissement de Louvain","Provincie Vlaams-Brabant","Province du Brabant flamand","Vlaams Gewest","Région flamande","<5"
"2020-04-29","24109","Tremelo","Tremelo","Arrondissement Leuven","Arrondissement de Louvain","Provincie Vlaams-Brabant","Province du Brabant flamand","Vlaams Gewest","Région flamande","<5"
"2020-04-29","24133","Linter","Linter","Arrondissement Leuven","Arrondissement de Louvain","Provincie Vlaams-Brabant","Province du Brabant flamand","Vlaams Gewest","Région flamande","<5"
"2020-04-29","24134","Scherpenheuvel-Zichem","Montaigu-Zichem","Arrondissement Leuven","Arrondissement de Louvain","Provincie Vlaams-Brabant","Province du Brabant flamand","Vlaams Gewest","Région flamande","<5"
"2020-04-29","25031","Genepiën","Genappe","Arrondissement Nijvel","Arrondissement de Nivelles","Provincie Waals-Brabant","Province du Brabant wallon","Waals Gewest","Région wallonne","<5"
"2020-04-29","25044","Itter","Ittre","Arrondissement Nijvel","Arrondissement de Nivelles","Provincie Waals-Brabant","Province du Brabant wallon","Waals Gewest","Région wallonne","<5"
"2020-04-29","25068","Mont-Saint-Guibert","Mont-Saint-Guibert","Arrondissement Nijvel","Arrondissement de Nivelles","Provincie Waals-Brabant","Province du Brabant wallon","Waals Gewest","Région wallonne","<5"
"2020-04-29","25072","Nijvel","Nivelles","Arrondissement Nijvel","Arrondissement de Nivelles","Provincie Waals-Brabant","Province du Brabant wallon","Waals Gewest","Région wallonne","<5"
"2020-04-29","25110","Waterloo","Waterloo","Arrondissement Nijvel","Arrondissement de Nivelles","Provincie Waals-Brabant","Province du Brabant wallon","Waals Gewest","Région wallonne","<5"
"2020-04-29","25121","Ottignies-Louvain-la-Neuve","Ottignies-Louvain-la-Neuve","Arrondissement Nijvel","Arrondissement de Nivelles","Provincie Waals-Brabant","Province du Brabant wallon","Waals Gewest","Région wallonne","<5"
"2020-04-29","31003","Beernem","Beernem","Arrondissement Brugge","Arrondissement de Bruges","Provincie West-Vlaanderen","Province de Flandre occidentale","Vlaams Gewest","Région flamande","<5"
"2020-04-29","31005","Brugge","Bruges","Arrondissement Brugge","Arrondissement de Bruges","Provincie West-Vlaanderen","Province de Flandre occidentale","Vlaams Gewest","Région flamande","5"
"2020-04-29","31012","Jabbeke","Jabbeke","Arrondissement Brugge","Arrondissement de Bruges","Provincie West-Vlaanderen","Province de Flandre occidentale","Vlaams Gewest","Région flamande","<5"
"2020-04-29","31022","Oostkamp","Oostkamp","Arrondissement Brugge","Arrondissement de Bruges","Provincie West-Vlaanderen","Province de Flandre occidentale","Vlaams Gewest","Région flamande","<5"
"2020-04-29","31043","Knokke-Heist","Knokke-Heist","Arrondissement Brugge","Arrondissement de Bruges","Provincie West-Vlaanderen","Province de Flandre occidentale","Vlaams Gewest","Région flamande","<5"
"2020-04-29","32003","Diksmuide","Dixmude","Arrondissement Diksmuide","Arrondissement de Dixmude","Provincie West-Vlaanderen","Province de Flandre occidentale","Vlaams Gewest","Région flamande","<5"
"2020-04-29","32006","Houthulst","Houthulst","Arrondissement Diksmuide","Arrondissement de Dixmude","Provincie West-Vlaanderen","Province de Flandre occidentale","Vlaams Gewest","Région flamande","<5"
"2020-04-29","32010","Koekelare","Koekelare","Arrondissement Diksmuide","Arrondissement de Dixmude","Provincie West-Vlaanderen","Province de Flandre occidentale","Vlaams Gewest","Région flamande","<5"
"2020-04-29","33011","Ieper","Ypres","Arrondissement Ieper","Arrondissement d’Ypres","Provincie West-Vlaanderen","Province de Flandre occidentale","Vlaams Gewest","Région flamande","<5"
"2020-04-29","33029","Wervik","Wervik","Arrondissement Ieper","Arrondissement d’Ypres","Provincie West-Vlaanderen","Province de Flandre occidentale","Vlaams Gewest","Région flamande","<5"
"2020-04-29","34002","Anzegem","Anzegem","Arrondissement Kortrijk","Arrondissement de Courtrai","Provincie West-Vlaanderen","Province de Flandre occidentale","Vlaams Gewest","Région flamande","<5"
"2020-04-29","34003","Avelgem","Avelgem","Arrondissement Kortrijk","Arrondissement de Courtrai","Provincie West-Vlaanderen","Province de Flandre occidentale","Vlaams Gewest","Région flamande","<5"
"2020-04-29","34009","Deerlijk","Deerlijk","Arrondissement Kortrijk","Arrondissement de Courtrai","Provincie West-Vlaanderen","Province de Flandre occidentale","Vlaams Gewest","Région flamande","<5"
"2020-04-29","34013","Harelbeke","Harelbeke","Arrondissement Kortrijk","Arrondissement de Courtrai","Provincie West-Vlaanderen","Province de Flandre occidentale","Vlaams Gewest","Région flamande","<5"
"2020-04-29","34022","Kortrijk","Courtrai","Arrondissement Kortrijk","Arrondissement de Courtrai","Provincie West-Vlaanderen","Province de Flandre occidentale","Vlaams Gewest","Région flamande","<5"
"2020-04-29","34041","Wevelgem","Wevelgem","Arrondissement Kortrijk","Arrondissement de Courtrai","Provincie West-Vlaanderen","Province de Flandre occidentale","Vlaams Gewest","Région flamande","<5"
"2020-04-29","34042","Zwevegem","Zwevegem","Arrondissement Kortrijk","Arrondissement de Courtrai","Provincie West-Vlaanderen","Province de Flandre occidentale","Vlaams Gewest","Région flamande","<5"
"2020-04-29","35011","Middelkerke","Middelkerke","Arrondissement Oostende","Arrondissement d’Ostende","Provincie West-Vlaanderen","Province de Flandre occidentale","Vlaams Gewest","Région flamande","<5"
"2020-04-29","35013","Oostende","Ostende","Arrondissement Oostende","Arrondissement d’Ostende","Provincie West-Vlaanderen","Province de Flandre occidentale","Vlaams Gewest","Région flamande","<5"
"2020-04-29","36008","Izegem","Izegem","Arrondissement Roeselare","Arrondissement de Roulers","Provincie West-Vlaanderen","Province de Flandre occidentale","Vlaams Gewest","Région flamande","<5"
"2020-04-29","36010","Ledegem","Ledegem","Arrondissement Roeselare","Arrondissement de Roulers","Provincie West-Vlaanderen","Province de Flandre occidentale","Vlaams Gewest","Région flamande","<5"
"2020-04-29","36015","Roeselare","Roulers","Arrondissement Roeselare","Arrondissement de Roulers","Provincie West-Vlaanderen","Province de Flandre occidentale","Vlaams Gewest","Région flamande","6"
"2020-04-29","37007","Meulebeke","Meulebeke","Arrondissement Tielt","Arrondissement de Tielt","Provincie West-Vlaanderen","Province de Flandre occidentale","Vlaams Gewest","Région flamande","<5"
"2020-04-29","37012","Ruiselede","Ruiselede","Arrondissement Tielt","Arrondissement de Tielt","Provincie West-Vlaanderen","Province de Flandre occidentale","Vlaams Gewest","Région flamande","<5"
"2020-04-29","37015","Tielt (Tielt)","Tielt (Tielt)","Arrondissement Tielt","Arrondissement de Tielt","Provincie West-Vlaanderen","Province de Flandre occidentale","Vlaams Gewest","Région flamande","<5"
"2020-04-29","37017","Wielsbeke","Wielsbeke","Arrondissement Tielt","Arrondissement de Tielt","Provincie West-Vlaanderen","Province de Flandre occidentale","Vlaams Gewest","Région flamande","<5"
"2020-04-29","37018","Wingene","Wingene","Arrondissement Tielt","Arrondissement de Tielt","Provincie West-Vlaanderen","Province de Flandre occidentale","Vlaams Gewest","Région flamande","<5"
"2020-04-29","38008","De Panne","La Panne","Arrondissement Veurne","Arrondissement de Furnes","Provincie West-Vlaanderen","Province de Flandre occidentale","Vlaams Gewest","Région flamande","<5"
"2020-04-29","38016","Nieuwpoort","Nieuport","Arrondissement Veurne","Arrondissement de Furnes","Provincie West-Vlaanderen","Province de Flandre occidentale","Vlaams Gewest","Région flamande","<5"
"2020-04-29","41011","Denderleeuw","Denderleeuw","Arrondissement Aalst","Arrondissement d’Alost","Provincie Oost-Vlaanderen","Province de Flandre orientale","Vlaams Gewest","Région flamande","<5"
"2020-04-29","41018","Geraardsbergen","Grammont","Arrondissement Aalst","Arrondissement d’Alost","Provincie Oost-Vlaanderen","Province de Flandre orientale","Vlaams Gewest","Région flamande","<5"
"2020-04-29","41027","Herzele","Herzele","Arrondissement Aalst","Arrondissement d’Alost","Provincie Oost-Vlaanderen","Province de Flandre orientale","Vlaams Gewest","Région flamande","<5"
"2020-04-29","41034","Lede","Lede","Arrondissement Aalst","Arrondissement d’Alost","Provincie Oost-Vlaanderen","Province de Flandre orientale","Vlaams Gewest","Région flamande","<5"
"2020-04-29","41048","Ninove","Ninove","Arrondissement Aalst","Arrondissement d’Alost","Provincie Oost-Vlaanderen","Province de Flandre orientale","Vlaams Gewest","Région flamande","<5"
"2020-04-29","41082","Erpe-Mere","Erpe-Mere","Arrondissement Aalst","Arrondissement d’Alost","Provincie Oost-Vlaanderen","Province de Flandre orientale","Vlaams Gewest","Région flamande","<5"
"2020-04-29","42011","Lebbeke","Lebbeke","Arrondissement Dendermonde","Arrondissement de Termonde","Provincie Oost-Vlaanderen","Province de Flandre orientale","Vlaams Gewest","Région flamande","<5"
"2020-04-29","42028","Zele","Zele","Arrondissement Dendermonde","Arrondissement de Termonde","Provincie Oost-Vlaanderen","Province de Flandre orientale","Vlaams Gewest","Région flamande","<5"
"2020-04-29","43005","Eeklo","Eeklo","Arrondissement Eeklo","Arrondissement d’Eeklo","Provincie Oost-Vlaanderen","Province de Flandre orientale","Vlaams Gewest","Région flamande","<5"
"2020-04-29","44013","Destelbergen","Destelbergen","Arrondissement Gent","Arrondissement de Gand","Provincie Oost-Vlaanderen","Province de Flandre orientale","Vlaams Gewest","Région flamande","<5"
"2020-04-29","44019","Evergem","Evergem","Arrondissement Gent","Arrondissement de Gand","Provincie Oost-Vlaanderen","Province de Flandre orientale","Vlaams Gewest","Région flamande","<5"
"2020-04-29","44021","Gent","Gand","Arrondissement Gent","Arrondissement de Gand","Provincie Oost-Vlaanderen","Province de Flandre orientale","Vlaams Gewest","Région flamande","14"
"2020-04-29","44034","Lochristi","Lochristi","Arrondissement Gent","Arrondissement de Gand","Provincie Oost-Vlaanderen","Province de Flandre orientale","Vlaams Gewest","Région flamande","<5"
"2020-04-29","44048","Nazareth","Nazareth","Arrondissement Gent","Arrondissement de Gand","Provincie Oost-Vlaanderen","Province de Flandre orientale","Vlaams Gewest","Région flamande","<5"
"2020-04-29","44081","Zulte","Zulte","Arrondissement Gent","Arrondissement de Gand","Provincie Oost-Vlaanderen","Province de Flandre orientale","Vlaams Gewest","Région flamande","<5"
"2020-04-29","44083","Deinze","Deinze","Arrondissement Gent","Arrondissement de Gand","Provincie Oost-Vlaanderen","Province de Flandre orientale","Vlaams Gewest","Région flamande","<5"
"2020-04-29","44085","Lievegem","Lievegem","Arrondissement Gent","Arrondissement de Gand","Provincie Oost-Vlaanderen","Province de Flandre orientale","Vlaams Gewest","Région flamande","<5"
"2020-04-29","45035","Oudenaarde","Audenarde","Arrondissement Oudenaarde","Arrondissement d’Audenarde","Provincie Oost-Vlaanderen","Province de Flandre orientale","Vlaams Gewest","Région flamande","<5"
"2020-04-29","45060","Kluisbergen","Kluisbergen","Arrondissement Oudenaarde","Arrondissement d’Audenarde","Provincie Oost-Vlaanderen","Province de Flandre orientale","Vlaams Gewest","Région flamande","<5"
"2020-04-29","45068","Kruisem","Kruisem","Arrondissement Oudenaarde","Arrondissement d’Audenarde","Provincie Oost-Vlaanderen","Province de Flandre orientale","Vlaams Gewest","Région flamande","<5"
"2020-04-29","46014","Lokeren","Lokeren","Arrondissement Sint-Niklaas","Arrondissement de Saint-Nicolas","Provincie Oost-Vlaanderen","Province de Flandre orientale","Vlaams Gewest","Région flamande","<5"
"2020-04-29","46020","Sint-Gillis-Waas","Sint-Gillis-Waas","Arrondissement Sint-Niklaas","Arrondissement de Saint-Nicolas","Provincie Oost-Vlaanderen","Province de Flandre orientale","Vlaams Gewest","Région flamande","<5"
"2020-04-29","46025","Temse","Tamise","Arrondissement Sint-Niklaas","Arrondissement de Saint-Nicolas","Provincie Oost-Vlaanderen","Province de Flandre orientale","Vlaams Gewest","Région flamande","<5"
"2020-04-29","51008","Beloeil","Beloeil","Arrondissement Aat","Arrondissement d’Ath","Provincie Henegouwen","Province du Hainaut","Waals Gewest","Région wallonne","<5"
"2020-04-29","52010","Chapelle-lez-Herlaimont","Chapelle-lez-Herlaimont","Arrondissement Charleroi","Arrondissement de Charleroi","Provincie Henegouwen","Province du Hainaut","Waals Gewest","Région wallonne","<5"
"2020-04-29","52011","Charleroi","Charleroi","Arrondissement Charleroi","Arrondissement de Charleroi","Provincie Henegouwen","Province du Hainaut","Waals Gewest","Région wallonne","6"
"2020-04-29","52012","Châtelet","Châtelet","Arrondissement Charleroi","Arrondissement de Charleroi","Provincie Henegouwen","Province du Hainaut","Waals Gewest","Région wallonne","<5"
"2020-04-29","52021","Fleurus","Fleurus","Arrondissement Charleroi","Arrondissement de Charleroi","Provincie Henegouwen","Province du Hainaut","Waals Gewest","Région wallonne","<5"
"2020-04-29","52022","Fontaine-l’Evêque","Fontaine-l’Evêque","Arrondissement Charleroi","Arrondissement de Charleroi","Provincie Henegouwen","Province du Hainaut","Waals Gewest","Région wallonne","<5"
"2020-04-29","52055","Pont-à-Celles","Pont-à-Celles","Arrondissement Charleroi","Arrondissement de Charleroi","Provincie Henegouwen","Province du Hainaut","Waals Gewest","Région wallonne","<5"
"2020-04-29","53053","Bergen","Mons","Arrondissement Bergen","Arrondissement de Mons","Provincie Henegouwen","Province du Hainaut","Waals Gewest","Région wallonne","<5"
"2020-04-29","53065","Quaregnon","Quaregnon","Arrondissement Bergen","Arrondissement de Mons","Provincie Henegouwen","Province du Hainaut","Waals Gewest","Région wallonne","<5"
"2020-04-29","56001","Anderlues","Anderlues","Arrondissement Thuin","Arrondissement de Thuin","Provincie Henegouwen","Province du Hainaut","Waals Gewest","Région wallonne","<5"
"2020-04-29","56016","Chimay","Chimay","Arrondissement Thuin","Arrondissement de Thuin","Provincie Henegouwen","Province du Hainaut","Waals Gewest","Région wallonne","<5"
"2020-04-29","56022","Erquelinnes","Erquelinnes","Arrondissement Thuin","Arrondissement de Thuin","Provincie Henegouwen","Province du Hainaut","Waals Gewest","Région wallonne","<5"
"2020-04-29","56086","Ham-sur-Heure-Nalinnes","Ham-sur-Heure-Nalinnes","Arrondissement Thuin","Arrondissement de Thuin","Provincie Henegouwen","Province du Hainaut","Waals Gewest","Région wallonne","<5"
"2020-04-29","56088","Sivry-Rance","Sivry-Rance","Arrondissement Thuin","Arrondissement de Thuin","Provincie Henegouwen","Province du Hainaut","Waals Gewest","Région wallonne","<5"
"2020-04-29","57027","Estaimpuis","Estaimpuis","Arrondissement Doornik-Moeskroen","Arrondissement de Tournai-Mouscron","Provincie Henegouwen","Province du Hainaut","Waals Gewest","Région wallonne","<5"
"2020-04-29","57094","Leuze-en-Hainaut","Leuze-en-Hainaut","Arrondissement Doornik-Moeskroen","Arrondissement de Tournai-Mouscron","Provincie Henegouwen","Province du Hainaut","Waals Gewest","Région wallonne","<5"
"2020-04-29","57096","Moeskroen","Mouscron","Arrondissement Doornik-Moeskroen","Arrondissement de Tournai-Mouscron","Provincie Henegouwen","Province du Hainaut","Waals Gewest","Région wallonne","5"
"2020-04-29","58001","La Louvière","La Louvière","Arrondissement La Louvière","Arrondissement de La Louvière","Provincie Henegouwen","Province du Hainaut","Waals Gewest","Région wallonne","<5"
"2020-04-29","58002","Binche","Binche","Arrondissement La Louvière","Arrondissement de La Louvière","Provincie Henegouwen","Province du Hainaut","Waals Gewest","Région wallonne","<5"
"2020-04-29","61031","Hoei","Huy","Arrondissement Hoei","Arrondissement de Huy","Provincie Luik","Province de Liège","Waals Gewest","Région wallonne","<5"
"2020-04-29","62038","Fléron","Fléron","Arrondissement Luik","Arrondissement de Liège","Provincie Luik","Province de Liège","Waals Gewest","Région wallonne","<5"
"2020-04-29","62051","Herstal","Herstal","Arrondissement Luik","Arrondissement de Liège","Provincie Luik","Province de Liège","Waals Gewest","Région wallonne","<5"
"2020-04-29","62063","Luik","Liège","Arrondissement Luik","Arrondissement de Liège","Provincie Luik","Province de Liège","Waals Gewest","Région wallonne","5"
"2020-04-29","62079","Oupeye","Oupeye","Arrondissement Luik","Arrondissement de Liège","Provincie Luik","Province de Liège","Waals Gewest","Région wallonne","<5"
"2020-04-29","62096","Seraing","Seraing","Arrondissement Luik","Arrondissement de Liège","Provincie Luik","Province de Liège","Waals Gewest","Région wallonne","<5"
"2020-04-29","62100","Sprimont","Sprimont","Arrondissement Luik","Arrondissement de Liège","Provincie Luik","Province de Liège","Waals Gewest","Région wallonne","<5"
"2020-04-29","62108","Wezet","Visé","Arrondissement Luik","Arrondissement de Liège","Provincie Luik","Province de Liège","Waals Gewest","Région wallonne","<5"
"2020-04-29","62118","Grâce-Hollogne","Grâce-Hollogne","Arrondissement Luik","Arrondissement de Liège","Provincie Luik","Province de Liège","Waals Gewest","Région wallonne","<5"
"2020-04-29","63012","Büllingen","Bullange","Arrondissement Verviers","Arrondissement de Verviers","Provincie Luik","Province de Liège","Waals Gewest","Région wallonne","<5"
"2020-04-29","63013","Bütgenbach","Butgenbach","Arrondissement Verviers","Arrondissement de Verviers","Provincie Luik","Province de Liège","Waals Gewest","Région wallonne","<5"
"2020-04-29","63020","Dison","Dison","Arrondissement Verviers","Arrondissement de Verviers","Provincie Luik","Province de Liège","Waals Gewest","Région wallonne","<5"
"2020-04-29","63035","Herve","Herve","Arrondissement Verviers","Arrondissement de Verviers","Provincie Luik","Province de Liège","Waals Gewest","Région wallonne","<5"
"2020-04-29","63038","Jalhay","Jalhay","Arrondissement Verviers","Arrondissement de Verviers","Provincie Luik","Province de Liège","Waals Gewest","Région wallonne","<5"
"2020-04-29","63049","Malmedy","Malmedy","Arrondissement Verviers","Arrondissement de Verviers","Provincie Luik","Province de Liège","Waals Gewest","Région wallonne","<5"
"2020-04-29","63067","Sankt Vith","Saint-Vith","Arrondissement Verviers","Arrondissement de Verviers","Provincie Luik","Province de Liège","Waals Gewest","Région wallonne","<5"
"2020-04-29","63079","Verviers","Verviers","Arrondissement Verviers","Arrondissement de Verviers","Provincie Luik","Province de Liège","Waals Gewest","Région wallonne","<5"
"2020-04-29","63080","Weismes","Waimes","Arrondissement Verviers","Arrondissement de Verviers","Provincie Luik","Province de Liège","Waals Gewest","Région wallonne","<5"
"2020-04-29","63084","Welkenraedt","Welkenraedt","Arrondissement Verviers","Arrondissement de Verviers","Provincie Luik","Province de Liège","Waals Gewest","Région wallonne","<5"
"2020-04-29","63089","Thimister-Clermont","Thimister-Clermont","Arrondissement Verviers","Arrondissement de Verviers","Provincie Luik","Province de Liège","Waals Gewest","Région wallonne","9"
"2020-04-29","64021","Crisnée","Crisnée","Arrondissement Borgworm","Arrondissement de Waremme","Provincie Luik","Province de Liège","Waals Gewest","Région wallonne","<5"
"2020-04-29","64076","Faimes","Faimes","Arrondissement Borgworm","Arrondissement de Waremme","Provincie Luik","Province de Liège","Waals Gewest","Région wallonne","<5"
"2020-04-29","71002","As","As","Arrondissement Hasselt","Arrondissement de Hasselt","Provincie Limburg","Province du Limbourg","Vlaams Gewest","Région flamande","<5"
"2020-04-29","71004","Beringen","Beringen","Arrondissement Hasselt","Arrondissement de Hasselt","Provincie Limburg","Province du Limbourg","Vlaams Gewest","Région flamande","<5"
"2020-04-29","71011","Diepenbeek","Diepenbeek","Arrondissement Hasselt","Arrondissement de Hasselt","Provincie Limburg","Province du Limbourg","Vlaams Gewest","Région flamande","<5"
"2020-04-29","71016","Genk","Genk","Arrondissement Hasselt","Arrondissement de Hasselt","Provincie Limburg","Province du Limbourg","Vlaams Gewest","Région flamande","9"
"2020-04-29","71017","Gingelom","Gingelom","Arrondissement Hasselt","Arrondissement de Hasselt","Provincie Limburg","Province du Limbourg","Vlaams Gewest","Région flamande","<5"
"2020-04-29","71022","Hasselt","Hasselt","Arrondissement Hasselt","Arrondissement de Hasselt","Provincie Limburg","Province du Limbourg","Vlaams Gewest","Région flamande","<5"
"2020-04-29","71024","Herk-de-Stad","Herck-la-Ville","Arrondissement Hasselt","Arrondissement de Hasselt","Provincie Limburg","Province du Limbourg","Vlaams Gewest","Région flamande","<5"
"2020-04-29","71034","Leopoldsburg","Bourg-Léopold","Arrondissement Hasselt","Arrondissement de Hasselt","Provincie Limburg","Province du Limbourg","Vlaams Gewest","Région flamande","<5"
"2020-04-29","71045","Nieuwerkerken (Hasselt)","Nieuwerkerken (Hasselt)","Arrondissement Hasselt","Arrondissement de Hasselt","Provincie Limburg","Province du Limbourg","Vlaams Gewest","Région flamande","<5"
"2020-04-29","71053","Sint-Truiden","Saint-Trond","Arrondissement Hasselt","Arrondissement de Hasselt","Provincie Limburg","Province du Limbourg","Vlaams Gewest","Région flamande","9"
"2020-04-29","71057","Tessenderlo","Tessenderlo","Arrondissement Hasselt","Arrondissement de Hasselt","Provincie Limburg","Province du Limbourg","Vlaams Gewest","Région flamande","<5"
"2020-04-29","71070","Heusden-Zolder","Heusden-Zolder","Arrondissement Hasselt","Arrondissement de Hasselt","Provincie Limburg","Province du Limbourg","Vlaams Gewest","Région flamande","<5"
"2020-04-29","72004","Bree","Bree","Arrondissement Maaseik","Arrondissement de Maaseik","Provincie Limburg","Province du Limbourg","Vlaams Gewest","Région flamande","<5"
"2020-04-29","72021","Maaseik","Maaseik","Arrondissement Maaseik","Arrondissement de Maaseik","Provincie Limburg","Province du Limbourg","Vlaams Gewest","Région flamande","<5"
"2020-04-29","72030","Peer","Peer","Arrondissement Maaseik","Arrondissement de Maaseik","Provincie Limburg","Province du Limbourg","Vlaams Gewest","Région flamande","<5"
"2020-04-29","72039","Houthalen-Helchteren","Houthalen-Helchteren","Arrondissement Maaseik","Arrondissement de Maaseik","Provincie Limburg","Province du Limbourg","Vlaams Gewest","Région flamande","<5"
"2020-04-29","72042","Oudsbergen","Oudsbergen","Arrondissement Maaseik","Arrondissement de Maaseik","Provincie Limburg","Province du Limbourg","Vlaams Gewest","Région flamande","<5"
"2020-04-29","72043","Pelt","Pelt","Arrondissement Maaseik","Arrondissement de Maaseik","Provincie Limburg","Province du Limbourg","Vlaams Gewest","Région flamande","<5"
"2020-04-29","73001","Alken","Alken","Arrondissement Tongeren","Arrondissement de Tongres","Provincie Limburg","Province du Limbourg","Vlaams Gewest","Région flamande","<5"
"2020-04-29","73006","Bilzen","Bilzen","Arrondissement Tongeren","Arrondissement de Tongres","Provincie Limburg","Province du Limbourg","Vlaams Gewest","Région flamande","<5"
"2020-04-29","73042","Lanaken","Lanaken","Arrondissement Tongeren","Arrondissement de Tongres","Provincie Limburg","Province du Limbourg","Vlaams Gewest","Région flamande","<5"
"2020-04-29","73066","Riemst","Riemst","Arrondissement Tongeren","Arrondissement de Tongres","Provincie Limburg","Province du Limbourg","Vlaams Gewest","Région flamande","<5"
"2020-04-29","73083","Tongeren","Tongres","Arrondissement Tongeren","Arrondissement de Tongres","Provincie Limburg","Province du Limbourg","Vlaams Gewest","Région flamande","<5"
"2020-04-29","73107","Maasmechelen","Maasmechelen","Arrondissement Tongeren","Arrondissement de Tongres","Provincie Limburg","Province du Limbourg","Vlaams Gewest","Région flamande","<5"
"2020-04-29","81001","Aarlen","Arlon","Arrondissement Aarlen","Arrondissement d’Arlon","Provincie Luxemburg","Province du Luxembourg","Waals Gewest","Région wallonne","<5"
"2020-04-29","83012","Durbuy","Durbuy","Arrondissement Marche-en-Famenne","Arrondissement de Marche-en-Famenne","Provincie Luxemburg","Province du Luxembourg","Waals Gewest","Région wallonne","<5"
"2020-04-29","83028","Hotton","Hotton","Arrondissement Marche-en-Famenne","Arrondissement de Marche-en-Famenne","Provincie Luxemburg","Province du Luxembourg","Waals Gewest","Région wallonne","<5"
"2020-04-29","83044","Rendeux","Rendeux","Arrondissement Marche-en-Famenne","Arrondissement de Marche-en-Famenne","Provincie Luxemburg","Province du Luxembourg","Waals Gewest","Région wallonne","<5"
"2020-04-29","83055","Manhay","Manhay","Arrondissement Marche-en-Famenne","Arrondissement de Marche-en-Famenne","Provincie Luxemburg","Province du Luxembourg","Waals Gewest","Région wallonne","<5"
"2020-04-29","84043","Neufchâteau (Neufchâteau)","Neufchâteau (Neufchâteau)","Arrondissement Neufchâteau","Arrondissement de Neufchâteau","Provincie Luxemburg","Province du Luxembourg","Waals Gewest","Région wallonne","<5"
"2020-04-29","84077","Libramont-Chevigny","Libramont-Chevigny","Arrondissement Neufchâteau","Arrondissement de Neufchâteau","Provincie Luxemburg","Province du Luxembourg","Waals Gewest","Région wallonne","<5"
"2020-04-29","91030","Ciney","Ciney","Arrondissement Dinant","Arrondissement de Dinant","Provincie Namen","Province de Namur","Waals Gewest","Région wallonne","<5"
"2020-04-29","91034","Dinant","Dinant","Arrondissement Dinant","Arrondissement de Dinant","Provincie Namen","Province de Namur","Waals Gewest","Région wallonne","<5"
"2020-04-29","91114","Rochefort","Rochefort","Arrondissement Dinant","Arrondissement de Dinant","Provincie Namen","Province de Namur","Waals Gewest","Région wallonne","<5"
"2020-04-29","92003","Andenne","Andenne","Arrondissement Namen","Arrondissement de Namur","Provincie Namen","Province de Namur","Waals Gewest","Région wallonne","<5"
"2020-04-29","92045","Floreffe","Floreffe","Arrondissement Namen","Arrondissement de Namur","Provincie Namen","Province de Namur","Waals Gewest","Région wallonne","<5"
"2020-04-29","92048","Fosses-la-Ville","Fosses-la-Ville","Arrondissement Namen","Arrondissement de Namur","Provincie Namen","Province de Namur","Waals Gewest","Région wallonne","<5"
"2020-04-29","92087","Mettet","Mettet","Arrondissement Namen","Arrondissement de Namur","Provincie Namen","Province de Namur","Waals Gewest","Région wallonne","<5"
"2020-04-29","92094","Namen","Namur","Arrondissement Namen","Arrondissement de Namur","Provincie Namen","Province de Namur","Waals Gewest","Région wallonne","13"
"2020-04-29","92101","Profondeville","Profondeville","Arrondissement Namen","Arrondissement de Namur","Provincie Namen","Province de Namur","Waals Gewest","Région wallonne","<5"
"2020-04-29","92114","Sombreffe","Sombreffe","Arrondissement Namen","Arrondissement de Namur","Provincie Namen","Province de Namur","Waals Gewest","Région wallonne","<5"
"2020-04-29","92137","Sambreville","Sambreville","Arrondissement Namen","Arrondissement de Namur","Provincie Namen","Province de Namur","Waals Gewest","Région wallonne","<5"
"2020-04-29","92140","Jemeppe-sur-Sambre","Jemeppe-sur-Sambre","Arrondissement Namen","Arrondissement de Namur","Provincie Namen","Province de Namur","Waals Gewest","Région wallonne","<5"
"2020-04-29","92141","La Bruyère","La Bruyère","Arrondissement Namen","Arrondissement de Namur","Provincie Namen","Province de Namur","Waals Gewest","Région wallonne","<5"
"2020-04-29","93014","Couvin","Couvin","Arrondissement Philippeville","Arrondissement de Philippeville","Provincie Namen","Province de Namur","Waals Gewest","Région wallonne","<5"
"2020-04-29","93018","Doische","Doische","Arrondissement Philippeville","Arrondissement de Philippeville","Provincie Namen","Province de Namur","Waals Gewest","Région wallonne","<5"
"2020-04-29","93088","Walcourt","Walcourt","Arrondissement Philippeville","Arrondissement de Philippeville","Provincie Namen","Province de Namur","Waals Gewest","Région wallonne","<5"
"2020-04-29",NA,NA,NA,NA,NA,NA,NA,NA,NA,"8"
"2020-04-30","11001","Aartselaar","Aartselaar","Arrondissement Antwerpen","Arrondissement d’Anvers","Provincie Antwerpen","Province d’Anvers","Vlaams Gewest","Région flamande","<5"
"2020-04-30","11002","Antwerpen","Anvers","Arrondissement Antwerpen","Arrondissement d’Anvers","Provincie Antwerpen","Province d’Anvers","Vlaams Gewest","Région flamande","64"
"2020-04-30","11005","Boom","Boom","Arrondissement Antwerpen","Arrondissement d’Anvers","Provincie Antwerpen","Province d’Anvers","Vlaams Gewest","Région flamande","<5"
"2020-04-30","11008","Brasschaat","Brasschaat","Arrondissement Antwerpen","Arrondissement d’Anvers","Provincie Antwerpen","Province d’Anvers","Vlaams Gewest","Région flamande","<5"
"2020-04-30","11009","Brecht","Brecht","Arrondissement Antwerpen","Arrondissement d’Anvers","Provincie Antwerpen","Province d’Anvers","Vlaams Gewest","Région flamande","<5"
"2020-04-30","11013","Edegem","Edegem","Arrondissement Antwerpen","Arrondissement d’Anvers","Provincie Antwerpen","Province d’Anvers","Vlaams Gewest","Région flamande","<5"
"2020-04-30","11016","Essen","Essen","Arrondissement Antwerpen","Arrondissement d’Anvers","Provincie Antwerpen","Province d’Anvers","Vlaams Gewest","Région flamande","<5"
"2020-04-30","11018","Hemiksem","Hemiksem","Arrondissement Antwerpen","Arrondissement d’Anvers","Provincie Antwerpen","Province d’Anvers","Vlaams Gewest","Région flamande","<5"
"2020-04-30","11021","Hove (Antwerpen)","Hove (Anvers)","Arrondissement Antwerpen","Arrondissement d’Anvers","Provincie Antwerpen","Province d’Anvers","Vlaams Gewest","Région flamande","<5"
"2020-04-30","11022","Kalmthout","Kalmthout","Arrondissement Antwerpen","Arrondissement d’Anvers","Provincie Antwerpen","Province d’Anvers","Vlaams Gewest","Région flamande","<5"
"2020-04-30","11023","Kapellen (Antwerpen)","Kapellen (Anvers)","Arrondissement Antwerpen","Arrondissement d’Anvers","Provincie Antwerpen","Province d’Anvers","Vlaams Gewest","Région flamande","14"
"2020-04-30","11029","Mortsel","Mortsel","Arrondissement Antwerpen","Arrondissement d’Anvers","Provincie Antwerpen","Province d’Anvers","Vlaams Gewest","Région flamande","<5"
"2020-04-30","11037","Rumst","Rumst","Arrondissement Antwerpen","Arrondissement d’Anvers","Provincie Antwerpen","Province d’Anvers","Vlaams Gewest","Région flamande","<5"
"2020-04-30","11038","Schelle","Schelle","Arrondissement Antwerpen","Arrondissement d’Anvers","Provincie Antwerpen","Province d’Anvers","Vlaams Gewest","Région flamande","<5"
"2020-04-30","11040","Schoten","Schoten","Arrondissement Antwerpen","Arrondissement d’Anvers","Provincie Antwerpen","Province d’Anvers","Vlaams Gewest","Région flamande","<5"
"2020-04-30","11044","Stabroek","Stabroek","Arrondissement Antwerpen","Arrondissement d’Anvers","Provincie Antwerpen","Province d’Anvers","Vlaams Gewest","Région flamande","<5"
"2020-04-30","11053","Wuustwezel","Wuustwezel","Arrondissement Antwerpen","Arrondissement d’Anvers","Provincie Antwerpen","Province d’Anvers","Vlaams Gewest","Région flamande","<5"
"2020-04-30","11054","Zandhoven","Zandhoven","Arrondissement Antwerpen","Arrondissement d’Anvers","Provincie Antwerpen","Province d’Anvers","Vlaams Gewest","Région flamande","<5"
"2020-04-30","11056","Zwijndrecht","Zwijndrecht","Arrondissement Antwerpen","Arrondissement d’Anvers","Provincie Antwerpen","Province d’Anvers","Vlaams Gewest","Région flamande","<5"
"2020-04-30","12009","Duffel","Duffel","Arrondissement Mechelen","Arrondissement de Malines","Provincie Antwerpen","Province d’Anvers","Vlaams Gewest","Région flamande","<5"
"2020-04-30","12014","Heist-op-den-Berg","Heist-op-den-Berg","Arrondissement Mechelen","Arrondissement de Malines","Provincie Antwerpen","Province d’Anvers","Vlaams Gewest","Région flamande","<5"
"2020-04-30","12021","Lier","Lierre","Arrondissement Mechelen","Arrondissement de Malines","Provincie Antwerpen","Province d’Anvers","Vlaams Gewest","Région flamande","<5"
"2020-04-30","12025","Mechelen","Malines","Arrondissement Mechelen","Arrondissement de Malines","Provincie Antwerpen","Province d’Anvers","Vlaams Gewest","Région flamande","<5"
"2020-04-30","12026","Nijlen","Nijlen","Arrondissement Mechelen","Arrondissement de Malines","Provincie Antwerpen","Province d’Anvers","Vlaams Gewest","Région flamande","5"
"2020-04-30","12035","Sint-Katelijne-Waver","Sint-Katelijne-Waver","Arrondissement Mechelen","Arrondissement de Malines","Provincie Antwerpen","Province d’Anvers","Vlaams Gewest","Région flamande","<5"
"2020-04-30","13004","Beerse","Beerse","Arrondissement Turnhout","Arrondissement de Turnhout","Provincie Antwerpen","Province d’Anvers","Vlaams Gewest","Région flamande","<5"
"2020-04-30","13006","Dessel","Dessel","Arrondissement Turnhout","Arrondissement de Turnhout","Provincie Antwerpen","Province d’Anvers","Vlaams Gewest","Région flamande","<5"
"2020-04-30","13008","Geel","Geel","Arrondissement Turnhout","Arrondissement de Turnhout","Provincie Antwerpen","Province d’Anvers","Vlaams Gewest","Région flamande","9"
"2020-04-30","13011","Herentals","Herentals","Arrondissement Turnhout","Arrondissement de Turnhout","Provincie Antwerpen","Province d’Anvers","Vlaams Gewest","Région flamande","<5"
"2020-04-30","13012","Herenthout","Herenthout","Arrondissement Turnhout","Arrondissement de Turnhout","Provincie Antwerpen","Province d’Anvers","Vlaams Gewest","Région flamande","<5"
"2020-04-30","13016","Hulshout","Hulshout","Arrondissement Turnhout","Arrondissement de Turnhout","Provincie Antwerpen","Province d’Anvers","Vlaams Gewest","Région flamande","<5"
"2020-04-30","13017","Kasterlee","Kasterlee","Arrondissement Turnhout","Arrondissement de Turnhout","Provincie Antwerpen","Province d’Anvers","Vlaams Gewest","Région flamande","<5"
"2020-04-30","13019","Lille","Lille","Arrondissement Turnhout","Arrondissement de Turnhout","Provincie Antwerpen","Province d’Anvers","Vlaams Gewest","Région flamande","23"
"2020-04-30","13023","Merksplas","Merksplas","Arrondissement Turnhout","Arrondissement de Turnhout","Provincie Antwerpen","Province d’Anvers","Vlaams Gewest","Région flamande","<5"
"2020-04-30","13035","Ravels","Ravels","Arrondissement Turnhout","Arrondissement de Turnhout","Provincie Antwerpen","Province d’Anvers","Vlaams Gewest","Région flamande","<5"
"2020-04-30","13040","Turnhout","Turnhout","Arrondissement Turnhout","Arrondissement de Turnhout","Provincie Antwerpen","Province d’Anvers","Vlaams Gewest","Région flamande","<5"
"2020-04-30","13044","Vorselaar","Vorselaar","Arrondissement Turnhout","Arrondissement de Turnhout","Provincie Antwerpen","Province d’Anvers","Vlaams Gewest","Région flamande","<5"
"2020-04-30","13046","Vosselaar","Vosselaar","Arrondissement Turnhout","Arrondissement de Turnhout","Provincie Antwerpen","Province d’Anvers","Vlaams Gewest","Région flamande","<5"
"2020-04-30","13049","Westerlo","Westerlo","Arrondissement Turnhout","Arrondissement de Turnhout","Provincie Antwerpen","Province d’Anvers","Vlaams Gewest","Région flamande","<5"
"2020-04-30","21001","Anderlecht","Anderlecht","Arrondissement Brussel-Hoofdstad","Arrondissement de Bruxelles-Capitale",NA,NA,"Brussels Hoofdstedelijk Gewest","Région de Bruxelles-Capitale","8"
"2020-04-30","21004","Brussel","Bruxelles","Arrondissement Brussel-Hoofdstad","Arrondissement de Bruxelles-Capitale",NA,NA,"Brussels Hoofdstedelijk Gewest","Région de Bruxelles-Capitale","14"
"2020-04-30","21006","Evere","Evere","Arrondissement Brussel-Hoofdstad","Arrondissement de Bruxelles-Capitale",NA,NA,"Brussels Hoofdstedelijk Gewest","Région de Bruxelles-Capitale","<5"
"2020-04-30","21007","Vorst (Brussel-Hoofdstad)","Forest (Bruxelles-Capitale)","Arrondissement Brussel-Hoofdstad","Arrondissement de Bruxelles-Capitale",NA,NA,"Brussels Hoofdstedelijk Gewest","Région de Bruxelles-Capitale","<5"
"2020-04-30","21009","Elsene","Ixelles","Arrondissement Brussel-Hoofdstad","Arrondissement de Bruxelles-Capitale",NA,NA,"Brussels Hoofdstedelijk Gewest","Région de Bruxelles-Capitale","<5"
"2020-04-30","21010","Jette","Jette","Arrondissement Brussel-Hoofdstad","Arrondissement de Bruxelles-Capitale",NA,NA,"Brussels Hoofdstedelijk Gewest","Région de Bruxelles-Capitale","7"
"2020-04-30","21012","Sint-Jans-Molenbeek","Molenbeek-Saint-Jean","Arrondissement Brussel-Hoofdstad","Arrondissement de Bruxelles-Capitale",NA,NA,"Brussels Hoofdstedelijk Gewest","Région de Bruxelles-Capitale","13"
"2020-04-30","21013","Sint-Gillis","Saint-Gilles","Arrondissement Brussel-Hoofdstad","Arrondissement de Bruxelles-Capitale",NA,NA,"Brussels Hoofdstedelijk Gewest","Région de Bruxelles-Capitale","5"
"2020-04-30","21015","Schaarbeek","Schaerbeek","Arrondissement Brussel-Hoofdstad","Arrondissement de Bruxelles-Capitale",NA,NA,"Brussels Hoofdstedelijk Gewest","Région de Bruxelles-Capitale","<5"
"2020-04-30","21016","Ukkel","Uccle","Arrondissement Brussel-Hoofdstad","Arrondissement de Bruxelles-Capitale",NA,NA,"Brussels Hoofdstedelijk Gewest","Région de Bruxelles-Capitale","6"
"2020-04-30","21018","Sint-Lambrechts-Woluwe","Woluwe-Saint-Lambert","Arrondissement Brussel-Hoofdstad","Arrondissement de Bruxelles-Capitale",NA,NA,"Brussels Hoofdstedelijk Gewest","Région de Bruxelles-Capitale","<5"
"2020-04-30","23002","Asse","Asse","Arrondissement Halle-Vilvoorde","Arrondissement de Hal-Vilvorde","Provincie Vlaams-Brabant","Province du Brabant flamand","Vlaams Gewest","Région flamande","<5"
"2020-04-30","23016","Dilbeek","Dilbeek","Arrondissement Halle-Vilvoorde","Arrondissement de Hal-Vilvorde","Provincie Vlaams-Brabant","Province du Brabant flamand","Vlaams Gewest","Région flamande","<5"
"2020-04-30","23024","Gooik","Gooik","Arrondissement Halle-Vilvoorde","Arrondissement de Hal-Vilvorde","Provincie Vlaams-Brabant","Province du Brabant flamand","Vlaams Gewest","Région flamande","<5"
"2020-04-30","23027","Halle (Halle-Vilvoorde)","Hal (Hal-Vilvorde)","Arrondissement Halle-Vilvoorde","Arrondissement de Hal-Vilvorde","Provincie Vlaams-Brabant","Province du Brabant flamand","Vlaams Gewest","Région flamande","<5"
"2020-04-30","23044","Liedekerke","Liedekerke","Arrondissement Halle-Vilvoorde","Arrondissement de Hal-Vilvorde","Provincie Vlaams-Brabant","Province du Brabant flamand","Vlaams Gewest","Région flamande","<5"
"2020-04-30","23045","Londerzeel","Londerzeel","Arrondissement Halle-Vilvoorde","Arrondissement de Hal-Vilvorde","Provincie Vlaams-Brabant","Province du Brabant flamand","Vlaams Gewest","Région flamande","<5"
"2020-04-30","23047","Machelen (Halle-Vilvoorde)","Machelen (Hal-Vilvorde)","Arrondissement Halle-Vilvoorde","Arrondissement de Hal-Vilvorde","Provincie Vlaams-Brabant","Province du Brabant flamand","Vlaams Gewest","Région flamande","<5"
"2020-04-30","23050","Meise","Meise","Arrondissement Halle-Vilvoorde","Arrondissement de Hal-Vilvorde","Provincie Vlaams-Brabant","Province du Brabant flamand","Vlaams Gewest","Région flamande","<5"
"2020-04-30","23052","Merchtem","Merchtem","Arrondissement Halle-Vilvoorde","Arrondissement de Hal-Vilvorde","Provincie Vlaams-Brabant","Province du Brabant flamand","Vlaams Gewest","Région flamande","<5"
"2020-04-30","23060","Opwijk","Opwijk","Arrondissement Halle-Vilvoorde","Arrondissement de Hal-Vilvorde","Provincie Vlaams-Brabant","Province du Brabant flamand","Vlaams Gewest","Région flamande","<5"
"2020-04-30","23064","Pepingen","Pepingen","Arrondissement Halle-Vilvoorde","Arrondissement de Hal-Vilvorde","Provincie Vlaams-Brabant","Province du Brabant flamand","Vlaams Gewest","Région flamande","<5"
"2020-04-30","23088","Vilvoorde","Vilvorde","Arrondissement Halle-Vilvoorde","Arrondissement de Hal-Vilvorde","Provincie Vlaams-Brabant","Province du Brabant flamand","Vlaams Gewest","Région flamande","5"
"2020-04-30","23094","Zaventem","Zaventem","Arrondissement Halle-Vilvoorde","Arrondissement de Hal-Vilvorde","Provincie Vlaams-Brabant","Province du Brabant flamand","Vlaams Gewest","Région flamande","<5"
"2020-04-30","23096","Zemst","Zemst","Arrondissement Halle-Vilvoorde","Arrondissement de Hal-Vilvorde","Provincie Vlaams-Brabant","Province du Brabant flamand","Vlaams Gewest","Région flamande","<5"
"2020-04-30","23101","Sint-Genesius-Rode","Rhode-Saint-Genèse","Arrondissement Halle-Vilvoorde","Arrondissement de Hal-Vilvorde","Provincie Vlaams-Brabant","Province du Brabant flamand","Vlaams Gewest","Région flamande","<5"
"2020-04-30","23103","Wezembeek-Oppem","Wezembeek-Oppem","Arrondissement Halle-Vilvoorde","Arrondissement de Hal-Vilvorde","Provincie Vlaams-Brabant","Province du Brabant flamand","Vlaams Gewest","Région flamande","<5"
"2020-04-30","24001","Aarschot","Aarschot","Arrondissement Leuven","Arrondissement de Louvain","Provincie Vlaams-Brabant","Province du Brabant flamand","Vlaams Gewest","Région flamande","<5"
"2020-04-30","24011","Bierbeek","Bierbeek","Arrondissement Leuven","Arrondissement de Louvain","Provincie Vlaams-Brabant","Province du Brabant flamand","Vlaams Gewest","Région flamande","<5"
"2020-04-30","24016","Boutersem","Boutersem","Arrondissement Leuven","Arrondissement de Louvain","Provincie Vlaams-Brabant","Province du Brabant flamand","Vlaams Gewest","Région flamande","<5"
"2020-04-30","24020","Diest","Diest","Arrondissement Leuven","Arrondissement de Louvain","Provincie Vlaams-Brabant","Province du Brabant flamand","Vlaams Gewest","Région flamande","<5"
"2020-04-30","24054","Kortenaken","Kortenaken","Arrondissement Leuven","Arrondissement de Louvain","Provincie Vlaams-Brabant","Province du Brabant flamand","Vlaams Gewest","Région flamande","<5"
"2020-04-30","24059","Landen","Landen","Arrondissement Leuven","Arrondissement de Louvain","Provincie Vlaams-Brabant","Province du Brabant flamand","Vlaams Gewest","Région flamande","<5"
"2020-04-30","24062","Leuven","Louvain","Arrondissement Leuven","Arrondissement de Louvain","Provincie Vlaams-Brabant","Province du Brabant flamand","Vlaams Gewest","Région flamande","<5"
"2020-04-30","24107","Tienen","Tirlemont","Arrondissement Leuven","Arrondissement de Louvain","Provincie Vlaams-Brabant","Province du Brabant flamand","Vlaams Gewest","Région flamande","<5"
"2020-04-30","24130","Zoutleeuw","Léau","Arrondissement Leuven","Arrondissement de Louvain","Provincie Vlaams-Brabant","Province du Brabant flamand","Vlaams Gewest","Région flamande","<5"
"2020-04-30","24135","Tielt-Winge","Tielt-Winge","Arrondissement Leuven","Arrondissement de Louvain","Provincie Vlaams-Brabant","Province du Brabant flamand","Vlaams Gewest","Région flamande","<5"
"2020-04-30","25044","Itter","Ittre","Arrondissement Nijvel","Arrondissement de Nivelles","Provincie Waals-Brabant","Province du Brabant wallon","Waals Gewest","Région wallonne","<5"
"2020-04-30","25050","Terhulpen","La Hulpe","Arrondissement Nijvel","Arrondissement de Nivelles","Provincie Waals-Brabant","Province du Brabant wallon","Waals Gewest","Région wallonne","<5"
"2020-04-30","25105","Tubeke","Tubize","Arrondissement Nijvel","Arrondissement de Nivelles","Provincie Waals-Brabant","Province du Brabant wallon","Waals Gewest","Région wallonne","<5"
"2020-04-30","25110","Waterloo","Waterloo","Arrondissement Nijvel","Arrondissement de Nivelles","Provincie Waals-Brabant","Province du Brabant wallon","Waals Gewest","Région wallonne","<5"
"2020-04-30","25112","Waver","Wavre","Arrondissement Nijvel","Arrondissement de Nivelles","Provincie Waals-Brabant","Province du Brabant wallon","Waals Gewest","Région wallonne","<5"
"2020-04-30","31003","Beernem","Beernem","Arrondissement Brugge","Arrondissement de Bruges","Provincie West-Vlaanderen","Province de Flandre occidentale","Vlaams Gewest","Région flamande","<5"
"2020-04-30","31005","Brugge","Bruges","Arrondissement Brugge","Arrondissement de Bruges","Provincie West-Vlaanderen","Province de Flandre occidentale","Vlaams Gewest","Région flamande","8"
"2020-04-30","31012","Jabbeke","Jabbeke","Arrondissement Brugge","Arrondissement de Bruges","Provincie West-Vlaanderen","Province de Flandre occidentale","Vlaams Gewest","Région flamande","<5"
"2020-04-30","31022","Oostkamp","Oostkamp","Arrondissement Brugge","Arrondissement de Bruges","Provincie West-Vlaanderen","Province de Flandre occidentale","Vlaams Gewest","Région flamande","<5"
"2020-04-30","31033","Torhout","Torhout","Arrondissement Brugge","Arrondissement de Bruges","Provincie West-Vlaanderen","Province de Flandre occidentale","Vlaams Gewest","Région flamande","<5"
"2020-04-30","31040","Zedelgem","Zedelgem","Arrondissement Brugge","Arrondissement de Bruges","Provincie West-Vlaanderen","Province de Flandre occidentale","Vlaams Gewest","Région flamande","<5"
"2020-04-30","32006","Houthulst","Houthulst","Arrondissement Diksmuide","Arrondissement de Dixmude","Provincie West-Vlaanderen","Province de Flandre occidentale","Vlaams Gewest","Région flamande","<5"
"2020-04-30","33011","Ieper","Ypres","Arrondissement Ieper","Arrondissement d’Ypres","Provincie West-Vlaanderen","Province de Flandre occidentale","Vlaams Gewest","Région flamande","<5"
"2020-04-30","33029","Wervik","Wervik","Arrondissement Ieper","Arrondissement d’Ypres","Provincie West-Vlaanderen","Province de Flandre occidentale","Vlaams Gewest","Région flamande","<5"
"2020-04-30","33040","Langemark-Poelkapelle","Langemark-Poelkapelle","Arrondissement Ieper","Arrondissement d’Ypres","Provincie West-Vlaanderen","Province de Flandre occidentale","Vlaams Gewest","Région flamande","<5"
"2020-04-30","33041","Vleteren","Vleteren","Arrondissement Ieper","Arrondissement d’Ypres","Provincie West-Vlaanderen","Province de Flandre occidentale","Vlaams Gewest","Région flamande","<5"
"2020-04-30","34002","Anzegem","Anzegem","Arrondissement Kortrijk","Arrondissement de Courtrai","Provincie West-Vlaanderen","Province de Flandre occidentale","Vlaams Gewest","Région flamande","<5"
"2020-04-30","34013","Harelbeke","Harelbeke","Arrondissement Kortrijk","Arrondissement de Courtrai","Provincie West-Vlaanderen","Province de Flandre occidentale","Vlaams Gewest","Région flamande","6"
"2020-04-30","34022","Kortrijk","Courtrai","Arrondissement Kortrijk","Arrondissement de Courtrai","Provincie West-Vlaanderen","Province de Flandre occidentale","Vlaams Gewest","Région flamande","<5"
"2020-04-30","34027","Menen","Menin","Arrondissement Kortrijk","Arrondissement de Courtrai","Provincie West-Vlaanderen","Province de Flandre occidentale","Vlaams Gewest","Région flamande","<5"
"2020-04-30","34040","Waregem","Waregem","Arrondissement Kortrijk","Arrondissement de Courtrai","Provincie West-Vlaanderen","Province de Flandre occidentale","Vlaams Gewest","Région flamande","<5"
"2020-04-30","34042","Zwevegem","Zwevegem","Arrondissement Kortrijk","Arrondissement de Courtrai","Provincie West-Vlaanderen","Province de Flandre occidentale","Vlaams Gewest","Région flamande","<5"
"2020-04-30","35006","Ichtegem","Ichtegem","Arrondissement Oostende","Arrondissement d’Ostende","Provincie West-Vlaanderen","Province de Flandre occidentale","Vlaams Gewest","Région flamande","<5"
"2020-04-30","35013","Oostende","Ostende","Arrondissement Oostende","Arrondissement d’Ostende","Provincie West-Vlaanderen","Province de Flandre occidentale","Vlaams Gewest","Région flamande","<5"
"2020-04-30","35029","De Haan","De Haan","Arrondissement Oostende","Arrondissement d’Ostende","Provincie West-Vlaanderen","Province de Flandre occidentale","Vlaams Gewest","Région flamande","<5"
"2020-04-30","36006","Hooglede","Hooglede","Arrondissement Roeselare","Arrondissement de Roulers","Provincie West-Vlaanderen","Province de Flandre occidentale","Vlaams Gewest","Région flamande","<5"
"2020-04-30","36008","Izegem","Izegem","Arrondissement Roeselare","Arrondissement de Roulers","Provincie West-Vlaanderen","Province de Flandre occidentale","Vlaams Gewest","Région flamande","<5"
"2020-04-30","36010","Ledegem","Ledegem","Arrondissement Roeselare","Arrondissement de Roulers","Provincie West-Vlaanderen","Province de Flandre occidentale","Vlaams Gewest","Région flamande","<5"
"2020-04-30","36012","Moorslede","Moorslede","Arrondissement Roeselare","Arrondissement de Roulers","Provincie West-Vlaanderen","Province de Flandre occidentale","Vlaams Gewest","Région flamande","<5"
"2020-04-30","36015","Roeselare","Roulers","Arrondissement Roeselare","Arrondissement de Roulers","Provincie West-Vlaanderen","Province de Flandre occidentale","Vlaams Gewest","Région flamande","<5"
"2020-04-30","37018","Wingene","Wingene","Arrondissement Tielt","Arrondissement de Tielt","Provincie West-Vlaanderen","Province de Flandre occidentale","Vlaams Gewest","Région flamande","<5"
"2020-04-30","38014","Koksijde","Koksijde","Arrondissement Veurne","Arrondissement de Furnes","Provincie West-Vlaanderen","Province de Flandre occidentale","Vlaams Gewest","Région flamande","<5"
"2020-04-30","38016","Nieuwpoort","Nieuport","Arrondissement Veurne","Arrondissement de Furnes","Provincie West-Vlaanderen","Province de Flandre occidentale","Vlaams Gewest","Région flamande","<5"
"2020-04-30","41002","Aalst (Aalst)","Alost (Alost)","Arrondissement Aalst","Arrondissement d’Alost","Provincie Oost-Vlaanderen","Province de Flandre orientale","Vlaams Gewest","Région flamande","<5"
"2020-04-30","41011","Denderleeuw","Denderleeuw","Arrondissement Aalst","Arrondissement d’Alost","Provincie Oost-Vlaanderen","Province de Flandre orientale","Vlaams Gewest","Région flamande","<5"
"2020-04-30","41018","Geraardsbergen","Grammont","Arrondissement Aalst","Arrondissement d’Alost","Provincie Oost-Vlaanderen","Province de Flandre orientale","Vlaams Gewest","Région flamande","<5"
"2020-04-30","41027","Herzele","Herzele","Arrondissement Aalst","Arrondissement d’Alost","Provincie Oost-Vlaanderen","Province de Flandre orientale","Vlaams Gewest","Région flamande","<5"
"2020-04-30","41048","Ninove","Ninove","Arrondissement Aalst","Arrondissement d’Alost","Provincie Oost-Vlaanderen","Province de Flandre orientale","Vlaams Gewest","Région flamande","<5"
"2020-04-30","41081","Zottegem","Zottegem","Arrondissement Aalst","Arrondissement d’Alost","Provincie Oost-Vlaanderen","Province de Flandre orientale","Vlaams Gewest","Région flamande","<5"
"2020-04-30","42003","Berlare","Berlare","Arrondissement Dendermonde","Arrondissement de Termonde","Provincie Oost-Vlaanderen","Province de Flandre orientale","Vlaams Gewest","Région flamande","<5"
"2020-04-30","42006","Dendermonde","Termonde","Arrondissement Dendermonde","Arrondissement de Termonde","Provincie Oost-Vlaanderen","Province de Flandre orientale","Vlaams Gewest","Région flamande","<5"
"2020-04-30","42008","Hamme (Dendermonde)","Hamme (Termonde)","Arrondissement Dendermonde","Arrondissement de Termonde","Provincie Oost-Vlaanderen","Province de Flandre orientale","Vlaams Gewest","Région flamande","<5"
"2020-04-30","42010","Laarne","Laarne","Arrondissement Dendermonde","Arrondissement de Termonde","Provincie Oost-Vlaanderen","Province de Flandre orientale","Vlaams Gewest","Région flamande","<5"
"2020-04-30","42028","Zele","Zele","Arrondissement Dendermonde","Arrondissement de Termonde","Provincie Oost-Vlaanderen","Province de Flandre orientale","Vlaams Gewest","Région flamande","<5"
"2020-04-30","43005","Eeklo","Eeklo","Arrondissement Eeklo","Arrondissement d’Eeklo","Provincie Oost-Vlaanderen","Province de Flandre orientale","Vlaams Gewest","Région flamande","<5"
"2020-04-30","43018","Zelzate","Zelzate","Arrondissement Eeklo","Arrondissement d’Eeklo","Provincie Oost-Vlaanderen","Province de Flandre orientale","Vlaams Gewest","Région flamande","<5"
"2020-04-30","44012","De Pinte","De Pinte","Arrondissement Gent","Arrondissement de Gand","Provincie Oost-Vlaanderen","Province de Flandre orientale","Vlaams Gewest","Région flamande","<5"
"2020-04-30","44013","Destelbergen","Destelbergen","Arrondissement Gent","Arrondissement de Gand","Provincie Oost-Vlaanderen","Province de Flandre orientale","Vlaams Gewest","Région flamande","<5"
"2020-04-30","44019","Evergem","Evergem","Arrondissement Gent","Arrondissement de Gand","Provincie Oost-Vlaanderen","Province de Flandre orientale","Vlaams Gewest","Région flamande","<5"
"2020-04-30","44020","Gavere","Gavere","Arrondissement Gent","Arrondissement de Gand","Provincie Oost-Vlaanderen","Province de Flandre orientale","Vlaams Gewest","Région flamande","<5"
"2020-04-30","44021","Gent","Gand","Arrondissement Gent","Arrondissement de Gand","Provincie Oost-Vlaanderen","Province de Flandre orientale","Vlaams Gewest","Région flamande","<5"
"2020-04-30","44034","Lochristi","Lochristi","Arrondissement Gent","Arrondissement de Gand","Provincie Oost-Vlaanderen","Province de Flandre orientale","Vlaams Gewest","Région flamande","<5"
"2020-04-30","44064","Sint-Martens-Latem","Sint-Martens-Latem","Arrondissement Gent","Arrondissement de Gand","Provincie Oost-Vlaanderen","Province de Flandre orientale","Vlaams Gewest","Région flamande","<5"
"2020-04-30","44083","Deinze","Deinze","Arrondissement Gent","Arrondissement de Gand","Provincie Oost-Vlaanderen","Province de Flandre orientale","Vlaams Gewest","Région flamande","<5"
"2020-04-30","44085","Lievegem","Lievegem","Arrondissement Gent","Arrondissement de Gand","Provincie Oost-Vlaanderen","Province de Flandre orientale","Vlaams Gewest","Région flamande","<5"
"2020-04-30","45035","Oudenaarde","Audenarde","Arrondissement Oudenaarde","Arrondissement d’Audenarde","Provincie Oost-Vlaanderen","Province de Flandre orientale","Vlaams Gewest","Région flamande","<5"
"2020-04-30","45061","Wortegem-Petegem","Wortegem-Petegem","Arrondissement Oudenaarde","Arrondissement d’Audenarde","Provincie Oost-Vlaanderen","Province de Flandre orientale","Vlaams Gewest","Région flamande","<5"
"2020-04-30","46003","Beveren (Sint-Niklaas)","Beveren (Saint-Nicolas)","Arrondissement Sint-Niklaas","Arrondissement de Saint-Nicolas","Provincie Oost-Vlaanderen","Province de Flandre orientale","Vlaams Gewest","Région flamande","<5"
"2020-04-30","46014","Lokeren","Lokeren","Arrondissement Sint-Niklaas","Arrondissement de Saint-Nicolas","Provincie Oost-Vlaanderen","Province de Flandre orientale","Vlaams Gewest","Région flamande","<5"
"2020-04-30","46020","Sint-Gillis-Waas","Sint-Gillis-Waas","Arrondissement Sint-Niklaas","Arrondissement de Saint-Nicolas","Provincie Oost-Vlaanderen","Province de Flandre orientale","Vlaams Gewest","Région flamande","<5"
"2020-04-30","46021","Sint-Niklaas (Sint-Niklaas)","Saint-Nicolas (Saint-Nicolas)","Arrondissement Sint-Niklaas","Arrondissement de Saint-Nicolas","Provincie Oost-Vlaanderen","Province de Flandre orientale","Vlaams Gewest","Région flamande","<5"
"2020-04-30","46024","Stekene","Stekene","Arrondissement Sint-Niklaas","Arrondissement de Saint-Nicolas","Provincie Oost-Vlaanderen","Province de Flandre orientale","Vlaams Gewest","Région flamande","<5"
"2020-04-30","51009","Bernissart","Bernissart","Arrondissement Aat","Arrondissement d’Ath","Provincie Henegouwen","Province du Hainaut","Waals Gewest","Région wallonne","<5"
"2020-04-30","52010","Chapelle-lez-Herlaimont","Chapelle-lez-Herlaimont","Arrondissement Charleroi","Arrondissement de Charleroi","Provincie Henegouwen","Province du Hainaut","Waals Gewest","Région wallonne","16"
"2020-04-30","52011","Charleroi","Charleroi","Arrondissement Charleroi","Arrondissement de Charleroi","Provincie Henegouwen","Province du Hainaut","Waals Gewest","Région wallonne","<5"
"2020-04-30","52012","Châtelet","Châtelet","Arrondissement Charleroi","Arrondissement de Charleroi","Provincie Henegouwen","Province du Hainaut","Waals Gewest","Région wallonne","<5"
"2020-04-30","52015","Courcelles","Courcelles","Arrondissement Charleroi","Arrondissement de Charleroi","Provincie Henegouwen","Province du Hainaut","Waals Gewest","Région wallonne","<5"
"2020-04-30","52021","Fleurus","Fleurus","Arrondissement Charleroi","Arrondissement de Charleroi","Provincie Henegouwen","Province du Hainaut","Waals Gewest","Région wallonne","<5"
"2020-04-30","53014","Boussu","Boussu","Arrondissement Bergen","Arrondissement de Mons","Provincie Henegouwen","Province du Hainaut","Waals Gewest","Région wallonne","<5"
"2020-04-30","53020","Dour","Dour","Arrondissement Bergen","Arrondissement de Mons","Provincie Henegouwen","Province du Hainaut","Waals Gewest","Région wallonne","<5"
"2020-04-30","53053","Bergen","Mons","Arrondissement Bergen","Arrondissement de Mons","Provincie Henegouwen","Province du Hainaut","Waals Gewest","Région wallonne","<5"
"2020-04-30","53065","Quaregnon","Quaregnon","Arrondissement Bergen","Arrondissement de Mons","Provincie Henegouwen","Province du Hainaut","Waals Gewest","Région wallonne","<5"
"2020-04-30","53082","Colfontaine","Colfontaine","Arrondissement Bergen","Arrondissement de Mons","Provincie Henegouwen","Province du Hainaut","Waals Gewest","Région wallonne","<5"
"2020-04-30","55050","Ecaussinnes","Ecaussinnes","Arrondissement Zinnik","Arrondissement de Soignies","Provincie Henegouwen","Province du Hainaut","Waals Gewest","Région wallonne","<5"
"2020-04-30","55086","Manage","Manage","Arrondissement Zinnik","Arrondissement de Soignies","Provincie Henegouwen","Province du Hainaut","Waals Gewest","Région wallonne","<5"
"2020-04-30","56001","Anderlues","Anderlues","Arrondissement Thuin","Arrondissement de Thuin","Provincie Henegouwen","Province du Hainaut","Waals Gewest","Région wallonne","<5"
"2020-04-30","56022","Erquelinnes","Erquelinnes","Arrondissement Thuin","Arrondissement de Thuin","Provincie Henegouwen","Province du Hainaut","Waals Gewest","Région wallonne","<5"
"2020-04-30","57064","Péruwelz","Péruwelz","Arrondissement Doornik-Moeskroen","Arrondissement de Tournai-Mouscron","Provincie Henegouwen","Province du Hainaut","Waals Gewest","Région wallonne","12"
"2020-04-30","57081","Doornik","Tournai","Arrondissement Doornik-Moeskroen","Arrondissement de Tournai-Mouscron","Provincie Henegouwen","Province du Hainaut","Waals Gewest","Région wallonne","<5"
"2020-04-30","57094","Leuze-en-Hainaut","Leuze-en-Hainaut","Arrondissement Doornik-Moeskroen","Arrondissement de Tournai-Mouscron","Provincie Henegouwen","Province du Hainaut","Waals Gewest","Région wallonne","<5"
"2020-04-30","57096","Moeskroen","Mouscron","Arrondissement Doornik-Moeskroen","Arrondissement de Tournai-Mouscron","Provincie Henegouwen","Province du Hainaut","Waals Gewest","Région wallonne","<5"
"2020-04-30","58001","La Louvière","La Louvière","Arrondissement La Louvière","Arrondissement de La Louvière","Provincie Henegouwen","Province du Hainaut","Waals Gewest","Région wallonne","<5"
"2020-04-30","58002","Binche","Binche","Arrondissement La Louvière","Arrondissement de La Louvière","Provincie Henegouwen","Province du Hainaut","Waals Gewest","Région wallonne","<5"
"2020-04-30","61031","Hoei","Huy","Arrondissement Hoei","Arrondissement de Huy","Provincie Luik","Province de Liège","Waals Gewest","Région wallonne","<5"
"2020-04-30","61080","Engis","Engis","Arrondissement Hoei","Arrondissement de Huy","Provincie Luik","Province de Liège","Waals Gewest","Région wallonne","<5"
"2020-04-30","62003","Ans","Ans","Arrondissement Luik","Arrondissement de Liège","Provincie Luik","Province de Liège","Waals Gewest","Région wallonne","<5"
"2020-04-30","62011","Bitsingen","Bassenge","Arrondissement Luik","Arrondissement de Liège","Provincie Luik","Province de Liège","Waals Gewest","Région wallonne","<5"
"2020-04-30","62032","Esneux","Esneux","Arrondissement Luik","Arrondissement de Liège","Provincie Luik","Province de Liège","Waals Gewest","Région wallonne","<5"
"2020-04-30","62038","Fléron","Fléron","Arrondissement Luik","Arrondissement de Liège","Provincie Luik","Province de Liège","Waals Gewest","Région wallonne","<5"
"2020-04-30","62051","Herstal","Herstal","Arrondissement Luik","Arrondissement de Liège","Provincie Luik","Province de Liège","Waals Gewest","Région wallonne","5"
"2020-04-30","62063","Luik","Liège","Arrondissement Luik","Arrondissement de Liège","Provincie Luik","Province de Liège","Waals Gewest","Région wallonne","6"
"2020-04-30","62079","Oupeye","Oupeye","Arrondissement Luik","Arrondissement de Liège","Provincie Luik","Province de Liège","Waals Gewest","Région wallonne","<5"
"2020-04-30","62093","Saint-Nicolas (Luik)","Saint-Nicolas (Liège)","Arrondissement Luik","Arrondissement de Liège","Provincie Luik","Province de Liège","Waals Gewest","Région wallonne","<5"
"2020-04-30","62096","Seraing","Seraing","Arrondissement Luik","Arrondissement de Liège","Provincie Luik","Province de Liège","Waals Gewest","Région wallonne","<5"
"2020-04-30","62099","Soumagne","Soumagne","Arrondissement Luik","Arrondissement de Liège","Provincie Luik","Province de Liège","Waals Gewest","Région wallonne","<5"
"2020-04-30","62108","Wezet","Visé","Arrondissement Luik","Arrondissement de Liège","Provincie Luik","Province de Liège","Waals Gewest","Région wallonne","<5"
"2020-04-30","62119","Blegny","Blegny","Arrondissement Luik","Arrondissement de Liège","Provincie Luik","Province de Liège","Waals Gewest","Région wallonne","<5"
"2020-04-30","62120","Flémalle","Flémalle","Arrondissement Luik","Arrondissement de Liège","Provincie Luik","Province de Liège","Waals Gewest","Région wallonne","<5"
"2020-04-30","63013","Bütgenbach","Butgenbach","Arrondissement Verviers","Arrondissement de Verviers","Provincie Luik","Province de Liège","Waals Gewest","Région wallonne","<5"
"2020-04-30","63023","Eupen","Eupen","Arrondissement Verviers","Arrondissement de Verviers","Provincie Luik","Province de Liège","Waals Gewest","Région wallonne","<5"
"2020-04-30","63057","Olne","Olne","Arrondissement Verviers","Arrondissement de Verviers","Provincie Luik","Province de Liège","Waals Gewest","Région wallonne","<5"
"2020-04-30","63058","Pepinster","Pepinster","Arrondissement Verviers","Arrondissement de Verviers","Provincie Luik","Province de Liège","Waals Gewest","Région wallonne","<5"
"2020-04-30","63079","Verviers","Verviers","Arrondissement Verviers","Arrondissement de Verviers","Provincie Luik","Province de Liège","Waals Gewest","Région wallonne","<5"
"2020-04-30","63080","Weismes","Waimes","Arrondissement Verviers","Arrondissement de Verviers","Provincie Luik","Province de Liège","Waals Gewest","Région wallonne","<5"
"2020-04-30","71004","Beringen","Beringen","Arrondissement Hasselt","Arrondissement de Hasselt","Provincie Limburg","Province du Limbourg","Vlaams Gewest","Région flamande","<5"
"2020-04-30","71016","Genk","Genk","Arrondissement Hasselt","Arrondissement de Hasselt","Provincie Limburg","Province du Limbourg","Vlaams Gewest","Région flamande","<5"
"2020-04-30","71020","Halen","Halen","Arrondissement Hasselt","Arrondissement de Hasselt","Provincie Limburg","Province du Limbourg","Vlaams Gewest","Région flamande","<5"
"2020-04-30","71022","Hasselt","Hasselt","Arrondissement Hasselt","Arrondissement de Hasselt","Provincie Limburg","Province du Limbourg","Vlaams Gewest","Région flamande","<5"
"2020-04-30","71024","Herk-de-Stad","Herck-la-Ville","Arrondissement Hasselt","Arrondissement de Hasselt","Provincie Limburg","Province du Limbourg","Vlaams Gewest","Région flamande","5"
"2020-04-30","71037","Lummen","Lummen","Arrondissement Hasselt","Arrondissement de Hasselt","Provincie Limburg","Province du Limbourg","Vlaams Gewest","Région flamande","<5"
"2020-04-30","71053","Sint-Truiden","Saint-Trond","Arrondissement Hasselt","Arrondissement de Hasselt","Provincie Limburg","Province du Limbourg","Vlaams Gewest","Région flamande","7"
"2020-04-30","71066","Zonhoven","Zonhoven","Arrondissement Hasselt","Arrondissement de Hasselt","Provincie Limburg","Province du Limbourg","Vlaams Gewest","Région flamande","<5"
"2020-04-30","71070","Heusden-Zolder","Heusden-Zolder","Arrondissement Hasselt","Arrondissement de Hasselt","Provincie Limburg","Province du Limbourg","Vlaams Gewest","Région flamande","<5"
"2020-04-30","72018","Kinrooi","Kinrooi","Arrondissement Maaseik","Arrondissement de Maaseik","Provincie Limburg","Province du Limbourg","Vlaams Gewest","Région flamande","<5"
"2020-04-30","72030","Peer","Peer","Arrondissement Maaseik","Arrondissement de Maaseik","Provincie Limburg","Province du Limbourg","Vlaams Gewest","Région flamande","<5"
"2020-04-30","72039","Houthalen-Helchteren","Houthalen-Helchteren","Arrondissement Maaseik","Arrondissement de Maaseik","Provincie Limburg","Province du Limbourg","Vlaams Gewest","Région flamande","<5"
"2020-04-30","72042","Oudsbergen","Oudsbergen","Arrondissement Maaseik","Arrondissement de Maaseik","Provincie Limburg","Province du Limbourg","Vlaams Gewest","Région flamande","<5"
"2020-04-30","73001","Alken","Alken","Arrondissement Tongeren","Arrondissement de Tongres","Provincie Limburg","Province du Limbourg","Vlaams Gewest","Région flamande","<5"
"2020-04-30","73006","Bilzen","Bilzen","Arrondissement Tongeren","Arrondissement de Tongres","Provincie Limburg","Province du Limbourg","Vlaams Gewest","Région flamande","<5"
"2020-04-30","73042","Lanaken","Lanaken","Arrondissement Tongeren","Arrondissement de Tongres","Provincie Limburg","Province du Limbourg","Vlaams Gewest","Région flamande","<5"
"2020-04-30","73066","Riemst","Riemst","Arrondissement Tongeren","Arrondissement de Tongres","Provincie Limburg","Province du Limbourg","Vlaams Gewest","Région flamande","5"
"2020-04-30","73083","Tongeren","Tongres","Arrondissement Tongeren","Arrondissement de Tongres","Provincie Limburg","Province du Limbourg","Vlaams Gewest","Région flamande","<5"
"2020-04-30","73107","Maasmechelen","Maasmechelen","Arrondissement Tongeren","Arrondissement de Tongres","Provincie Limburg","Province du Limbourg","Vlaams Gewest","Région flamande","<5"
"2020-04-30","82014","Houffalize","Houffalize","Arrondissement Bastenaken","Arrondissement de Bastogne","Provincie Luxemburg","Province du Luxembourg","Waals Gewest","Région wallonne","<5"
"2020-04-30","83034","Marche-en-Famenne","Marche-en-Famenne","Arrondissement Marche-en-Famenne","Arrondissement de Marche-en-Famenne","Provincie Luxemburg","Province du Luxembourg","Waals Gewest","Région wallonne","<5"
"2020-04-30","91030","Ciney","Ciney","Arrondissement Dinant","Arrondissement de Dinant","Provincie Namen","Province de Namur","Waals Gewest","Région wallonne","<5"
"2020-04-30","91059","Hamois","Hamois","Arrondissement Dinant","Arrondissement de Dinant","Provincie Namen","Province de Namur","Waals Gewest","Région wallonne","<5"
"2020-04-30","91064","Havelange","Havelange","Arrondissement Dinant","Arrondissement de Dinant","Provincie Namen","Province de Namur","Waals Gewest","Région wallonne","<5"
"2020-04-30","91141","Yvoir","Yvoir","Arrondissement Dinant","Arrondissement de Dinant","Provincie Namen","Province de Namur","Waals Gewest","Région wallonne","<5"
"2020-04-30","91142","Hastière","Hastière","Arrondissement Dinant","Arrondissement de Dinant","Provincie Namen","Province de Namur","Waals Gewest","Région wallonne","<5"
"2020-04-30","92035","Eghezée","Eghezée","Arrondissement Namen","Arrondissement de Namur","Provincie Namen","Province de Namur","Waals Gewest","Région wallonne","<5"
"2020-04-30","92094","Namen","Namur","Arrondissement Namen","Arrondissement de Namur","Provincie Namen","Province de Namur","Waals Gewest","Région wallonne","6"
"2020-04-30","92101","Profondeville","Profondeville","Arrondissement Namen","Arrondissement de Namur","Provincie Namen","Province de Namur","Waals Gewest","Région wallonne","<5"
"2020-04-30","92137","Sambreville","Sambreville","Arrondissement Namen","Arrondissement de Namur","Provincie Namen","Province de Namur","Waals Gewest","Région wallonne","<5"
"2020-04-30","92140","Jemeppe-sur-Sambre","Jemeppe-sur-Sambre","Arrondissement Namen","Arrondissement de Namur","Provincie Namen","Province de Namur","Waals Gewest","Région wallonne","<5"
"2020-04-30","92142","Gembloux","Gembloux","Arrondissement Namen","Arrondissement de Namur","Provincie Namen","Province de Namur","Waals Gewest","Région wallonne","<5"
"2020-04-30",NA,NA,NA,NA,NA,NA,NA,NA,NA,"23"
"2020-05-01","11002","Antwerpen","Anvers","Arrondissement Antwerpen","Arrondissement d’Anvers","Provincie Antwerpen","Province d’Anvers","Vlaams Gewest","Région flamande","26"
"2020-05-01","11004","Boechout","Boechout","Arrondissement Antwerpen","Arrondissement d’Anvers","Provincie Antwerpen","Province d’Anvers","Vlaams Gewest","Région flamande","<5"
"2020-05-01","11008","Brasschaat","Brasschaat","Arrondissement Antwerpen","Arrondissement d’Anvers","Provincie Antwerpen","Province d’Anvers","Vlaams Gewest","Région flamande","5"
"2020-05-01","11013","Edegem","Edegem","Arrondissement Antwerpen","Arrondissement d’Anvers","Provincie Antwerpen","Province d’Anvers","Vlaams Gewest","Région flamande","<5"
"2020-05-01","11016","Essen","Essen","Arrondissement Antwerpen","Arrondissement d’Anvers","Provincie Antwerpen","Province d’Anvers","Vlaams Gewest","Région flamande","<5"
"2020-05-01","11022","Kalmthout","Kalmthout","Arrondissement Antwerpen","Arrondissement d’Anvers","Provincie Antwerpen","Province d’Anvers","Vlaams Gewest","Région flamande","<5"
"2020-05-01","11023","Kapellen (Antwerpen)","Kapellen (Anvers)","Arrondissement Antwerpen","Arrondissement d’Anvers","Provincie Antwerpen","Province d’Anvers","Vlaams Gewest","Région flamande","<5"
"2020-05-01","11024","Kontich","Kontich","Arrondissement Antwerpen","Arrondissement d’Anvers","Provincie Antwerpen","Province d’Anvers","Vlaams Gewest","Région flamande","<5"
"2020-05-01","11030","Niel","Niel","Arrondissement Antwerpen","Arrondissement d’Anvers","Provincie Antwerpen","Province d’Anvers","Vlaams Gewest","Région flamande","5"
"2020-05-01","11038","Schelle","Schelle","Arrondissement Antwerpen","Arrondissement d’Anvers","Provincie Antwerpen","Province d’Anvers","Vlaams Gewest","Région flamande","<5"
"2020-05-01","11040","Schoten","Schoten","Arrondissement Antwerpen","Arrondissement d’Anvers","Provincie Antwerpen","Province d’Anvers","Vlaams Gewest","Région flamande","<5"
"2020-05-01","11050","Wijnegem","Wijnegem","Arrondissement Antwerpen","Arrondissement d’Anvers","Provincie Antwerpen","Province d’Anvers","Vlaams Gewest","Région flamande","<5"
"2020-05-01","11055","Zoersel","Zoersel","Arrondissement Antwerpen","Arrondissement d’Anvers","Provincie Antwerpen","Province d’Anvers","Vlaams Gewest","Région flamande","<5"
"2020-05-01","11056","Zwijndrecht","Zwijndrecht","Arrondissement Antwerpen","Arrondissement d’Anvers","Provincie Antwerpen","Province d’Anvers","Vlaams Gewest","Région flamande","<5"
"2020-05-01","12007","Bornem","Bornem","Arrondissement Mechelen","Arrondissement de Malines","Provincie Antwerpen","Province d’Anvers","Vlaams Gewest","Région flamande","<5"
"2020-05-01","12021","Lier","Lierre","Arrondissement Mechelen","Arrondissement de Malines","Provincie Antwerpen","Province d’Anvers","Vlaams Gewest","Région flamande","<5"
"2020-05-01","12025","Mechelen","Malines","Arrondissement Mechelen","Arrondissement de Malines","Provincie Antwerpen","Province d’Anvers","Vlaams Gewest","Région flamande","<5"
"2020-05-01","12041","Puurs-Sint-Amands","Puurs-Sint-Amands","Arrondissement Mechelen","Arrondissement de Malines","Provincie Antwerpen","Province d’Anvers","Vlaams Gewest","Région flamande","<5"
"2020-05-01","13011","Herentals","Herentals","Arrondissement Turnhout","Arrondissement de Turnhout","Provincie Antwerpen","Province d’Anvers","Vlaams Gewest","Région flamande","<5"
"2020-05-01","13023","Merksplas","Merksplas","Arrondissement Turnhout","Arrondissement de Turnhout","Provincie Antwerpen","Province d’Anvers","Vlaams Gewest","Région flamande","<5"
"2020-05-01","13029","Olen","Olen","Arrondissement Turnhout","Arrondissement de Turnhout","Provincie Antwerpen","Province d’Anvers","Vlaams Gewest","Région flamande","<5"
"2020-05-01","13031","Oud-Turnhout","Oud-Turnhout","Arrondissement Turnhout","Arrondissement de Turnhout","Provincie Antwerpen","Province d’Anvers","Vlaams Gewest","Région flamande","<5"
"2020-05-01","13035","Ravels","Ravels","Arrondissement Turnhout","Arrondissement de Turnhout","Provincie Antwerpen","Province d’Anvers","Vlaams Gewest","Région flamande","<5"
"2020-05-01","13040","Turnhout","Turnhout","Arrondissement Turnhout","Arrondissement de Turnhout","Provincie Antwerpen","Province d’Anvers","Vlaams Gewest","Région flamande","<5"
"2020-05-01","13044","Vorselaar","Vorselaar","Arrondissement Turnhout","Arrondissement de Turnhout","Provincie Antwerpen","Province d’Anvers","Vlaams Gewest","Région flamande","<5"
"2020-05-01","13046","Vosselaar","Vosselaar","Arrondissement Turnhout","Arrondissement de Turnhout","Provincie Antwerpen","Province d’Anvers","Vlaams Gewest","Région flamande","<5"
"2020-05-01","21001","Anderlecht","Anderlecht","Arrondissement Brussel-Hoofdstad","Arrondissement de Bruxelles-Capitale",NA,NA,"Brussels Hoofdstedelijk Gewest","Région de Bruxelles-Capitale","<5"
"2020-05-01","21004","Brussel","Bruxelles","Arrondissement Brussel-Hoofdstad","Arrondissement de Bruxelles-Capitale",NA,NA,"Brussels Hoofdstedelijk Gewest","Région de Bruxelles-Capitale","<5"
"2020-05-01","21010","Jette","Jette","Arrondissement Brussel-Hoofdstad","Arrondissement de Bruxelles-Capitale",NA,NA,"Brussels Hoofdstedelijk Gewest","Région de Bruxelles-Capitale","<5"
"2020-05-01","21012","Sint-Jans-Molenbeek","Molenbeek-Saint-Jean","Arrondissement Brussel-Hoofdstad","Arrondissement de Bruxelles-Capitale",NA,NA,"Brussels Hoofdstedelijk Gewest","Région de Bruxelles-Capitale","<5"
"2020-05-01","21015","Schaarbeek","Schaerbeek","Arrondissement Brussel-Hoofdstad","Arrondissement de Bruxelles-Capitale",NA,NA,"Brussels Hoofdstedelijk Gewest","Région de Bruxelles-Capitale","<5"
"2020-05-01","21016","Ukkel","Uccle","Arrondissement Brussel-Hoofdstad","Arrondissement de Bruxelles-Capitale",NA,NA,"Brussels Hoofdstedelijk Gewest","Région de Bruxelles-Capitale","<5"
"2020-05-01","23016","Dilbeek","Dilbeek","Arrondissement Halle-Vilvoorde","Arrondissement de Hal-Vilvorde","Provincie Vlaams-Brabant","Province du Brabant flamand","Vlaams Gewest","Région flamande","<5"
"2020-05-01","23024","Gooik","Gooik","Arrondissement Halle-Vilvoorde","Arrondissement de Hal-Vilvorde","Provincie Vlaams-Brabant","Province du Brabant flamand","Vlaams Gewest","Région flamande","<5"
"2020-05-01","23044","Liedekerke","Liedekerke","Arrondissement Halle-Vilvoorde","Arrondissement de Hal-Vilvorde","Provincie Vlaams-Brabant","Province du Brabant flamand","Vlaams Gewest","Région flamande","<5"
"2020-05-01","23045","Londerzeel","Londerzeel","Arrondissement Halle-Vilvoorde","Arrondissement de Hal-Vilvorde","Provincie Vlaams-Brabant","Province du Brabant flamand","Vlaams Gewest","Région flamande","<5"
"2020-05-01","23047","Machelen (Halle-Vilvoorde)","Machelen (Hal-Vilvorde)","Arrondissement Halle-Vilvoorde","Arrondissement de Hal-Vilvorde","Provincie Vlaams-Brabant","Province du Brabant flamand","Vlaams Gewest","Région flamande","<5"
"2020-05-01","23077","Sint-Pieters-Leeuw","Sint-Pieters-Leeuw","Arrondissement Halle-Vilvoorde","Arrondissement de Hal-Vilvorde","Provincie Vlaams-Brabant","Province du Brabant flamand","Vlaams Gewest","Région flamande","<5"
"2020-05-01","23088","Vilvoorde","Vilvorde","Arrondissement Halle-Vilvoorde","Arrondissement de Hal-Vilvorde","Provincie Vlaams-Brabant","Province du Brabant flamand","Vlaams Gewest","Région flamande","<5"
"2020-05-01","23096","Zemst","Zemst","Arrondissement Halle-Vilvoorde","Arrondissement de Hal-Vilvorde","Provincie Vlaams-Brabant","Province du Brabant flamand","Vlaams Gewest","Région flamande","<5"
"2020-05-01","23105","Affligem","Affligem","Arrondissement Halle-Vilvoorde","Arrondissement de Hal-Vilvorde","Provincie Vlaams-Brabant","Province du Brabant flamand","Vlaams Gewest","Région flamande","<5"
"2020-05-01","24014","Boortmeerbeek","Boortmeerbeek","Arrondissement Leuven","Arrondissement de Louvain","Provincie Vlaams-Brabant","Province du Brabant flamand","Vlaams Gewest","Région flamande","<5"
"2020-05-01","24055","Kortenberg","Kortenberg","Arrondissement Leuven","Arrondissement de Louvain","Provincie Vlaams-Brabant","Province du Brabant flamand","Vlaams Gewest","Région flamande","<5"
"2020-05-01","24107","Tienen","Tirlemont","Arrondissement Leuven","Arrondissement de Louvain","Provincie Vlaams-Brabant","Province du Brabant flamand","Vlaams Gewest","Région flamande","<5"
"2020-05-01","24137","Glabbeek","Glabbeek","Arrondissement Leuven","Arrondissement de Louvain","Provincie Vlaams-Brabant","Province du Brabant flamand","Vlaams Gewest","Région flamande","<5"
"2020-05-01","25037","Graven","Grez-Doiceau","Arrondissement Nijvel","Arrondissement de Nivelles","Provincie Waals-Brabant","Province du Brabant wallon","Waals Gewest","Région wallonne","<5"
"2020-05-01","31005","Brugge","Bruges","Arrondissement Brugge","Arrondissement de Bruges","Provincie West-Vlaanderen","Province de Flandre occidentale","Vlaams Gewest","Région flamande","<5"
"2020-05-01","32011","Kortemark","Kortemark","Arrondissement Diksmuide","Arrondissement de Dixmude","Provincie West-Vlaanderen","Province de Flandre occidentale","Vlaams Gewest","Région flamande","<5"
"2020-05-01","33011","Ieper","Ypres","Arrondissement Ieper","Arrondissement d’Ypres","Provincie West-Vlaanderen","Province de Flandre occidentale","Vlaams Gewest","Région flamande","<5"
"2020-05-01","33021","Poperinge","Poperinge","Arrondissement Ieper","Arrondissement d’Ypres","Provincie West-Vlaanderen","Province de Flandre occidentale","Vlaams Gewest","Région flamande","<5"
"2020-05-01","33037","Zonnebeke","Zonnebeke","Arrondissement Ieper","Arrondissement d’Ypres","Provincie West-Vlaanderen","Province de Flandre occidentale","Vlaams Gewest","Région flamande","<5"
"2020-05-01","34040","Waregem","Waregem","Arrondissement Kortrijk","Arrondissement de Courtrai","Provincie West-Vlaanderen","Province de Flandre occidentale","Vlaams Gewest","Région flamande","<5"
"2020-05-01","34042","Zwevegem","Zwevegem","Arrondissement Kortrijk","Arrondissement de Courtrai","Provincie West-Vlaanderen","Province de Flandre occidentale","Vlaams Gewest","Région flamande","<5"
"2020-05-01","35005","Gistel","Gistel","Arrondissement Oostende","Arrondissement d’Ostende","Provincie West-Vlaanderen","Province de Flandre occidentale","Vlaams Gewest","Région flamande","<5"
"2020-05-01","35011","Middelkerke","Middelkerke","Arrondissement Oostende","Arrondissement d’Ostende","Provincie West-Vlaanderen","Province de Flandre occidentale","Vlaams Gewest","Région flamande","<5"
"2020-05-01","35013","Oostende","Ostende","Arrondissement Oostende","Arrondissement d’Ostende","Provincie West-Vlaanderen","Province de Flandre occidentale","Vlaams Gewest","Région flamande","<5"
"2020-05-01","35014","Oudenburg","Oudenburg","Arrondissement Oostende","Arrondissement d’Ostende","Provincie West-Vlaanderen","Province de Flandre occidentale","Vlaams Gewest","Région flamande","<5"
"2020-05-01","36007","Ingelmunster","Ingelmunster","Arrondissement Roeselare","Arrondissement de Roulers","Provincie West-Vlaanderen","Province de Flandre occidentale","Vlaams Gewest","Région flamande","7"
"2020-05-01","36008","Izegem","Izegem","Arrondissement Roeselare","Arrondissement de Roulers","Provincie West-Vlaanderen","Province de Flandre occidentale","Vlaams Gewest","Région flamande","<5"
"2020-05-01","36015","Roeselare","Roulers","Arrondissement Roeselare","Arrondissement de Roulers","Provincie West-Vlaanderen","Province de Flandre occidentale","Vlaams Gewest","Région flamande","<5"
"2020-05-01","37002","Dentergem","Dentergem","Arrondissement Tielt","Arrondissement de Tielt","Provincie West-Vlaanderen","Province de Flandre occidentale","Vlaams Gewest","Région flamande","<5"
"2020-05-01","37007","Meulebeke","Meulebeke","Arrondissement Tielt","Arrondissement de Tielt","Provincie West-Vlaanderen","Province de Flandre occidentale","Vlaams Gewest","Région flamande","<5"
"2020-05-01","37010","Oostrozebeke","Oostrozebeke","Arrondissement Tielt","Arrondissement de Tielt","Provincie West-Vlaanderen","Province de Flandre occidentale","Vlaams Gewest","Région flamande","<5"
"2020-05-01","41002","Aalst (Aalst)","Alost (Alost)","Arrondissement Aalst","Arrondissement d’Alost","Provincie Oost-Vlaanderen","Province de Flandre orientale","Vlaams Gewest","Région flamande","<5"
"2020-05-01","41048","Ninove","Ninove","Arrondissement Aalst","Arrondissement d’Alost","Provincie Oost-Vlaanderen","Province de Flandre orientale","Vlaams Gewest","Région flamande","<5"
"2020-05-01","42006","Dendermonde","Termonde","Arrondissement Dendermonde","Arrondissement de Termonde","Provincie Oost-Vlaanderen","Province de Flandre orientale","Vlaams Gewest","Région flamande","<5"
"2020-05-01","42011","Lebbeke","Lebbeke","Arrondissement Dendermonde","Arrondissement de Termonde","Provincie Oost-Vlaanderen","Province de Flandre orientale","Vlaams Gewest","Région flamande","<5"
"2020-05-01","42023","Waasmunster","Waasmunster","Arrondissement Dendermonde","Arrondissement de Termonde","Provincie Oost-Vlaanderen","Province de Flandre orientale","Vlaams Gewest","Région flamande","<5"
"2020-05-01","44019","Evergem","Evergem","Arrondissement Gent","Arrondissement de Gand","Provincie Oost-Vlaanderen","Province de Flandre orientale","Vlaams Gewest","Région flamande","<5"
"2020-05-01","44020","Gavere","Gavere","Arrondissement Gent","Arrondissement de Gand","Provincie Oost-Vlaanderen","Province de Flandre orientale","Vlaams Gewest","Région flamande","<5"
"2020-05-01","44021","Gent","Gand","Arrondissement Gent","Arrondissement de Gand","Provincie Oost-Vlaanderen","Province de Flandre orientale","Vlaams Gewest","Région flamande","<5"
"2020-05-01","44034","Lochristi","Lochristi","Arrondissement Gent","Arrondissement de Gand","Provincie Oost-Vlaanderen","Province de Flandre orientale","Vlaams Gewest","Région flamande","<5"
"2020-05-01","44048","Nazareth","Nazareth","Arrondissement Gent","Arrondissement de Gand","Provincie Oost-Vlaanderen","Province de Flandre orientale","Vlaams Gewest","Région flamande","<5"
"2020-05-01","44085","Lievegem","Lievegem","Arrondissement Gent","Arrondissement de Gand","Provincie Oost-Vlaanderen","Province de Flandre orientale","Vlaams Gewest","Région flamande","<5"
"2020-05-01","45061","Wortegem-Petegem","Wortegem-Petegem","Arrondissement Oudenaarde","Arrondissement d’Audenarde","Provincie Oost-Vlaanderen","Province de Flandre orientale","Vlaams Gewest","Région flamande","<5"
"2020-05-01","45068","Kruisem","Kruisem","Arrondissement Oudenaarde","Arrondissement d’Audenarde","Provincie Oost-Vlaanderen","Province de Flandre orientale","Vlaams Gewest","Région flamande","<5"
"2020-05-01","51009","Bernissart","Bernissart","Arrondissement Aat","Arrondissement d’Ath","Provincie Henegouwen","Province du Hainaut","Waals Gewest","Région wallonne","<5"
"2020-05-01","52011","Charleroi","Charleroi","Arrondissement Charleroi","Arrondissement de Charleroi","Provincie Henegouwen","Province du Hainaut","Waals Gewest","Région wallonne","<5"
"2020-05-01","52074","Aiseau-Presles","Aiseau-Presles","Arrondissement Charleroi","Arrondissement de Charleroi","Provincie Henegouwen","Province du Hainaut","Waals Gewest","Région wallonne","<5"
"2020-05-01","53053","Bergen","Mons","Arrondissement Bergen","Arrondissement de Mons","Provincie Henegouwen","Province du Hainaut","Waals Gewest","Région wallonne","<5"
"2020-05-01","53068","Quiévrain","Quiévrain","Arrondissement Bergen","Arrondissement de Mons","Provincie Henegouwen","Province du Hainaut","Waals Gewest","Région wallonne","<5"
"2020-05-01","53082","Colfontaine","Colfontaine","Arrondissement Bergen","Arrondissement de Mons","Provincie Henegouwen","Province du Hainaut","Waals Gewest","Région wallonne","<5"
"2020-05-01","55004","’s Gravenbrakel","Braine-le-Comte","Arrondissement Zinnik","Arrondissement de Soignies","Provincie Henegouwen","Province du Hainaut","Waals Gewest","Région wallonne","<5"
"2020-05-01","57062","Pecq","Pecq","Arrondissement Doornik-Moeskroen","Arrondissement de Tournai-Mouscron","Provincie Henegouwen","Province du Hainaut","Waals Gewest","Région wallonne","<5"
"2020-05-01","57081","Doornik","Tournai","Arrondissement Doornik-Moeskroen","Arrondissement de Tournai-Mouscron","Provincie Henegouwen","Province du Hainaut","Waals Gewest","Région wallonne","<5"
"2020-05-01","57095","Mont-de-l’Enclus","Mont-de-l’Enclus","Arrondissement Doornik-Moeskroen","Arrondissement de Tournai-Mouscron","Provincie Henegouwen","Province du Hainaut","Waals Gewest","Région wallonne","<5"
"2020-05-01","57096","Moeskroen","Mouscron","Arrondissement Doornik-Moeskroen","Arrondissement de Tournai-Mouscron","Provincie Henegouwen","Province du Hainaut","Waals Gewest","Région wallonne","<5"
"2020-05-01","57097","Komen-Waasten","Comines-Warneton","Arrondissement Doornik-Moeskroen","Arrondissement de Tournai-Mouscron","Provincie Henegouwen","Province du Hainaut","Waals Gewest","Région wallonne","<5"
"2020-05-01","58001","La Louvière","La Louvière","Arrondissement La Louvière","Arrondissement de La Louvière","Provincie Henegouwen","Province du Hainaut","Waals Gewest","Région wallonne","<5"
"2020-05-01","61072","Wanze","Wanze","Arrondissement Hoei","Arrondissement de Huy","Provincie Luik","Province de Liège","Waals Gewest","Région wallonne","<5"
"2020-05-01","62022","Chaudfontaine","Chaudfontaine","Arrondissement Luik","Arrondissement de Liège","Provincie Luik","Province de Liège","Waals Gewest","Région wallonne","<5"
"2020-05-01","62032","Esneux","Esneux","Arrondissement Luik","Arrondissement de Liège","Provincie Luik","Province de Liège","Waals Gewest","Région wallonne","<5"
"2020-05-01","62060","Juprelle","Juprelle","Arrondissement Luik","Arrondissement de Liège","Provincie Luik","Province de Liège","Waals Gewest","Région wallonne","7"
"2020-05-01","62079","Oupeye","Oupeye","Arrondissement Luik","Arrondissement de Liège","Provincie Luik","Province de Liège","Waals Gewest","Région wallonne","<5"
"2020-05-01","62096","Seraing","Seraing","Arrondissement Luik","Arrondissement de Liège","Provincie Luik","Province de Liège","Waals Gewest","Région wallonne","5"
"2020-05-01","62118","Grâce-Hollogne","Grâce-Hollogne","Arrondissement Luik","Arrondissement de Liège","Provincie Luik","Province de Liège","Waals Gewest","Région wallonne","<5"
"2020-05-01","63049","Malmedy","Malmedy","Arrondissement Verviers","Arrondissement de Verviers","Provincie Luik","Province de Liège","Waals Gewest","Région wallonne","<5"
"2020-05-01","63058","Pepinster","Pepinster","Arrondissement Verviers","Arrondissement de Verviers","Provincie Luik","Province de Liège","Waals Gewest","Région wallonne","<5"
"2020-05-01","63072","Spa","Spa","Arrondissement Verviers","Arrondissement de Verviers","Provincie Luik","Province de Liège","Waals Gewest","Région wallonne","<5"
"2020-05-01","63073","Stavelot","Stavelot","Arrondissement Verviers","Arrondissement de Verviers","Provincie Luik","Province de Liège","Waals Gewest","Région wallonne","<5"
"2020-05-01","63075","Stoumont","Stoumont","Arrondissement Verviers","Arrondissement de Verviers","Provincie Luik","Province de Liège","Waals Gewest","Région wallonne","<5"
"2020-05-01","63079","Verviers","Verviers","Arrondissement Verviers","Arrondissement de Verviers","Provincie Luik","Province de Liège","Waals Gewest","Région wallonne","<5"
"2020-05-01","63080","Weismes","Waimes","Arrondissement Verviers","Arrondissement de Verviers","Provincie Luik","Province de Liège","Waals Gewest","Région wallonne","<5"
"2020-05-01","63089","Thimister-Clermont","Thimister-Clermont","Arrondissement Verviers","Arrondissement de Verviers","Provincie Luik","Province de Liège","Waals Gewest","Région wallonne","<5"
"2020-05-01","64008","Berloz","Berloz","Arrondissement Borgworm","Arrondissement de Waremme","Provincie Luik","Province de Liège","Waals Gewest","Région wallonne","<5"
"2020-05-01","64034","Hannuit","Hannut","Arrondissement Borgworm","Arrondissement de Waremme","Provincie Luik","Province de Liège","Waals Gewest","Région wallonne","<5"
"2020-05-01","71004","Beringen","Beringen","Arrondissement Hasselt","Arrondissement de Hasselt","Provincie Limburg","Province du Limbourg","Vlaams Gewest","Région flamande","<5"
"2020-05-01","71053","Sint-Truiden","Saint-Trond","Arrondissement Hasselt","Arrondissement de Hasselt","Provincie Limburg","Province du Limbourg","Vlaams Gewest","Région flamande","<5"
"2020-05-01","72021","Maaseik","Maaseik","Arrondissement Maaseik","Arrondissement de Maaseik","Provincie Limburg","Province du Limbourg","Vlaams Gewest","Région flamande","<5"
"2020-05-01","72037","Hamont-Achel","Hamont-Achel","Arrondissement Maaseik","Arrondissement de Maaseik","Provincie Limburg","Province du Limbourg","Vlaams Gewest","Région flamande","<5"
"2020-05-01","72041","Dilsen-Stokkem","Dilsen-Stokkem","Arrondissement Maaseik","Arrondissement de Maaseik","Provincie Limburg","Province du Limbourg","Vlaams Gewest","Région flamande","<5"
"2020-05-01","73006","Bilzen","Bilzen","Arrondissement Tongeren","Arrondissement de Tongres","Provincie Limburg","Province du Limbourg","Vlaams Gewest","Région flamande","<5"
"2020-05-01","73083","Tongeren","Tongres","Arrondissement Tongeren","Arrondissement de Tongres","Provincie Limburg","Province du Limbourg","Vlaams Gewest","Région flamande","<5"
"2020-05-01","73107","Maasmechelen","Maasmechelen","Arrondissement Tongeren","Arrondissement de Tongres","Provincie Limburg","Province du Limbourg","Vlaams Gewest","Région flamande","13"
"2020-05-01","83012","Durbuy","Durbuy","Arrondissement Marche-en-Famenne","Arrondissement de Marche-en-Famenne","Provincie Luxemburg","Province du Luxembourg","Waals Gewest","Région wallonne","8"
"2020-05-01","84077","Libramont-Chevigny","Libramont-Chevigny","Arrondissement Neufchâteau","Arrondissement de Neufchâteau","Provincie Luxemburg","Province du Luxembourg","Waals Gewest","Région wallonne","<5"
"2020-05-01","91030","Ciney","Ciney","Arrondissement Dinant","Arrondissement de Dinant","Provincie Namen","Province de Namur","Waals Gewest","Région wallonne","<5"
"2020-05-01","92003","Andenne","Andenne","Arrondissement Namen","Arrondissement de Namur","Provincie Namen","Province de Namur","Waals Gewest","Région wallonne","<5"
"2020-05-01","92094","Namen","Namur","Arrondissement Namen","Arrondissement de Namur","Provincie Namen","Province de Namur","Waals Gewest","Région wallonne","<5"
"2020-05-01","92097","Ohey","Ohey","Arrondissement Namen","Arrondissement de Namur","Provincie Namen","Province de Namur","Waals Gewest","Région wallonne","<5"
"2020-05-01","92137","Sambreville","Sambreville","Arrondissement Namen","Arrondissement de Namur","Provincie Namen","Province de Namur","Waals Gewest","Région wallonne","<5"
"2020-05-01",NA,NA,NA,NA,NA,NA,NA,NA,NA,"5"
"2020-05-02","11002","Antwerpen","Anvers","Arrondissement Antwerpen","Arrondissement d’Anvers","Provincie Antwerpen","Province d’Anvers","Vlaams Gewest","Région flamande","13"
"2020-05-02","11005","Boom","Boom","Arrondissement Antwerpen","Arrondissement d’Anvers","Provincie Antwerpen","Province d’Anvers","Vlaams Gewest","Région flamande","<5"
"2020-05-02","11008","Brasschaat","Brasschaat","Arrondissement Antwerpen","Arrondissement d’Anvers","Provincie Antwerpen","Province d’Anvers","Vlaams Gewest","Région flamande","<5"
"2020-05-02","11009","Brecht","Brecht","Arrondissement Antwerpen","Arrondissement d’Anvers","Provincie Antwerpen","Province d’Anvers","Vlaams Gewest","Région flamande","<5"
"2020-05-02","11016","Essen","Essen","Arrondissement Antwerpen","Arrondissement d’Anvers","Provincie Antwerpen","Province d’Anvers","Vlaams Gewest","Région flamande","<5"
"2020-05-02","11021","Hove (Antwerpen)","Hove (Anvers)","Arrondissement Antwerpen","Arrondissement d’Anvers","Provincie Antwerpen","Province d’Anvers","Vlaams Gewest","Région flamande","<5"
"2020-05-02","11023","Kapellen (Antwerpen)","Kapellen (Anvers)","Arrondissement Antwerpen","Arrondissement d’Anvers","Provincie Antwerpen","Province d’Anvers","Vlaams Gewest","Région flamande","<5"
"2020-05-02","11029","Mortsel","Mortsel","Arrondissement Antwerpen","Arrondissement d’Anvers","Provincie Antwerpen","Province d’Anvers","Vlaams Gewest","Région flamande","<5"
"2020-05-02","11039","Schilde","Schilde","Arrondissement Antwerpen","Arrondissement d’Anvers","Provincie Antwerpen","Province d’Anvers","Vlaams Gewest","Région flamande","<5"
"2020-05-02","11040","Schoten","Schoten","Arrondissement Antwerpen","Arrondissement d’Anvers","Provincie Antwerpen","Province d’Anvers","Vlaams Gewest","Région flamande","<5"
"2020-05-02","11044","Stabroek","Stabroek","Arrondissement Antwerpen","Arrondissement d’Anvers","Provincie Antwerpen","Province d’Anvers","Vlaams Gewest","Région flamande","<5"
"2020-05-02","11053","Wuustwezel","Wuustwezel","Arrondissement Antwerpen","Arrondissement d’Anvers","Provincie Antwerpen","Province d’Anvers","Vlaams Gewest","Région flamande","<5"
"2020-05-02","12026","Nijlen","Nijlen","Arrondissement Mechelen","Arrondissement de Malines","Provincie Antwerpen","Province d’Anvers","Vlaams Gewest","Région flamande","<5"
"2020-05-02","12041","Puurs-Sint-Amands","Puurs-Sint-Amands","Arrondissement Mechelen","Arrondissement de Malines","Provincie Antwerpen","Province d’Anvers","Vlaams Gewest","Région flamande","6"
"2020-05-02","13010","Grobbendonk","Grobbendonk","Arrondissement Turnhout","Arrondissement de Turnhout","Provincie Antwerpen","Province d’Anvers","Vlaams Gewest","Région flamande","<5"
"2020-05-02","13011","Herentals","Herentals","Arrondissement Turnhout","Arrondissement de Turnhout","Provincie Antwerpen","Province d’Anvers","Vlaams Gewest","Région flamande","<5"
"2020-05-02","13019","Lille","Lille","Arrondissement Turnhout","Arrondissement de Turnhout","Provincie Antwerpen","Province d’Anvers","Vlaams Gewest","Région flamande","<5"
"2020-05-02","13023","Merksplas","Merksplas","Arrondissement Turnhout","Arrondissement de Turnhout","Provincie Antwerpen","Province d’Anvers","Vlaams Gewest","Région flamande","<5"
"2020-05-02","13031","Oud-Turnhout","Oud-Turnhout","Arrondissement Turnhout","Arrondissement de Turnhout","Provincie Antwerpen","Province d’Anvers","Vlaams Gewest","Région flamande","<5"
"2020-05-02","13035","Ravels","Ravels","Arrondissement Turnhout","Arrondissement de Turnhout","Provincie Antwerpen","Province d’Anvers","Vlaams Gewest","Région flamande","<5"
"2020-05-02","13037","Rijkevorsel","Rijkevorsel","Arrondissement Turnhout","Arrondissement de Turnhout","Provincie Antwerpen","Province d’Anvers","Vlaams Gewest","Région flamande","<5"
"2020-05-02","13040","Turnhout","Turnhout","Arrondissement Turnhout","Arrondissement de Turnhout","Provincie Antwerpen","Province d’Anvers","Vlaams Gewest","Région flamande","<5"
"2020-05-02","13053","Laakdal","Laakdal","Arrondissement Turnhout","Arrondissement de Turnhout","Provincie Antwerpen","Province d’Anvers","Vlaams Gewest","Région flamande","<5"
"2020-05-02","21001","Anderlecht","Anderlecht","Arrondissement Brussel-Hoofdstad","Arrondissement de Bruxelles-Capitale",NA,NA,"Brussels Hoofdstedelijk Gewest","Région de Bruxelles-Capitale","<5"
"2020-05-02","21004","Brussel","Bruxelles","Arrondissement Brussel-Hoofdstad","Arrondissement de Bruxelles-Capitale",NA,NA,"Brussels Hoofdstedelijk Gewest","Région de Bruxelles-Capitale","<5"
"2020-05-02","21008","Ganshoren","Ganshoren","Arrondissement Brussel-Hoofdstad","Arrondissement de Bruxelles-Capitale",NA,NA,"Brussels Hoofdstedelijk Gewest","Région de Bruxelles-Capitale","<5"
"2020-05-02","21010","Jette","Jette","Arrondissement Brussel-Hoofdstad","Arrondissement de Bruxelles-Capitale",NA,NA,"Brussels Hoofdstedelijk Gewest","Région de Bruxelles-Capitale","<5"
"2020-05-02","21011","Koekelberg","Koekelberg","Arrondissement Brussel-Hoofdstad","Arrondissement de Bruxelles-Capitale",NA,NA,"Brussels Hoofdstedelijk Gewest","Région de Bruxelles-Capitale","<5"
"2020-05-02","21012","Sint-Jans-Molenbeek","Molenbeek-Saint-Jean","Arrondissement Brussel-Hoofdstad","Arrondissement de Bruxelles-Capitale",NA,NA,"Brussels Hoofdstedelijk Gewest","Région de Bruxelles-Capitale","<5"
"2020-05-02","21013","Sint-Gillis","Saint-Gilles","Arrondissement Brussel-Hoofdstad","Arrondissement de Bruxelles-Capitale",NA,NA,"Brussels Hoofdstedelijk Gewest","Région de Bruxelles-Capitale","<5"
"2020-05-02","21015","Schaarbeek","Schaerbeek","Arrondissement Brussel-Hoofdstad","Arrondissement de Bruxelles-Capitale",NA,NA,"Brussels Hoofdstedelijk Gewest","Région de Bruxelles-Capitale","<5"
"2020-05-02","21016","Ukkel","Uccle","Arrondissement Brussel-Hoofdstad","Arrondissement de Bruxelles-Capitale",NA,NA,"Brussels Hoofdstedelijk Gewest","Région de Bruxelles-Capitale","<5"
"2020-05-02","21018","Sint-Lambrechts-Woluwe","Woluwe-Saint-Lambert","Arrondissement Brussel-Hoofdstad","Arrondissement de Bruxelles-Capitale",NA,NA,"Brussels Hoofdstedelijk Gewest","Région de Bruxelles-Capitale","<5"
"2020-05-02","23002","Asse","Asse","Arrondissement Halle-Vilvoorde","Arrondissement de Hal-Vilvorde","Provincie Vlaams-Brabant","Province du Brabant flamand","Vlaams Gewest","Région flamande","<5"
"2020-05-02","23016","Dilbeek","Dilbeek","Arrondissement Halle-Vilvoorde","Arrondissement de Hal-Vilvorde","Provincie Vlaams-Brabant","Province du Brabant flamand","Vlaams Gewest","Région flamande","<5"
"2020-05-02","23027","Halle (Halle-Vilvoorde)","Hal (Hal-Vilvorde)","Arrondissement Halle-Vilvoorde","Arrondissement de Hal-Vilvorde","Provincie Vlaams-Brabant","Province du Brabant flamand","Vlaams Gewest","Région flamande","<5"
"2020-05-02","23086","Ternat","Ternat","Arrondissement Halle-Vilvoorde","Arrondissement de Hal-Vilvorde","Provincie Vlaams-Brabant","Province du Brabant flamand","Vlaams Gewest","Région flamande","<5"
"2020-05-02","23088","Vilvoorde","Vilvorde","Arrondissement Halle-Vilvoorde","Arrondissement de Hal-Vilvorde","Provincie Vlaams-Brabant","Province du Brabant flamand","Vlaams Gewest","Région flamande","<5"
"2020-05-02","23097","Roosdaal","Roosdaal","Arrondissement Halle-Vilvoorde","Arrondissement de Hal-Vilvorde","Provincie Vlaams-Brabant","Province du Brabant flamand","Vlaams Gewest","Région flamande","<5"
"2020-05-02","23103","Wezembeek-Oppem","Wezembeek-Oppem","Arrondissement Halle-Vilvoorde","Arrondissement de Hal-Vilvorde","Provincie Vlaams-Brabant","Province du Brabant flamand","Vlaams Gewest","Région flamande","<5"
"2020-05-02","23105","Affligem","Affligem","Arrondissement Halle-Vilvoorde","Arrondissement de Hal-Vilvorde","Provincie Vlaams-Brabant","Province du Brabant flamand","Vlaams Gewest","Région flamande","<5"
"2020-05-02","24001","Aarschot","Aarschot","Arrondissement Leuven","Arrondissement de Louvain","Provincie Vlaams-Brabant","Province du Brabant flamand","Vlaams Gewest","Région flamande","<5"
"2020-05-02","24020","Diest","Diest","Arrondissement Leuven","Arrondissement de Louvain","Provincie Vlaams-Brabant","Province du Brabant flamand","Vlaams Gewest","Région flamande","8"
"2020-05-02","24054","Kortenaken","Kortenaken","Arrondissement Leuven","Arrondissement de Louvain","Provincie Vlaams-Brabant","Province du Brabant flamand","Vlaams Gewest","Région flamande","<5"
"2020-05-02","24055","Kortenberg","Kortenberg","Arrondissement Leuven","Arrondissement de Louvain","Provincie Vlaams-Brabant","Province du Brabant flamand","Vlaams Gewest","Région flamande","<5"
"2020-05-02","24059","Landen","Landen","Arrondissement Leuven","Arrondissement de Louvain","Provincie Vlaams-Brabant","Province du Brabant flamand","Vlaams Gewest","Région flamande","<5"
"2020-05-02","24062","Leuven","Louvain","Arrondissement Leuven","Arrondissement de Louvain","Provincie Vlaams-Brabant","Province du Brabant flamand","Vlaams Gewest","Région flamande","6"
"2020-05-02","24104","Tervuren","Tervuren","Arrondissement Leuven","Arrondissement de Louvain","Provincie Vlaams-Brabant","Province du Brabant flamand","Vlaams Gewest","Région flamande","<5"
"2020-05-02","24130","Zoutleeuw","Léau","Arrondissement Leuven","Arrondissement de Louvain","Provincie Vlaams-Brabant","Province du Brabant flamand","Vlaams Gewest","Région flamande","<5"
"2020-05-02","24135","Tielt-Winge","Tielt-Winge","Arrondissement Leuven","Arrondissement de Louvain","Provincie Vlaams-Brabant","Province du Brabant flamand","Vlaams Gewest","Région flamande","<5"
"2020-05-02","25031","Genepiën","Genappe","Arrondissement Nijvel","Arrondissement de Nivelles","Provincie Waals-Brabant","Province du Brabant wallon","Waals Gewest","Région wallonne","<5"
"2020-05-02","25072","Nijvel","Nivelles","Arrondissement Nijvel","Arrondissement de Nivelles","Provincie Waals-Brabant","Province du Brabant wallon","Waals Gewest","Région wallonne","<5"
"2020-05-02","25091","Rixensart","Rixensart","Arrondissement Nijvel","Arrondissement de Nivelles","Provincie Waals-Brabant","Province du Brabant wallon","Waals Gewest","Région wallonne","<5"
"2020-05-02","25105","Tubeke","Tubize","Arrondissement Nijvel","Arrondissement de Nivelles","Provincie Waals-Brabant","Province du Brabant wallon","Waals Gewest","Région wallonne","<5"
"2020-05-02","25107","Villers-la-Ville","Villers-la-Ville","Arrondissement Nijvel","Arrondissement de Nivelles","Provincie Waals-Brabant","Province du Brabant wallon","Waals Gewest","Région wallonne","<5"
"2020-05-02","25119","Lasne","Lasne","Arrondissement Nijvel","Arrondissement de Nivelles","Provincie Waals-Brabant","Province du Brabant wallon","Waals Gewest","Région wallonne","<5"
"2020-05-02","25121","Ottignies-Louvain-la-Neuve","Ottignies-Louvain-la-Neuve","Arrondissement Nijvel","Arrondissement de Nivelles","Provincie Waals-Brabant","Province du Brabant wallon","Waals Gewest","Région wallonne","<5"
"2020-05-02","31005","Brugge","Bruges","Arrondissement Brugge","Arrondissement de Bruges","Provincie West-Vlaanderen","Province de Flandre occidentale","Vlaams Gewest","Région flamande","6"
"2020-05-02","31012","Jabbeke","Jabbeke","Arrondissement Brugge","Arrondissement de Bruges","Provincie West-Vlaanderen","Province de Flandre occidentale","Vlaams Gewest","Région flamande","<5"
"2020-05-02","33021","Poperinge","Poperinge","Arrondissement Ieper","Arrondissement d’Ypres","Provincie West-Vlaanderen","Province de Flandre occidentale","Vlaams Gewest","Région flamande","<5"
"2020-05-02","33040","Langemark-Poelkapelle","Langemark-Poelkapelle","Arrondissement Ieper","Arrondissement d’Ypres","Provincie West-Vlaanderen","Province de Flandre occidentale","Vlaams Gewest","Région flamande","<5"
"2020-05-02","34002","Anzegem","Anzegem","Arrondissement Kortrijk","Arrondissement de Courtrai","Provincie West-Vlaanderen","Province de Flandre occidentale","Vlaams Gewest","Région flamande","<5"
"2020-05-02","34022","Kortrijk","Courtrai","Arrondissement Kortrijk","Arrondissement de Courtrai","Provincie West-Vlaanderen","Province de Flandre occidentale","Vlaams Gewest","Région flamande","<5"
"2020-05-02","34023","Kuurne","Kuurne","Arrondissement Kortrijk","Arrondissement de Courtrai","Provincie West-Vlaanderen","Province de Flandre occidentale","Vlaams Gewest","Région flamande","<5"
"2020-05-02","34027","Menen","Menin","Arrondissement Kortrijk","Arrondissement de Courtrai","Provincie West-Vlaanderen","Province de Flandre occidentale","Vlaams Gewest","Région flamande","<5"
"2020-05-02","34040","Waregem","Waregem","Arrondissement Kortrijk","Arrondissement de Courtrai","Provincie West-Vlaanderen","Province de Flandre occidentale","Vlaams Gewest","Région flamande","<5"
"2020-05-02","34041","Wevelgem","Wevelgem","Arrondissement Kortrijk","Arrondissement de Courtrai","Provincie West-Vlaanderen","Province de Flandre occidentale","Vlaams Gewest","Région flamande","<5"
"2020-05-02","34042","Zwevegem","Zwevegem","Arrondissement Kortrijk","Arrondissement de Courtrai","Provincie West-Vlaanderen","Province de Flandre occidentale","Vlaams Gewest","Région flamande","<5"
"2020-05-02","35002","Bredene","Bredene","Arrondissement Oostende","Arrondissement d’Ostende","Provincie West-Vlaanderen","Province de Flandre occidentale","Vlaams Gewest","Région flamande","<5"
"2020-05-02","35011","Middelkerke","Middelkerke","Arrondissement Oostende","Arrondissement d’Ostende","Provincie West-Vlaanderen","Province de Flandre occidentale","Vlaams Gewest","Région flamande","<5"
"2020-05-02","35013","Oostende","Ostende","Arrondissement Oostende","Arrondissement d’Ostende","Provincie West-Vlaanderen","Province de Flandre occidentale","Vlaams Gewest","Région flamande","5"
"2020-05-02","36007","Ingelmunster","Ingelmunster","Arrondissement Roeselare","Arrondissement de Roulers","Provincie West-Vlaanderen","Province de Flandre occidentale","Vlaams Gewest","Région flamande","<5"
"2020-05-02","36010","Ledegem","Ledegem","Arrondissement Roeselare","Arrondissement de Roulers","Provincie West-Vlaanderen","Province de Flandre occidentale","Vlaams Gewest","Région flamande","<5"
"2020-05-02","36011","Lichtervelde","Lichtervelde","Arrondissement Roeselare","Arrondissement de Roulers","Provincie West-Vlaanderen","Province de Flandre occidentale","Vlaams Gewest","Région flamande","<5"
"2020-05-02","38014","Koksijde","Koksijde","Arrondissement Veurne","Arrondissement de Furnes","Provincie West-Vlaanderen","Province de Flandre occidentale","Vlaams Gewest","Région flamande","<5"
"2020-05-02","41002","Aalst (Aalst)","Alost (Alost)","Arrondissement Aalst","Arrondissement d’Alost","Provincie Oost-Vlaanderen","Province de Flandre orientale","Vlaams Gewest","Région flamande","<5"
"2020-05-02","41018","Geraardsbergen","Grammont","Arrondissement Aalst","Arrondissement d’Alost","Provincie Oost-Vlaanderen","Province de Flandre orientale","Vlaams Gewest","Région flamande","<5"
"2020-05-02","41027","Herzele","Herzele","Arrondissement Aalst","Arrondissement d’Alost","Provincie Oost-Vlaanderen","Province de Flandre orientale","Vlaams Gewest","Région flamande","<5"
"2020-05-02","41081","Zottegem","Zottegem","Arrondissement Aalst","Arrondissement d’Alost","Provincie Oost-Vlaanderen","Province de Flandre orientale","Vlaams Gewest","Région flamande","<5"
"2020-05-02","42006","Dendermonde","Termonde","Arrondissement Dendermonde","Arrondissement de Termonde","Provincie Oost-Vlaanderen","Province de Flandre orientale","Vlaams Gewest","Région flamande","<5"
"2020-05-02","42023","Waasmunster","Waasmunster","Arrondissement Dendermonde","Arrondissement de Termonde","Provincie Oost-Vlaanderen","Province de Flandre orientale","Vlaams Gewest","Région flamande","<5"
"2020-05-02","42025","Wetteren","Wetteren","Arrondissement Dendermonde","Arrondissement de Termonde","Provincie Oost-Vlaanderen","Province de Flandre orientale","Vlaams Gewest","Région flamande","<5"
"2020-05-02","44019","Evergem","Evergem","Arrondissement Gent","Arrondissement de Gand","Provincie Oost-Vlaanderen","Province de Flandre orientale","Vlaams Gewest","Région flamande","<5"
"2020-05-02","44021","Gent","Gand","Arrondissement Gent","Arrondissement de Gand","Provincie Oost-Vlaanderen","Province de Flandre orientale","Vlaams Gewest","Région flamande","<5"
"2020-05-02","44064","Sint-Martens-Latem","Sint-Martens-Latem","Arrondissement Gent","Arrondissement de Gand","Provincie Oost-Vlaanderen","Province de Flandre orientale","Vlaams Gewest","Région flamande","<5"
"2020-05-02","44081","Zulte","Zulte","Arrondissement Gent","Arrondissement de Gand","Provincie Oost-Vlaanderen","Province de Flandre orientale","Vlaams Gewest","Région flamande","<5"
"2020-05-02","44085","Lievegem","Lievegem","Arrondissement Gent","Arrondissement de Gand","Provincie Oost-Vlaanderen","Province de Flandre orientale","Vlaams Gewest","Région flamande","<5"
"2020-05-02","45035","Oudenaarde","Audenarde","Arrondissement Oudenaarde","Arrondissement d’Audenarde","Provincie Oost-Vlaanderen","Province de Flandre orientale","Vlaams Gewest","Région flamande","<5"
"2020-05-02","45041","Ronse","Renaix","Arrondissement Oudenaarde","Arrondissement d’Audenarde","Provincie Oost-Vlaanderen","Province de Flandre orientale","Vlaams Gewest","Région flamande","<5"
"2020-05-02","45061","Wortegem-Petegem","Wortegem-Petegem","Arrondissement Oudenaarde","Arrondissement d’Audenarde","Provincie Oost-Vlaanderen","Province de Flandre orientale","Vlaams Gewest","Région flamande","<5"
"2020-05-02","46003","Beveren (Sint-Niklaas)","Beveren (Saint-Nicolas)","Arrondissement Sint-Niklaas","Arrondissement de Saint-Nicolas","Provincie Oost-Vlaanderen","Province de Flandre orientale","Vlaams Gewest","Région flamande","<5"
"2020-05-02","46014","Lokeren","Lokeren","Arrondissement Sint-Niklaas","Arrondissement de Saint-Nicolas","Provincie Oost-Vlaanderen","Province de Flandre orientale","Vlaams Gewest","Région flamande","<5"
"2020-05-02","46021","Sint-Niklaas (Sint-Niklaas)","Saint-Nicolas (Saint-Nicolas)","Arrondissement Sint-Niklaas","Arrondissement de Saint-Nicolas","Provincie Oost-Vlaanderen","Province de Flandre orientale","Vlaams Gewest","Région flamande","<5"
"2020-05-02","46024","Stekene","Stekene","Arrondissement Sint-Niklaas","Arrondissement de Saint-Nicolas","Provincie Oost-Vlaanderen","Province de Flandre orientale","Vlaams Gewest","Région flamande","<5"
"2020-05-02","51008","Beloeil","Beloeil","Arrondissement Aat","Arrondissement d’Ath","Provincie Henegouwen","Province du Hainaut","Waals Gewest","Région wallonne","<5"
"2020-05-02","52011","Charleroi","Charleroi","Arrondissement Charleroi","Arrondissement de Charleroi","Provincie Henegouwen","Province du Hainaut","Waals Gewest","Région wallonne","<5"
"2020-05-02","52012","Châtelet","Châtelet","Arrondissement Charleroi","Arrondissement de Charleroi","Provincie Henegouwen","Province du Hainaut","Waals Gewest","Région wallonne","<5"
"2020-05-02","53053","Bergen","Mons","Arrondissement Bergen","Arrondissement de Mons","Provincie Henegouwen","Province du Hainaut","Waals Gewest","Région wallonne","10"
"2020-05-02","53070","Saint-Ghislain","Saint-Ghislain","Arrondissement Bergen","Arrondissement de Mons","Provincie Henegouwen","Province du Hainaut","Waals Gewest","Région wallonne","<5"
"2020-05-02","55040","Zinnik","Soignies","Arrondissement Zinnik","Arrondissement de Soignies","Provincie Henegouwen","Province du Hainaut","Waals Gewest","Région wallonne","<5"
"2020-05-02","55086","Manage","Manage","Arrondissement Zinnik","Arrondissement de Soignies","Provincie Henegouwen","Province du Hainaut","Waals Gewest","Région wallonne","<5"
"2020-05-02","57081","Doornik","Tournai","Arrondissement Doornik-Moeskroen","Arrondissement de Tournai-Mouscron","Provincie Henegouwen","Province du Hainaut","Waals Gewest","Région wallonne","<5"
"2020-05-02","57096","Moeskroen","Mouscron","Arrondissement Doornik-Moeskroen","Arrondissement de Tournai-Mouscron","Provincie Henegouwen","Province du Hainaut","Waals Gewest","Région wallonne","20"
"2020-05-02","57097","Komen-Waasten","Comines-Warneton","Arrondissement Doornik-Moeskroen","Arrondissement de Tournai-Mouscron","Provincie Henegouwen","Province du Hainaut","Waals Gewest","Région wallonne","6"
"2020-05-02","58002","Binche","Binche","Arrondissement La Louvière","Arrondissement de La Louvière","Provincie Henegouwen","Province du Hainaut","Waals Gewest","Région wallonne","<5"
"2020-05-02","61031","Hoei","Huy","Arrondissement Hoei","Arrondissement de Huy","Provincie Luik","Province de Liège","Waals Gewest","Région wallonne","<5"
"2020-05-02","61063","Verlaine","Verlaine","Arrondissement Hoei","Arrondissement de Huy","Provincie Luik","Province de Liège","Waals Gewest","Région wallonne","<5"
"2020-05-02","61072","Wanze","Wanze","Arrondissement Hoei","Arrondissement de Huy","Provincie Luik","Province de Liège","Waals Gewest","Région wallonne","<5"
"2020-05-02","62032","Esneux","Esneux","Arrondissement Luik","Arrondissement de Liège","Provincie Luik","Province de Liège","Waals Gewest","Région wallonne","<5"
"2020-05-02","62063","Luik","Liège","Arrondissement Luik","Arrondissement de Liège","Provincie Luik","Province de Liège","Waals Gewest","Région wallonne","<5"
"2020-05-02","62100","Sprimont","Sprimont","Arrondissement Luik","Arrondissement de Liège","Provincie Luik","Province de Liège","Waals Gewest","Région wallonne","<5"
"2020-05-02","62108","Wezet","Visé","Arrondissement Luik","Arrondissement de Liège","Provincie Luik","Province de Liège","Waals Gewest","Région wallonne","<5"
"2020-05-02","63035","Herve","Herve","Arrondissement Verviers","Arrondissement de Verviers","Provincie Luik","Province de Liège","Waals Gewest","Région wallonne","<5"
"2020-05-02","63038","Jalhay","Jalhay","Arrondissement Verviers","Arrondissement de Verviers","Provincie Luik","Province de Liège","Waals Gewest","Région wallonne","<5"
"2020-05-02","63046","Limburg","Limbourg","Arrondissement Verviers","Arrondissement de Verviers","Provincie Luik","Province de Liège","Waals Gewest","Région wallonne","<5"
"2020-05-02","63072","Spa","Spa","Arrondissement Verviers","Arrondissement de Verviers","Provincie Luik","Province de Liège","Waals Gewest","Région wallonne","<5"
"2020-05-02","63079","Verviers","Verviers","Arrondissement Verviers","Arrondissement de Verviers","Provincie Luik","Province de Liège","Waals Gewest","Région wallonne","<5"
"2020-05-02","63080","Weismes","Waimes","Arrondissement Verviers","Arrondissement de Verviers","Provincie Luik","Province de Liège","Waals Gewest","Région wallonne","<5"
"2020-05-02","64074","Borgworm","Waremme","Arrondissement Borgworm","Arrondissement de Waremme","Provincie Luik","Province de Liège","Waals Gewest","Région wallonne","<5"
"2020-05-02","71004","Beringen","Beringen","Arrondissement Hasselt","Arrondissement de Hasselt","Provincie Limburg","Province du Limbourg","Vlaams Gewest","Région flamande","<5"
"2020-05-02","71011","Diepenbeek","Diepenbeek","Arrondissement Hasselt","Arrondissement de Hasselt","Provincie Limburg","Province du Limbourg","Vlaams Gewest","Région flamande","<5"
"2020-05-02","71022","Hasselt","Hasselt","Arrondissement Hasselt","Arrondissement de Hasselt","Provincie Limburg","Province du Limbourg","Vlaams Gewest","Région flamande","<5"
"2020-05-02","71034","Leopoldsburg","Bourg-Léopold","Arrondissement Hasselt","Arrondissement de Hasselt","Provincie Limburg","Province du Limbourg","Vlaams Gewest","Région flamande","<5"
"2020-05-02","71053","Sint-Truiden","Saint-Trond","Arrondissement Hasselt","Arrondissement de Hasselt","Provincie Limburg","Province du Limbourg","Vlaams Gewest","Région flamande","7"
"2020-05-02","71067","Zutendaal","Zutendaal","Arrondissement Hasselt","Arrondissement de Hasselt","Provincie Limburg","Province du Limbourg","Vlaams Gewest","Région flamande","<5"
"2020-05-02","71070","Heusden-Zolder","Heusden-Zolder","Arrondissement Hasselt","Arrondissement de Hasselt","Provincie Limburg","Province du Limbourg","Vlaams Gewest","Région flamande","<5"
"2020-05-02","72020","Lommel","Lommel","Arrondissement Maaseik","Arrondissement de Maaseik","Provincie Limburg","Province du Limbourg","Vlaams Gewest","Région flamande","<5"
"2020-05-02","72039","Houthalen-Helchteren","Houthalen-Helchteren","Arrondissement Maaseik","Arrondissement de Maaseik","Provincie Limburg","Province du Limbourg","Vlaams Gewest","Région flamande","<5"
"2020-05-02","73006","Bilzen","Bilzen","Arrondissement Tongeren","Arrondissement de Tongres","Provincie Limburg","Province du Limbourg","Vlaams Gewest","Région flamande","<5"
"2020-05-02","73009","Borgloon","Looz","Arrondissement Tongeren","Arrondissement de Tongres","Provincie Limburg","Province du Limbourg","Vlaams Gewest","Région flamande","<5"
"2020-05-02","73066","Riemst","Riemst","Arrondissement Tongeren","Arrondissement de Tongres","Provincie Limburg","Province du Limbourg","Vlaams Gewest","Région flamande","<5"
"2020-05-02","73083","Tongeren","Tongres","Arrondissement Tongeren","Arrondissement de Tongres","Provincie Limburg","Province du Limbourg","Vlaams Gewest","Région flamande","6"
"2020-05-02","73107","Maasmechelen","Maasmechelen","Arrondissement Tongeren","Arrondissement de Tongres","Provincie Limburg","Province du Limbourg","Vlaams Gewest","Région flamande","<5"
"2020-05-02","83040","Nassogne","Nassogne","Arrondissement Marche-en-Famenne","Arrondissement de Marche-en-Famenne","Provincie Luxemburg","Province du Luxembourg","Waals Gewest","Région wallonne","<5"
"2020-05-02","83049","Tenneville","Tenneville","Arrondissement Marche-en-Famenne","Arrondissement de Marche-en-Famenne","Provincie Luxemburg","Province du Luxembourg","Waals Gewest","Région wallonne","<5"
"2020-05-02","84075","Wellin","Wellin","Arrondissement Neufchâteau","Arrondissement de Neufchâteau","Provincie Luxemburg","Province du Luxembourg","Waals Gewest","Région wallonne","<5"
"2020-05-02","84077","Libramont-Chevigny","Libramont-Chevigny","Arrondissement Neufchâteau","Arrondissement de Neufchâteau","Provincie Luxemburg","Province du Luxembourg","Waals Gewest","Région wallonne","<5"
"2020-05-02","91030","Ciney","Ciney","Arrondissement Dinant","Arrondissement de Dinant","Provincie Namen","Province de Namur","Waals Gewest","Région wallonne","<5"
"2020-05-02","91034","Dinant","Dinant","Arrondissement Dinant","Arrondissement de Dinant","Provincie Namen","Province de Namur","Waals Gewest","Région wallonne","<5"
"2020-05-02","92003","Andenne","Andenne","Arrondissement Namen","Arrondissement de Namur","Provincie Namen","Province de Namur","Waals Gewest","Région wallonne","<5"
"2020-05-02","92006","Assesse","Assesse","Arrondissement Namen","Arrondissement de Namur","Provincie Namen","Province de Namur","Waals Gewest","Région wallonne","<5"
"2020-05-02","92048","Fosses-la-Ville","Fosses-la-Ville","Arrondissement Namen","Arrondissement de Namur","Provincie Namen","Province de Namur","Waals Gewest","Région wallonne","<5"
"2020-05-02","92094","Namen","Namur","Arrondissement Namen","Arrondissement de Namur","Provincie Namen","Province de Namur","Waals Gewest","Région wallonne","<5"
"2020-05-02","92138","Fernelmont","Fernelmont","Arrondissement Namen","Arrondissement de Namur","Provincie Namen","Province de Namur","Waals Gewest","Région wallonne","<5"
"2020-05-02",NA,NA,NA,NA,NA,NA,NA,NA,NA,"5"
"2020-05-03","11002","Antwerpen","Anvers","Arrondissement Antwerpen","Arrondissement d’Anvers","Provincie Antwerpen","Province d’Anvers","Vlaams Gewest","Région flamande","16"
"2020-05-03","11005","Boom","Boom","Arrondissement Antwerpen","Arrondissement d’Anvers","Provincie Antwerpen","Province d’Anvers","Vlaams Gewest","Région flamande","<5"
"2020-05-03","11009","Brecht","Brecht","Arrondissement Antwerpen","Arrondissement d’Anvers","Provincie Antwerpen","Province d’Anvers","Vlaams Gewest","Région flamande","<5"
"2020-05-03","11016","Essen","Essen","Arrondissement Antwerpen","Arrondissement d’Anvers","Provincie Antwerpen","Province d’Anvers","Vlaams Gewest","Région flamande","<5"
"2020-05-03","11023","Kapellen (Antwerpen)","Kapellen (Anvers)","Arrondissement Antwerpen","Arrondissement d’Anvers","Provincie Antwerpen","Province d’Anvers","Vlaams Gewest","Région flamande","<5"
"2020-05-03","11024","Kontich","Kontich","Arrondissement Antwerpen","Arrondissement d’Anvers","Provincie Antwerpen","Province d’Anvers","Vlaams Gewest","Région flamande","<5"
"2020-05-03","11029","Mortsel","Mortsel","Arrondissement Antwerpen","Arrondissement d’Anvers","Provincie Antwerpen","Province d’Anvers","Vlaams Gewest","Région flamande","<5"
"2020-05-03","11040","Schoten","Schoten","Arrondissement Antwerpen","Arrondissement d’Anvers","Provincie Antwerpen","Province d’Anvers","Vlaams Gewest","Région flamande","<5"
"2020-05-03","11053","Wuustwezel","Wuustwezel","Arrondissement Antwerpen","Arrondissement d’Anvers","Provincie Antwerpen","Province d’Anvers","Vlaams Gewest","Région flamande","<5"
"2020-05-03","11055","Zoersel","Zoersel","Arrondissement Antwerpen","Arrondissement d’Anvers","Provincie Antwerpen","Province d’Anvers","Vlaams Gewest","Région flamande","<5"
"2020-05-03","11056","Zwijndrecht","Zwijndrecht","Arrondissement Antwerpen","Arrondissement d’Anvers","Provincie Antwerpen","Province d’Anvers","Vlaams Gewest","Région flamande","<5"
"2020-05-03","12009","Duffel","Duffel","Arrondissement Mechelen","Arrondissement de Malines","Provincie Antwerpen","Province d’Anvers","Vlaams Gewest","Région flamande","<5"
"2020-05-03","12021","Lier","Lierre","Arrondissement Mechelen","Arrondissement de Malines","Provincie Antwerpen","Province d’Anvers","Vlaams Gewest","Région flamande","<5"
"2020-05-03","12026","Nijlen","Nijlen","Arrondissement Mechelen","Arrondissement de Malines","Provincie Antwerpen","Province d’Anvers","Vlaams Gewest","Région flamande","<5"
"2020-05-03","13001","Arendonk","Arendonk","Arrondissement Turnhout","Arrondissement de Turnhout","Provincie Antwerpen","Province d’Anvers","Vlaams Gewest","Région flamande","<5"
"2020-05-03","13019","Lille","Lille","Arrondissement Turnhout","Arrondissement de Turnhout","Provincie Antwerpen","Province d’Anvers","Vlaams Gewest","Région flamande","<5"
"2020-05-03","13023","Merksplas","Merksplas","Arrondissement Turnhout","Arrondissement de Turnhout","Provincie Antwerpen","Province d’Anvers","Vlaams Gewest","Région flamande","<5"
"2020-05-03","13040","Turnhout","Turnhout","Arrondissement Turnhout","Arrondissement de Turnhout","Provincie Antwerpen","Province d’Anvers","Vlaams Gewest","Région flamande","<5"
"2020-05-03","13049","Westerlo","Westerlo","Arrondissement Turnhout","Arrondissement de Turnhout","Provincie Antwerpen","Province d’Anvers","Vlaams Gewest","Région flamande","<5"
"2020-05-03","21004","Brussel","Bruxelles","Arrondissement Brussel-Hoofdstad","Arrondissement de Bruxelles-Capitale",NA,NA,"Brussels Hoofdstedelijk Gewest","Région de Bruxelles-Capitale","<5"
"2020-05-03","21005","Etterbeek","Etterbeek","Arrondissement Brussel-Hoofdstad","Arrondissement de Bruxelles-Capitale",NA,NA,"Brussels Hoofdstedelijk Gewest","Région de Bruxelles-Capitale","<5"
"2020-05-03","21006","Evere","Evere","Arrondissement Brussel-Hoofdstad","Arrondissement de Bruxelles-Capitale",NA,NA,"Brussels Hoofdstedelijk Gewest","Région de Bruxelles-Capitale","<5"
"2020-05-03","21007","Vorst (Brussel-Hoofdstad)","Forest (Bruxelles-Capitale)","Arrondissement Brussel-Hoofdstad","Arrondissement de Bruxelles-Capitale",NA,NA,"Brussels Hoofdstedelijk Gewest","Région de Bruxelles-Capitale","<5"
"2020-05-03","21009","Elsene","Ixelles","Arrondissement Brussel-Hoofdstad","Arrondissement de Bruxelles-Capitale",NA,NA,"Brussels Hoofdstedelijk Gewest","Région de Bruxelles-Capitale","<5"
"2020-05-03","21010","Jette","Jette","Arrondissement Brussel-Hoofdstad","Arrondissement de Bruxelles-Capitale",NA,NA,"Brussels Hoofdstedelijk Gewest","Région de Bruxelles-Capitale","<5"
"2020-05-03","21012","Sint-Jans-Molenbeek","Molenbeek-Saint-Jean","Arrondissement Brussel-Hoofdstad","Arrondissement de Bruxelles-Capitale",NA,NA,"Brussels Hoofdstedelijk Gewest","Région de Bruxelles-Capitale","<5"
"2020-05-03","21013","Sint-Gillis","Saint-Gilles","Arrondissement Brussel-Hoofdstad","Arrondissement de Bruxelles-Capitale",NA,NA,"Brussels Hoofdstedelijk Gewest","Région de Bruxelles-Capitale","<5"
"2020-05-03","23016","Dilbeek","Dilbeek","Arrondissement Halle-Vilvoorde","Arrondissement de Hal-Vilvorde","Provincie Vlaams-Brabant","Province du Brabant flamand","Vlaams Gewest","Région flamande","<5"
"2020-05-03","23025","Grimbergen","Grimbergen","Arrondissement Halle-Vilvoorde","Arrondissement de Hal-Vilvorde","Provincie Vlaams-Brabant","Province du Brabant flamand","Vlaams Gewest","Région flamande","<5"
"2020-05-03","23027","Halle (Halle-Vilvoorde)","Hal (Hal-Vilvorde)","Arrondissement Halle-Vilvoorde","Arrondissement de Hal-Vilvorde","Provincie Vlaams-Brabant","Province du Brabant flamand","Vlaams Gewest","Région flamande","<5"
"2020-05-03","23062","Overijse","Overijse","Arrondissement Halle-Vilvoorde","Arrondissement de Hal-Vilvorde","Provincie Vlaams-Brabant","Province du Brabant flamand","Vlaams Gewest","Région flamande","<5"
"2020-05-03","23096","Zemst","Zemst","Arrondissement Halle-Vilvoorde","Arrondissement de Hal-Vilvorde","Provincie Vlaams-Brabant","Province du Brabant flamand","Vlaams Gewest","Région flamande","<5"
"2020-05-03","23104","Lennik","Lennik","Arrondissement Halle-Vilvoorde","Arrondissement de Hal-Vilvorde","Provincie Vlaams-Brabant","Province du Brabant flamand","Vlaams Gewest","Région flamande","<5"
"2020-05-03","24043","Holsbeek","Holsbeek","Arrondissement Leuven","Arrondissement de Louvain","Provincie Vlaams-Brabant","Province du Brabant flamand","Vlaams Gewest","Région flamande","<5"
"2020-05-03","24130","Zoutleeuw","Léau","Arrondissement Leuven","Arrondissement de Louvain","Provincie Vlaams-Brabant","Province du Brabant flamand","Vlaams Gewest","Région flamande","<5"
"2020-05-03","24134","Scherpenheuvel-Zichem","Montaigu-Zichem","Arrondissement Leuven","Arrondissement de Louvain","Provincie Vlaams-Brabant","Province du Brabant flamand","Vlaams Gewest","Région flamande","<5"
"2020-05-03","25031","Genepiën","Genappe","Arrondissement Nijvel","Arrondissement de Nivelles","Provincie Waals-Brabant","Province du Brabant wallon","Waals Gewest","Région wallonne","<5"
"2020-05-03","25048","Geldenaken","Jodoigne","Arrondissement Nijvel","Arrondissement de Nivelles","Provincie Waals-Brabant","Province du Brabant wallon","Waals Gewest","Région wallonne","<5"
"2020-05-03","25105","Tubeke","Tubize","Arrondissement Nijvel","Arrondissement de Nivelles","Provincie Waals-Brabant","Province du Brabant wallon","Waals Gewest","Région wallonne","<5"
"2020-05-03","25107","Villers-la-Ville","Villers-la-Ville","Arrondissement Nijvel","Arrondissement de Nivelles","Provincie Waals-Brabant","Province du Brabant wallon","Waals Gewest","Région wallonne","<5"
"2020-05-03","31005","Brugge","Bruges","Arrondissement Brugge","Arrondissement de Bruges","Provincie West-Vlaanderen","Province de Flandre occidentale","Vlaams Gewest","Région flamande","<5"
"2020-05-03","31033","Torhout","Torhout","Arrondissement Brugge","Arrondissement de Bruges","Provincie West-Vlaanderen","Province de Flandre occidentale","Vlaams Gewest","Région flamande","<5"
"2020-05-03","31043","Knokke-Heist","Knokke-Heist","Arrondissement Brugge","Arrondissement de Bruges","Provincie West-Vlaanderen","Province de Flandre occidentale","Vlaams Gewest","Région flamande","<5"
"2020-05-03","32011","Kortemark","Kortemark","Arrondissement Diksmuide","Arrondissement de Dixmude","Provincie West-Vlaanderen","Province de Flandre occidentale","Vlaams Gewest","Région flamande","<5"
"2020-05-03","34002","Anzegem","Anzegem","Arrondissement Kortrijk","Arrondissement de Courtrai","Provincie West-Vlaanderen","Province de Flandre occidentale","Vlaams Gewest","Région flamande","<5"
"2020-05-03","34009","Deerlijk","Deerlijk","Arrondissement Kortrijk","Arrondissement de Courtrai","Provincie West-Vlaanderen","Province de Flandre occidentale","Vlaams Gewest","Région flamande","<5"
"2020-05-03","34040","Waregem","Waregem","Arrondissement Kortrijk","Arrondissement de Courtrai","Provincie West-Vlaanderen","Province de Flandre occidentale","Vlaams Gewest","Région flamande","<5"
"2020-05-03","34042","Zwevegem","Zwevegem","Arrondissement Kortrijk","Arrondissement de Courtrai","Provincie West-Vlaanderen","Province de Flandre occidentale","Vlaams Gewest","Région flamande","<5"
"2020-05-03","35006","Ichtegem","Ichtegem","Arrondissement Oostende","Arrondissement d’Ostende","Provincie West-Vlaanderen","Province de Flandre occidentale","Vlaams Gewest","Région flamande","<5"
"2020-05-03","35013","Oostende","Ostende","Arrondissement Oostende","Arrondissement d’Ostende","Provincie West-Vlaanderen","Province de Flandre occidentale","Vlaams Gewest","Région flamande","<5"
"2020-05-03","37015","Tielt (Tielt)","Tielt (Tielt)","Arrondissement Tielt","Arrondissement de Tielt","Provincie West-Vlaanderen","Province de Flandre occidentale","Vlaams Gewest","Région flamande","<5"
"2020-05-03","41002","Aalst (Aalst)","Alost (Alost)","Arrondissement Aalst","Arrondissement d’Alost","Provincie Oost-Vlaanderen","Province de Flandre orientale","Vlaams Gewest","Région flamande","<5"
"2020-05-03","42010","Laarne","Laarne","Arrondissement Dendermonde","Arrondissement de Termonde","Provincie Oost-Vlaanderen","Province de Flandre orientale","Vlaams Gewest","Région flamande","<5"
"2020-05-03","42028","Zele","Zele","Arrondissement Dendermonde","Arrondissement de Termonde","Provincie Oost-Vlaanderen","Province de Flandre orientale","Vlaams Gewest","Région flamande","<5"
"2020-05-03","43010","Maldegem","Maldegem","Arrondissement Eeklo","Arrondissement d’Eeklo","Provincie Oost-Vlaanderen","Province de Flandre orientale","Vlaams Gewest","Région flamande","<5"
"2020-05-03","43018","Zelzate","Zelzate","Arrondissement Eeklo","Arrondissement d’Eeklo","Provincie Oost-Vlaanderen","Province de Flandre orientale","Vlaams Gewest","Région flamande","<5"
"2020-05-03","44019","Evergem","Evergem","Arrondissement Gent","Arrondissement de Gand","Provincie Oost-Vlaanderen","Province de Flandre orientale","Vlaams Gewest","Région flamande","<5"
"2020-05-03","44081","Zulte","Zulte","Arrondissement Gent","Arrondissement de Gand","Provincie Oost-Vlaanderen","Province de Flandre orientale","Vlaams Gewest","Région flamande","<5"
"2020-05-03","46014","Lokeren","Lokeren","Arrondissement Sint-Niklaas","Arrondissement de Saint-Nicolas","Provincie Oost-Vlaanderen","Province de Flandre orientale","Vlaams Gewest","Région flamande","<5"
"2020-05-03","51017","Elzele","Ellezelles","Arrondissement Aat","Arrondissement d’Ath","Provincie Henegouwen","Province du Hainaut","Waals Gewest","Région wallonne","<5"
"2020-05-03","51019","Vloesberg","Flobecq","Arrondissement Aat","Arrondissement d’Ath","Provincie Henegouwen","Province du Hainaut","Waals Gewest","Région wallonne","<5"
"2020-05-03","51069","Lessen","Lessines","Arrondissement Aat","Arrondissement d’Ath","Provincie Henegouwen","Province du Hainaut","Waals Gewest","Région wallonne","<5"
"2020-05-03","52011","Charleroi","Charleroi","Arrondissement Charleroi","Arrondissement de Charleroi","Provincie Henegouwen","Province du Hainaut","Waals Gewest","Région wallonne","<5"
"2020-05-03","52021","Fleurus","Fleurus","Arrondissement Charleroi","Arrondissement de Charleroi","Provincie Henegouwen","Province du Hainaut","Waals Gewest","Région wallonne","<5"
"2020-05-03","53020","Dour","Dour","Arrondissement Bergen","Arrondissement de Mons","Provincie Henegouwen","Province du Hainaut","Waals Gewest","Région wallonne","<5"
"2020-05-03","56001","Anderlues","Anderlues","Arrondissement Thuin","Arrondissement de Thuin","Provincie Henegouwen","Province du Hainaut","Waals Gewest","Région wallonne","<5"
"2020-05-03","57096","Moeskroen","Mouscron","Arrondissement Doornik-Moeskroen","Arrondissement de Tournai-Mouscron","Provincie Henegouwen","Province du Hainaut","Waals Gewest","Région wallonne","<5"
"2020-05-03","58001","La Louvière","La Louvière","Arrondissement La Louvière","Arrondissement de La Louvière","Provincie Henegouwen","Province du Hainaut","Waals Gewest","Région wallonne","<5"
"2020-05-03","61031","Hoei","Huy","Arrondissement Hoei","Arrondissement de Huy","Provincie Luik","Province de Liège","Waals Gewest","Région wallonne","<5"
"2020-05-03","62027","Dalhem","Dalhem","Arrondissement Luik","Arrondissement de Liège","Provincie Luik","Province de Liège","Waals Gewest","Région wallonne","<5"
"2020-05-03","62032","Esneux","Esneux","Arrondissement Luik","Arrondissement de Liège","Provincie Luik","Province de Liège","Waals Gewest","Région wallonne","<5"
"2020-05-03","62051","Herstal","Herstal","Arrondissement Luik","Arrondissement de Liège","Provincie Luik","Province de Liège","Waals Gewest","Région wallonne","<5"
"2020-05-03","63035","Herve","Herve","Arrondissement Verviers","Arrondissement de Verviers","Provincie Luik","Province de Liège","Waals Gewest","Région wallonne","<5"
"2020-05-03","63049","Malmedy","Malmedy","Arrondissement Verviers","Arrondissement de Verviers","Provincie Luik","Province de Liège","Waals Gewest","Région wallonne","<5"
"2020-05-03","63080","Weismes","Waimes","Arrondissement Verviers","Arrondissement de Verviers","Provincie Luik","Province de Liège","Waals Gewest","Région wallonne","<5"
"2020-05-03","64065","Saint-Georges-sur-Meuse","Saint-Georges-sur-Meuse","Arrondissement Borgworm","Arrondissement de Waremme","Provincie Luik","Province de Liège","Waals Gewest","Région wallonne","<5"
"2020-05-03","71016","Genk","Genk","Arrondissement Hasselt","Arrondissement de Hasselt","Provincie Limburg","Province du Limbourg","Vlaams Gewest","Région flamande","<5"
"2020-05-03","71053","Sint-Truiden","Saint-Trond","Arrondissement Hasselt","Arrondissement de Hasselt","Provincie Limburg","Province du Limbourg","Vlaams Gewest","Région flamande","<5"
"2020-05-03","72043","Pelt","Pelt","Arrondissement Maaseik","Arrondissement de Maaseik","Provincie Limburg","Province du Limbourg","Vlaams Gewest","Région flamande","<5"
"2020-05-03","73009","Borgloon","Looz","Arrondissement Tongeren","Arrondissement de Tongres","Provincie Limburg","Province du Limbourg","Vlaams Gewest","Région flamande","<5"
"2020-05-03","73107","Maasmechelen","Maasmechelen","Arrondissement Tongeren","Arrondissement de Tongres","Provincie Limburg","Province du Limbourg","Vlaams Gewest","Région flamande","<5"
"2020-05-03","73109","Voeren","Fourons","Arrondissement Tongeren","Arrondissement de Tongres","Provincie Limburg","Province du Limbourg","Vlaams Gewest","Région flamande","<5"
"2020-05-03","92035","Eghezée","Eghezée","Arrondissement Namen","Arrondissement de Namur","Provincie Namen","Province de Namur","Waals Gewest","Région wallonne","<5"
"2020-05-03","92045","Floreffe","Floreffe","Arrondissement Namen","Arrondissement de Namur","Provincie Namen","Province de Namur","Waals Gewest","Région wallonne","<5"
"2020-05-03","92094","Namen","Namur","Arrondissement Namen","Arrondissement de Namur","Provincie Namen","Province de Namur","Waals Gewest","Région wallonne","5"
"2020-05-03","92137","Sambreville","Sambreville","Arrondissement Namen","Arrondissement de Namur","Provincie Namen","Province de Namur","Waals Gewest","Région wallonne","5"
"2020-05-03","92138","Fernelmont","Fernelmont","Arrondissement Namen","Arrondissement de Namur","Provincie Namen","Province de Namur","Waals Gewest","Région wallonne","<5"
"2020-05-03","92140","Jemeppe-sur-Sambre","Jemeppe-sur-Sambre","Arrondissement Namen","Arrondissement de Namur","Provincie Namen","Province de Namur","Waals Gewest","Région wallonne","<5"
"2020-05-03",NA,NA,NA,NA,NA,NA,NA,NA,NA,"6"
"2020-05-04","11001","Aartselaar","Aartselaar","Arrondissement Antwerpen","Arrondissement d’Anvers","Provincie Antwerpen","Province d’Anvers","Vlaams Gewest","Région flamande","<5"
"2020-05-04","11002","Antwerpen","Anvers","Arrondissement Antwerpen","Arrondissement d’Anvers","Provincie Antwerpen","Province d’Anvers","Vlaams Gewest","Région flamande","34"
"2020-05-04","11004","Boechout","Boechout","Arrondissement Antwerpen","Arrondissement d’Anvers","Provincie Antwerpen","Province d’Anvers","Vlaams Gewest","Région flamande","<5"
"2020-05-04","11007","Borsbeek","Borsbeek","Arrondissement Antwerpen","Arrondissement d’Anvers","Provincie Antwerpen","Province d’Anvers","Vlaams Gewest","Région flamande","<5"
"2020-05-04","11008","Brasschaat","Brasschaat","Arrondissement Antwerpen","Arrondissement d’Anvers","Provincie Antwerpen","Province d’Anvers","Vlaams Gewest","Région flamande","6"
"2020-05-04","11009","Brecht","Brecht","Arrondissement Antwerpen","Arrondissement d’Anvers","Provincie Antwerpen","Province d’Anvers","Vlaams Gewest","Région flamande","<5"
"2020-05-04","11013","Edegem","Edegem","Arrondissement Antwerpen","Arrondissement d’Anvers","Provincie Antwerpen","Province d’Anvers","Vlaams Gewest","Région flamande","<5"
"2020-05-04","11016","Essen","Essen","Arrondissement Antwerpen","Arrondissement d’Anvers","Provincie Antwerpen","Province d’Anvers","Vlaams Gewest","Région flamande","<5"
"2020-05-04","11018","Hemiksem","Hemiksem","Arrondissement Antwerpen","Arrondissement d’Anvers","Provincie Antwerpen","Province d’Anvers","Vlaams Gewest","Région flamande","<5"
"2020-05-04","11021","Hove (Antwerpen)","Hove (Anvers)","Arrondissement Antwerpen","Arrondissement d’Anvers","Provincie Antwerpen","Province d’Anvers","Vlaams Gewest","Région flamande","15"
"2020-05-04","11022","Kalmthout","Kalmthout","Arrondissement Antwerpen","Arrondissement d’Anvers","Provincie Antwerpen","Province d’Anvers","Vlaams Gewest","Région flamande","<5"
"2020-05-04","11023","Kapellen (Antwerpen)","Kapellen (Anvers)","Arrondissement Antwerpen","Arrondissement d’Anvers","Provincie Antwerpen","Province d’Anvers","Vlaams Gewest","Région flamande","<5"
"2020-05-04","11024","Kontich","Kontich","Arrondissement Antwerpen","Arrondissement d’Anvers","Provincie Antwerpen","Province d’Anvers","Vlaams Gewest","Région flamande","<5"
"2020-05-04","11029","Mortsel","Mortsel","Arrondissement Antwerpen","Arrondissement d’Anvers","Provincie Antwerpen","Province d’Anvers","Vlaams Gewest","Région flamande","<5"
"2020-05-04","11030","Niel","Niel","Arrondissement Antwerpen","Arrondissement d’Anvers","Provincie Antwerpen","Province d’Anvers","Vlaams Gewest","Région flamande","<5"
"2020-05-04","11037","Rumst","Rumst","Arrondissement Antwerpen","Arrondissement d’Anvers","Provincie Antwerpen","Province d’Anvers","Vlaams Gewest","Région flamande","<5"
"2020-05-04","11039","Schilde","Schilde","Arrondissement Antwerpen","Arrondissement d’Anvers","Provincie Antwerpen","Province d’Anvers","Vlaams Gewest","Région flamande","<5"
"2020-05-04","11040","Schoten","Schoten","Arrondissement Antwerpen","Arrondissement d’Anvers","Provincie Antwerpen","Province d’Anvers","Vlaams Gewest","Région flamande","<5"
"2020-05-04","11044","Stabroek","Stabroek","Arrondissement Antwerpen","Arrondissement d’Anvers","Provincie Antwerpen","Province d’Anvers","Vlaams Gewest","Région flamande","<5"
"2020-05-04","11052","Wommelgem","Wommelgem","Arrondissement Antwerpen","Arrondissement d’Anvers","Provincie Antwerpen","Province d’Anvers","Vlaams Gewest","Région flamande","<5"
"2020-05-04","11053","Wuustwezel","Wuustwezel","Arrondissement Antwerpen","Arrondissement d’Anvers","Provincie Antwerpen","Province d’Anvers","Vlaams Gewest","Région flamande","6"
"2020-05-04","11055","Zoersel","Zoersel","Arrondissement Antwerpen","Arrondissement d’Anvers","Provincie Antwerpen","Province d’Anvers","Vlaams Gewest","Région flamande","<5"
"2020-05-04","11056","Zwijndrecht","Zwijndrecht","Arrondissement Antwerpen","Arrondissement d’Anvers","Provincie Antwerpen","Province d’Anvers","Vlaams Gewest","Région flamande","<5"
"2020-05-04","11057","Malle","Malle","Arrondissement Antwerpen","Arrondissement d’Anvers","Provincie Antwerpen","Province d’Anvers","Vlaams Gewest","Région flamande","<5"
"2020-05-04","12007","Bornem","Bornem","Arrondissement Mechelen","Arrondissement de Malines","Provincie Antwerpen","Province d’Anvers","Vlaams Gewest","Région flamande","<5"
"2020-05-04","12009","Duffel","Duffel","Arrondissement Mechelen","Arrondissement de Malines","Provincie Antwerpen","Province d’Anvers","Vlaams Gewest","Région flamande","<5"
"2020-05-04","12014","Heist-op-den-Berg","Heist-op-den-Berg","Arrondissement Mechelen","Arrondissement de Malines","Provincie Antwerpen","Province d’Anvers","Vlaams Gewest","Région flamande","<5"
"2020-05-04","12021","Lier","Lierre","Arrondissement Mechelen","Arrondissement de Malines","Provincie Antwerpen","Province d’Anvers","Vlaams Gewest","Région flamande","<5"
"2020-05-04","12035","Sint-Katelijne-Waver","Sint-Katelijne-Waver","Arrondissement Mechelen","Arrondissement de Malines","Provincie Antwerpen","Province d’Anvers","Vlaams Gewest","Région flamande","<5"
"2020-05-04","12040","Willebroek","Willebroek","Arrondissement Mechelen","Arrondissement de Malines","Provincie Antwerpen","Province d’Anvers","Vlaams Gewest","Région flamande","<5"
"2020-05-04","12041","Puurs-Sint-Amands","Puurs-Sint-Amands","Arrondissement Mechelen","Arrondissement de Malines","Provincie Antwerpen","Province d’Anvers","Vlaams Gewest","Région flamande","<5"
"2020-05-04","13003","Balen","Balen","Arrondissement Turnhout","Arrondissement de Turnhout","Provincie Antwerpen","Province d’Anvers","Vlaams Gewest","Région flamande","<5"
"2020-05-04","13004","Beerse","Beerse","Arrondissement Turnhout","Arrondissement de Turnhout","Provincie Antwerpen","Province d’Anvers","Vlaams Gewest","Région flamande","<5"
"2020-05-04","13006","Dessel","Dessel","Arrondissement Turnhout","Arrondissement de Turnhout","Provincie Antwerpen","Province d’Anvers","Vlaams Gewest","Région flamande","<5"
"2020-05-04","13011","Herentals","Herentals","Arrondissement Turnhout","Arrondissement de Turnhout","Provincie Antwerpen","Province d’Anvers","Vlaams Gewest","Région flamande","<5"
"2020-05-04","13013","Herselt","Herselt","Arrondissement Turnhout","Arrondissement de Turnhout","Provincie Antwerpen","Province d’Anvers","Vlaams Gewest","Région flamande","<5"
"2020-05-04","13014","Hoogstraten","Hoogstraten","Arrondissement Turnhout","Arrondissement de Turnhout","Provincie Antwerpen","Province d’Anvers","Vlaams Gewest","Région flamande","<5"
"2020-05-04","13019","Lille","Lille","Arrondissement Turnhout","Arrondissement de Turnhout","Provincie Antwerpen","Province d’Anvers","Vlaams Gewest","Région flamande","<5"
"2020-05-04","13023","Merksplas","Merksplas","Arrondissement Turnhout","Arrondissement de Turnhout","Provincie Antwerpen","Province d’Anvers","Vlaams Gewest","Région flamande","17"
"2020-05-04","13025","Mol","Mol","Arrondissement Turnhout","Arrondissement de Turnhout","Provincie Antwerpen","Province d’Anvers","Vlaams Gewest","Région flamande","<5"
"2020-05-04","13031","Oud-Turnhout","Oud-Turnhout","Arrondissement Turnhout","Arrondissement de Turnhout","Provincie Antwerpen","Province d’Anvers","Vlaams Gewest","Région flamande","<5"
"2020-05-04","13035","Ravels","Ravels","Arrondissement Turnhout","Arrondissement de Turnhout","Provincie Antwerpen","Province d’Anvers","Vlaams Gewest","Région flamande","<5"
"2020-05-04","13036","Retie","Retie","Arrondissement Turnhout","Arrondissement de Turnhout","Provincie Antwerpen","Province d’Anvers","Vlaams Gewest","Région flamande","<5"
"2020-05-04","13040","Turnhout","Turnhout","Arrondissement Turnhout","Arrondissement de Turnhout","Provincie Antwerpen","Province d’Anvers","Vlaams Gewest","Région flamande","<5"
"2020-05-04","13046","Vosselaar","Vosselaar","Arrondissement Turnhout","Arrondissement de Turnhout","Provincie Antwerpen","Province d’Anvers","Vlaams Gewest","Région flamande","<5"
"2020-05-04","13049","Westerlo","Westerlo","Arrondissement Turnhout","Arrondissement de Turnhout","Provincie Antwerpen","Province d’Anvers","Vlaams Gewest","Région flamande","<5"
"2020-05-04","21001","Anderlecht","Anderlecht","Arrondissement Brussel-Hoofdstad","Arrondissement de Bruxelles-Capitale",NA,NA,"Brussels Hoofdstedelijk Gewest","Région de Bruxelles-Capitale","5"
"2020-05-04","21002","Oudergem","Auderghem","Arrondissement Brussel-Hoofdstad","Arrondissement de Bruxelles-Capitale",NA,NA,"Brussels Hoofdstedelijk Gewest","Région de Bruxelles-Capitale","<5"
"2020-05-04","21003","Sint-Agatha-Berchem","Berchem-Sainte-Agathe","Arrondissement Brussel-Hoofdstad","Arrondissement de Bruxelles-Capitale",NA,NA,"Brussels Hoofdstedelijk Gewest","Région de Bruxelles-Capitale","<5"
"2020-05-04","21004","Brussel","Bruxelles","Arrondissement Brussel-Hoofdstad","Arrondissement de Bruxelles-Capitale",NA,NA,"Brussels Hoofdstedelijk Gewest","Région de Bruxelles-Capitale","11"
"2020-05-04","21005","Etterbeek","Etterbeek","Arrondissement Brussel-Hoofdstad","Arrondissement de Bruxelles-Capitale",NA,NA,"Brussels Hoofdstedelijk Gewest","Région de Bruxelles-Capitale","<5"
"2020-05-04","21006","Evere","Evere","Arrondissement Brussel-Hoofdstad","Arrondissement de Bruxelles-Capitale",NA,NA,"Brussels Hoofdstedelijk Gewest","Région de Bruxelles-Capitale","10"
"2020-05-04","21007","Vorst (Brussel-Hoofdstad)","Forest (Bruxelles-Capitale)","Arrondissement Brussel-Hoofdstad","Arrondissement de Bruxelles-Capitale",NA,NA,"Brussels Hoofdstedelijk Gewest","Région de Bruxelles-Capitale","<5"
"2020-05-04","21008","Ganshoren","Ganshoren","Arrondissement Brussel-Hoofdstad","Arrondissement de Bruxelles-Capitale",NA,NA,"Brussels Hoofdstedelijk Gewest","Région de Bruxelles-Capitale","<5"
"2020-05-04","21009","Elsene","Ixelles","Arrondissement Brussel-Hoofdstad","Arrondissement de Bruxelles-Capitale",NA,NA,"Brussels Hoofdstedelijk Gewest","Région de Bruxelles-Capitale","<5"
"2020-05-04","21010","Jette","Jette","Arrondissement Brussel-Hoofdstad","Arrondissement de Bruxelles-Capitale",NA,NA,"Brussels Hoofdstedelijk Gewest","Région de Bruxelles-Capitale","<5"
"2020-05-04","21011","Koekelberg","Koekelberg","Arrondissement Brussel-Hoofdstad","Arrondissement de Bruxelles-Capitale",NA,NA,"Brussels Hoofdstedelijk Gewest","Région de Bruxelles-Capitale","<5"
"2020-05-04","21012","Sint-Jans-Molenbeek","Molenbeek-Saint-Jean","Arrondissement Brussel-Hoofdstad","Arrondissement de Bruxelles-Capitale",NA,NA,"Brussels Hoofdstedelijk Gewest","Région de Bruxelles-Capitale","5"
"2020-05-04","21013","Sint-Gillis","Saint-Gilles","Arrondissement Brussel-Hoofdstad","Arrondissement de Bruxelles-Capitale",NA,NA,"Brussels Hoofdstedelijk Gewest","Région de Bruxelles-Capitale","<5"
"2020-05-04","21014","Sint-Joost-ten-Node","Saint-Josse-ten-Noode","Arrondissement Brussel-Hoofdstad","Arrondissement de Bruxelles-Capitale",NA,NA,"Brussels Hoofdstedelijk Gewest","Région de Bruxelles-Capitale","<5"
"2020-05-04","21015","Schaarbeek","Schaerbeek","Arrondissement Brussel-Hoofdstad","Arrondissement de Bruxelles-Capitale",NA,NA,"Brussels Hoofdstedelijk Gewest","Région de Bruxelles-Capitale","8"
"2020-05-04","21016","Ukkel","Uccle","Arrondissement Brussel-Hoofdstad","Arrondissement de Bruxelles-Capitale",NA,NA,"Brussels Hoofdstedelijk Gewest","Région de Bruxelles-Capitale","<5"
"2020-05-04","21017","Watermaal-Bosvoorde","Watermael-Boitsfort","Arrondissement Brussel-Hoofdstad","Arrondissement de Bruxelles-Capitale",NA,NA,"Brussels Hoofdstedelijk Gewest","Région de Bruxelles-Capitale","<5"
"2020-05-04","21018","Sint-Lambrechts-Woluwe","Woluwe-Saint-Lambert","Arrondissement Brussel-Hoofdstad","Arrondissement de Bruxelles-Capitale",NA,NA,"Brussels Hoofdstedelijk Gewest","Région de Bruxelles-Capitale","<5"
"2020-05-04","21019","Sint-Pieters-Woluwe","Woluwe-Saint-Pierre","Arrondissement Brussel-Hoofdstad","Arrondissement de Bruxelles-Capitale",NA,NA,"Brussels Hoofdstedelijk Gewest","Région de Bruxelles-Capitale","<5"
"2020-05-04","23002","Asse","Asse","Arrondissement Halle-Vilvoorde","Arrondissement de Hal-Vilvorde","Provincie Vlaams-Brabant","Province du Brabant flamand","Vlaams Gewest","Région flamande","<5"
"2020-05-04","23009","Bever","Biévène","Arrondissement Halle-Vilvoorde","Arrondissement de Hal-Vilvorde","Provincie Vlaams-Brabant","Province du Brabant flamand","Vlaams Gewest","Région flamande","<5"
"2020-05-04","23016","Dilbeek","Dilbeek","Arrondissement Halle-Vilvoorde","Arrondissement de Hal-Vilvorde","Provincie Vlaams-Brabant","Province du Brabant flamand","Vlaams Gewest","Région flamande","<5"
"2020-05-04","23023","Galmaarden","Gammerages","Arrondissement Halle-Vilvoorde","Arrondissement de Hal-Vilvorde","Provincie Vlaams-Brabant","Province du Brabant flamand","Vlaams Gewest","Région flamande","<5"
"2020-05-04","23027","Halle (Halle-Vilvoorde)","Hal (Hal-Vilvorde)","Arrondissement Halle-Vilvoorde","Arrondissement de Hal-Vilvorde","Provincie Vlaams-Brabant","Province du Brabant flamand","Vlaams Gewest","Région flamande","5"
"2020-05-04","23032","Herne","Herne","Arrondissement Halle-Vilvoorde","Arrondissement de Hal-Vilvorde","Provincie Vlaams-Brabant","Province du Brabant flamand","Vlaams Gewest","Région flamande","<5"
"2020-05-04","23045","Londerzeel","Londerzeel","Arrondissement Halle-Vilvoorde","Arrondissement de Hal-Vilvorde","Provincie Vlaams-Brabant","Province du Brabant flamand","Vlaams Gewest","Région flamande","<5"
"2020-05-04","23050","Meise","Meise","Arrondissement Halle-Vilvoorde","Arrondissement de Hal-Vilvorde","Provincie Vlaams-Brabant","Province du Brabant flamand","Vlaams Gewest","Région flamande","<5"
"2020-05-04","23052","Merchtem","Merchtem","Arrondissement Halle-Vilvoorde","Arrondissement de Hal-Vilvorde","Provincie Vlaams-Brabant","Province du Brabant flamand","Vlaams Gewest","Région flamande","<5"
"2020-05-04","23060","Opwijk","Opwijk","Arrondissement Halle-Vilvoorde","Arrondissement de Hal-Vilvorde","Provincie Vlaams-Brabant","Province du Brabant flamand","Vlaams Gewest","Région flamande","<5"
"2020-05-04","23077","Sint-Pieters-Leeuw","Sint-Pieters-Leeuw","Arrondissement Halle-Vilvoorde","Arrondissement de Hal-Vilvorde","Provincie Vlaams-Brabant","Province du Brabant flamand","Vlaams Gewest","Région flamande","<5"
"2020-05-04","23086","Ternat","Ternat","Arrondissement Halle-Vilvoorde","Arrondissement de Hal-Vilvorde","Provincie Vlaams-Brabant","Province du Brabant flamand","Vlaams Gewest","Région flamande","<5"
"2020-05-04","23094","Zaventem","Zaventem","Arrondissement Halle-Vilvoorde","Arrondissement de Hal-Vilvorde","Provincie Vlaams-Brabant","Province du Brabant flamand","Vlaams Gewest","Région flamande","5"
"2020-05-04","23096","Zemst","Zemst","Arrondissement Halle-Vilvoorde","Arrondissement de Hal-Vilvorde","Provincie Vlaams-Brabant","Province du Brabant flamand","Vlaams Gewest","Région flamande","<5"
"2020-05-04","23101","Sint-Genesius-Rode","Rhode-Saint-Genèse","Arrondissement Halle-Vilvoorde","Arrondissement de Hal-Vilvorde","Provincie Vlaams-Brabant","Province du Brabant flamand","Vlaams Gewest","Région flamande","<5"
"2020-05-04","23103","Wezembeek-Oppem","Wezembeek-Oppem","Arrondissement Halle-Vilvoorde","Arrondissement de Hal-Vilvorde","Provincie Vlaams-Brabant","Province du Brabant flamand","Vlaams Gewest","Région flamande","<5"
"2020-05-04","23105","Affligem","Affligem","Arrondissement Halle-Vilvoorde","Arrondissement de Hal-Vilvorde","Provincie Vlaams-Brabant","Province du Brabant flamand","Vlaams Gewest","Région flamande","<5"
"2020-05-04","24001","Aarschot","Aarschot","Arrondissement Leuven","Arrondissement de Louvain","Provincie Vlaams-Brabant","Province du Brabant flamand","Vlaams Gewest","Région flamande","<5"
"2020-05-04","24008","Bekkevoort","Bekkevoort","Arrondissement Leuven","Arrondissement de Louvain","Provincie Vlaams-Brabant","Province du Brabant flamand","Vlaams Gewest","Région flamande","<5"
"2020-05-04","24009","Bertem","Bertem","Arrondissement Leuven","Arrondissement de Louvain","Provincie Vlaams-Brabant","Province du Brabant flamand","Vlaams Gewest","Région flamande","<5"
"2020-05-04","24011","Bierbeek","Bierbeek","Arrondissement Leuven","Arrondissement de Louvain","Provincie Vlaams-Brabant","Province du Brabant flamand","Vlaams Gewest","Région flamande","<5"
"2020-05-04","24020","Diest","Diest","Arrondissement Leuven","Arrondissement de Louvain","Provincie Vlaams-Brabant","Province du Brabant flamand","Vlaams Gewest","Région flamande","<5"
"2020-05-04","24028","Geetbets","Geetbets","Arrondissement Leuven","Arrondissement de Louvain","Provincie Vlaams-Brabant","Province du Brabant flamand","Vlaams Gewest","Région flamande","<5"
"2020-05-04","24033","Haacht","Haacht","Arrondissement Leuven","Arrondissement de Louvain","Provincie Vlaams-Brabant","Province du Brabant flamand","Vlaams Gewest","Région flamande","<5"
"2020-05-04","24054","Kortenaken","Kortenaken","Arrondissement Leuven","Arrondissement de Louvain","Provincie Vlaams-Brabant","Province du Brabant flamand","Vlaams Gewest","Région flamande","<5"
"2020-05-04","24055","Kortenberg","Kortenberg","Arrondissement Leuven","Arrondissement de Louvain","Provincie Vlaams-Brabant","Province du Brabant flamand","Vlaams Gewest","Région flamande","5"
"2020-05-04","24062","Leuven","Louvain","Arrondissement Leuven","Arrondissement de Louvain","Provincie Vlaams-Brabant","Province du Brabant flamand","Vlaams Gewest","Région flamande","<5"
"2020-05-04","24107","Tienen","Tirlemont","Arrondissement Leuven","Arrondissement de Louvain","Provincie Vlaams-Brabant","Province du Brabant flamand","Vlaams Gewest","Région flamande","<5"
"2020-05-04","25015","Kasteelbrakel","Braine-le-Château","Arrondissement Nijvel","Arrondissement de Nivelles","Provincie Waals-Brabant","Province du Brabant wallon","Waals Gewest","Région wallonne","<5"
"2020-05-04","25023","Court-Saint-Etienne","Court-Saint-Etienne","Arrondissement Nijvel","Arrondissement de Nivelles","Provincie Waals-Brabant","Province du Brabant wallon","Waals Gewest","Région wallonne","<5"
"2020-05-04","25031","Genepiën","Genappe","Arrondissement Nijvel","Arrondissement de Nivelles","Provincie Waals-Brabant","Province du Brabant wallon","Waals Gewest","Région wallonne","<5"
"2020-05-04","25072","Nijvel","Nivelles","Arrondissement Nijvel","Arrondissement de Nivelles","Provincie Waals-Brabant","Province du Brabant wallon","Waals Gewest","Région wallonne","<5"
"2020-05-04","25105","Tubeke","Tubize","Arrondissement Nijvel","Arrondissement de Nivelles","Provincie Waals-Brabant","Province du Brabant wallon","Waals Gewest","Région wallonne","<5"
"2020-05-04","25120","Orp-Jauche","Orp-Jauche","Arrondissement Nijvel","Arrondissement de Nivelles","Provincie Waals-Brabant","Province du Brabant wallon","Waals Gewest","Région wallonne","<5"
"2020-05-04","25121","Ottignies-Louvain-la-Neuve","Ottignies-Louvain-la-Neuve","Arrondissement Nijvel","Arrondissement de Nivelles","Provincie Waals-Brabant","Province du Brabant wallon","Waals Gewest","Région wallonne","<5"
"2020-05-04","31005","Brugge","Bruges","Arrondissement Brugge","Arrondissement de Bruges","Provincie West-Vlaanderen","Province de Flandre occidentale","Vlaams Gewest","Région flamande","25"
"2020-05-04","31006","Damme","Damme","Arrondissement Brugge","Arrondissement de Bruges","Provincie West-Vlaanderen","Province de Flandre occidentale","Vlaams Gewest","Région flamande","<5"
"2020-05-04","31012","Jabbeke","Jabbeke","Arrondissement Brugge","Arrondissement de Bruges","Provincie West-Vlaanderen","Province de Flandre occidentale","Vlaams Gewest","Région flamande","<5"
"2020-05-04","31022","Oostkamp","Oostkamp","Arrondissement Brugge","Arrondissement de Bruges","Provincie West-Vlaanderen","Province de Flandre occidentale","Vlaams Gewest","Région flamande","5"
"2020-05-04","31040","Zedelgem","Zedelgem","Arrondissement Brugge","Arrondissement de Bruges","Provincie West-Vlaanderen","Province de Flandre occidentale","Vlaams Gewest","Région flamande","<5"
"2020-05-04","31042","Zuienkerke","Zuienkerke","Arrondissement Brugge","Arrondissement de Bruges","Provincie West-Vlaanderen","Province de Flandre occidentale","Vlaams Gewest","Région flamande","<5"
"2020-05-04","31043","Knokke-Heist","Knokke-Heist","Arrondissement Brugge","Arrondissement de Bruges","Provincie West-Vlaanderen","Province de Flandre occidentale","Vlaams Gewest","Région flamande","<5"
"2020-05-04","32006","Houthulst","Houthulst","Arrondissement Diksmuide","Arrondissement de Dixmude","Provincie West-Vlaanderen","Province de Flandre occidentale","Vlaams Gewest","Région flamande","6"
"2020-05-04","33011","Ieper","Ypres","Arrondissement Ieper","Arrondissement d’Ypres","Provincie West-Vlaanderen","Province de Flandre occidentale","Vlaams Gewest","Région flamande","<5"
"2020-05-04","33021","Poperinge","Poperinge","Arrondissement Ieper","Arrondissement d’Ypres","Provincie West-Vlaanderen","Province de Flandre occidentale","Vlaams Gewest","Région flamande","<5"
"2020-05-04","33029","Wervik","Wervik","Arrondissement Ieper","Arrondissement d’Ypres","Provincie West-Vlaanderen","Province de Flandre occidentale","Vlaams Gewest","Région flamande","8"
"2020-05-04","33037","Zonnebeke","Zonnebeke","Arrondissement Ieper","Arrondissement d’Ypres","Provincie West-Vlaanderen","Province de Flandre occidentale","Vlaams Gewest","Région flamande","<5"
"2020-05-04","33039","Heuvelland","Heuvelland","Arrondissement Ieper","Arrondissement d’Ypres","Provincie West-Vlaanderen","Province de Flandre occidentale","Vlaams Gewest","Région flamande","<5"
"2020-05-04","33040","Langemark-Poelkapelle","Langemark-Poelkapelle","Arrondissement Ieper","Arrondissement d’Ypres","Provincie West-Vlaanderen","Province de Flandre occidentale","Vlaams Gewest","Région flamande","<5"
"2020-05-04","34002","Anzegem","Anzegem","Arrondissement Kortrijk","Arrondissement de Courtrai","Provincie West-Vlaanderen","Province de Flandre occidentale","Vlaams Gewest","Région flamande","<5"
"2020-05-04","34003","Avelgem","Avelgem","Arrondissement Kortrijk","Arrondissement de Courtrai","Provincie West-Vlaanderen","Province de Flandre occidentale","Vlaams Gewest","Région flamande","<5"
"2020-05-04","34009","Deerlijk","Deerlijk","Arrondissement Kortrijk","Arrondissement de Courtrai","Provincie West-Vlaanderen","Province de Flandre occidentale","Vlaams Gewest","Région flamande","<5"
"2020-05-04","34013","Harelbeke","Harelbeke","Arrondissement Kortrijk","Arrondissement de Courtrai","Provincie West-Vlaanderen","Province de Flandre occidentale","Vlaams Gewest","Région flamande","5"
"2020-05-04","34022","Kortrijk","Courtrai","Arrondissement Kortrijk","Arrondissement de Courtrai","Provincie West-Vlaanderen","Province de Flandre occidentale","Vlaams Gewest","Région flamande","12"
"2020-05-04","34027","Menen","Menin","Arrondissement Kortrijk","Arrondissement de Courtrai","Provincie West-Vlaanderen","Province de Flandre occidentale","Vlaams Gewest","Région flamande","5"
"2020-05-04","34040","Waregem","Waregem","Arrondissement Kortrijk","Arrondissement de Courtrai","Provincie West-Vlaanderen","Province de Flandre occidentale","Vlaams Gewest","Région flamande","<5"
"2020-05-04","34041","Wevelgem","Wevelgem","Arrondissement Kortrijk","Arrondissement de Courtrai","Provincie West-Vlaanderen","Province de Flandre occidentale","Vlaams Gewest","Région flamande","<5"
"2020-05-04","34042","Zwevegem","Zwevegem","Arrondissement Kortrijk","Arrondissement de Courtrai","Provincie West-Vlaanderen","Province de Flandre occidentale","Vlaams Gewest","Région flamande","<5"
"2020-05-04","35002","Bredene","Bredene","Arrondissement Oostende","Arrondissement d’Ostende","Provincie West-Vlaanderen","Province de Flandre occidentale","Vlaams Gewest","Région flamande","<5"
"2020-05-04","35005","Gistel","Gistel","Arrondissement Oostende","Arrondissement d’Ostende","Provincie West-Vlaanderen","Province de Flandre occidentale","Vlaams Gewest","Région flamande","<5"
"2020-05-04","35006","Ichtegem","Ichtegem","Arrondissement Oostende","Arrondissement d’Ostende","Provincie West-Vlaanderen","Province de Flandre occidentale","Vlaams Gewest","Région flamande","<5"
"2020-05-04","35013","Oostende","Ostende","Arrondissement Oostende","Arrondissement d’Ostende","Provincie West-Vlaanderen","Province de Flandre occidentale","Vlaams Gewest","Région flamande","5"
"2020-05-04","35029","De Haan","De Haan","Arrondissement Oostende","Arrondissement d’Ostende","Provincie West-Vlaanderen","Province de Flandre occidentale","Vlaams Gewest","Région flamande","<5"
"2020-05-04","36007","Ingelmunster","Ingelmunster","Arrondissement Roeselare","Arrondissement de Roulers","Provincie West-Vlaanderen","Province de Flandre occidentale","Vlaams Gewest","Région flamande","<5"
"2020-05-04","36008","Izegem","Izegem","Arrondissement Roeselare","Arrondissement de Roulers","Provincie West-Vlaanderen","Province de Flandre occidentale","Vlaams Gewest","Région flamande","<5"
"2020-05-04","36010","Ledegem","Ledegem","Arrondissement Roeselare","Arrondissement de Roulers","Provincie West-Vlaanderen","Province de Flandre occidentale","Vlaams Gewest","Région flamande","<5"
"2020-05-04","36011","Lichtervelde","Lichtervelde","Arrondissement Roeselare","Arrondissement de Roulers","Provincie West-Vlaanderen","Province de Flandre occidentale","Vlaams Gewest","Région flamande","<5"
"2020-05-04","36012","Moorslede","Moorslede","Arrondissement Roeselare","Arrondissement de Roulers","Provincie West-Vlaanderen","Province de Flandre occidentale","Vlaams Gewest","Région flamande","<5"
"2020-05-04","36015","Roeselare","Roulers","Arrondissement Roeselare","Arrondissement de Roulers","Provincie West-Vlaanderen","Province de Flandre occidentale","Vlaams Gewest","Région flamande","8"
"2020-05-04","37010","Oostrozebeke","Oostrozebeke","Arrondissement Tielt","Arrondissement de Tielt","Provincie West-Vlaanderen","Province de Flandre occidentale","Vlaams Gewest","Région flamande","<5"
"2020-05-04","37011","Pittem","Pittem","Arrondissement Tielt","Arrondissement de Tielt","Provincie West-Vlaanderen","Province de Flandre occidentale","Vlaams Gewest","Région flamande","<5"
"2020-05-04","37015","Tielt (Tielt)","Tielt (Tielt)","Arrondissement Tielt","Arrondissement de Tielt","Provincie West-Vlaanderen","Province de Flandre occidentale","Vlaams Gewest","Région flamande","<5"
"2020-05-04","37018","Wingene","Wingene","Arrondissement Tielt","Arrondissement de Tielt","Provincie West-Vlaanderen","Province de Flandre occidentale","Vlaams Gewest","Région flamande","<5"
"2020-05-04","37020","Ardooie","Ardooie","Arrondissement Tielt","Arrondissement de Tielt","Provincie West-Vlaanderen","Province de Flandre occidentale","Vlaams Gewest","Région flamande","<5"
"2020-05-04","38014","Koksijde","Koksijde","Arrondissement Veurne","Arrondissement de Furnes","Provincie West-Vlaanderen","Province de Flandre occidentale","Vlaams Gewest","Région flamande","<5"
"2020-05-04","41002","Aalst (Aalst)","Alost (Alost)","Arrondissement Aalst","Arrondissement d’Alost","Provincie Oost-Vlaanderen","Province de Flandre orientale","Vlaams Gewest","Région flamande","<5"
"2020-05-04","41024","Haaltert","Haaltert","Arrondissement Aalst","Arrondissement d’Alost","Provincie Oost-Vlaanderen","Province de Flandre orientale","Vlaams Gewest","Région flamande","<5"
"2020-05-04","41027","Herzele","Herzele","Arrondissement Aalst","Arrondissement d’Alost","Provincie Oost-Vlaanderen","Province de Flandre orientale","Vlaams Gewest","Région flamande","<5"
"2020-05-04","41081","Zottegem","Zottegem","Arrondissement Aalst","Arrondissement d’Alost","Provincie Oost-Vlaanderen","Province de Flandre orientale","Vlaams Gewest","Région flamande","<5"
"2020-05-04","41082","Erpe-Mere","Erpe-Mere","Arrondissement Aalst","Arrondissement d’Alost","Provincie Oost-Vlaanderen","Province de Flandre orientale","Vlaams Gewest","Région flamande","<5"
"2020-05-04","42003","Berlare","Berlare","Arrondissement Dendermonde","Arrondissement de Termonde","Provincie Oost-Vlaanderen","Province de Flandre orientale","Vlaams Gewest","Région flamande","<5"
"2020-05-04","42006","Dendermonde","Termonde","Arrondissement Dendermonde","Arrondissement de Termonde","Provincie Oost-Vlaanderen","Province de Flandre orientale","Vlaams Gewest","Région flamande","5"
"2020-05-04","42008","Hamme (Dendermonde)","Hamme (Termonde)","Arrondissement Dendermonde","Arrondissement de Termonde","Provincie Oost-Vlaanderen","Province de Flandre orientale","Vlaams Gewest","Région flamande","<5"
"2020-05-04","42028","Zele","Zele","Arrondissement Dendermonde","Arrondissement de Termonde","Provincie Oost-Vlaanderen","Province de Flandre orientale","Vlaams Gewest","Région flamande","<5"
"2020-05-04","43002","Assenede","Assenede","Arrondissement Eeklo","Arrondissement d’Eeklo","Provincie Oost-Vlaanderen","Province de Flandre orientale","Vlaams Gewest","Région flamande","<5"
"2020-05-04","43005","Eeklo","Eeklo","Arrondissement Eeklo","Arrondissement d’Eeklo","Provincie Oost-Vlaanderen","Province de Flandre orientale","Vlaams Gewest","Région flamande","<5"
"2020-05-04","44019","Evergem","Evergem","Arrondissement Gent","Arrondissement de Gand","Provincie Oost-Vlaanderen","Province de Flandre orientale","Vlaams Gewest","Région flamande","<5"
"2020-05-04","44021","Gent","Gand","Arrondissement Gent","Arrondissement de Gand","Provincie Oost-Vlaanderen","Province de Flandre orientale","Vlaams Gewest","Région flamande","11"
"2020-05-04","44034","Lochristi","Lochristi","Arrondissement Gent","Arrondissement de Gand","Provincie Oost-Vlaanderen","Province de Flandre orientale","Vlaams Gewest","Région flamande","<5"
"2020-05-04","44064","Sint-Martens-Latem","Sint-Martens-Latem","Arrondissement Gent","Arrondissement de Gand","Provincie Oost-Vlaanderen","Province de Flandre orientale","Vlaams Gewest","Région flamande","<5"
"2020-05-04","44081","Zulte","Zulte","Arrondissement Gent","Arrondissement de Gand","Provincie Oost-Vlaanderen","Province de Flandre orientale","Vlaams Gewest","Région flamande","<5"
"2020-05-04","44083","Deinze","Deinze","Arrondissement Gent","Arrondissement de Gand","Provincie Oost-Vlaanderen","Province de Flandre orientale","Vlaams Gewest","Région flamande","<5"
"2020-05-04","44084","Aalter","Aalter","Arrondissement Gent","Arrondissement de Gand","Provincie Oost-Vlaanderen","Province de Flandre orientale","Vlaams Gewest","Région flamande","<5"
"2020-05-04","44085","Lievegem","Lievegem","Arrondissement Gent","Arrondissement de Gand","Provincie Oost-Vlaanderen","Province de Flandre orientale","Vlaams Gewest","Région flamande","<5"
"2020-05-04","45035","Oudenaarde","Audenarde","Arrondissement Oudenaarde","Arrondissement d’Audenarde","Provincie Oost-Vlaanderen","Province de Flandre orientale","Vlaams Gewest","Région flamande","<5"
"2020-05-04","45059","Brakel","Brakel","Arrondissement Oudenaarde","Arrondissement d’Audenarde","Provincie Oost-Vlaanderen","Province de Flandre orientale","Vlaams Gewest","Région flamande","<5"
"2020-05-04","45061","Wortegem-Petegem","Wortegem-Petegem","Arrondissement Oudenaarde","Arrondissement d’Audenarde","Provincie Oost-Vlaanderen","Province de Flandre orientale","Vlaams Gewest","Région flamande","<5"
"2020-05-04","45068","Kruisem","Kruisem","Arrondissement Oudenaarde","Arrondissement d’Audenarde","Provincie Oost-Vlaanderen","Province de Flandre orientale","Vlaams Gewest","Région flamande","<5"
"2020-05-04","46014","Lokeren","Lokeren","Arrondissement Sint-Niklaas","Arrondissement de Saint-Nicolas","Provincie Oost-Vlaanderen","Province de Flandre orientale","Vlaams Gewest","Région flamande","<5"
"2020-05-04","46025","Temse","Tamise","Arrondissement Sint-Niklaas","Arrondissement de Saint-Nicolas","Provincie Oost-Vlaanderen","Province de Flandre orientale","Vlaams Gewest","Région flamande","5"
"2020-05-04","51008","Beloeil","Beloeil","Arrondissement Aat","Arrondissement d’Ath","Provincie Henegouwen","Province du Hainaut","Waals Gewest","Région wallonne","<5"
"2020-05-04","51012","Brugelette","Brugelette","Arrondissement Aat","Arrondissement d’Ath","Provincie Henegouwen","Province du Hainaut","Waals Gewest","Région wallonne","<5"
"2020-05-04","51065","Frasnes-lez-Anvaing","Frasnes-lez-Anvaing","Arrondissement Aat","Arrondissement d’Ath","Provincie Henegouwen","Province du Hainaut","Waals Gewest","Région wallonne","<5"
"2020-05-04","51069","Lessen","Lessines","Arrondissement Aat","Arrondissement d’Ath","Provincie Henegouwen","Province du Hainaut","Waals Gewest","Région wallonne","<5"
"2020-05-04","52011","Charleroi","Charleroi","Arrondissement Charleroi","Arrondissement de Charleroi","Provincie Henegouwen","Province du Hainaut","Waals Gewest","Région wallonne","<5"
"2020-05-04","52021","Fleurus","Fleurus","Arrondissement Charleroi","Arrondissement de Charleroi","Provincie Henegouwen","Province du Hainaut","Waals Gewest","Région wallonne","<5"
"2020-05-04","53020","Dour","Dour","Arrondissement Bergen","Arrondissement de Mons","Provincie Henegouwen","Province du Hainaut","Waals Gewest","Région wallonne","<5"
"2020-05-04","53053","Bergen","Mons","Arrondissement Bergen","Arrondissement de Mons","Provincie Henegouwen","Province du Hainaut","Waals Gewest","Région wallonne","5"
"2020-05-04","53068","Quiévrain","Quiévrain","Arrondissement Bergen","Arrondissement de Mons","Provincie Henegouwen","Province du Hainaut","Waals Gewest","Région wallonne","<5"
"2020-05-04","55004","’s Gravenbrakel","Braine-le-Comte","Arrondissement Zinnik","Arrondissement de Soignies","Provincie Henegouwen","Province du Hainaut","Waals Gewest","Région wallonne","<5"
"2020-05-04","56016","Chimay","Chimay","Arrondissement Thuin","Arrondissement de Thuin","Provincie Henegouwen","Province du Hainaut","Waals Gewest","Région wallonne","<5"
"2020-05-04","56049","Merbes-le-Château","Merbes-le-Château","Arrondissement Thuin","Arrondissement de Thuin","Provincie Henegouwen","Province du Hainaut","Waals Gewest","Région wallonne","<5"
"2020-05-04","57003","Antoing","Antoing","Arrondissement Doornik-Moeskroen","Arrondissement de Tournai-Mouscron","Provincie Henegouwen","Province du Hainaut","Waals Gewest","Région wallonne","<5"
"2020-05-04","57027","Estaimpuis","Estaimpuis","Arrondissement Doornik-Moeskroen","Arrondissement de Tournai-Mouscron","Provincie Henegouwen","Province du Hainaut","Waals Gewest","Région wallonne","<5"
"2020-05-04","57062","Pecq","Pecq","Arrondissement Doornik-Moeskroen","Arrondissement de Tournai-Mouscron","Provincie Henegouwen","Province du Hainaut","Waals Gewest","Région wallonne","<5"
"2020-05-04","57072","Rumes","Rumes","Arrondissement Doornik-Moeskroen","Arrondissement de Tournai-Mouscron","Provincie Henegouwen","Province du Hainaut","Waals Gewest","Région wallonne","<5"
"2020-05-04","57081","Doornik","Tournai","Arrondissement Doornik-Moeskroen","Arrondissement de Tournai-Mouscron","Provincie Henegouwen","Province du Hainaut","Waals Gewest","Région wallonne","<5"
"2020-05-04","57093","Brunehaut","Brunehaut","Arrondissement Doornik-Moeskroen","Arrondissement de Tournai-Mouscron","Provincie Henegouwen","Province du Hainaut","Waals Gewest","Région wallonne","<5"
"2020-05-04","57096","Moeskroen","Mouscron","Arrondissement Doornik-Moeskroen","Arrondissement de Tournai-Mouscron","Provincie Henegouwen","Province du Hainaut","Waals Gewest","Région wallonne","<5"
"2020-05-04","58001","La Louvière","La Louvière","Arrondissement La Louvière","Arrondissement de La Louvière","Provincie Henegouwen","Province du Hainaut","Waals Gewest","Région wallonne","<5"
"2020-05-04","58002","Binche","Binche","Arrondissement La Louvière","Arrondissement de La Louvière","Provincie Henegouwen","Province du Hainaut","Waals Gewest","Région wallonne","<5"
"2020-05-04","61003","Amay","Amay","Arrondissement Hoei","Arrondissement de Huy","Provincie Luik","Province de Liège","Waals Gewest","Région wallonne","<5"
"2020-05-04","61028","Héron","Héron","Arrondissement Hoei","Arrondissement de Huy","Provincie Luik","Province de Liège","Waals Gewest","Région wallonne","<5"
"2020-05-04","61031","Hoei","Huy","Arrondissement Hoei","Arrondissement de Huy","Provincie Luik","Province de Liège","Waals Gewest","Région wallonne","<5"
"2020-05-04","61039","Marchin","Marchin","Arrondissement Hoei","Arrondissement de Huy","Provincie Luik","Province de Liège","Waals Gewest","Région wallonne","<5"
"2020-05-04","61079","Anthisnes","Anthisnes","Arrondissement Hoei","Arrondissement de Huy","Provincie Luik","Province de Liège","Waals Gewest","Région wallonne","<5"
"2020-05-04","62006","Awans","Awans","Arrondissement Luik","Arrondissement de Liège","Provincie Luik","Province de Liège","Waals Gewest","Région wallonne","<5"
"2020-05-04","62038","Fléron","Fléron","Arrondissement Luik","Arrondissement de Liège","Provincie Luik","Province de Liège","Waals Gewest","Région wallonne","<5"
"2020-05-04","62051","Herstal","Herstal","Arrondissement Luik","Arrondissement de Liège","Provincie Luik","Province de Liège","Waals Gewest","Région wallonne","<5"
"2020-05-04","62063","Luik","Liège","Arrondissement Luik","Arrondissement de Liège","Provincie Luik","Province de Liège","Waals Gewest","Région wallonne","5"
"2020-05-04","62093","Saint-Nicolas (Luik)","Saint-Nicolas (Liège)","Arrondissement Luik","Arrondissement de Liège","Provincie Luik","Province de Liège","Waals Gewest","Région wallonne","<5"
"2020-05-04","62096","Seraing","Seraing","Arrondissement Luik","Arrondissement de Liège","Provincie Luik","Province de Liège","Waals Gewest","Région wallonne","<5"
"2020-05-04","62099","Soumagne","Soumagne","Arrondissement Luik","Arrondissement de Liège","Provincie Luik","Province de Liège","Waals Gewest","Région wallonne","<5"
"2020-05-04","62121","Neupré","Neupré","Arrondissement Luik","Arrondissement de Liège","Provincie Luik","Province de Liège","Waals Gewest","Région wallonne","<5"
"2020-05-04","63003","Aubel","Aubel","Arrondissement Verviers","Arrondissement de Verviers","Provincie Luik","Province de Liège","Waals Gewest","Région wallonne","<5"
"2020-05-04","63013","Bütgenbach","Butgenbach","Arrondissement Verviers","Arrondissement de Verviers","Provincie Luik","Province de Liège","Waals Gewest","Région wallonne","<5"
"2020-05-04","63020","Dison","Dison","Arrondissement Verviers","Arrondissement de Verviers","Provincie Luik","Province de Liège","Waals Gewest","Région wallonne","9"
"2020-05-04","63035","Herve","Herve","Arrondissement Verviers","Arrondissement de Verviers","Provincie Luik","Province de Liège","Waals Gewest","Région wallonne","<5"
"2020-05-04","63049","Malmedy","Malmedy","Arrondissement Verviers","Arrondissement de Verviers","Provincie Luik","Province de Liège","Waals Gewest","Région wallonne","<5"
"2020-05-04","63067","Sankt Vith","Saint-Vith","Arrondissement Verviers","Arrondissement de Verviers","Provincie Luik","Province de Liège","Waals Gewest","Région wallonne","<5"
"2020-05-04","63079","Verviers","Verviers","Arrondissement Verviers","Arrondissement de Verviers","Provincie Luik","Province de Liège","Waals Gewest","Région wallonne","<5"
"2020-05-04","63080","Weismes","Waimes","Arrondissement Verviers","Arrondissement de Verviers","Provincie Luik","Province de Liège","Waals Gewest","Région wallonne","<5"
"2020-05-04","64047","Lijsem","Lincent","Arrondissement Borgworm","Arrondissement de Waremme","Provincie Luik","Province de Liège","Waals Gewest","Région wallonne","<5"
"2020-05-04","64074","Borgworm","Waremme","Arrondissement Borgworm","Arrondissement de Waremme","Provincie Luik","Province de Liège","Waals Gewest","Région wallonne","<5"
"2020-05-04","71004","Beringen","Beringen","Arrondissement Hasselt","Arrondissement de Hasselt","Provincie Limburg","Province du Limbourg","Vlaams Gewest","Région flamande","<5"
"2020-05-04","71011","Diepenbeek","Diepenbeek","Arrondissement Hasselt","Arrondissement de Hasselt","Provincie Limburg","Province du Limbourg","Vlaams Gewest","Région flamande","<5"
"2020-05-04","71016","Genk","Genk","Arrondissement Hasselt","Arrondissement de Hasselt","Provincie Limburg","Province du Limbourg","Vlaams Gewest","Région flamande","<5"
"2020-05-04","71022","Hasselt","Hasselt","Arrondissement Hasselt","Arrondissement de Hasselt","Provincie Limburg","Province du Limbourg","Vlaams Gewest","Région flamande","5"
"2020-05-04","71024","Herk-de-Stad","Herck-la-Ville","Arrondissement Hasselt","Arrondissement de Hasselt","Provincie Limburg","Province du Limbourg","Vlaams Gewest","Région flamande","<5"
"2020-05-04","71034","Leopoldsburg","Bourg-Léopold","Arrondissement Hasselt","Arrondissement de Hasselt","Provincie Limburg","Province du Limbourg","Vlaams Gewest","Région flamande","<5"
"2020-05-04","71053","Sint-Truiden","Saint-Trond","Arrondissement Hasselt","Arrondissement de Hasselt","Provincie Limburg","Province du Limbourg","Vlaams Gewest","Région flamande","<5"
"2020-05-04","71057","Tessenderlo","Tessenderlo","Arrondissement Hasselt","Arrondissement de Hasselt","Provincie Limburg","Province du Limbourg","Vlaams Gewest","Région flamande","<5"
"2020-05-04","72004","Bree","Bree","Arrondissement Maaseik","Arrondissement de Maaseik","Provincie Limburg","Province du Limbourg","Vlaams Gewest","Région flamande","<5"
"2020-05-04","72018","Kinrooi","Kinrooi","Arrondissement Maaseik","Arrondissement de Maaseik","Provincie Limburg","Province du Limbourg","Vlaams Gewest","Région flamande","<5"
"2020-05-04","72021","Maaseik","Maaseik","Arrondissement Maaseik","Arrondissement de Maaseik","Provincie Limburg","Province du Limbourg","Vlaams Gewest","Région flamande","<5"
"2020-05-04","72030","Peer","Peer","Arrondissement Maaseik","Arrondissement de Maaseik","Provincie Limburg","Province du Limbourg","Vlaams Gewest","Région flamande","<5"
"2020-05-04","72037","Hamont-Achel","Hamont-Achel","Arrondissement Maaseik","Arrondissement de Maaseik","Provincie Limburg","Province du Limbourg","Vlaams Gewest","Région flamande","<5"
"2020-05-04","72039","Houthalen-Helchteren","Houthalen-Helchteren","Arrondissement Maaseik","Arrondissement de Maaseik","Provincie Limburg","Province du Limbourg","Vlaams Gewest","Région flamande","<5"
"2020-05-04","72041","Dilsen-Stokkem","Dilsen-Stokkem","Arrondissement Maaseik","Arrondissement de Maaseik","Provincie Limburg","Province du Limbourg","Vlaams Gewest","Région flamande","<5"
"2020-05-04","72042","Oudsbergen","Oudsbergen","Arrondissement Maaseik","Arrondissement de Maaseik","Provincie Limburg","Province du Limbourg","Vlaams Gewest","Région flamande","<5"
"2020-05-04","72043","Pelt","Pelt","Arrondissement Maaseik","Arrondissement de Maaseik","Provincie Limburg","Province du Limbourg","Vlaams Gewest","Région flamande","<5"
"2020-05-04","73006","Bilzen","Bilzen","Arrondissement Tongeren","Arrondissement de Tongres","Provincie Limburg","Province du Limbourg","Vlaams Gewest","Région flamande","<5"
"2020-05-04","73009","Borgloon","Looz","Arrondissement Tongeren","Arrondissement de Tongres","Provincie Limburg","Province du Limbourg","Vlaams Gewest","Région flamande","<5"
"2020-05-04","73042","Lanaken","Lanaken","Arrondissement Tongeren","Arrondissement de Tongres","Provincie Limburg","Province du Limbourg","Vlaams Gewest","Région flamande","<5"
"2020-05-04","73066","Riemst","Riemst","Arrondissement Tongeren","Arrondissement de Tongres","Provincie Limburg","Province du Limbourg","Vlaams Gewest","Région flamande","<5"
"2020-05-04","73107","Maasmechelen","Maasmechelen","Arrondissement Tongeren","Arrondissement de Tongres","Provincie Limburg","Province du Limbourg","Vlaams Gewest","Région flamande","<5"
"2020-05-04","83012","Durbuy","Durbuy","Arrondissement Marche-en-Famenne","Arrondissement de Marche-en-Famenne","Provincie Luxemburg","Province du Luxembourg","Waals Gewest","Région wallonne","<5"
"2020-05-04","83013","Erezée","Erezée","Arrondissement Marche-en-Famenne","Arrondissement de Marche-en-Famenne","Provincie Luxemburg","Province du Luxembourg","Waals Gewest","Région wallonne","<5"
"2020-05-04","83034","Marche-en-Famenne","Marche-en-Famenne","Arrondissement Marche-en-Famenne","Arrondissement de Marche-en-Famenne","Provincie Luxemburg","Province du Luxembourg","Waals Gewest","Région wallonne","<5"
"2020-05-04","84043","Neufchâteau (Neufchâteau)","Neufchâteau (Neufchâteau)","Arrondissement Neufchâteau","Arrondissement de Neufchâteau","Provincie Luxemburg","Province du Luxembourg","Waals Gewest","Région wallonne","<5"
"2020-05-04","91005","Anhée","Anhée","Arrondissement Dinant","Arrondissement de Dinant","Provincie Namen","Province de Namur","Waals Gewest","Région wallonne","<5"
"2020-05-04","91013","Beauraing","Beauraing","Arrondissement Dinant","Arrondissement de Dinant","Provincie Namen","Province de Namur","Waals Gewest","Région wallonne","<5"
"2020-05-04","91030","Ciney","Ciney","Arrondissement Dinant","Arrondissement de Dinant","Provincie Namen","Province de Namur","Waals Gewest","Région wallonne","<5"
"2020-05-04","91064","Havelange","Havelange","Arrondissement Dinant","Arrondissement de Dinant","Provincie Namen","Province de Namur","Waals Gewest","Région wallonne","<5"
"2020-05-04","91141","Yvoir","Yvoir","Arrondissement Dinant","Arrondissement de Dinant","Provincie Namen","Province de Namur","Waals Gewest","Région wallonne","<5"
"2020-05-04","92003","Andenne","Andenne","Arrondissement Namen","Arrondissement de Namur","Provincie Namen","Province de Namur","Waals Gewest","Région wallonne","5"
"2020-05-04","92045","Floreffe","Floreffe","Arrondissement Namen","Arrondissement de Namur","Provincie Namen","Province de Namur","Waals Gewest","Région wallonne","<5"
"2020-05-04","92048","Fosses-la-Ville","Fosses-la-Ville","Arrondissement Namen","Arrondissement de Namur","Provincie Namen","Province de Namur","Waals Gewest","Région wallonne","<5"
"2020-05-04","92054","Gesves","Gesves","Arrondissement Namen","Arrondissement de Namur","Provincie Namen","Province de Namur","Waals Gewest","Région wallonne","<5"
"2020-05-04","92087","Mettet","Mettet","Arrondissement Namen","Arrondissement de Namur","Provincie Namen","Province de Namur","Waals Gewest","Région wallonne","<5"
"2020-05-04","92094","Namen","Namur","Arrondissement Namen","Arrondissement de Namur","Provincie Namen","Province de Namur","Waals Gewest","Région wallonne","9"
"2020-05-04","92137","Sambreville","Sambreville","Arrondissement Namen","Arrondissement de Namur","Provincie Namen","Province de Namur","Waals Gewest","Région wallonne","<5"
"2020-05-04","92140","Jemeppe-sur-Sambre","Jemeppe-sur-Sambre","Arrondissement Namen","Arrondissement de Namur","Provincie Namen","Province de Namur","Waals Gewest","Région wallonne","<5"
"2020-05-04","92142","Gembloux","Gembloux","Arrondissement Namen","Arrondissement de Namur","Provincie Namen","Province de Namur","Waals Gewest","Région wallonne","<5"
"2020-05-04","93010","Cerfontaine","Cerfontaine","Arrondissement Philippeville","Arrondissement de Philippeville","Provincie Namen","Province de Namur","Waals Gewest","Région wallonne","<5"
"2020-05-04","93088","Walcourt","Walcourt","Arrondissement Philippeville","Arrondissement de Philippeville","Provincie Namen","Province de Namur","Waals Gewest","Région wallonne","<5"
"2020-05-04",NA,NA,NA,NA,NA,NA,NA,NA,NA,"10"
"2020-05-05","11001","Aartselaar","Aartselaar","Arrondissement Antwerpen","Arrondissement d’Anvers","Provincie Antwerpen","Province d’Anvers","Vlaams Gewest","Région flamande","<5"
"2020-05-05","11002","Antwerpen","Anvers","Arrondissement Antwerpen","Arrondissement d’Anvers","Provincie Antwerpen","Province d’Anvers","Vlaams Gewest","Région flamande","48"
"2020-05-05","11007","Borsbeek","Borsbeek","Arrondissement Antwerpen","Arrondissement d’Anvers","Provincie Antwerpen","Province d’Anvers","Vlaams Gewest","Région flamande","<5"
"2020-05-05","11008","Brasschaat","Brasschaat","Arrondissement Antwerpen","Arrondissement d’Anvers","Provincie Antwerpen","Province d’Anvers","Vlaams Gewest","Région flamande","6"
"2020-05-05","11009","Brecht","Brecht","Arrondissement Antwerpen","Arrondissement d’Anvers","Provincie Antwerpen","Province d’Anvers","Vlaams Gewest","Région flamande","<5"
"2020-05-05","11013","Edegem","Edegem","Arrondissement Antwerpen","Arrondissement d’Anvers","Provincie Antwerpen","Province d’Anvers","Vlaams Gewest","Région flamande","<5"
"2020-05-05","11016","Essen","Essen","Arrondissement Antwerpen","Arrondissement d’Anvers","Provincie Antwerpen","Province d’Anvers","Vlaams Gewest","Région flamande","<5"
"2020-05-05","11018","Hemiksem","Hemiksem","Arrondissement Antwerpen","Arrondissement d’Anvers","Provincie Antwerpen","Province d’Anvers","Vlaams Gewest","Région flamande","<5"
"2020-05-05","11021","Hove (Antwerpen)","Hove (Anvers)","Arrondissement Antwerpen","Arrondissement d’Anvers","Provincie Antwerpen","Province d’Anvers","Vlaams Gewest","Région flamande","<5"
"2020-05-05","11022","Kalmthout","Kalmthout","Arrondissement Antwerpen","Arrondissement d’Anvers","Provincie Antwerpen","Province d’Anvers","Vlaams Gewest","Région flamande","<5"
"2020-05-05","11023","Kapellen (Antwerpen)","Kapellen (Anvers)","Arrondissement Antwerpen","Arrondissement d’Anvers","Provincie Antwerpen","Province d’Anvers","Vlaams Gewest","Région flamande","6"
"2020-05-05","11024","Kontich","Kontich","Arrondissement Antwerpen","Arrondissement d’Anvers","Provincie Antwerpen","Province d’Anvers","Vlaams Gewest","Région flamande","<5"
"2020-05-05","11029","Mortsel","Mortsel","Arrondissement Antwerpen","Arrondissement d’Anvers","Provincie Antwerpen","Province d’Anvers","Vlaams Gewest","Région flamande","<5"
"2020-05-05","11035","Ranst","Ranst","Arrondissement Antwerpen","Arrondissement d’Anvers","Provincie Antwerpen","Province d’Anvers","Vlaams Gewest","Région flamande","<5"
"2020-05-05","11037","Rumst","Rumst","Arrondissement Antwerpen","Arrondissement d’Anvers","Provincie Antwerpen","Province d’Anvers","Vlaams Gewest","Région flamande","<5"
"2020-05-05","11038","Schelle","Schelle","Arrondissement Antwerpen","Arrondissement d’Anvers","Provincie Antwerpen","Province d’Anvers","Vlaams Gewest","Région flamande","<5"
"2020-05-05","11039","Schilde","Schilde","Arrondissement Antwerpen","Arrondissement d’Anvers","Provincie Antwerpen","Province d’Anvers","Vlaams Gewest","Région flamande","<5"
"2020-05-05","11040","Schoten","Schoten","Arrondissement Antwerpen","Arrondissement d’Anvers","Provincie Antwerpen","Province d’Anvers","Vlaams Gewest","Région flamande","<5"
"2020-05-05","11044","Stabroek","Stabroek","Arrondissement Antwerpen","Arrondissement d’Anvers","Provincie Antwerpen","Province d’Anvers","Vlaams Gewest","Région flamande","5"
"2020-05-05","11053","Wuustwezel","Wuustwezel","Arrondissement Antwerpen","Arrondissement d’Anvers","Provincie Antwerpen","Province d’Anvers","Vlaams Gewest","Région flamande","<5"
"2020-05-05","11056","Zwijndrecht","Zwijndrecht","Arrondissement Antwerpen","Arrondissement d’Anvers","Provincie Antwerpen","Province d’Anvers","Vlaams Gewest","Région flamande","<5"
"2020-05-05","11057","Malle","Malle","Arrondissement Antwerpen","Arrondissement d’Anvers","Provincie Antwerpen","Province d’Anvers","Vlaams Gewest","Région flamande","<5"
"2020-05-05","12007","Bornem","Bornem","Arrondissement Mechelen","Arrondissement de Malines","Provincie Antwerpen","Province d’Anvers","Vlaams Gewest","Région flamande","<5"
"2020-05-05","12009","Duffel","Duffel","Arrondissement Mechelen","Arrondissement de Malines","Provincie Antwerpen","Province d’Anvers","Vlaams Gewest","Région flamande","<5"
"2020-05-05","12014","Heist-op-den-Berg","Heist-op-den-Berg","Arrondissement Mechelen","Arrondissement de Malines","Provincie Antwerpen","Province d’Anvers","Vlaams Gewest","Région flamande","<5"
"2020-05-05","12021","Lier","Lierre","Arrondissement Mechelen","Arrondissement de Malines","Provincie Antwerpen","Province d’Anvers","Vlaams Gewest","Région flamande","<5"
"2020-05-05","12025","Mechelen","Malines","Arrondissement Mechelen","Arrondissement de Malines","Provincie Antwerpen","Province d’Anvers","Vlaams Gewest","Région flamande","<5"
"2020-05-05","12040","Willebroek","Willebroek","Arrondissement Mechelen","Arrondissement de Malines","Provincie Antwerpen","Province d’Anvers","Vlaams Gewest","Région flamande","<5"
"2020-05-05","12041","Puurs-Sint-Amands","Puurs-Sint-Amands","Arrondissement Mechelen","Arrondissement de Malines","Provincie Antwerpen","Province d’Anvers","Vlaams Gewest","Région flamande","<5"
"2020-05-05","13004","Beerse","Beerse","Arrondissement Turnhout","Arrondissement de Turnhout","Provincie Antwerpen","Province d’Anvers","Vlaams Gewest","Région flamande","<5"
"2020-05-05","13008","Geel","Geel","Arrondissement Turnhout","Arrondissement de Turnhout","Provincie Antwerpen","Province d’Anvers","Vlaams Gewest","Région flamande","<5"
"2020-05-05","13011","Herentals","Herentals","Arrondissement Turnhout","Arrondissement de Turnhout","Provincie Antwerpen","Province d’Anvers","Vlaams Gewest","Région flamande","<5"
"2020-05-05","13013","Herselt","Herselt","Arrondissement Turnhout","Arrondissement de Turnhout","Provincie Antwerpen","Province d’Anvers","Vlaams Gewest","Région flamande","<5"
"2020-05-05","13016","Hulshout","Hulshout","Arrondissement Turnhout","Arrondissement de Turnhout","Provincie Antwerpen","Province d’Anvers","Vlaams Gewest","Région flamande","<5"
"2020-05-05","13017","Kasterlee","Kasterlee","Arrondissement Turnhout","Arrondissement de Turnhout","Provincie Antwerpen","Province d’Anvers","Vlaams Gewest","Région flamande","<5"
"2020-05-05","13025","Mol","Mol","Arrondissement Turnhout","Arrondissement de Turnhout","Provincie Antwerpen","Province d’Anvers","Vlaams Gewest","Région flamande","<5"
"2020-05-05","13031","Oud-Turnhout","Oud-Turnhout","Arrondissement Turnhout","Arrondissement de Turnhout","Provincie Antwerpen","Province d’Anvers","Vlaams Gewest","Région flamande","<5"
"2020-05-05","13035","Ravels","Ravels","Arrondissement Turnhout","Arrondissement de Turnhout","Provincie Antwerpen","Province d’Anvers","Vlaams Gewest","Région flamande","<5"
"2020-05-05","13036","Retie","Retie","Arrondissement Turnhout","Arrondissement de Turnhout","Provincie Antwerpen","Province d’Anvers","Vlaams Gewest","Région flamande","<5"
"2020-05-05","13040","Turnhout","Turnhout","Arrondissement Turnhout","Arrondissement de Turnhout","Provincie Antwerpen","Province d’Anvers","Vlaams Gewest","Région flamande","<5"
"2020-05-05","13044","Vorselaar","Vorselaar","Arrondissement Turnhout","Arrondissement de Turnhout","Provincie Antwerpen","Province d’Anvers","Vlaams Gewest","Région flamande","<5"
"2020-05-05","13046","Vosselaar","Vosselaar","Arrondissement Turnhout","Arrondissement de Turnhout","Provincie Antwerpen","Province d’Anvers","Vlaams Gewest","Région flamande","<5"
"2020-05-05","13049","Westerlo","Westerlo","Arrondissement Turnhout","Arrondissement de Turnhout","Provincie Antwerpen","Province d’Anvers","Vlaams Gewest","Région flamande","<5"
"2020-05-05","13053","Laakdal","Laakdal","Arrondissement Turnhout","Arrondissement de Turnhout","Provincie Antwerpen","Province d’Anvers","Vlaams Gewest","Région flamande","<5"
"2020-05-05","21001","Anderlecht","Anderlecht","Arrondissement Brussel-Hoofdstad","Arrondissement de Bruxelles-Capitale",NA,NA,"Brussels Hoofdstedelijk Gewest","Région de Bruxelles-Capitale","6"
"2020-05-05","21004","Brussel","Bruxelles","Arrondissement Brussel-Hoofdstad","Arrondissement de Bruxelles-Capitale",NA,NA,"Brussels Hoofdstedelijk Gewest","Région de Bruxelles-Capitale","17"
"2020-05-05","21005","Etterbeek","Etterbeek","Arrondissement Brussel-Hoofdstad","Arrondissement de Bruxelles-Capitale",NA,NA,"Brussels Hoofdstedelijk Gewest","Région de Bruxelles-Capitale","<5"
"2020-05-05","21006","Evere","Evere","Arrondissement Brussel-Hoofdstad","Arrondissement de Bruxelles-Capitale",NA,NA,"Brussels Hoofdstedelijk Gewest","Région de Bruxelles-Capitale","<5"
"2020-05-05","21008","Ganshoren","Ganshoren","Arrondissement Brussel-Hoofdstad","Arrondissement de Bruxelles-Capitale",NA,NA,"Brussels Hoofdstedelijk Gewest","Région de Bruxelles-Capitale","<5"
"2020-05-05","21009","Elsene","Ixelles","Arrondissement Brussel-Hoofdstad","Arrondissement de Bruxelles-Capitale",NA,NA,"Brussels Hoofdstedelijk Gewest","Région de Bruxelles-Capitale","10"
"2020-05-05","21010","Jette","Jette","Arrondissement Brussel-Hoofdstad","Arrondissement de Bruxelles-Capitale",NA,NA,"Brussels Hoofdstedelijk Gewest","Région de Bruxelles-Capitale","<5"
"2020-05-05","21012","Sint-Jans-Molenbeek","Molenbeek-Saint-Jean","Arrondissement Brussel-Hoofdstad","Arrondissement de Bruxelles-Capitale",NA,NA,"Brussels Hoofdstedelijk Gewest","Région de Bruxelles-Capitale","8"
"2020-05-05","21013","Sint-Gillis","Saint-Gilles","Arrondissement Brussel-Hoofdstad","Arrondissement de Bruxelles-Capitale",NA,NA,"Brussels Hoofdstedelijk Gewest","Région de Bruxelles-Capitale","<5"
"2020-05-05","21014","Sint-Joost-ten-Node","Saint-Josse-ten-Noode","Arrondissement Brussel-Hoofdstad","Arrondissement de Bruxelles-Capitale",NA,NA,"Brussels Hoofdstedelijk Gewest","Région de Bruxelles-Capitale","<5"
"2020-05-05","21015","Schaarbeek","Schaerbeek","Arrondissement Brussel-Hoofdstad","Arrondissement de Bruxelles-Capitale",NA,NA,"Brussels Hoofdstedelijk Gewest","Région de Bruxelles-Capitale","6"
"2020-05-05","21016","Ukkel","Uccle","Arrondissement Brussel-Hoofdstad","Arrondissement de Bruxelles-Capitale",NA,NA,"Brussels Hoofdstedelijk Gewest","Région de Bruxelles-Capitale","<5"
"2020-05-05","21018","Sint-Lambrechts-Woluwe","Woluwe-Saint-Lambert","Arrondissement Brussel-Hoofdstad","Arrondissement de Bruxelles-Capitale",NA,NA,"Brussels Hoofdstedelijk Gewest","Région de Bruxelles-Capitale","<5"
"2020-05-05","23016","Dilbeek","Dilbeek","Arrondissement Halle-Vilvoorde","Arrondissement de Hal-Vilvorde","Provincie Vlaams-Brabant","Province du Brabant flamand","Vlaams Gewest","Région flamande","<5"
"2020-05-05","23027","Halle (Halle-Vilvoorde)","Hal (Hal-Vilvorde)","Arrondissement Halle-Vilvoorde","Arrondissement de Hal-Vilvorde","Provincie Vlaams-Brabant","Province du Brabant flamand","Vlaams Gewest","Région flamande","7"
"2020-05-05","23033","Hoeilaart","Hoeilaart","Arrondissement Halle-Vilvoorde","Arrondissement de Hal-Vilvorde","Provincie Vlaams-Brabant","Province du Brabant flamand","Vlaams Gewest","Région flamande","<5"
"2020-05-05","23038","Kampenhout","Kampenhout","Arrondissement Halle-Vilvoorde","Arrondissement de Hal-Vilvorde","Provincie Vlaams-Brabant","Province du Brabant flamand","Vlaams Gewest","Région flamande","<5"
"2020-05-05","23044","Liedekerke","Liedekerke","Arrondissement Halle-Vilvoorde","Arrondissement de Hal-Vilvorde","Provincie Vlaams-Brabant","Province du Brabant flamand","Vlaams Gewest","Région flamande","<5"
"2020-05-05","23045","Londerzeel","Londerzeel","Arrondissement Halle-Vilvoorde","Arrondissement de Hal-Vilvorde","Provincie Vlaams-Brabant","Province du Brabant flamand","Vlaams Gewest","Région flamande","<5"
"2020-05-05","23050","Meise","Meise","Arrondissement Halle-Vilvoorde","Arrondissement de Hal-Vilvorde","Provincie Vlaams-Brabant","Province du Brabant flamand","Vlaams Gewest","Région flamande","<5"
"2020-05-05","23052","Merchtem","Merchtem","Arrondissement Halle-Vilvoorde","Arrondissement de Hal-Vilvorde","Provincie Vlaams-Brabant","Province du Brabant flamand","Vlaams Gewest","Région flamande","<5"
"2020-05-05","23060","Opwijk","Opwijk","Arrondissement Halle-Vilvoorde","Arrondissement de Hal-Vilvorde","Provincie Vlaams-Brabant","Province du Brabant flamand","Vlaams Gewest","Région flamande","<5"
"2020-05-05","23062","Overijse","Overijse","Arrondissement Halle-Vilvoorde","Arrondissement de Hal-Vilvorde","Provincie Vlaams-Brabant","Province du Brabant flamand","Vlaams Gewest","Région flamande","<5"
"2020-05-05","23077","Sint-Pieters-Leeuw","Sint-Pieters-Leeuw","Arrondissement Halle-Vilvoorde","Arrondissement de Hal-Vilvorde","Provincie Vlaams-Brabant","Province du Brabant flamand","Vlaams Gewest","Région flamande","<5"
"2020-05-05","23081","Steenokkerzeel","Steenokkerzeel","Arrondissement Halle-Vilvoorde","Arrondissement de Hal-Vilvorde","Provincie Vlaams-Brabant","Province du Brabant flamand","Vlaams Gewest","Région flamande","<5"
"2020-05-05","23088","Vilvoorde","Vilvorde","Arrondissement Halle-Vilvoorde","Arrondissement de Hal-Vilvorde","Provincie Vlaams-Brabant","Province du Brabant flamand","Vlaams Gewest","Région flamande","<5"
"2020-05-05","23096","Zemst","Zemst","Arrondissement Halle-Vilvoorde","Arrondissement de Hal-Vilvorde","Provincie Vlaams-Brabant","Province du Brabant flamand","Vlaams Gewest","Région flamande","<5"
"2020-05-05","23105","Affligem","Affligem","Arrondissement Halle-Vilvoorde","Arrondissement de Hal-Vilvorde","Provincie Vlaams-Brabant","Province du Brabant flamand","Vlaams Gewest","Région flamande","<5"
"2020-05-05","24009","Bertem","Bertem","Arrondissement Leuven","Arrondissement de Louvain","Provincie Vlaams-Brabant","Province du Brabant flamand","Vlaams Gewest","Région flamande","<5"
"2020-05-05","24014","Boortmeerbeek","Boortmeerbeek","Arrondissement Leuven","Arrondissement de Louvain","Provincie Vlaams-Brabant","Province du Brabant flamand","Vlaams Gewest","Région flamande","<5"
"2020-05-05","24028","Geetbets","Geetbets","Arrondissement Leuven","Arrondissement de Louvain","Provincie Vlaams-Brabant","Province du Brabant flamand","Vlaams Gewest","Région flamande","<5"
"2020-05-05","24043","Holsbeek","Holsbeek","Arrondissement Leuven","Arrondissement de Louvain","Provincie Vlaams-Brabant","Province du Brabant flamand","Vlaams Gewest","Région flamande","<5"
"2020-05-05","24062","Leuven","Louvain","Arrondissement Leuven","Arrondissement de Louvain","Provincie Vlaams-Brabant","Province du Brabant flamand","Vlaams Gewest","Région flamande","<5"
"2020-05-05","24086","Oud-Heverlee","Oud-Heverlee","Arrondissement Leuven","Arrondissement de Louvain","Provincie Vlaams-Brabant","Province du Brabant flamand","Vlaams Gewest","Région flamande","<5"
"2020-05-05","24104","Tervuren","Tervuren","Arrondissement Leuven","Arrondissement de Louvain","Provincie Vlaams-Brabant","Province du Brabant flamand","Vlaams Gewest","Région flamande","<5"
"2020-05-05","24107","Tienen","Tirlemont","Arrondissement Leuven","Arrondissement de Louvain","Provincie Vlaams-Brabant","Province du Brabant flamand","Vlaams Gewest","Région flamande","<5"
"2020-05-05","24133","Linter","Linter","Arrondissement Leuven","Arrondissement de Louvain","Provincie Vlaams-Brabant","Province du Brabant flamand","Vlaams Gewest","Région flamande","<5"
"2020-05-05","24134","Scherpenheuvel-Zichem","Montaigu-Zichem","Arrondissement Leuven","Arrondissement de Louvain","Provincie Vlaams-Brabant","Province du Brabant flamand","Vlaams Gewest","Région flamande","<5"
"2020-05-05","25023","Court-Saint-Etienne","Court-Saint-Etienne","Arrondissement Nijvel","Arrondissement de Nivelles","Provincie Waals-Brabant","Province du Brabant wallon","Waals Gewest","Région wallonne","<5"
"2020-05-05","25037","Graven","Grez-Doiceau","Arrondissement Nijvel","Arrondissement de Nivelles","Provincie Waals-Brabant","Province du Brabant wallon","Waals Gewest","Région wallonne","<5"
"2020-05-05","25072","Nijvel","Nivelles","Arrondissement Nijvel","Arrondissement de Nivelles","Provincie Waals-Brabant","Province du Brabant wallon","Waals Gewest","Région wallonne","<5"
"2020-05-05","25105","Tubeke","Tubize","Arrondissement Nijvel","Arrondissement de Nivelles","Provincie Waals-Brabant","Province du Brabant wallon","Waals Gewest","Région wallonne","<5"
"2020-05-05","25112","Waver","Wavre","Arrondissement Nijvel","Arrondissement de Nivelles","Provincie Waals-Brabant","Province du Brabant wallon","Waals Gewest","Région wallonne","<5"
"2020-05-05","25121","Ottignies-Louvain-la-Neuve","Ottignies-Louvain-la-Neuve","Arrondissement Nijvel","Arrondissement de Nivelles","Provincie Waals-Brabant","Province du Brabant wallon","Waals Gewest","Région wallonne","<5"
"2020-05-05","31005","Brugge","Bruges","Arrondissement Brugge","Arrondissement de Bruges","Provincie West-Vlaanderen","Province de Flandre occidentale","Vlaams Gewest","Région flamande","<5"
"2020-05-05","31022","Oostkamp","Oostkamp","Arrondissement Brugge","Arrondissement de Bruges","Provincie West-Vlaanderen","Province de Flandre occidentale","Vlaams Gewest","Région flamande","<5"
"2020-05-05","31033","Torhout","Torhout","Arrondissement Brugge","Arrondissement de Bruges","Provincie West-Vlaanderen","Province de Flandre occidentale","Vlaams Gewest","Région flamande","<5"
"2020-05-05","31040","Zedelgem","Zedelgem","Arrondissement Brugge","Arrondissement de Bruges","Provincie West-Vlaanderen","Province de Flandre occidentale","Vlaams Gewest","Région flamande","<5"
"2020-05-05","31043","Knokke-Heist","Knokke-Heist","Arrondissement Brugge","Arrondissement de Bruges","Provincie West-Vlaanderen","Province de Flandre occidentale","Vlaams Gewest","Région flamande","<5"
"2020-05-05","32010","Koekelare","Koekelare","Arrondissement Diksmuide","Arrondissement de Dixmude","Provincie West-Vlaanderen","Province de Flandre occidentale","Vlaams Gewest","Région flamande","<5"
"2020-05-05","32011","Kortemark","Kortemark","Arrondissement Diksmuide","Arrondissement de Dixmude","Provincie West-Vlaanderen","Province de Flandre occidentale","Vlaams Gewest","Région flamande","<5"
"2020-05-05","33011","Ieper","Ypres","Arrondissement Ieper","Arrondissement d’Ypres","Provincie West-Vlaanderen","Province de Flandre occidentale","Vlaams Gewest","Région flamande","<5"
"2020-05-05","33021","Poperinge","Poperinge","Arrondissement Ieper","Arrondissement d’Ypres","Provincie West-Vlaanderen","Province de Flandre occidentale","Vlaams Gewest","Région flamande","<5"
"2020-05-05","33029","Wervik","Wervik","Arrondissement Ieper","Arrondissement d’Ypres","Provincie West-Vlaanderen","Province de Flandre occidentale","Vlaams Gewest","Région flamande","<5"
"2020-05-05","34002","Anzegem","Anzegem","Arrondissement Kortrijk","Arrondissement de Courtrai","Provincie West-Vlaanderen","Province de Flandre occidentale","Vlaams Gewest","Région flamande","<5"
"2020-05-05","34003","Avelgem","Avelgem","Arrondissement Kortrijk","Arrondissement de Courtrai","Provincie West-Vlaanderen","Province de Flandre occidentale","Vlaams Gewest","Région flamande","<5"
"2020-05-05","34013","Harelbeke","Harelbeke","Arrondissement Kortrijk","Arrondissement de Courtrai","Provincie West-Vlaanderen","Province de Flandre occidentale","Vlaams Gewest","Région flamande","<5"
"2020-05-05","34022","Kortrijk","Courtrai","Arrondissement Kortrijk","Arrondissement de Courtrai","Provincie West-Vlaanderen","Province de Flandre occidentale","Vlaams Gewest","Région flamande","<5"
"2020-05-05","34023","Kuurne","Kuurne","Arrondissement Kortrijk","Arrondissement de Courtrai","Provincie West-Vlaanderen","Province de Flandre occidentale","Vlaams Gewest","Région flamande","<5"
"2020-05-05","34027","Menen","Menin","Arrondissement Kortrijk","Arrondissement de Courtrai","Provincie West-Vlaanderen","Province de Flandre occidentale","Vlaams Gewest","Région flamande","<5"
"2020-05-05","34040","Waregem","Waregem","Arrondissement Kortrijk","Arrondissement de Courtrai","Provincie West-Vlaanderen","Province de Flandre occidentale","Vlaams Gewest","Région flamande","<5"
"2020-05-05","34041","Wevelgem","Wevelgem","Arrondissement Kortrijk","Arrondissement de Courtrai","Provincie West-Vlaanderen","Province de Flandre occidentale","Vlaams Gewest","Région flamande","5"
"2020-05-05","34042","Zwevegem","Zwevegem","Arrondissement Kortrijk","Arrondissement de Courtrai","Provincie West-Vlaanderen","Province de Flandre occidentale","Vlaams Gewest","Région flamande","<5"
"2020-05-05","35005","Gistel","Gistel","Arrondissement Oostende","Arrondissement d’Ostende","Provincie West-Vlaanderen","Province de Flandre occidentale","Vlaams Gewest","Région flamande","<5"
"2020-05-05","35006","Ichtegem","Ichtegem","Arrondissement Oostende","Arrondissement d’Ostende","Provincie West-Vlaanderen","Province de Flandre occidentale","Vlaams Gewest","Région flamande","<5"
"2020-05-05","35011","Middelkerke","Middelkerke","Arrondissement Oostende","Arrondissement d’Ostende","Provincie West-Vlaanderen","Province de Flandre occidentale","Vlaams Gewest","Région flamande","<5"
"2020-05-05","35013","Oostende","Ostende","Arrondissement Oostende","Arrondissement d’Ostende","Provincie West-Vlaanderen","Province de Flandre occidentale","Vlaams Gewest","Région flamande","<5"
"2020-05-05","35014","Oudenburg","Oudenburg","Arrondissement Oostende","Arrondissement d’Ostende","Provincie West-Vlaanderen","Province de Flandre occidentale","Vlaams Gewest","Région flamande","<5"
"2020-05-05","36006","Hooglede","Hooglede","Arrondissement Roeselare","Arrondissement de Roulers","Provincie West-Vlaanderen","Province de Flandre occidentale","Vlaams Gewest","Région flamande","<5"
"2020-05-05","36008","Izegem","Izegem","Arrondissement Roeselare","Arrondissement de Roulers","Provincie West-Vlaanderen","Province de Flandre occidentale","Vlaams Gewest","Région flamande","<5"
"2020-05-05","36010","Ledegem","Ledegem","Arrondissement Roeselare","Arrondissement de Roulers","Provincie West-Vlaanderen","Province de Flandre occidentale","Vlaams Gewest","Région flamande","<5"
"2020-05-05","36012","Moorslede","Moorslede","Arrondissement Roeselare","Arrondissement de Roulers","Provincie West-Vlaanderen","Province de Flandre occidentale","Vlaams Gewest","Région flamande","8"
"2020-05-05","36015","Roeselare","Roulers","Arrondissement Roeselare","Arrondissement de Roulers","Provincie West-Vlaanderen","Province de Flandre occidentale","Vlaams Gewest","Région flamande","<5"
"2020-05-05","37007","Meulebeke","Meulebeke","Arrondissement Tielt","Arrondissement de Tielt","Provincie West-Vlaanderen","Province de Flandre occidentale","Vlaams Gewest","Région flamande","<5"
"2020-05-05","37011","Pittem","Pittem","Arrondissement Tielt","Arrondissement de Tielt","Provincie West-Vlaanderen","Province de Flandre occidentale","Vlaams Gewest","Région flamande","<5"
"2020-05-05","37017","Wielsbeke","Wielsbeke","Arrondissement Tielt","Arrondissement de Tielt","Provincie West-Vlaanderen","Province de Flandre occidentale","Vlaams Gewest","Région flamande","<5"
"2020-05-05","37018","Wingene","Wingene","Arrondissement Tielt","Arrondissement de Tielt","Provincie West-Vlaanderen","Province de Flandre occidentale","Vlaams Gewest","Région flamande","<5"
"2020-05-05","38014","Koksijde","Koksijde","Arrondissement Veurne","Arrondissement de Furnes","Provincie West-Vlaanderen","Province de Flandre occidentale","Vlaams Gewest","Région flamande","<5"
"2020-05-05","38025","Veurne","Furnes","Arrondissement Veurne","Arrondissement de Furnes","Provincie West-Vlaanderen","Province de Flandre occidentale","Vlaams Gewest","Région flamande","<5"
"2020-05-05","41002","Aalst (Aalst)","Alost (Alost)","Arrondissement Aalst","Arrondissement d’Alost","Provincie Oost-Vlaanderen","Province de Flandre orientale","Vlaams Gewest","Région flamande","<5"
"2020-05-05","41018","Geraardsbergen","Grammont","Arrondissement Aalst","Arrondissement d’Alost","Provincie Oost-Vlaanderen","Province de Flandre orientale","Vlaams Gewest","Région flamande","6"
"2020-05-05","41048","Ninove","Ninove","Arrondissement Aalst","Arrondissement d’Alost","Provincie Oost-Vlaanderen","Province de Flandre orientale","Vlaams Gewest","Région flamande","<5"
"2020-05-05","41082","Erpe-Mere","Erpe-Mere","Arrondissement Aalst","Arrondissement d’Alost","Provincie Oost-Vlaanderen","Province de Flandre orientale","Vlaams Gewest","Région flamande","<5"
"2020-05-05","42004","Buggenhout","Buggenhout","Arrondissement Dendermonde","Arrondissement de Termonde","Provincie Oost-Vlaanderen","Province de Flandre orientale","Vlaams Gewest","Région flamande","<5"
"2020-05-05","42006","Dendermonde","Termonde","Arrondissement Dendermonde","Arrondissement de Termonde","Provincie Oost-Vlaanderen","Province de Flandre orientale","Vlaams Gewest","Région flamande","<5"
"2020-05-05","42011","Lebbeke","Lebbeke","Arrondissement Dendermonde","Arrondissement de Termonde","Provincie Oost-Vlaanderen","Province de Flandre orientale","Vlaams Gewest","Région flamande","<5"
"2020-05-05","42023","Waasmunster","Waasmunster","Arrondissement Dendermonde","Arrondissement de Termonde","Provincie Oost-Vlaanderen","Province de Flandre orientale","Vlaams Gewest","Région flamande","<5"
"2020-05-05","42028","Zele","Zele","Arrondissement Dendermonde","Arrondissement de Termonde","Provincie Oost-Vlaanderen","Province de Flandre orientale","Vlaams Gewest","Région flamande","<5"
"2020-05-05","43002","Assenede","Assenede","Arrondissement Eeklo","Arrondissement d’Eeklo","Provincie Oost-Vlaanderen","Province de Flandre orientale","Vlaams Gewest","Région flamande","<5"
"2020-05-05","43010","Maldegem","Maldegem","Arrondissement Eeklo","Arrondissement d’Eeklo","Provincie Oost-Vlaanderen","Province de Flandre orientale","Vlaams Gewest","Région flamande","<5"
"2020-05-05","43018","Zelzate","Zelzate","Arrondissement Eeklo","Arrondissement d’Eeklo","Provincie Oost-Vlaanderen","Province de Flandre orientale","Vlaams Gewest","Région flamande","<5"
"2020-05-05","44019","Evergem","Evergem","Arrondissement Gent","Arrondissement de Gand","Provincie Oost-Vlaanderen","Province de Flandre orientale","Vlaams Gewest","Région flamande","8"
"2020-05-05","44021","Gent","Gand","Arrondissement Gent","Arrondissement de Gand","Provincie Oost-Vlaanderen","Province de Flandre orientale","Vlaams Gewest","Région flamande","5"
"2020-05-05","44034","Lochristi","Lochristi","Arrondissement Gent","Arrondissement de Gand","Provincie Oost-Vlaanderen","Province de Flandre orientale","Vlaams Gewest","Région flamande","<5"
"2020-05-05","44040","Melle","Melle","Arrondissement Gent","Arrondissement de Gand","Provincie Oost-Vlaanderen","Province de Flandre orientale","Vlaams Gewest","Région flamande","<5"
"2020-05-05","44043","Merelbeke","Merelbeke","Arrondissement Gent","Arrondissement de Gand","Provincie Oost-Vlaanderen","Province de Flandre orientale","Vlaams Gewest","Région flamande","<5"
"2020-05-05","44084","Aalter","Aalter","Arrondissement Gent","Arrondissement de Gand","Provincie Oost-Vlaanderen","Province de Flandre orientale","Vlaams Gewest","Région flamande","<5"
"2020-05-05","45035","Oudenaarde","Audenarde","Arrondissement Oudenaarde","Arrondissement d’Audenarde","Provincie Oost-Vlaanderen","Province de Flandre orientale","Vlaams Gewest","Région flamande","<5"
"2020-05-05","45041","Ronse","Renaix","Arrondissement Oudenaarde","Arrondissement d’Audenarde","Provincie Oost-Vlaanderen","Province de Flandre orientale","Vlaams Gewest","Région flamande","<5"
"2020-05-05","45059","Brakel","Brakel","Arrondissement Oudenaarde","Arrondissement d’Audenarde","Provincie Oost-Vlaanderen","Province de Flandre orientale","Vlaams Gewest","Région flamande","<5"
"2020-05-05","45060","Kluisbergen","Kluisbergen","Arrondissement Oudenaarde","Arrondissement d’Audenarde","Provincie Oost-Vlaanderen","Province de Flandre orientale","Vlaams Gewest","Région flamande","<5"
"2020-05-05","45061","Wortegem-Petegem","Wortegem-Petegem","Arrondissement Oudenaarde","Arrondissement d’Audenarde","Provincie Oost-Vlaanderen","Province de Flandre orientale","Vlaams Gewest","Région flamande","<5"
"2020-05-05","45064","Maarkedal","Maarkedal","Arrondissement Oudenaarde","Arrondissement d’Audenarde","Provincie Oost-Vlaanderen","Province de Flandre orientale","Vlaams Gewest","Région flamande","<5"
"2020-05-05","46003","Beveren (Sint-Niklaas)","Beveren (Saint-Nicolas)","Arrondissement Sint-Niklaas","Arrondissement de Saint-Nicolas","Provincie Oost-Vlaanderen","Province de Flandre orientale","Vlaams Gewest","Région flamande","<5"
"2020-05-05","46013","Kruibeke","Kruibeke","Arrondissement Sint-Niklaas","Arrondissement de Saint-Nicolas","Provincie Oost-Vlaanderen","Province de Flandre orientale","Vlaams Gewest","Région flamande","<5"
"2020-05-05","46014","Lokeren","Lokeren","Arrondissement Sint-Niklaas","Arrondissement de Saint-Nicolas","Provincie Oost-Vlaanderen","Province de Flandre orientale","Vlaams Gewest","Région flamande","<5"
"2020-05-05","46021","Sint-Niklaas (Sint-Niklaas)","Saint-Nicolas (Saint-Nicolas)","Arrondissement Sint-Niklaas","Arrondissement de Saint-Nicolas","Provincie Oost-Vlaanderen","Province de Flandre orientale","Vlaams Gewest","Région flamande","<5"
"2020-05-05","46025","Temse","Tamise","Arrondissement Sint-Niklaas","Arrondissement de Saint-Nicolas","Provincie Oost-Vlaanderen","Province de Flandre orientale","Vlaams Gewest","Région flamande","<5"
"2020-05-05","51004","Aat","Ath","Arrondissement Aat","Arrondissement d’Ath","Provincie Henegouwen","Province du Hainaut","Waals Gewest","Région wallonne","<5"
"2020-05-05","51008","Beloeil","Beloeil","Arrondissement Aat","Arrondissement d’Ath","Provincie Henegouwen","Province du Hainaut","Waals Gewest","Région wallonne","<5"
"2020-05-05","51009","Bernissart","Bernissart","Arrondissement Aat","Arrondissement d’Ath","Provincie Henegouwen","Province du Hainaut","Waals Gewest","Région wallonne","<5"
"2020-05-05","52011","Charleroi","Charleroi","Arrondissement Charleroi","Arrondissement de Charleroi","Provincie Henegouwen","Province du Hainaut","Waals Gewest","Région wallonne","5"
"2020-05-05","52021","Fleurus","Fleurus","Arrondissement Charleroi","Arrondissement de Charleroi","Provincie Henegouwen","Province du Hainaut","Waals Gewest","Région wallonne","<5"
"2020-05-05","52074","Aiseau-Presles","Aiseau-Presles","Arrondissement Charleroi","Arrondissement de Charleroi","Provincie Henegouwen","Province du Hainaut","Waals Gewest","Région wallonne","<5"
"2020-05-05","53020","Dour","Dour","Arrondissement Bergen","Arrondissement de Mons","Provincie Henegouwen","Province du Hainaut","Waals Gewest","Région wallonne","<5"
"2020-05-05","53028","Frameries","Frameries","Arrondissement Bergen","Arrondissement de Mons","Provincie Henegouwen","Province du Hainaut","Waals Gewest","Région wallonne","<5"
"2020-05-05","53039","Hensies","Hensies","Arrondissement Bergen","Arrondissement de Mons","Provincie Henegouwen","Province du Hainaut","Waals Gewest","Région wallonne","<5"
"2020-05-05","53053","Bergen","Mons","Arrondissement Bergen","Arrondissement de Mons","Provincie Henegouwen","Province du Hainaut","Waals Gewest","Région wallonne","<5"
"2020-05-05","53068","Quiévrain","Quiévrain","Arrondissement Bergen","Arrondissement de Mons","Provincie Henegouwen","Province du Hainaut","Waals Gewest","Région wallonne","<5"
"2020-05-05","53070","Saint-Ghislain","Saint-Ghislain","Arrondissement Bergen","Arrondissement de Mons","Provincie Henegouwen","Province du Hainaut","Waals Gewest","Région wallonne","<5"
"2020-05-05","55040","Zinnik","Soignies","Arrondissement Zinnik","Arrondissement de Soignies","Provincie Henegouwen","Province du Hainaut","Waals Gewest","Région wallonne","<5"
"2020-05-05","55086","Manage","Manage","Arrondissement Zinnik","Arrondissement de Soignies","Provincie Henegouwen","Province du Hainaut","Waals Gewest","Région wallonne","<5"
"2020-05-05","56005","Beaumont","Beaumont","Arrondissement Thuin","Arrondissement de Thuin","Provincie Henegouwen","Province du Hainaut","Waals Gewest","Région wallonne","<5"
"2020-05-05","56022","Erquelinnes","Erquelinnes","Arrondissement Thuin","Arrondissement de Thuin","Provincie Henegouwen","Province du Hainaut","Waals Gewest","Région wallonne","<5"
"2020-05-05","56086","Ham-sur-Heure-Nalinnes","Ham-sur-Heure-Nalinnes","Arrondissement Thuin","Arrondissement de Thuin","Provincie Henegouwen","Province du Hainaut","Waals Gewest","Région wallonne","<5"
"2020-05-05","57027","Estaimpuis","Estaimpuis","Arrondissement Doornik-Moeskroen","Arrondissement de Tournai-Mouscron","Provincie Henegouwen","Province du Hainaut","Waals Gewest","Région wallonne","<5"
"2020-05-05","57062","Pecq","Pecq","Arrondissement Doornik-Moeskroen","Arrondissement de Tournai-Mouscron","Provincie Henegouwen","Province du Hainaut","Waals Gewest","Région wallonne","<5"
"2020-05-05","57064","Péruwelz","Péruwelz","Arrondissement Doornik-Moeskroen","Arrondissement de Tournai-Mouscron","Provincie Henegouwen","Province du Hainaut","Waals Gewest","Région wallonne","<5"
"2020-05-05","57081","Doornik","Tournai","Arrondissement Doornik-Moeskroen","Arrondissement de Tournai-Mouscron","Provincie Henegouwen","Province du Hainaut","Waals Gewest","Région wallonne","<5"
"2020-05-05","57096","Moeskroen","Mouscron","Arrondissement Doornik-Moeskroen","Arrondissement de Tournai-Mouscron","Provincie Henegouwen","Province du Hainaut","Waals Gewest","Région wallonne","6"
"2020-05-05","57097","Komen-Waasten","Comines-Warneton","Arrondissement Doornik-Moeskroen","Arrondissement de Tournai-Mouscron","Provincie Henegouwen","Province du Hainaut","Waals Gewest","Région wallonne","<5"
"2020-05-05","58001","La Louvière","La Louvière","Arrondissement La Louvière","Arrondissement de La Louvière","Provincie Henegouwen","Province du Hainaut","Waals Gewest","Région wallonne","<5"
"2020-05-05","58002","Binche","Binche","Arrondissement La Louvière","Arrondissement de La Louvière","Provincie Henegouwen","Province du Hainaut","Waals Gewest","Région wallonne","<5"
"2020-05-05","58004","Morlanwelz","Morlanwelz","Arrondissement La Louvière","Arrondissement de La Louvière","Provincie Henegouwen","Province du Hainaut","Waals Gewest","Région wallonne","<5"
"2020-05-05","61031","Hoei","Huy","Arrondissement Hoei","Arrondissement de Huy","Provincie Luik","Province de Liège","Waals Gewest","Région wallonne","<5"
"2020-05-05","62003","Ans","Ans","Arrondissement Luik","Arrondissement de Liège","Provincie Luik","Province de Liège","Waals Gewest","Région wallonne","<5"
"2020-05-05","62006","Awans","Awans","Arrondissement Luik","Arrondissement de Liège","Provincie Luik","Province de Liège","Waals Gewest","Région wallonne","<5"
"2020-05-05","62051","Herstal","Herstal","Arrondissement Luik","Arrondissement de Liège","Provincie Luik","Province de Liège","Waals Gewest","Région wallonne","<5"
"2020-05-05","62060","Juprelle","Juprelle","Arrondissement Luik","Arrondissement de Liège","Provincie Luik","Province de Liège","Waals Gewest","Région wallonne","<5"
"2020-05-05","62063","Luik","Liège","Arrondissement Luik","Arrondissement de Liège","Provincie Luik","Province de Liège","Waals Gewest","Région wallonne","6"
"2020-05-05","62096","Seraing","Seraing","Arrondissement Luik","Arrondissement de Liège","Provincie Luik","Province de Liège","Waals Gewest","Région wallonne","<5"
"2020-05-05","62119","Blegny","Blegny","Arrondissement Luik","Arrondissement de Liège","Provincie Luik","Province de Liège","Waals Gewest","Région wallonne","<5"
"2020-05-05","62120","Flémalle","Flémalle","Arrondissement Luik","Arrondissement de Liège","Provincie Luik","Province de Liège","Waals Gewest","Région wallonne","<5"
"2020-05-05","63020","Dison","Dison","Arrondissement Verviers","Arrondissement de Verviers","Provincie Luik","Province de Liège","Waals Gewest","Région wallonne","<5"
"2020-05-05","63023","Eupen","Eupen","Arrondissement Verviers","Arrondissement de Verviers","Provincie Luik","Province de Liège","Waals Gewest","Région wallonne","<5"
"2020-05-05","63040","Kelmis","La Calamine","Arrondissement Verviers","Arrondissement de Verviers","Provincie Luik","Province de Liège","Waals Gewest","Région wallonne","<5"
"2020-05-05","63049","Malmedy","Malmedy","Arrondissement Verviers","Arrondissement de Verviers","Provincie Luik","Province de Liège","Waals Gewest","Région wallonne","<5"
"2020-05-05","63058","Pepinster","Pepinster","Arrondissement Verviers","Arrondissement de Verviers","Provincie Luik","Province de Liège","Waals Gewest","Région wallonne","<5"
"2020-05-05","63076","Theux","Theux","Arrondissement Verviers","Arrondissement de Verviers","Provincie Luik","Province de Liège","Waals Gewest","Région wallonne","<5"
"2020-05-05","63079","Verviers","Verviers","Arrondissement Verviers","Arrondissement de Verviers","Provincie Luik","Province de Liège","Waals Gewest","Région wallonne","5"
"2020-05-05","63080","Weismes","Waimes","Arrondissement Verviers","Arrondissement de Verviers","Provincie Luik","Province de Liège","Waals Gewest","Région wallonne","<5"
"2020-05-05","63084","Welkenraedt","Welkenraedt","Arrondissement Verviers","Arrondissement de Verviers","Provincie Luik","Province de Liège","Waals Gewest","Région wallonne","<5"
"2020-05-05","63088","Plombières","Plombières","Arrondissement Verviers","Arrondissement de Verviers","Provincie Luik","Province de Liège","Waals Gewest","Région wallonne","<5"
"2020-05-05","64023","Donceel","Donceel","Arrondissement Borgworm","Arrondissement de Waremme","Provincie Luik","Province de Liège","Waals Gewest","Région wallonne","<5"
"2020-05-05","64025","Fexhe-le-Haut-Clocher","Fexhe-le-Haut-Clocher","Arrondissement Borgworm","Arrondissement de Waremme","Provincie Luik","Province de Liège","Waals Gewest","Région wallonne","<5"
"2020-05-05","71002","As","As","Arrondissement Hasselt","Arrondissement de Hasselt","Provincie Limburg","Province du Limbourg","Vlaams Gewest","Région flamande","<5"
"2020-05-05","71011","Diepenbeek","Diepenbeek","Arrondissement Hasselt","Arrondissement de Hasselt","Provincie Limburg","Province du Limbourg","Vlaams Gewest","Région flamande","<5"
"2020-05-05","71016","Genk","Genk","Arrondissement Hasselt","Arrondissement de Hasselt","Provincie Limburg","Province du Limbourg","Vlaams Gewest","Région flamande","<5"
"2020-05-05","71017","Gingelom","Gingelom","Arrondissement Hasselt","Arrondissement de Hasselt","Provincie Limburg","Province du Limbourg","Vlaams Gewest","Région flamande","5"
"2020-05-05","71037","Lummen","Lummen","Arrondissement Hasselt","Arrondissement de Hasselt","Provincie Limburg","Province du Limbourg","Vlaams Gewest","Région flamande","<5"
"2020-05-05","71053","Sint-Truiden","Saint-Trond","Arrondissement Hasselt","Arrondissement de Hasselt","Provincie Limburg","Province du Limbourg","Vlaams Gewest","Région flamande","<5"
"2020-05-05","71057","Tessenderlo","Tessenderlo","Arrondissement Hasselt","Arrondissement de Hasselt","Provincie Limburg","Province du Limbourg","Vlaams Gewest","Région flamande","<5"
"2020-05-05","71066","Zonhoven","Zonhoven","Arrondissement Hasselt","Arrondissement de Hasselt","Provincie Limburg","Province du Limbourg","Vlaams Gewest","Région flamande","<5"
"2020-05-05","71070","Heusden-Zolder","Heusden-Zolder","Arrondissement Hasselt","Arrondissement de Hasselt","Provincie Limburg","Province du Limbourg","Vlaams Gewest","Région flamande","<5"
"2020-05-05","72003","Bocholt","Bocholt","Arrondissement Maaseik","Arrondissement de Maaseik","Provincie Limburg","Province du Limbourg","Vlaams Gewest","Région flamande","<5"
"2020-05-05","73042","Lanaken","Lanaken","Arrondissement Tongeren","Arrondissement de Tongres","Provincie Limburg","Province du Limbourg","Vlaams Gewest","Région flamande","<5"
"2020-05-05","73066","Riemst","Riemst","Arrondissement Tongeren","Arrondissement de Tongres","Provincie Limburg","Province du Limbourg","Vlaams Gewest","Région flamande","<5"
"2020-05-05","73083","Tongeren","Tongres","Arrondissement Tongeren","Arrondissement de Tongres","Provincie Limburg","Province du Limbourg","Vlaams Gewest","Région flamande","<5"
"2020-05-05","73107","Maasmechelen","Maasmechelen","Arrondissement Tongeren","Arrondissement de Tongres","Provincie Limburg","Province du Limbourg","Vlaams Gewest","Région flamande","<5"
"2020-05-05","73109","Voeren","Fourons","Arrondissement Tongeren","Arrondissement de Tongres","Provincie Limburg","Province du Limbourg","Vlaams Gewest","Région flamande","<5"
"2020-05-05","81015","Messancy","Messancy","Arrondissement Aarlen","Arrondissement d’Arlon","Provincie Luxemburg","Province du Luxembourg","Waals Gewest","Région wallonne","<5"
"2020-05-05","83012","Durbuy","Durbuy","Arrondissement Marche-en-Famenne","Arrondissement de Marche-en-Famenne","Provincie Luxemburg","Province du Luxembourg","Waals Gewest","Région wallonne","<5"
"2020-05-05","83013","Erezée","Erezée","Arrondissement Marche-en-Famenne","Arrondissement de Marche-en-Famenne","Provincie Luxemburg","Province du Luxembourg","Waals Gewest","Région wallonne","<5"
"2020-05-05","84016","Daverdisse","Daverdisse","Arrondissement Neufchâteau","Arrondissement de Neufchâteau","Provincie Luxemburg","Province du Luxembourg","Waals Gewest","Région wallonne","<5"
"2020-05-05","91030","Ciney","Ciney","Arrondissement Dinant","Arrondissement de Dinant","Provincie Namen","Province de Namur","Waals Gewest","Région wallonne","5"
"2020-05-05","91103","Onhaye","Onhaye","Arrondissement Dinant","Arrondissement de Dinant","Provincie Namen","Province de Namur","Waals Gewest","Région wallonne","<5"
"2020-05-05","92003","Andenne","Andenne","Arrondissement Namen","Arrondissement de Namur","Provincie Namen","Province de Namur","Waals Gewest","Région wallonne","<5"
"2020-05-05","92035","Eghezée","Eghezée","Arrondissement Namen","Arrondissement de Namur","Provincie Namen","Province de Namur","Waals Gewest","Région wallonne","<5"
"2020-05-05","92087","Mettet","Mettet","Arrondissement Namen","Arrondissement de Namur","Provincie Namen","Province de Namur","Waals Gewest","Région wallonne","<5"
"2020-05-05","92094","Namen","Namur","Arrondissement Namen","Arrondissement de Namur","Provincie Namen","Province de Namur","Waals Gewest","Région wallonne","14"
"2020-05-05","92097","Ohey","Ohey","Arrondissement Namen","Arrondissement de Namur","Provincie Namen","Province de Namur","Waals Gewest","Région wallonne","<5"
"2020-05-05","92137","Sambreville","Sambreville","Arrondissement Namen","Arrondissement de Namur","Provincie Namen","Province de Namur","Waals Gewest","Région wallonne","<5"
"2020-05-05","92140","Jemeppe-sur-Sambre","Jemeppe-sur-Sambre","Arrondissement Namen","Arrondissement de Namur","Provincie Namen","Province de Namur","Waals Gewest","Région wallonne","<5"
"2020-05-05","92142","Gembloux","Gembloux","Arrondissement Namen","Arrondissement de Namur","Provincie Namen","Province de Namur","Waals Gewest","Région wallonne","<5"
"2020-05-05","93022","Florennes","Florennes","Arrondissement Philippeville","Arrondissement de Philippeville","Provincie Namen","Province de Namur","Waals Gewest","Région wallonne","<5"
"2020-05-05",NA,NA,NA,NA,NA,NA,NA,NA,NA,"5"
"2020-05-06","11002","Antwerpen","Anvers","Arrondissement Antwerpen","Arrondissement d’Anvers","Provincie Antwerpen","Province d’Anvers","Vlaams Gewest","Région flamande","38"
"2020-05-06","11005","Boom","Boom","Arrondissement Antwerpen","Arrondissement d’Anvers","Provincie Antwerpen","Province d’Anvers","Vlaams Gewest","Région flamande","<5"
"2020-05-06","11008","Brasschaat","Brasschaat","Arrondissement Antwerpen","Arrondissement d’Anvers","Provincie Antwerpen","Province d’Anvers","Vlaams Gewest","Région flamande","8"
"2020-05-06","11013","Edegem","Edegem","Arrondissement Antwerpen","Arrondissement d’Anvers","Provincie Antwerpen","Province d’Anvers","Vlaams Gewest","Région flamande","<5"
"2020-05-06","11016","Essen","Essen","Arrondissement Antwerpen","Arrondissement d’Anvers","Provincie Antwerpen","Province d’Anvers","Vlaams Gewest","Région flamande","<5"
"2020-05-06","11021","Hove (Antwerpen)","Hove (Anvers)","Arrondissement Antwerpen","Arrondissement d’Anvers","Provincie Antwerpen","Province d’Anvers","Vlaams Gewest","Région flamande","<5"
"2020-05-06","11022","Kalmthout","Kalmthout","Arrondissement Antwerpen","Arrondissement d’Anvers","Provincie Antwerpen","Province d’Anvers","Vlaams Gewest","Région flamande","<5"
"2020-05-06","11023","Kapellen (Antwerpen)","Kapellen (Anvers)","Arrondissement Antwerpen","Arrondissement d’Anvers","Provincie Antwerpen","Province d’Anvers","Vlaams Gewest","Région flamande","13"
"2020-05-06","11024","Kontich","Kontich","Arrondissement Antwerpen","Arrondissement d’Anvers","Provincie Antwerpen","Province d’Anvers","Vlaams Gewest","Région flamande","<5"
"2020-05-06","11025","Lint","Lint","Arrondissement Antwerpen","Arrondissement d’Anvers","Provincie Antwerpen","Province d’Anvers","Vlaams Gewest","Région flamande","<5"
"2020-05-06","11029","Mortsel","Mortsel","Arrondissement Antwerpen","Arrondissement d’Anvers","Provincie Antwerpen","Province d’Anvers","Vlaams Gewest","Région flamande","<5"
"2020-05-06","11030","Niel","Niel","Arrondissement Antwerpen","Arrondissement d’Anvers","Provincie Antwerpen","Province d’Anvers","Vlaams Gewest","Région flamande","<5"
"2020-05-06","11037","Rumst","Rumst","Arrondissement Antwerpen","Arrondissement d’Anvers","Provincie Antwerpen","Province d’Anvers","Vlaams Gewest","Région flamande","<5"
"2020-05-06","11039","Schilde","Schilde","Arrondissement Antwerpen","Arrondissement d’Anvers","Provincie Antwerpen","Province d’Anvers","Vlaams Gewest","Région flamande","<5"
"2020-05-06","11040","Schoten","Schoten","Arrondissement Antwerpen","Arrondissement d’Anvers","Provincie Antwerpen","Province d’Anvers","Vlaams Gewest","Région flamande","5"
"2020-05-06","11044","Stabroek","Stabroek","Arrondissement Antwerpen","Arrondissement d’Anvers","Provincie Antwerpen","Province d’Anvers","Vlaams Gewest","Région flamande","<5"
"2020-05-06","11050","Wijnegem","Wijnegem","Arrondissement Antwerpen","Arrondissement d’Anvers","Provincie Antwerpen","Province d’Anvers","Vlaams Gewest","Région flamande","<5"
"2020-05-06","11052","Wommelgem","Wommelgem","Arrondissement Antwerpen","Arrondissement d’Anvers","Provincie Antwerpen","Province d’Anvers","Vlaams Gewest","Région flamande","<5"
"2020-05-06","11054","Zandhoven","Zandhoven","Arrondissement Antwerpen","Arrondissement d’Anvers","Provincie Antwerpen","Province d’Anvers","Vlaams Gewest","Région flamande","<5"
"2020-05-06","11055","Zoersel","Zoersel","Arrondissement Antwerpen","Arrondissement d’Anvers","Provincie Antwerpen","Province d’Anvers","Vlaams Gewest","Région flamande","<5"
"2020-05-06","11057","Malle","Malle","Arrondissement Antwerpen","Arrondissement d’Anvers","Provincie Antwerpen","Province d’Anvers","Vlaams Gewest","Région flamande","<5"
"2020-05-06","12005","Bonheiden","Bonheiden","Arrondissement Mechelen","Arrondissement de Malines","Provincie Antwerpen","Province d’Anvers","Vlaams Gewest","Région flamande","<5"
"2020-05-06","12014","Heist-op-den-Berg","Heist-op-den-Berg","Arrondissement Mechelen","Arrondissement de Malines","Provincie Antwerpen","Province d’Anvers","Vlaams Gewest","Région flamande","40"
"2020-05-06","12025","Mechelen","Malines","Arrondissement Mechelen","Arrondissement de Malines","Provincie Antwerpen","Province d’Anvers","Vlaams Gewest","Région flamande","<5"
"2020-05-06","12026","Nijlen","Nijlen","Arrondissement Mechelen","Arrondissement de Malines","Provincie Antwerpen","Province d’Anvers","Vlaams Gewest","Région flamande","<5"
"2020-05-06","12040","Willebroek","Willebroek","Arrondissement Mechelen","Arrondissement de Malines","Provincie Antwerpen","Province d’Anvers","Vlaams Gewest","Région flamande","<5"
"2020-05-06","12041","Puurs-Sint-Amands","Puurs-Sint-Amands","Arrondissement Mechelen","Arrondissement de Malines","Provincie Antwerpen","Province d’Anvers","Vlaams Gewest","Région flamande","<5"
"2020-05-06","13006","Dessel","Dessel","Arrondissement Turnhout","Arrondissement de Turnhout","Provincie Antwerpen","Province d’Anvers","Vlaams Gewest","Région flamande","<5"
"2020-05-06","13008","Geel","Geel","Arrondissement Turnhout","Arrondissement de Turnhout","Provincie Antwerpen","Province d’Anvers","Vlaams Gewest","Région flamande","<5"
"2020-05-06","13010","Grobbendonk","Grobbendonk","Arrondissement Turnhout","Arrondissement de Turnhout","Provincie Antwerpen","Province d’Anvers","Vlaams Gewest","Région flamande","<5"
"2020-05-06","13013","Herselt","Herselt","Arrondissement Turnhout","Arrondissement de Turnhout","Provincie Antwerpen","Province d’Anvers","Vlaams Gewest","Région flamande","<5"
"2020-05-06","13019","Lille","Lille","Arrondissement Turnhout","Arrondissement de Turnhout","Provincie Antwerpen","Province d’Anvers","Vlaams Gewest","Région flamande","<5"
"2020-05-06","13023","Merksplas","Merksplas","Arrondissement Turnhout","Arrondissement de Turnhout","Provincie Antwerpen","Province d’Anvers","Vlaams Gewest","Région flamande","<5"
"2020-05-06","13025","Mol","Mol","Arrondissement Turnhout","Arrondissement de Turnhout","Provincie Antwerpen","Province d’Anvers","Vlaams Gewest","Région flamande","<5"
"2020-05-06","13037","Rijkevorsel","Rijkevorsel","Arrondissement Turnhout","Arrondissement de Turnhout","Provincie Antwerpen","Province d’Anvers","Vlaams Gewest","Région flamande","<5"
"2020-05-06","13040","Turnhout","Turnhout","Arrondissement Turnhout","Arrondissement de Turnhout","Provincie Antwerpen","Province d’Anvers","Vlaams Gewest","Région flamande","<5"
"2020-05-06","13049","Westerlo","Westerlo","Arrondissement Turnhout","Arrondissement de Turnhout","Provincie Antwerpen","Province d’Anvers","Vlaams Gewest","Région flamande","<5"
"2020-05-06","13053","Laakdal","Laakdal","Arrondissement Turnhout","Arrondissement de Turnhout","Provincie Antwerpen","Province d’Anvers","Vlaams Gewest","Région flamande","<5"
"2020-05-06","21001","Anderlecht","Anderlecht","Arrondissement Brussel-Hoofdstad","Arrondissement de Bruxelles-Capitale",NA,NA,"Brussels Hoofdstedelijk Gewest","Région de Bruxelles-Capitale","<5"
"2020-05-06","21004","Brussel","Bruxelles","Arrondissement Brussel-Hoofdstad","Arrondissement de Bruxelles-Capitale",NA,NA,"Brussels Hoofdstedelijk Gewest","Région de Bruxelles-Capitale","11"
"2020-05-06","21006","Evere","Evere","Arrondissement Brussel-Hoofdstad","Arrondissement de Bruxelles-Capitale",NA,NA,"Brussels Hoofdstedelijk Gewest","Région de Bruxelles-Capitale","<5"
"2020-05-06","21008","Ganshoren","Ganshoren","Arrondissement Brussel-Hoofdstad","Arrondissement de Bruxelles-Capitale",NA,NA,"Brussels Hoofdstedelijk Gewest","Région de Bruxelles-Capitale","<5"
"2020-05-06","21009","Elsene","Ixelles","Arrondissement Brussel-Hoofdstad","Arrondissement de Bruxelles-Capitale",NA,NA,"Brussels Hoofdstedelijk Gewest","Région de Bruxelles-Capitale","<5"
"2020-05-06","21010","Jette","Jette","Arrondissement Brussel-Hoofdstad","Arrondissement de Bruxelles-Capitale",NA,NA,"Brussels Hoofdstedelijk Gewest","Région de Bruxelles-Capitale","<5"
"2020-05-06","21011","Koekelberg","Koekelberg","Arrondissement Brussel-Hoofdstad","Arrondissement de Bruxelles-Capitale",NA,NA,"Brussels Hoofdstedelijk Gewest","Région de Bruxelles-Capitale","<5"
"2020-05-06","21012","Sint-Jans-Molenbeek","Molenbeek-Saint-Jean","Arrondissement Brussel-Hoofdstad","Arrondissement de Bruxelles-Capitale",NA,NA,"Brussels Hoofdstedelijk Gewest","Région de Bruxelles-Capitale","6"
"2020-05-06","21013","Sint-Gillis","Saint-Gilles","Arrondissement Brussel-Hoofdstad","Arrondissement de Bruxelles-Capitale",NA,NA,"Brussels Hoofdstedelijk Gewest","Région de Bruxelles-Capitale","<5"
"2020-05-06","21014","Sint-Joost-ten-Node","Saint-Josse-ten-Noode","Arrondissement Brussel-Hoofdstad","Arrondissement de Bruxelles-Capitale",NA,NA,"Brussels Hoofdstedelijk Gewest","Région de Bruxelles-Capitale","<5"
"2020-05-06","21015","Schaarbeek","Schaerbeek","Arrondissement Brussel-Hoofdstad","Arrondissement de Bruxelles-Capitale",NA,NA,"Brussels Hoofdstedelijk Gewest","Région de Bruxelles-Capitale","5"
"2020-05-06","21016","Ukkel","Uccle","Arrondissement Brussel-Hoofdstad","Arrondissement de Bruxelles-Capitale",NA,NA,"Brussels Hoofdstedelijk Gewest","Région de Bruxelles-Capitale","<5"
"2020-05-06","21018","Sint-Lambrechts-Woluwe","Woluwe-Saint-Lambert","Arrondissement Brussel-Hoofdstad","Arrondissement de Bruxelles-Capitale",NA,NA,"Brussels Hoofdstedelijk Gewest","Région de Bruxelles-Capitale","<5"
"2020-05-06","21019","Sint-Pieters-Woluwe","Woluwe-Saint-Pierre","Arrondissement Brussel-Hoofdstad","Arrondissement de Bruxelles-Capitale",NA,NA,"Brussels Hoofdstedelijk Gewest","Région de Bruxelles-Capitale","<5"
"2020-05-06","23016","Dilbeek","Dilbeek","Arrondissement Halle-Vilvoorde","Arrondissement de Hal-Vilvorde","Provincie Vlaams-Brabant","Province du Brabant flamand","Vlaams Gewest","Région flamande","12"
"2020-05-06","23023","Galmaarden","Gammerages","Arrondissement Halle-Vilvoorde","Arrondissement de Hal-Vilvorde","Provincie Vlaams-Brabant","Province du Brabant flamand","Vlaams Gewest","Région flamande","<5"
"2020-05-06","23025","Grimbergen","Grimbergen","Arrondissement Halle-Vilvoorde","Arrondissement de Hal-Vilvorde","Provincie Vlaams-Brabant","Province du Brabant flamand","Vlaams Gewest","Région flamande","<5"
"2020-05-06","23027","Halle (Halle-Vilvoorde)","Hal (Hal-Vilvorde)","Arrondissement Halle-Vilvoorde","Arrondissement de Hal-Vilvorde","Provincie Vlaams-Brabant","Province du Brabant flamand","Vlaams Gewest","Région flamande","<5"
"2020-05-06","23032","Herne","Herne","Arrondissement Halle-Vilvoorde","Arrondissement de Hal-Vilvorde","Provincie Vlaams-Brabant","Province du Brabant flamand","Vlaams Gewest","Région flamande","<5"
"2020-05-06","23039","Kapelle-op-den-Bos","Kapelle-op-den-Bos","Arrondissement Halle-Vilvoorde","Arrondissement de Hal-Vilvorde","Provincie Vlaams-Brabant","Province du Brabant flamand","Vlaams Gewest","Région flamande","<5"
"2020-05-06","23047","Machelen (Halle-Vilvoorde)","Machelen (Hal-Vilvorde)","Arrondissement Halle-Vilvoorde","Arrondissement de Hal-Vilvorde","Provincie Vlaams-Brabant","Province du Brabant flamand","Vlaams Gewest","Région flamande","<5"
"2020-05-06","23052","Merchtem","Merchtem","Arrondissement Halle-Vilvoorde","Arrondissement de Hal-Vilvorde","Provincie Vlaams-Brabant","Province du Brabant flamand","Vlaams Gewest","Région flamande","<5"
"2020-05-06","23060","Opwijk","Opwijk","Arrondissement Halle-Vilvoorde","Arrondissement de Hal-Vilvorde","Provincie Vlaams-Brabant","Province du Brabant flamand","Vlaams Gewest","Région flamande","<5"
"2020-05-06","23094","Zaventem","Zaventem","Arrondissement Halle-Vilvoorde","Arrondissement de Hal-Vilvorde","Provincie Vlaams-Brabant","Province du Brabant flamand","Vlaams Gewest","Région flamande","<5"
"2020-05-06","23102","Wemmel","Wemmel","Arrondissement Halle-Vilvoorde","Arrondissement de Hal-Vilvorde","Provincie Vlaams-Brabant","Province du Brabant flamand","Vlaams Gewest","Région flamande","<5"
"2020-05-06","23104","Lennik","Lennik","Arrondissement Halle-Vilvoorde","Arrondissement de Hal-Vilvorde","Provincie Vlaams-Brabant","Province du Brabant flamand","Vlaams Gewest","Région flamande","<5"
"2020-05-06","24001","Aarschot","Aarschot","Arrondissement Leuven","Arrondissement de Louvain","Provincie Vlaams-Brabant","Province du Brabant flamand","Vlaams Gewest","Région flamande","<5"
"2020-05-06","24014","Boortmeerbeek","Boortmeerbeek","Arrondissement Leuven","Arrondissement de Louvain","Provincie Vlaams-Brabant","Province du Brabant flamand","Vlaams Gewest","Région flamande","<5"
"2020-05-06","24016","Boutersem","Boutersem","Arrondissement Leuven","Arrondissement de Louvain","Provincie Vlaams-Brabant","Province du Brabant flamand","Vlaams Gewest","Région flamande","<5"
"2020-05-06","24033","Haacht","Haacht","Arrondissement Leuven","Arrondissement de Louvain","Provincie Vlaams-Brabant","Province du Brabant flamand","Vlaams Gewest","Région flamande","<5"
"2020-05-06","24043","Holsbeek","Holsbeek","Arrondissement Leuven","Arrondissement de Louvain","Provincie Vlaams-Brabant","Province du Brabant flamand","Vlaams Gewest","Région flamande","<5"
"2020-05-06","24048","Keerbergen","Keerbergen","Arrondissement Leuven","Arrondissement de Louvain","Provincie Vlaams-Brabant","Province du Brabant flamand","Vlaams Gewest","Région flamande","<5"
"2020-05-06","24055","Kortenberg","Kortenberg","Arrondissement Leuven","Arrondissement de Louvain","Provincie Vlaams-Brabant","Province du Brabant flamand","Vlaams Gewest","Région flamande","<5"
"2020-05-06","24062","Leuven","Louvain","Arrondissement Leuven","Arrondissement de Louvain","Provincie Vlaams-Brabant","Province du Brabant flamand","Vlaams Gewest","Région flamande","<5"
"2020-05-06","24104","Tervuren","Tervuren","Arrondissement Leuven","Arrondissement de Louvain","Provincie Vlaams-Brabant","Province du Brabant flamand","Vlaams Gewest","Région flamande","<5"
"2020-05-06","24107","Tienen","Tirlemont","Arrondissement Leuven","Arrondissement de Louvain","Provincie Vlaams-Brabant","Province du Brabant flamand","Vlaams Gewest","Région flamande","<5"
"2020-05-06","24109","Tremelo","Tremelo","Arrondissement Leuven","Arrondissement de Louvain","Provincie Vlaams-Brabant","Province du Brabant flamand","Vlaams Gewest","Région flamande","<5"
"2020-05-06","25005","Bevekom","Beauvechain","Arrondissement Nijvel","Arrondissement de Nivelles","Provincie Waals-Brabant","Province du Brabant wallon","Waals Gewest","Région wallonne","<5"
"2020-05-06","25014","Eigenbrakel","Braine-l’Alleud","Arrondissement Nijvel","Arrondissement de Nivelles","Provincie Waals-Brabant","Province du Brabant wallon","Waals Gewest","Région wallonne","<5"
"2020-05-06","25015","Kasteelbrakel","Braine-le-Château","Arrondissement Nijvel","Arrondissement de Nivelles","Provincie Waals-Brabant","Province du Brabant wallon","Waals Gewest","Région wallonne","<5"
"2020-05-06","25037","Graven","Grez-Doiceau","Arrondissement Nijvel","Arrondissement de Nivelles","Provincie Waals-Brabant","Province du Brabant wallon","Waals Gewest","Région wallonne","<5"
"2020-05-06","25068","Mont-Saint-Guibert","Mont-Saint-Guibert","Arrondissement Nijvel","Arrondissement de Nivelles","Provincie Waals-Brabant","Province du Brabant wallon","Waals Gewest","Région wallonne","<5"
"2020-05-06","25084","Perwijs (Nijvel)","Perwez (Nivelles)","Arrondissement Nijvel","Arrondissement de Nivelles","Provincie Waals-Brabant","Province du Brabant wallon","Waals Gewest","Région wallonne","<5"
"2020-05-06","25091","Rixensart","Rixensart","Arrondissement Nijvel","Arrondissement de Nivelles","Provincie Waals-Brabant","Province du Brabant wallon","Waals Gewest","Région wallonne","<5"
"2020-05-06","25105","Tubeke","Tubize","Arrondissement Nijvel","Arrondissement de Nivelles","Provincie Waals-Brabant","Province du Brabant wallon","Waals Gewest","Région wallonne","<5"
"2020-05-06","25110","Waterloo","Waterloo","Arrondissement Nijvel","Arrondissement de Nivelles","Provincie Waals-Brabant","Province du Brabant wallon","Waals Gewest","Région wallonne","<5"
"2020-05-06","25121","Ottignies-Louvain-la-Neuve","Ottignies-Louvain-la-Neuve","Arrondissement Nijvel","Arrondissement de Nivelles","Provincie Waals-Brabant","Province du Brabant wallon","Waals Gewest","Région wallonne","<5"
"2020-05-06","25123","Rebecq","Rebecq","Arrondissement Nijvel","Arrondissement de Nivelles","Provincie Waals-Brabant","Province du Brabant wallon","Waals Gewest","Région wallonne","<5"
"2020-05-06","31003","Beernem","Beernem","Arrondissement Brugge","Arrondissement de Bruges","Provincie West-Vlaanderen","Province de Flandre occidentale","Vlaams Gewest","Région flamande","<5"
"2020-05-06","31004","Blankenberge","Blankenberge","Arrondissement Brugge","Arrondissement de Bruges","Provincie West-Vlaanderen","Province de Flandre occidentale","Vlaams Gewest","Région flamande","<5"
"2020-05-06","31005","Brugge","Bruges","Arrondissement Brugge","Arrondissement de Bruges","Provincie West-Vlaanderen","Province de Flandre occidentale","Vlaams Gewest","Région flamande","10"
"2020-05-06","31022","Oostkamp","Oostkamp","Arrondissement Brugge","Arrondissement de Bruges","Provincie West-Vlaanderen","Province de Flandre occidentale","Vlaams Gewest","Région flamande","<5"
"2020-05-06","31033","Torhout","Torhout","Arrondissement Brugge","Arrondissement de Bruges","Provincie West-Vlaanderen","Province de Flandre occidentale","Vlaams Gewest","Région flamande","<5"
"2020-05-06","31040","Zedelgem","Zedelgem","Arrondissement Brugge","Arrondissement de Bruges","Provincie West-Vlaanderen","Province de Flandre occidentale","Vlaams Gewest","Région flamande","<5"
"2020-05-06","33011","Ieper","Ypres","Arrondissement Ieper","Arrondissement d’Ypres","Provincie West-Vlaanderen","Province de Flandre occidentale","Vlaams Gewest","Région flamande","<5"
"2020-05-06","33029","Wervik","Wervik","Arrondissement Ieper","Arrondissement d’Ypres","Provincie West-Vlaanderen","Province de Flandre occidentale","Vlaams Gewest","Région flamande","<5"
"2020-05-06","34003","Avelgem","Avelgem","Arrondissement Kortrijk","Arrondissement de Courtrai","Provincie West-Vlaanderen","Province de Flandre occidentale","Vlaams Gewest","Région flamande","<5"
"2020-05-06","34013","Harelbeke","Harelbeke","Arrondissement Kortrijk","Arrondissement de Courtrai","Provincie West-Vlaanderen","Province de Flandre occidentale","Vlaams Gewest","Région flamande","<5"
"2020-05-06","34022","Kortrijk","Courtrai","Arrondissement Kortrijk","Arrondissement de Courtrai","Provincie West-Vlaanderen","Province de Flandre occidentale","Vlaams Gewest","Région flamande","<5"
"2020-05-06","34023","Kuurne","Kuurne","Arrondissement Kortrijk","Arrondissement de Courtrai","Provincie West-Vlaanderen","Province de Flandre occidentale","Vlaams Gewest","Région flamande","<5"
"2020-05-06","34040","Waregem","Waregem","Arrondissement Kortrijk","Arrondissement de Courtrai","Provincie West-Vlaanderen","Province de Flandre occidentale","Vlaams Gewest","Région flamande","<5"
"2020-05-06","34041","Wevelgem","Wevelgem","Arrondissement Kortrijk","Arrondissement de Courtrai","Provincie West-Vlaanderen","Province de Flandre occidentale","Vlaams Gewest","Région flamande","<5"
"2020-05-06","34042","Zwevegem","Zwevegem","Arrondissement Kortrijk","Arrondissement de Courtrai","Provincie West-Vlaanderen","Province de Flandre occidentale","Vlaams Gewest","Région flamande","<5"
"2020-05-06","35005","Gistel","Gistel","Arrondissement Oostende","Arrondissement d’Ostende","Provincie West-Vlaanderen","Province de Flandre occidentale","Vlaams Gewest","Région flamande","<5"
"2020-05-06","35006","Ichtegem","Ichtegem","Arrondissement Oostende","Arrondissement d’Ostende","Provincie West-Vlaanderen","Province de Flandre occidentale","Vlaams Gewest","Région flamande","<5"
"2020-05-06","35013","Oostende","Ostende","Arrondissement Oostende","Arrondissement d’Ostende","Provincie West-Vlaanderen","Province de Flandre occidentale","Vlaams Gewest","Région flamande","<5"
"2020-05-06","36015","Roeselare","Roulers","Arrondissement Roeselare","Arrondissement de Roulers","Provincie West-Vlaanderen","Province de Flandre occidentale","Vlaams Gewest","Région flamande","<5"
"2020-05-06","36019","Staden","Staden","Arrondissement Roeselare","Arrondissement de Roulers","Provincie West-Vlaanderen","Province de Flandre occidentale","Vlaams Gewest","Région flamande","<5"
"2020-05-06","38002","Alveringem","Alveringem","Arrondissement Veurne","Arrondissement de Furnes","Provincie West-Vlaanderen","Province de Flandre occidentale","Vlaams Gewest","Région flamande","<5"
"2020-05-06","38008","De Panne","La Panne","Arrondissement Veurne","Arrondissement de Furnes","Provincie West-Vlaanderen","Province de Flandre occidentale","Vlaams Gewest","Région flamande","<5"
"2020-05-06","38014","Koksijde","Koksijde","Arrondissement Veurne","Arrondissement de Furnes","Provincie West-Vlaanderen","Province de Flandre occidentale","Vlaams Gewest","Région flamande","<5"
"2020-05-06","38016","Nieuwpoort","Nieuport","Arrondissement Veurne","Arrondissement de Furnes","Provincie West-Vlaanderen","Province de Flandre occidentale","Vlaams Gewest","Région flamande","<5"
"2020-05-06","38025","Veurne","Furnes","Arrondissement Veurne","Arrondissement de Furnes","Provincie West-Vlaanderen","Province de Flandre occidentale","Vlaams Gewest","Région flamande","<5"
"2020-05-06","41002","Aalst (Aalst)","Alost (Alost)","Arrondissement Aalst","Arrondissement d’Alost","Provincie Oost-Vlaanderen","Province de Flandre orientale","Vlaams Gewest","Région flamande","5"
"2020-05-06","41011","Denderleeuw","Denderleeuw","Arrondissement Aalst","Arrondissement d’Alost","Provincie Oost-Vlaanderen","Province de Flandre orientale","Vlaams Gewest","Région flamande","<5"
"2020-05-06","41048","Ninove","Ninove","Arrondissement Aalst","Arrondissement d’Alost","Provincie Oost-Vlaanderen","Province de Flandre orientale","Vlaams Gewest","Région flamande","<5"
"2020-05-06","42004","Buggenhout","Buggenhout","Arrondissement Dendermonde","Arrondissement de Termonde","Provincie Oost-Vlaanderen","Province de Flandre orientale","Vlaams Gewest","Région flamande","<5"
"2020-05-06","42008","Hamme (Dendermonde)","Hamme (Termonde)","Arrondissement Dendermonde","Arrondissement de Termonde","Provincie Oost-Vlaanderen","Province de Flandre orientale","Vlaams Gewest","Région flamande","<5"
"2020-05-06","42011","Lebbeke","Lebbeke","Arrondissement Dendermonde","Arrondissement de Termonde","Provincie Oost-Vlaanderen","Province de Flandre orientale","Vlaams Gewest","Région flamande","<5"
"2020-05-06","42025","Wetteren","Wetteren","Arrondissement Dendermonde","Arrondissement de Termonde","Provincie Oost-Vlaanderen","Province de Flandre orientale","Vlaams Gewest","Région flamande","<5"
"2020-05-06","42028","Zele","Zele","Arrondissement Dendermonde","Arrondissement de Termonde","Provincie Oost-Vlaanderen","Province de Flandre orientale","Vlaams Gewest","Région flamande","<5"
"2020-05-06","43005","Eeklo","Eeklo","Arrondissement Eeklo","Arrondissement d’Eeklo","Provincie Oost-Vlaanderen","Province de Flandre orientale","Vlaams Gewest","Région flamande","<5"
"2020-05-06","43007","Kaprijke","Kaprijke","Arrondissement Eeklo","Arrondissement d’Eeklo","Provincie Oost-Vlaanderen","Province de Flandre orientale","Vlaams Gewest","Région flamande","<5"
"2020-05-06","43010","Maldegem","Maldegem","Arrondissement Eeklo","Arrondissement d’Eeklo","Provincie Oost-Vlaanderen","Province de Flandre orientale","Vlaams Gewest","Région flamande","<5"
"2020-05-06","43014","Sint-Laureins","Sint-Laureins","Arrondissement Eeklo","Arrondissement d’Eeklo","Provincie Oost-Vlaanderen","Province de Flandre orientale","Vlaams Gewest","Région flamande","<5"
"2020-05-06","43018","Zelzate","Zelzate","Arrondissement Eeklo","Arrondissement d’Eeklo","Provincie Oost-Vlaanderen","Province de Flandre orientale","Vlaams Gewest","Région flamande","<5"
"2020-05-06","44019","Evergem","Evergem","Arrondissement Gent","Arrondissement de Gand","Provincie Oost-Vlaanderen","Province de Flandre orientale","Vlaams Gewest","Région flamande","<5"
"2020-05-06","44021","Gent","Gand","Arrondissement Gent","Arrondissement de Gand","Provincie Oost-Vlaanderen","Province de Flandre orientale","Vlaams Gewest","Région flamande","5"
"2020-05-06","44034","Lochristi","Lochristi","Arrondissement Gent","Arrondissement de Gand","Provincie Oost-Vlaanderen","Province de Flandre orientale","Vlaams Gewest","Région flamande","<5"
"2020-05-06","44064","Sint-Martens-Latem","Sint-Martens-Latem","Arrondissement Gent","Arrondissement de Gand","Provincie Oost-Vlaanderen","Province de Flandre orientale","Vlaams Gewest","Région flamande","<5"
"2020-05-06","44083","Deinze","Deinze","Arrondissement Gent","Arrondissement de Gand","Provincie Oost-Vlaanderen","Province de Flandre orientale","Vlaams Gewest","Région flamande","8"
"2020-05-06","44084","Aalter","Aalter","Arrondissement Gent","Arrondissement de Gand","Provincie Oost-Vlaanderen","Province de Flandre orientale","Vlaams Gewest","Région flamande","<5"
"2020-05-06","44085","Lievegem","Lievegem","Arrondissement Gent","Arrondissement de Gand","Provincie Oost-Vlaanderen","Province de Flandre orientale","Vlaams Gewest","Région flamande","<5"
"2020-05-06","45059","Brakel","Brakel","Arrondissement Oudenaarde","Arrondissement d’Audenarde","Provincie Oost-Vlaanderen","Province de Flandre orientale","Vlaams Gewest","Région flamande","<5"
"2020-05-06","45062","Horebeke","Horebeke","Arrondissement Oudenaarde","Arrondissement d’Audenarde","Provincie Oost-Vlaanderen","Province de Flandre orientale","Vlaams Gewest","Région flamande","<5"
"2020-05-06","45064","Maarkedal","Maarkedal","Arrondissement Oudenaarde","Arrondissement d’Audenarde","Provincie Oost-Vlaanderen","Province de Flandre orientale","Vlaams Gewest","Région flamande","<5"
"2020-05-06","45068","Kruisem","Kruisem","Arrondissement Oudenaarde","Arrondissement d’Audenarde","Provincie Oost-Vlaanderen","Province de Flandre orientale","Vlaams Gewest","Région flamande","<5"
"2020-05-06","46003","Beveren (Sint-Niklaas)","Beveren (Saint-Nicolas)","Arrondissement Sint-Niklaas","Arrondissement de Saint-Nicolas","Provincie Oost-Vlaanderen","Province de Flandre orientale","Vlaams Gewest","Région flamande","<5"
"2020-05-06","46014","Lokeren","Lokeren","Arrondissement Sint-Niklaas","Arrondissement de Saint-Nicolas","Provincie Oost-Vlaanderen","Province de Flandre orientale","Vlaams Gewest","Région flamande","<5"
"2020-05-06","46025","Temse","Tamise","Arrondissement Sint-Niklaas","Arrondissement de Saint-Nicolas","Provincie Oost-Vlaanderen","Province de Flandre orientale","Vlaams Gewest","Région flamande","<5"
"2020-05-06","51008","Beloeil","Beloeil","Arrondissement Aat","Arrondissement d’Ath","Provincie Henegouwen","Province du Hainaut","Waals Gewest","Région wallonne","<5"
"2020-05-06","51017","Elzele","Ellezelles","Arrondissement Aat","Arrondissement d’Ath","Provincie Henegouwen","Province du Hainaut","Waals Gewest","Région wallonne","<5"
"2020-05-06","51065","Frasnes-lez-Anvaing","Frasnes-lez-Anvaing","Arrondissement Aat","Arrondissement d’Ath","Provincie Henegouwen","Province du Hainaut","Waals Gewest","Région wallonne","<5"
"2020-05-06","52010","Chapelle-lez-Herlaimont","Chapelle-lez-Herlaimont","Arrondissement Charleroi","Arrondissement de Charleroi","Provincie Henegouwen","Province du Hainaut","Waals Gewest","Région wallonne","<5"
"2020-05-06","52011","Charleroi","Charleroi","Arrondissement Charleroi","Arrondissement de Charleroi","Provincie Henegouwen","Province du Hainaut","Waals Gewest","Région wallonne","17"
"2020-05-06","52012","Châtelet","Châtelet","Arrondissement Charleroi","Arrondissement de Charleroi","Provincie Henegouwen","Province du Hainaut","Waals Gewest","Région wallonne","<5"
"2020-05-06","52015","Courcelles","Courcelles","Arrondissement Charleroi","Arrondissement de Charleroi","Provincie Henegouwen","Province du Hainaut","Waals Gewest","Région wallonne","<5"
"2020-05-06","52021","Fleurus","Fleurus","Arrondissement Charleroi","Arrondissement de Charleroi","Provincie Henegouwen","Province du Hainaut","Waals Gewest","Région wallonne","<5"
"2020-05-06","52022","Fontaine-l’Evêque","Fontaine-l’Evêque","Arrondissement Charleroi","Arrondissement de Charleroi","Provincie Henegouwen","Province du Hainaut","Waals Gewest","Région wallonne","<5"
"2020-05-06","52025","Gerpinnes","Gerpinnes","Arrondissement Charleroi","Arrondissement de Charleroi","Provincie Henegouwen","Province du Hainaut","Waals Gewest","Région wallonne","<5"
"2020-05-06","52048","Montigny-le-Tilleul","Montigny-le-Tilleul","Arrondissement Charleroi","Arrondissement de Charleroi","Provincie Henegouwen","Province du Hainaut","Waals Gewest","Région wallonne","<5"
"2020-05-06","52055","Pont-à-Celles","Pont-à-Celles","Arrondissement Charleroi","Arrondissement de Charleroi","Provincie Henegouwen","Province du Hainaut","Waals Gewest","Région wallonne","<5"
"2020-05-06","53020","Dour","Dour","Arrondissement Bergen","Arrondissement de Mons","Provincie Henegouwen","Province du Hainaut","Waals Gewest","Région wallonne","5"
"2020-05-06","53044","Jurbeke","Jurbise","Arrondissement Bergen","Arrondissement de Mons","Provincie Henegouwen","Province du Hainaut","Waals Gewest","Région wallonne","<5"
"2020-05-06","53053","Bergen","Mons","Arrondissement Bergen","Arrondissement de Mons","Provincie Henegouwen","Province du Hainaut","Waals Gewest","Région wallonne","6"
"2020-05-06","53082","Colfontaine","Colfontaine","Arrondissement Bergen","Arrondissement de Mons","Provincie Henegouwen","Province du Hainaut","Waals Gewest","Région wallonne","<5"
"2020-05-06","56001","Anderlues","Anderlues","Arrondissement Thuin","Arrondissement de Thuin","Provincie Henegouwen","Province du Hainaut","Waals Gewest","Région wallonne","<5"
"2020-05-06","57027","Estaimpuis","Estaimpuis","Arrondissement Doornik-Moeskroen","Arrondissement de Tournai-Mouscron","Provincie Henegouwen","Province du Hainaut","Waals Gewest","Région wallonne","<5"
"2020-05-06","57062","Pecq","Pecq","Arrondissement Doornik-Moeskroen","Arrondissement de Tournai-Mouscron","Provincie Henegouwen","Province du Hainaut","Waals Gewest","Région wallonne","<5"
"2020-05-06","57081","Doornik","Tournai","Arrondissement Doornik-Moeskroen","Arrondissement de Tournai-Mouscron","Provincie Henegouwen","Province du Hainaut","Waals Gewest","Région wallonne","<5"
"2020-05-06","57094","Leuze-en-Hainaut","Leuze-en-Hainaut","Arrondissement Doornik-Moeskroen","Arrondissement de Tournai-Mouscron","Provincie Henegouwen","Province du Hainaut","Waals Gewest","Région wallonne","<5"
"2020-05-06","57096","Moeskroen","Mouscron","Arrondissement Doornik-Moeskroen","Arrondissement de Tournai-Mouscron","Provincie Henegouwen","Province du Hainaut","Waals Gewest","Région wallonne","7"
"2020-05-06","58001","La Louvière","La Louvière","Arrondissement La Louvière","Arrondissement de La Louvière","Provincie Henegouwen","Province du Hainaut","Waals Gewest","Région wallonne","<5"
"2020-05-06","58002","Binche","Binche","Arrondissement La Louvière","Arrondissement de La Louvière","Provincie Henegouwen","Province du Hainaut","Waals Gewest","Région wallonne","<5"
"2020-05-06","61031","Hoei","Huy","Arrondissement Hoei","Arrondissement de Huy","Provincie Luik","Province de Liège","Waals Gewest","Région wallonne","<5"
"2020-05-06","61072","Wanze","Wanze","Arrondissement Hoei","Arrondissement de Huy","Provincie Luik","Province de Liège","Waals Gewest","Région wallonne","<5"
"2020-05-06","61079","Anthisnes","Anthisnes","Arrondissement Hoei","Arrondissement de Huy","Provincie Luik","Province de Liège","Waals Gewest","Région wallonne","<5"
"2020-05-06","62003","Ans","Ans","Arrondissement Luik","Arrondissement de Liège","Provincie Luik","Province de Liège","Waals Gewest","Région wallonne","<5"
"2020-05-06","62022","Chaudfontaine","Chaudfontaine","Arrondissement Luik","Arrondissement de Liège","Provincie Luik","Province de Liège","Waals Gewest","Région wallonne","<5"
"2020-05-06","62038","Fléron","Fléron","Arrondissement Luik","Arrondissement de Liège","Provincie Luik","Province de Liège","Waals Gewest","Région wallonne","<5"
"2020-05-06","62051","Herstal","Herstal","Arrondissement Luik","Arrondissement de Liège","Provincie Luik","Province de Liège","Waals Gewest","Région wallonne","<5"
"2020-05-06","62060","Juprelle","Juprelle","Arrondissement Luik","Arrondissement de Liège","Provincie Luik","Province de Liège","Waals Gewest","Région wallonne","<5"
"2020-05-06","62063","Luik","Liège","Arrondissement Luik","Arrondissement de Liège","Provincie Luik","Province de Liège","Waals Gewest","Région wallonne","6"
"2020-05-06","62079","Oupeye","Oupeye","Arrondissement Luik","Arrondissement de Liège","Provincie Luik","Province de Liège","Waals Gewest","Région wallonne","<5"
"2020-05-06","62093","Saint-Nicolas (Luik)","Saint-Nicolas (Liège)","Arrondissement Luik","Arrondissement de Liège","Provincie Luik","Province de Liège","Waals Gewest","Région wallonne","<5"
"2020-05-06","62096","Seraing","Seraing","Arrondissement Luik","Arrondissement de Liège","Provincie Luik","Province de Liège","Waals Gewest","Région wallonne","<5"
"2020-05-06","62099","Soumagne","Soumagne","Arrondissement Luik","Arrondissement de Liège","Provincie Luik","Province de Liège","Waals Gewest","Région wallonne","<5"
"2020-05-06","62100","Sprimont","Sprimont","Arrondissement Luik","Arrondissement de Liège","Provincie Luik","Province de Liège","Waals Gewest","Région wallonne","<5"
"2020-05-06","62120","Flémalle","Flémalle","Arrondissement Luik","Arrondissement de Liège","Provincie Luik","Province de Liège","Waals Gewest","Région wallonne","<5"
"2020-05-06","63035","Herve","Herve","Arrondissement Verviers","Arrondissement de Verviers","Provincie Luik","Province de Liège","Waals Gewest","Région wallonne","<5"
"2020-05-06","63045","Lierneux","Lierneux","Arrondissement Verviers","Arrondissement de Verviers","Provincie Luik","Province de Liège","Waals Gewest","Région wallonne","<5"
"2020-05-06","63072","Spa","Spa","Arrondissement Verviers","Arrondissement de Verviers","Provincie Luik","Province de Liège","Waals Gewest","Région wallonne","<5"
"2020-05-06","63076","Theux","Theux","Arrondissement Verviers","Arrondissement de Verviers","Provincie Luik","Province de Liège","Waals Gewest","Région wallonne","<5"
"2020-05-06","63080","Weismes","Waimes","Arrondissement Verviers","Arrondissement de Verviers","Provincie Luik","Province de Liège","Waals Gewest","Région wallonne","<5"
"2020-05-06","64029","Geer","Geer","Arrondissement Borgworm","Arrondissement de Waremme","Provincie Luik","Province de Liège","Waals Gewest","Région wallonne","<5"
"2020-05-06","64034","Hannuit","Hannut","Arrondissement Borgworm","Arrondissement de Waremme","Provincie Luik","Province de Liège","Waals Gewest","Région wallonne","<5"
"2020-05-06","71004","Beringen","Beringen","Arrondissement Hasselt","Arrondissement de Hasselt","Provincie Limburg","Province du Limbourg","Vlaams Gewest","Région flamande","<5"
"2020-05-06","71011","Diepenbeek","Diepenbeek","Arrondissement Hasselt","Arrondissement de Hasselt","Provincie Limburg","Province du Limbourg","Vlaams Gewest","Région flamande","<5"
"2020-05-06","71016","Genk","Genk","Arrondissement Hasselt","Arrondissement de Hasselt","Provincie Limburg","Province du Limbourg","Vlaams Gewest","Région flamande","<5"
"2020-05-06","71017","Gingelom","Gingelom","Arrondissement Hasselt","Arrondissement de Hasselt","Provincie Limburg","Province du Limbourg","Vlaams Gewest","Région flamande","<5"
"2020-05-06","71022","Hasselt","Hasselt","Arrondissement Hasselt","Arrondissement de Hasselt","Provincie Limburg","Province du Limbourg","Vlaams Gewest","Région flamande","<5"
"2020-05-06","71034","Leopoldsburg","Bourg-Léopold","Arrondissement Hasselt","Arrondissement de Hasselt","Provincie Limburg","Province du Limbourg","Vlaams Gewest","Région flamande","<5"
"2020-05-06","71037","Lummen","Lummen","Arrondissement Hasselt","Arrondissement de Hasselt","Provincie Limburg","Province du Limbourg","Vlaams Gewest","Région flamande","<5"
"2020-05-06","71053","Sint-Truiden","Saint-Trond","Arrondissement Hasselt","Arrondissement de Hasselt","Provincie Limburg","Province du Limbourg","Vlaams Gewest","Région flamande","<5"
"2020-05-06","72004","Bree","Bree","Arrondissement Maaseik","Arrondissement de Maaseik","Provincie Limburg","Province du Limbourg","Vlaams Gewest","Région flamande","<5"
"2020-05-06","72030","Peer","Peer","Arrondissement Maaseik","Arrondissement de Maaseik","Provincie Limburg","Province du Limbourg","Vlaams Gewest","Région flamande","<5"
"2020-05-06","72038","Hechtel-Eksel","Hechtel-Eksel","Arrondissement Maaseik","Arrondissement de Maaseik","Provincie Limburg","Province du Limbourg","Vlaams Gewest","Région flamande","<5"
"2020-05-06","72043","Pelt","Pelt","Arrondissement Maaseik","Arrondissement de Maaseik","Provincie Limburg","Province du Limbourg","Vlaams Gewest","Région flamande","<5"
"2020-05-06","73001","Alken","Alken","Arrondissement Tongeren","Arrondissement de Tongres","Provincie Limburg","Province du Limbourg","Vlaams Gewest","Région flamande","<5"
"2020-05-06","73006","Bilzen","Bilzen","Arrondissement Tongeren","Arrondissement de Tongres","Provincie Limburg","Province du Limbourg","Vlaams Gewest","Région flamande","<5"
"2020-05-06","73009","Borgloon","Looz","Arrondissement Tongeren","Arrondissement de Tongres","Provincie Limburg","Province du Limbourg","Vlaams Gewest","Région flamande","<5"
"2020-05-06","73040","Kortessem","Kortessem","Arrondissement Tongeren","Arrondissement de Tongres","Provincie Limburg","Province du Limbourg","Vlaams Gewest","Région flamande","<5"
"2020-05-06","73042","Lanaken","Lanaken","Arrondissement Tongeren","Arrondissement de Tongres","Provincie Limburg","Province du Limbourg","Vlaams Gewest","Région flamande","<5"
"2020-05-06","73066","Riemst","Riemst","Arrondissement Tongeren","Arrondissement de Tongres","Provincie Limburg","Province du Limbourg","Vlaams Gewest","Région flamande","9"
"2020-05-06","73083","Tongeren","Tongres","Arrondissement Tongeren","Arrondissement de Tongres","Provincie Limburg","Province du Limbourg","Vlaams Gewest","Région flamande","<5"
"2020-05-06","73107","Maasmechelen","Maasmechelen","Arrondissement Tongeren","Arrondissement de Tongres","Provincie Limburg","Province du Limbourg","Vlaams Gewest","Région flamande","<5"
"2020-05-06","82038","Sainte-Ode","Sainte-Ode","Arrondissement Bastenaken","Arrondissement de Bastogne","Provincie Luxemburg","Province du Luxembourg","Waals Gewest","Région wallonne","<5"
"2020-05-06","83013","Erezée","Erezée","Arrondissement Marche-en-Famenne","Arrondissement de Marche-en-Famenne","Provincie Luxemburg","Province du Luxembourg","Waals Gewest","Région wallonne","<5"
"2020-05-06","83034","Marche-en-Famenne","Marche-en-Famenne","Arrondissement Marche-en-Famenne","Arrondissement de Marche-en-Famenne","Provincie Luxemburg","Province du Luxembourg","Waals Gewest","Région wallonne","<5"
"2020-05-06","83044","Rendeux","Rendeux","Arrondissement Marche-en-Famenne","Arrondissement de Marche-en-Famenne","Provincie Luxemburg","Province du Luxembourg","Waals Gewest","Région wallonne","<5"
"2020-05-06","84077","Libramont-Chevigny","Libramont-Chevigny","Arrondissement Neufchâteau","Arrondissement de Neufchâteau","Provincie Luxemburg","Province du Luxembourg","Waals Gewest","Région wallonne","<5"
"2020-05-06","91013","Beauraing","Beauraing","Arrondissement Dinant","Arrondissement de Dinant","Provincie Namen","Province de Namur","Waals Gewest","Région wallonne","<5"
"2020-05-06","91114","Rochefort","Rochefort","Arrondissement Dinant","Arrondissement de Dinant","Provincie Namen","Province de Namur","Waals Gewest","Région wallonne","<5"
"2020-05-06","92006","Assesse","Assesse","Arrondissement Namen","Arrondissement de Namur","Provincie Namen","Province de Namur","Waals Gewest","Région wallonne","<5"
"2020-05-06","92048","Fosses-la-Ville","Fosses-la-Ville","Arrondissement Namen","Arrondissement de Namur","Provincie Namen","Province de Namur","Waals Gewest","Région wallonne","<5"
"2020-05-06","92087","Mettet","Mettet","Arrondissement Namen","Arrondissement de Namur","Provincie Namen","Province de Namur","Waals Gewest","Région wallonne","<5"
"2020-05-06","92094","Namen","Namur","Arrondissement Namen","Arrondissement de Namur","Provincie Namen","Province de Namur","Waals Gewest","Région wallonne","<5"
"2020-05-06","92101","Profondeville","Profondeville","Arrondissement Namen","Arrondissement de Namur","Provincie Namen","Province de Namur","Waals Gewest","Région wallonne","<5"
"2020-05-06","92137","Sambreville","Sambreville","Arrondissement Namen","Arrondissement de Namur","Provincie Namen","Province de Namur","Waals Gewest","Région wallonne","<5"
"2020-05-06","92140","Jemeppe-sur-Sambre","Jemeppe-sur-Sambre","Arrondissement Namen","Arrondissement de Namur","Provincie Namen","Province de Namur","Waals Gewest","Région wallonne","<5"
"2020-05-06","92142","Gembloux","Gembloux","Arrondissement Namen","Arrondissement de Namur","Provincie Namen","Province de Namur","Waals Gewest","Région wallonne","<5"
"2020-05-06","93014","Couvin","Couvin","Arrondissement Philippeville","Arrondissement de Philippeville","Provincie Namen","Province de Namur","Waals Gewest","Région wallonne","<5"
"2020-05-06",NA,NA,NA,NA,NA,NA,NA,NA,NA,"17"
"2020-05-07","11002","Antwerpen","Anvers","Arrondissement Antwerpen","Arrondissement d’Anvers","Provincie Antwerpen","Province d’Anvers","Vlaams Gewest","Région flamande","23"
"2020-05-07","11007","Borsbeek","Borsbeek","Arrondissement Antwerpen","Arrondissement d’Anvers","Provincie Antwerpen","Province d’Anvers","Vlaams Gewest","Région flamande","<5"
"2020-05-07","11008","Brasschaat","Brasschaat","Arrondissement Antwerpen","Arrondissement d’Anvers","Provincie Antwerpen","Province d’Anvers","Vlaams Gewest","Région flamande","<5"
"2020-05-07","11013","Edegem","Edegem","Arrondissement Antwerpen","Arrondissement d’Anvers","Provincie Antwerpen","Province d’Anvers","Vlaams Gewest","Région flamande","<5"
"2020-05-07","11016","Essen","Essen","Arrondissement Antwerpen","Arrondissement d’Anvers","Provincie Antwerpen","Province d’Anvers","Vlaams Gewest","Région flamande","<5"
"2020-05-07","11018","Hemiksem","Hemiksem","Arrondissement Antwerpen","Arrondissement d’Anvers","Provincie Antwerpen","Province d’Anvers","Vlaams Gewest","Région flamande","<5"
"2020-05-07","11021","Hove (Antwerpen)","Hove (Anvers)","Arrondissement Antwerpen","Arrondissement d’Anvers","Provincie Antwerpen","Province d’Anvers","Vlaams Gewest","Région flamande","<5"
"2020-05-07","11022","Kalmthout","Kalmthout","Arrondissement Antwerpen","Arrondissement d’Anvers","Provincie Antwerpen","Province d’Anvers","Vlaams Gewest","Région flamande","<5"
"2020-05-07","11030","Niel","Niel","Arrondissement Antwerpen","Arrondissement d’Anvers","Provincie Antwerpen","Province d’Anvers","Vlaams Gewest","Région flamande","<5"
"2020-05-07","11035","Ranst","Ranst","Arrondissement Antwerpen","Arrondissement d’Anvers","Provincie Antwerpen","Province d’Anvers","Vlaams Gewest","Région flamande","<5"
"2020-05-07","11037","Rumst","Rumst","Arrondissement Antwerpen","Arrondissement d’Anvers","Provincie Antwerpen","Province d’Anvers","Vlaams Gewest","Région flamande","<5"
"2020-05-07","11039","Schilde","Schilde","Arrondissement Antwerpen","Arrondissement d’Anvers","Provincie Antwerpen","Province d’Anvers","Vlaams Gewest","Région flamande","<5"
"2020-05-07","11044","Stabroek","Stabroek","Arrondissement Antwerpen","Arrondissement d’Anvers","Provincie Antwerpen","Province d’Anvers","Vlaams Gewest","Région flamande","<5"
"2020-05-07","11053","Wuustwezel","Wuustwezel","Arrondissement Antwerpen","Arrondissement d’Anvers","Provincie Antwerpen","Province d’Anvers","Vlaams Gewest","Région flamande","<5"
"2020-05-07","11055","Zoersel","Zoersel","Arrondissement Antwerpen","Arrondissement d’Anvers","Provincie Antwerpen","Province d’Anvers","Vlaams Gewest","Région flamande","<5"
"2020-05-07","12005","Bonheiden","Bonheiden","Arrondissement Mechelen","Arrondissement de Malines","Provincie Antwerpen","Province d’Anvers","Vlaams Gewest","Région flamande","<5"
"2020-05-07","12007","Bornem","Bornem","Arrondissement Mechelen","Arrondissement de Malines","Provincie Antwerpen","Province d’Anvers","Vlaams Gewest","Région flamande","<5"
"2020-05-07","12009","Duffel","Duffel","Arrondissement Mechelen","Arrondissement de Malines","Provincie Antwerpen","Province d’Anvers","Vlaams Gewest","Région flamande","<5"
"2020-05-07","12021","Lier","Lierre","Arrondissement Mechelen","Arrondissement de Malines","Provincie Antwerpen","Province d’Anvers","Vlaams Gewest","Région flamande","7"
"2020-05-07","12025","Mechelen","Malines","Arrondissement Mechelen","Arrondissement de Malines","Provincie Antwerpen","Province d’Anvers","Vlaams Gewest","Région flamande","<5"
"2020-05-07","12026","Nijlen","Nijlen","Arrondissement Mechelen","Arrondissement de Malines","Provincie Antwerpen","Province d’Anvers","Vlaams Gewest","Région flamande","8"
"2020-05-07","13001","Arendonk","Arendonk","Arrondissement Turnhout","Arrondissement de Turnhout","Provincie Antwerpen","Province d’Anvers","Vlaams Gewest","Région flamande","<5"
"2020-05-07","13004","Beerse","Beerse","Arrondissement Turnhout","Arrondissement de Turnhout","Provincie Antwerpen","Province d’Anvers","Vlaams Gewest","Région flamande","<5"
"2020-05-07","13006","Dessel","Dessel","Arrondissement Turnhout","Arrondissement de Turnhout","Provincie Antwerpen","Province d’Anvers","Vlaams Gewest","Région flamande","<5"
"2020-05-07","13008","Geel","Geel","Arrondissement Turnhout","Arrondissement de Turnhout","Provincie Antwerpen","Province d’Anvers","Vlaams Gewest","Région flamande","<5"
"2020-05-07","13010","Grobbendonk","Grobbendonk","Arrondissement Turnhout","Arrondissement de Turnhout","Provincie Antwerpen","Province d’Anvers","Vlaams Gewest","Région flamande","<5"
"2020-05-07","13014","Hoogstraten","Hoogstraten","Arrondissement Turnhout","Arrondissement de Turnhout","Provincie Antwerpen","Province d’Anvers","Vlaams Gewest","Région flamande","<5"
"2020-05-07","13017","Kasterlee","Kasterlee","Arrondissement Turnhout","Arrondissement de Turnhout","Provincie Antwerpen","Province d’Anvers","Vlaams Gewest","Région flamande","6"
"2020-05-07","13023","Merksplas","Merksplas","Arrondissement Turnhout","Arrondissement de Turnhout","Provincie Antwerpen","Province d’Anvers","Vlaams Gewest","Région flamande","<5"
"2020-05-07","13029","Olen","Olen","Arrondissement Turnhout","Arrondissement de Turnhout","Provincie Antwerpen","Province d’Anvers","Vlaams Gewest","Région flamande","<5"
"2020-05-07","13031","Oud-Turnhout","Oud-Turnhout","Arrondissement Turnhout","Arrondissement de Turnhout","Provincie Antwerpen","Province d’Anvers","Vlaams Gewest","Région flamande","<5"
"2020-05-07","13040","Turnhout","Turnhout","Arrondissement Turnhout","Arrondissement de Turnhout","Provincie Antwerpen","Province d’Anvers","Vlaams Gewest","Région flamande","6"
"2020-05-07","13049","Westerlo","Westerlo","Arrondissement Turnhout","Arrondissement de Turnhout","Provincie Antwerpen","Province d’Anvers","Vlaams Gewest","Région flamande","<5"
"2020-05-07","21001","Anderlecht","Anderlecht","Arrondissement Brussel-Hoofdstad","Arrondissement de Bruxelles-Capitale",NA,NA,"Brussels Hoofdstedelijk Gewest","Région de Bruxelles-Capitale","<5"
"2020-05-07","21004","Brussel","Bruxelles","Arrondissement Brussel-Hoofdstad","Arrondissement de Bruxelles-Capitale",NA,NA,"Brussels Hoofdstedelijk Gewest","Région de Bruxelles-Capitale","5"
"2020-05-07","21005","Etterbeek","Etterbeek","Arrondissement Brussel-Hoofdstad","Arrondissement de Bruxelles-Capitale",NA,NA,"Brussels Hoofdstedelijk Gewest","Région de Bruxelles-Capitale","<5"
"2020-05-07","21007","Vorst (Brussel-Hoofdstad)","Forest (Bruxelles-Capitale)","Arrondissement Brussel-Hoofdstad","Arrondissement de Bruxelles-Capitale",NA,NA,"Brussels Hoofdstedelijk Gewest","Région de Bruxelles-Capitale","<5"
"2020-05-07","21009","Elsene","Ixelles","Arrondissement Brussel-Hoofdstad","Arrondissement de Bruxelles-Capitale",NA,NA,"Brussels Hoofdstedelijk Gewest","Région de Bruxelles-Capitale","<5"
"2020-05-07","21010","Jette","Jette","Arrondissement Brussel-Hoofdstad","Arrondissement de Bruxelles-Capitale",NA,NA,"Brussels Hoofdstedelijk Gewest","Région de Bruxelles-Capitale","<5"
"2020-05-07","21011","Koekelberg","Koekelberg","Arrondissement Brussel-Hoofdstad","Arrondissement de Bruxelles-Capitale",NA,NA,"Brussels Hoofdstedelijk Gewest","Région de Bruxelles-Capitale","<5"
"2020-05-07","21012","Sint-Jans-Molenbeek","Molenbeek-Saint-Jean","Arrondissement Brussel-Hoofdstad","Arrondissement de Bruxelles-Capitale",NA,NA,"Brussels Hoofdstedelijk Gewest","Région de Bruxelles-Capitale","<5"
"2020-05-07","21013","Sint-Gillis","Saint-Gilles","Arrondissement Brussel-Hoofdstad","Arrondissement de Bruxelles-Capitale",NA,NA,"Brussels Hoofdstedelijk Gewest","Région de Bruxelles-Capitale","<5"
"2020-05-07","21014","Sint-Joost-ten-Node","Saint-Josse-ten-Noode","Arrondissement Brussel-Hoofdstad","Arrondissement de Bruxelles-Capitale",NA,NA,"Brussels Hoofdstedelijk Gewest","Région de Bruxelles-Capitale","<5"
"2020-05-07","21015","Schaarbeek","Schaerbeek","Arrondissement Brussel-Hoofdstad","Arrondissement de Bruxelles-Capitale",NA,NA,"Brussels Hoofdstedelijk Gewest","Région de Bruxelles-Capitale","<5"
"2020-05-07","21018","Sint-Lambrechts-Woluwe","Woluwe-Saint-Lambert","Arrondissement Brussel-Hoofdstad","Arrondissement de Bruxelles-Capitale",NA,NA,"Brussels Hoofdstedelijk Gewest","Région de Bruxelles-Capitale","<5"
"2020-05-07","21019","Sint-Pieters-Woluwe","Woluwe-Saint-Pierre","Arrondissement Brussel-Hoofdstad","Arrondissement de Bruxelles-Capitale",NA,NA,"Brussels Hoofdstedelijk Gewest","Région de Bruxelles-Capitale","<5"
"2020-05-07","23027","Halle (Halle-Vilvoorde)","Hal (Hal-Vilvorde)","Arrondissement Halle-Vilvoorde","Arrondissement de Hal-Vilvorde","Provincie Vlaams-Brabant","Province du Brabant flamand","Vlaams Gewest","Région flamande","<5"
"2020-05-07","23045","Londerzeel","Londerzeel","Arrondissement Halle-Vilvoorde","Arrondissement de Hal-Vilvorde","Provincie Vlaams-Brabant","Province du Brabant flamand","Vlaams Gewest","Région flamande","<5"
"2020-05-07","23060","Opwijk","Opwijk","Arrondissement Halle-Vilvoorde","Arrondissement de Hal-Vilvorde","Provincie Vlaams-Brabant","Province du Brabant flamand","Vlaams Gewest","Région flamande","<5"
"2020-05-07","23094","Zaventem","Zaventem","Arrondissement Halle-Vilvoorde","Arrondissement de Hal-Vilvorde","Provincie Vlaams-Brabant","Province du Brabant flamand","Vlaams Gewest","Région flamande","<5"
"2020-05-07","23105","Affligem","Affligem","Arrondissement Halle-Vilvoorde","Arrondissement de Hal-Vilvorde","Provincie Vlaams-Brabant","Province du Brabant flamand","Vlaams Gewest","Région flamande","<5"
"2020-05-07","24009","Bertem","Bertem","Arrondissement Leuven","Arrondissement de Louvain","Provincie Vlaams-Brabant","Province du Brabant flamand","Vlaams Gewest","Région flamande","<5"
"2020-05-07","24014","Boortmeerbeek","Boortmeerbeek","Arrondissement Leuven","Arrondissement de Louvain","Provincie Vlaams-Brabant","Province du Brabant flamand","Vlaams Gewest","Région flamande","<5"
"2020-05-07","24016","Boutersem","Boutersem","Arrondissement Leuven","Arrondissement de Louvain","Provincie Vlaams-Brabant","Province du Brabant flamand","Vlaams Gewest","Région flamande","<5"
"2020-05-07","24020","Diest","Diest","Arrondissement Leuven","Arrondissement de Louvain","Provincie Vlaams-Brabant","Province du Brabant flamand","Vlaams Gewest","Région flamande","<5"
"2020-05-07","24038","Herent","Herent","Arrondissement Leuven","Arrondissement de Louvain","Provincie Vlaams-Brabant","Province du Brabant flamand","Vlaams Gewest","Région flamande","<5"
"2020-05-07","24094","Rotselaar","Rotselaar","Arrondissement Leuven","Arrondissement de Louvain","Provincie Vlaams-Brabant","Province du Brabant flamand","Vlaams Gewest","Région flamande","<5"
"2020-05-07","24107","Tienen","Tirlemont","Arrondissement Leuven","Arrondissement de Louvain","Provincie Vlaams-Brabant","Province du Brabant flamand","Vlaams Gewest","Région flamande","<5"
"2020-05-07","24133","Linter","Linter","Arrondissement Leuven","Arrondissement de Louvain","Provincie Vlaams-Brabant","Province du Brabant flamand","Vlaams Gewest","Région flamande","<5"
"2020-05-07","25014","Eigenbrakel","Braine-l’Alleud","Arrondissement Nijvel","Arrondissement de Nivelles","Provincie Waals-Brabant","Province du Brabant wallon","Waals Gewest","Région wallonne","<5"
"2020-05-07","25023","Court-Saint-Etienne","Court-Saint-Etienne","Arrondissement Nijvel","Arrondissement de Nivelles","Provincie Waals-Brabant","Province du Brabant wallon","Waals Gewest","Région wallonne","<5"
"2020-05-07","25037","Graven","Grez-Doiceau","Arrondissement Nijvel","Arrondissement de Nivelles","Provincie Waals-Brabant","Province du Brabant wallon","Waals Gewest","Région wallonne","<5"
"2020-05-07","25072","Nijvel","Nivelles","Arrondissement Nijvel","Arrondissement de Nivelles","Provincie Waals-Brabant","Province du Brabant wallon","Waals Gewest","Région wallonne","<5"
"2020-05-07","25091","Rixensart","Rixensart","Arrondissement Nijvel","Arrondissement de Nivelles","Provincie Waals-Brabant","Province du Brabant wallon","Waals Gewest","Région wallonne","<5"
"2020-05-07","25105","Tubeke","Tubize","Arrondissement Nijvel","Arrondissement de Nivelles","Provincie Waals-Brabant","Province du Brabant wallon","Waals Gewest","Région wallonne","<5"
"2020-05-07","25110","Waterloo","Waterloo","Arrondissement Nijvel","Arrondissement de Nivelles","Provincie Waals-Brabant","Province du Brabant wallon","Waals Gewest","Région wallonne","<5"
"2020-05-07","31003","Beernem","Beernem","Arrondissement Brugge","Arrondissement de Bruges","Provincie West-Vlaanderen","Province de Flandre occidentale","Vlaams Gewest","Région flamande","5"
"2020-05-07","31005","Brugge","Bruges","Arrondissement Brugge","Arrondissement de Bruges","Provincie West-Vlaanderen","Province de Flandre occidentale","Vlaams Gewest","Région flamande","8"
"2020-05-07","31012","Jabbeke","Jabbeke","Arrondissement Brugge","Arrondissement de Bruges","Provincie West-Vlaanderen","Province de Flandre occidentale","Vlaams Gewest","Région flamande","<5"
"2020-05-07","31022","Oostkamp","Oostkamp","Arrondissement Brugge","Arrondissement de Bruges","Provincie West-Vlaanderen","Province de Flandre occidentale","Vlaams Gewest","Région flamande","<5"
"2020-05-07","31033","Torhout","Torhout","Arrondissement Brugge","Arrondissement de Bruges","Provincie West-Vlaanderen","Province de Flandre occidentale","Vlaams Gewest","Région flamande","<5"
"2020-05-07","31040","Zedelgem","Zedelgem","Arrondissement Brugge","Arrondissement de Bruges","Provincie West-Vlaanderen","Province de Flandre occidentale","Vlaams Gewest","Région flamande","<5"
"2020-05-07","32003","Diksmuide","Dixmude","Arrondissement Diksmuide","Arrondissement de Dixmude","Provincie West-Vlaanderen","Province de Flandre occidentale","Vlaams Gewest","Région flamande","<5"
"2020-05-07","33011","Ieper","Ypres","Arrondissement Ieper","Arrondissement d’Ypres","Provincie West-Vlaanderen","Province de Flandre occidentale","Vlaams Gewest","Région flamande","<5"
"2020-05-07","33029","Wervik","Wervik","Arrondissement Ieper","Arrondissement d’Ypres","Provincie West-Vlaanderen","Province de Flandre occidentale","Vlaams Gewest","Région flamande","<5"
"2020-05-07","33041","Vleteren","Vleteren","Arrondissement Ieper","Arrondissement d’Ypres","Provincie West-Vlaanderen","Province de Flandre occidentale","Vlaams Gewest","Région flamande","<5"
"2020-05-07","34002","Anzegem","Anzegem","Arrondissement Kortrijk","Arrondissement de Courtrai","Provincie West-Vlaanderen","Province de Flandre occidentale","Vlaams Gewest","Région flamande","<5"
"2020-05-07","34003","Avelgem","Avelgem","Arrondissement Kortrijk","Arrondissement de Courtrai","Provincie West-Vlaanderen","Province de Flandre occidentale","Vlaams Gewest","Région flamande","<5"
"2020-05-07","34013","Harelbeke","Harelbeke","Arrondissement Kortrijk","Arrondissement de Courtrai","Provincie West-Vlaanderen","Province de Flandre occidentale","Vlaams Gewest","Région flamande","5"
"2020-05-07","34022","Kortrijk","Courtrai","Arrondissement Kortrijk","Arrondissement de Courtrai","Provincie West-Vlaanderen","Province de Flandre occidentale","Vlaams Gewest","Région flamande","<5"
"2020-05-07","34023","Kuurne","Kuurne","Arrondissement Kortrijk","Arrondissement de Courtrai","Provincie West-Vlaanderen","Province de Flandre occidentale","Vlaams Gewest","Région flamande","<5"
"2020-05-07","34027","Menen","Menin","Arrondissement Kortrijk","Arrondissement de Courtrai","Provincie West-Vlaanderen","Province de Flandre occidentale","Vlaams Gewest","Région flamande","<5"
"2020-05-07","34040","Waregem","Waregem","Arrondissement Kortrijk","Arrondissement de Courtrai","Provincie West-Vlaanderen","Province de Flandre occidentale","Vlaams Gewest","Région flamande","<5"
"2020-05-07","34041","Wevelgem","Wevelgem","Arrondissement Kortrijk","Arrondissement de Courtrai","Provincie West-Vlaanderen","Province de Flandre occidentale","Vlaams Gewest","Région flamande","<5"
"2020-05-07","35006","Ichtegem","Ichtegem","Arrondissement Oostende","Arrondissement d’Ostende","Provincie West-Vlaanderen","Province de Flandre occidentale","Vlaams Gewest","Région flamande","<5"
"2020-05-07","35011","Middelkerke","Middelkerke","Arrondissement Oostende","Arrondissement d’Ostende","Provincie West-Vlaanderen","Province de Flandre occidentale","Vlaams Gewest","Région flamande","<5"
"2020-05-07","35013","Oostende","Ostende","Arrondissement Oostende","Arrondissement d’Ostende","Provincie West-Vlaanderen","Province de Flandre occidentale","Vlaams Gewest","Région flamande","9"
"2020-05-07","35029","De Haan","De Haan","Arrondissement Oostende","Arrondissement d’Ostende","Provincie West-Vlaanderen","Province de Flandre occidentale","Vlaams Gewest","Région flamande","<5"
"2020-05-07","36006","Hooglede","Hooglede","Arrondissement Roeselare","Arrondissement de Roulers","Provincie West-Vlaanderen","Province de Flandre occidentale","Vlaams Gewest","Région flamande","<5"
"2020-05-07","36007","Ingelmunster","Ingelmunster","Arrondissement Roeselare","Arrondissement de Roulers","Provincie West-Vlaanderen","Province de Flandre occidentale","Vlaams Gewest","Région flamande","<5"
"2020-05-07","36008","Izegem","Izegem","Arrondissement Roeselare","Arrondissement de Roulers","Provincie West-Vlaanderen","Province de Flandre occidentale","Vlaams Gewest","Région flamande","<5"
"2020-05-07","36010","Ledegem","Ledegem","Arrondissement Roeselare","Arrondissement de Roulers","Provincie West-Vlaanderen","Province de Flandre occidentale","Vlaams Gewest","Région flamande","<5"
"2020-05-07","36015","Roeselare","Roulers","Arrondissement Roeselare","Arrondissement de Roulers","Provincie West-Vlaanderen","Province de Flandre occidentale","Vlaams Gewest","Région flamande","<5"
"2020-05-07","37002","Dentergem","Dentergem","Arrondissement Tielt","Arrondissement de Tielt","Provincie West-Vlaanderen","Province de Flandre occidentale","Vlaams Gewest","Région flamande","<5"
"2020-05-07","37007","Meulebeke","Meulebeke","Arrondissement Tielt","Arrondissement de Tielt","Provincie West-Vlaanderen","Province de Flandre occidentale","Vlaams Gewest","Région flamande","<5"
"2020-05-07","37011","Pittem","Pittem","Arrondissement Tielt","Arrondissement de Tielt","Provincie West-Vlaanderen","Province de Flandre occidentale","Vlaams Gewest","Région flamande","<5"
"2020-05-07","37015","Tielt (Tielt)","Tielt (Tielt)","Arrondissement Tielt","Arrondissement de Tielt","Provincie West-Vlaanderen","Province de Flandre occidentale","Vlaams Gewest","Région flamande","<5"
"2020-05-07","37018","Wingene","Wingene","Arrondissement Tielt","Arrondissement de Tielt","Provincie West-Vlaanderen","Province de Flandre occidentale","Vlaams Gewest","Région flamande","<5"
"2020-05-07","38008","De Panne","La Panne","Arrondissement Veurne","Arrondissement de Furnes","Provincie West-Vlaanderen","Province de Flandre occidentale","Vlaams Gewest","Région flamande","<5"
"2020-05-07","38014","Koksijde","Koksijde","Arrondissement Veurne","Arrondissement de Furnes","Provincie West-Vlaanderen","Province de Flandre occidentale","Vlaams Gewest","Région flamande","<5"
"2020-05-07","41002","Aalst (Aalst)","Alost (Alost)","Arrondissement Aalst","Arrondissement d’Alost","Provincie Oost-Vlaanderen","Province de Flandre orientale","Vlaams Gewest","Région flamande","<5"
"2020-05-07","41011","Denderleeuw","Denderleeuw","Arrondissement Aalst","Arrondissement d’Alost","Provincie Oost-Vlaanderen","Province de Flandre orientale","Vlaams Gewest","Région flamande","<5"
"2020-05-07","41018","Geraardsbergen","Grammont","Arrondissement Aalst","Arrondissement d’Alost","Provincie Oost-Vlaanderen","Province de Flandre orientale","Vlaams Gewest","Région flamande","<5"
"2020-05-07","41048","Ninove","Ninove","Arrondissement Aalst","Arrondissement d’Alost","Provincie Oost-Vlaanderen","Province de Flandre orientale","Vlaams Gewest","Région flamande","<5"
"2020-05-07","41081","Zottegem","Zottegem","Arrondissement Aalst","Arrondissement d’Alost","Provincie Oost-Vlaanderen","Province de Flandre orientale","Vlaams Gewest","Région flamande","<5"
"2020-05-07","41082","Erpe-Mere","Erpe-Mere","Arrondissement Aalst","Arrondissement d’Alost","Provincie Oost-Vlaanderen","Province de Flandre orientale","Vlaams Gewest","Région flamande","<5"
"2020-05-07","42006","Dendermonde","Termonde","Arrondissement Dendermonde","Arrondissement de Termonde","Provincie Oost-Vlaanderen","Province de Flandre orientale","Vlaams Gewest","Région flamande","<5"
"2020-05-07","42008","Hamme (Dendermonde)","Hamme (Termonde)","Arrondissement Dendermonde","Arrondissement de Termonde","Provincie Oost-Vlaanderen","Province de Flandre orientale","Vlaams Gewest","Région flamande","<5"
"2020-05-07","42011","Lebbeke","Lebbeke","Arrondissement Dendermonde","Arrondissement de Termonde","Provincie Oost-Vlaanderen","Province de Flandre orientale","Vlaams Gewest","Région flamande","<5"
"2020-05-07","42023","Waasmunster","Waasmunster","Arrondissement Dendermonde","Arrondissement de Termonde","Provincie Oost-Vlaanderen","Province de Flandre orientale","Vlaams Gewest","Région flamande","<5"
"2020-05-07","43005","Eeklo","Eeklo","Arrondissement Eeklo","Arrondissement d’Eeklo","Provincie Oost-Vlaanderen","Province de Flandre orientale","Vlaams Gewest","Région flamande","<5"
"2020-05-07","43007","Kaprijke","Kaprijke","Arrondissement Eeklo","Arrondissement d’Eeklo","Provincie Oost-Vlaanderen","Province de Flandre orientale","Vlaams Gewest","Région flamande","<5"
"2020-05-07","44019","Evergem","Evergem","Arrondissement Gent","Arrondissement de Gand","Provincie Oost-Vlaanderen","Province de Flandre orientale","Vlaams Gewest","Région flamande","<5"
"2020-05-07","44021","Gent","Gand","Arrondissement Gent","Arrondissement de Gand","Provincie Oost-Vlaanderen","Province de Flandre orientale","Vlaams Gewest","Région flamande","<5"
"2020-05-07","44034","Lochristi","Lochristi","Arrondissement Gent","Arrondissement de Gand","Provincie Oost-Vlaanderen","Province de Flandre orientale","Vlaams Gewest","Région flamande","<5"
"2020-05-07","44064","Sint-Martens-Latem","Sint-Martens-Latem","Arrondissement Gent","Arrondissement de Gand","Provincie Oost-Vlaanderen","Province de Flandre orientale","Vlaams Gewest","Région flamande","<5"
"2020-05-07","44083","Deinze","Deinze","Arrondissement Gent","Arrondissement de Gand","Provincie Oost-Vlaanderen","Province de Flandre orientale","Vlaams Gewest","Région flamande","<5"
"2020-05-07","44085","Lievegem","Lievegem","Arrondissement Gent","Arrondissement de Gand","Provincie Oost-Vlaanderen","Province de Flandre orientale","Vlaams Gewest","Région flamande","<5"
"2020-05-07","45035","Oudenaarde","Audenarde","Arrondissement Oudenaarde","Arrondissement d’Audenarde","Provincie Oost-Vlaanderen","Province de Flandre orientale","Vlaams Gewest","Région flamande","<5"
"2020-05-07","45059","Brakel","Brakel","Arrondissement Oudenaarde","Arrondissement d’Audenarde","Provincie Oost-Vlaanderen","Province de Flandre orientale","Vlaams Gewest","Région flamande","<5"
"2020-05-07","45060","Kluisbergen","Kluisbergen","Arrondissement Oudenaarde","Arrondissement d’Audenarde","Provincie Oost-Vlaanderen","Province de Flandre orientale","Vlaams Gewest","Région flamande","<5"
"2020-05-07","45061","Wortegem-Petegem","Wortegem-Petegem","Arrondissement Oudenaarde","Arrondissement d’Audenarde","Provincie Oost-Vlaanderen","Province de Flandre orientale","Vlaams Gewest","Région flamande","<5"
"2020-05-07","46003","Beveren (Sint-Niklaas)","Beveren (Saint-Nicolas)","Arrondissement Sint-Niklaas","Arrondissement de Saint-Nicolas","Provincie Oost-Vlaanderen","Province de Flandre orientale","Vlaams Gewest","Région flamande","<5"
"2020-05-07","46013","Kruibeke","Kruibeke","Arrondissement Sint-Niklaas","Arrondissement de Saint-Nicolas","Provincie Oost-Vlaanderen","Province de Flandre orientale","Vlaams Gewest","Région flamande","<5"
"2020-05-07","46014","Lokeren","Lokeren","Arrondissement Sint-Niklaas","Arrondissement de Saint-Nicolas","Provincie Oost-Vlaanderen","Province de Flandre orientale","Vlaams Gewest","Région flamande","<5"
"2020-05-07","46020","Sint-Gillis-Waas","Sint-Gillis-Waas","Arrondissement Sint-Niklaas","Arrondissement de Saint-Nicolas","Provincie Oost-Vlaanderen","Province de Flandre orientale","Vlaams Gewest","Région flamande","<5"
"2020-05-07","46024","Stekene","Stekene","Arrondissement Sint-Niklaas","Arrondissement de Saint-Nicolas","Provincie Oost-Vlaanderen","Province de Flandre orientale","Vlaams Gewest","Région flamande","<5"
"2020-05-07","46025","Temse","Tamise","Arrondissement Sint-Niklaas","Arrondissement de Saint-Nicolas","Provincie Oost-Vlaanderen","Province de Flandre orientale","Vlaams Gewest","Région flamande","<5"
"2020-05-07","51008","Beloeil","Beloeil","Arrondissement Aat","Arrondissement d’Ath","Provincie Henegouwen","Province du Hainaut","Waals Gewest","Région wallonne","<5"
"2020-05-07","51012","Brugelette","Brugelette","Arrondissement Aat","Arrondissement d’Ath","Provincie Henegouwen","Province du Hainaut","Waals Gewest","Région wallonne","<5"
"2020-05-07","51017","Elzele","Ellezelles","Arrondissement Aat","Arrondissement d’Ath","Provincie Henegouwen","Province du Hainaut","Waals Gewest","Région wallonne","<5"
"2020-05-07","51069","Lessen","Lessines","Arrondissement Aat","Arrondissement d’Ath","Provincie Henegouwen","Province du Hainaut","Waals Gewest","Région wallonne","<5"
"2020-05-07","52011","Charleroi","Charleroi","Arrondissement Charleroi","Arrondissement de Charleroi","Provincie Henegouwen","Province du Hainaut","Waals Gewest","Région wallonne","6"
"2020-05-07","52018","Farciennes","Farciennes","Arrondissement Charleroi","Arrondissement de Charleroi","Provincie Henegouwen","Province du Hainaut","Waals Gewest","Région wallonne","<5"
"2020-05-07","52075","Les Bons Villers","Les Bons Villers","Arrondissement Charleroi","Arrondissement de Charleroi","Provincie Henegouwen","Province du Hainaut","Waals Gewest","Région wallonne","<5"
"2020-05-07","53020","Dour","Dour","Arrondissement Bergen","Arrondissement de Mons","Provincie Henegouwen","Province du Hainaut","Waals Gewest","Région wallonne","<5"
"2020-05-07","53053","Bergen","Mons","Arrondissement Bergen","Arrondissement de Mons","Provincie Henegouwen","Province du Hainaut","Waals Gewest","Région wallonne","8"
"2020-05-07","53068","Quiévrain","Quiévrain","Arrondissement Bergen","Arrondissement de Mons","Provincie Henegouwen","Province du Hainaut","Waals Gewest","Région wallonne","<5"
"2020-05-07","53070","Saint-Ghislain","Saint-Ghislain","Arrondissement Bergen","Arrondissement de Mons","Provincie Henegouwen","Province du Hainaut","Waals Gewest","Région wallonne","<5"
"2020-05-07","53082","Colfontaine","Colfontaine","Arrondissement Bergen","Arrondissement de Mons","Provincie Henegouwen","Province du Hainaut","Waals Gewest","Région wallonne","<5"
"2020-05-07","53084","Quévy","Quévy","Arrondissement Bergen","Arrondissement de Mons","Provincie Henegouwen","Province du Hainaut","Waals Gewest","Région wallonne","<5"
"2020-05-07","55004","’s Gravenbrakel","Braine-le-Comte","Arrondissement Zinnik","Arrondissement de Soignies","Provincie Henegouwen","Province du Hainaut","Waals Gewest","Région wallonne","<5"
"2020-05-07","55040","Zinnik","Soignies","Arrondissement Zinnik","Arrondissement de Soignies","Provincie Henegouwen","Province du Hainaut","Waals Gewest","Région wallonne","<5"
"2020-05-07","57003","Antoing","Antoing","Arrondissement Doornik-Moeskroen","Arrondissement de Tournai-Mouscron","Provincie Henegouwen","Province du Hainaut","Waals Gewest","Région wallonne","<5"
"2020-05-07","57064","Péruwelz","Péruwelz","Arrondissement Doornik-Moeskroen","Arrondissement de Tournai-Mouscron","Provincie Henegouwen","Province du Hainaut","Waals Gewest","Région wallonne","<5"
"2020-05-07","57094","Leuze-en-Hainaut","Leuze-en-Hainaut","Arrondissement Doornik-Moeskroen","Arrondissement de Tournai-Mouscron","Provincie Henegouwen","Province du Hainaut","Waals Gewest","Région wallonne","<5"
"2020-05-07","58001","La Louvière","La Louvière","Arrondissement La Louvière","Arrondissement de La Louvière","Provincie Henegouwen","Province du Hainaut","Waals Gewest","Région wallonne","<5"
"2020-05-07","61012","Clavier","Clavier","Arrondissement Hoei","Arrondissement de Huy","Provincie Luik","Province de Liège","Waals Gewest","Région wallonne","<5"
"2020-05-07","61024","Hamoir","Hamoir","Arrondissement Hoei","Arrondissement de Huy","Provincie Luik","Province de Liège","Waals Gewest","Région wallonne","<5"
"2020-05-07","61028","Héron","Héron","Arrondissement Hoei","Arrondissement de Huy","Provincie Luik","Province de Liège","Waals Gewest","Région wallonne","<5"
"2020-05-07","61039","Marchin","Marchin","Arrondissement Hoei","Arrondissement de Huy","Provincie Luik","Province de Liège","Waals Gewest","Région wallonne","<5"
"2020-05-07","61072","Wanze","Wanze","Arrondissement Hoei","Arrondissement de Huy","Provincie Luik","Province de Liège","Waals Gewest","Région wallonne","<5"
"2020-05-07","62003","Ans","Ans","Arrondissement Luik","Arrondissement de Liège","Provincie Luik","Province de Liège","Waals Gewest","Région wallonne","<5"
"2020-05-07","62006","Awans","Awans","Arrondissement Luik","Arrondissement de Liège","Provincie Luik","Province de Liège","Waals Gewest","Région wallonne","<5"
"2020-05-07","62027","Dalhem","Dalhem","Arrondissement Luik","Arrondissement de Liège","Provincie Luik","Province de Liège","Waals Gewest","Région wallonne","<5"
"2020-05-07","62032","Esneux","Esneux","Arrondissement Luik","Arrondissement de Liège","Provincie Luik","Province de Liège","Waals Gewest","Région wallonne","<5"
"2020-05-07","62038","Fléron","Fléron","Arrondissement Luik","Arrondissement de Liège","Provincie Luik","Province de Liège","Waals Gewest","Région wallonne","<5"
"2020-05-07","62051","Herstal","Herstal","Arrondissement Luik","Arrondissement de Liège","Provincie Luik","Province de Liège","Waals Gewest","Région wallonne","<5"
"2020-05-07","62063","Luik","Liège","Arrondissement Luik","Arrondissement de Liège","Provincie Luik","Province de Liège","Waals Gewest","Région wallonne","5"
"2020-05-07","62093","Saint-Nicolas (Luik)","Saint-Nicolas (Liège)","Arrondissement Luik","Arrondissement de Liège","Provincie Luik","Province de Liège","Waals Gewest","Région wallonne","<5"
"2020-05-07","62096","Seraing","Seraing","Arrondissement Luik","Arrondissement de Liège","Provincie Luik","Province de Liège","Waals Gewest","Région wallonne","<5"
"2020-05-07","62099","Soumagne","Soumagne","Arrondissement Luik","Arrondissement de Liège","Provincie Luik","Province de Liège","Waals Gewest","Région wallonne","<5"
"2020-05-07","62100","Sprimont","Sprimont","Arrondissement Luik","Arrondissement de Liège","Provincie Luik","Province de Liège","Waals Gewest","Région wallonne","<5"
"2020-05-07","62118","Grâce-Hollogne","Grâce-Hollogne","Arrondissement Luik","Arrondissement de Liège","Provincie Luik","Province de Liège","Waals Gewest","Région wallonne","<5"
"2020-05-07","63003","Aubel","Aubel","Arrondissement Verviers","Arrondissement de Verviers","Provincie Luik","Province de Liège","Waals Gewest","Région wallonne","<5"
"2020-05-07","63004","Baelen","Baelen","Arrondissement Verviers","Arrondissement de Verviers","Provincie Luik","Province de Liège","Waals Gewest","Région wallonne","<5"
"2020-05-07","63012","Büllingen","Bullange","Arrondissement Verviers","Arrondissement de Verviers","Provincie Luik","Province de Liège","Waals Gewest","Région wallonne","<5"
"2020-05-07","63023","Eupen","Eupen","Arrondissement Verviers","Arrondissement de Verviers","Provincie Luik","Province de Liège","Waals Gewest","Région wallonne","<5"
"2020-05-07","63035","Herve","Herve","Arrondissement Verviers","Arrondissement de Verviers","Provincie Luik","Province de Liège","Waals Gewest","Région wallonne","<5"
"2020-05-07","63038","Jalhay","Jalhay","Arrondissement Verviers","Arrondissement de Verviers","Provincie Luik","Province de Liège","Waals Gewest","Région wallonne","5"
"2020-05-07","63046","Limburg","Limbourg","Arrondissement Verviers","Arrondissement de Verviers","Provincie Luik","Province de Liège","Waals Gewest","Région wallonne","<5"
"2020-05-07","63049","Malmedy","Malmedy","Arrondissement Verviers","Arrondissement de Verviers","Provincie Luik","Province de Liège","Waals Gewest","Région wallonne","<5"
"2020-05-07","63061","Raeren","Raeren","Arrondissement Verviers","Arrondissement de Verviers","Provincie Luik","Province de Liège","Waals Gewest","Région wallonne","<5"
"2020-05-07","63076","Theux","Theux","Arrondissement Verviers","Arrondissement de Verviers","Provincie Luik","Province de Liège","Waals Gewest","Région wallonne","<5"
"2020-05-07","63080","Weismes","Waimes","Arrondissement Verviers","Arrondissement de Verviers","Provincie Luik","Province de Liège","Waals Gewest","Région wallonne","<5"
"2020-05-07","63084","Welkenraedt","Welkenraedt","Arrondissement Verviers","Arrondissement de Verviers","Provincie Luik","Province de Liège","Waals Gewest","Région wallonne","<5"
"2020-05-07","63088","Plombières","Plombières","Arrondissement Verviers","Arrondissement de Verviers","Provincie Luik","Province de Liège","Waals Gewest","Région wallonne","<5"
"2020-05-07","71002","As","As","Arrondissement Hasselt","Arrondissement de Hasselt","Provincie Limburg","Province du Limbourg","Vlaams Gewest","Région flamande","<5"
"2020-05-07","71004","Beringen","Beringen","Arrondissement Hasselt","Arrondissement de Hasselt","Provincie Limburg","Province du Limbourg","Vlaams Gewest","Région flamande","<5"
"2020-05-07","71016","Genk","Genk","Arrondissement Hasselt","Arrondissement de Hasselt","Provincie Limburg","Province du Limbourg","Vlaams Gewest","Région flamande","<5"
"2020-05-07","71017","Gingelom","Gingelom","Arrondissement Hasselt","Arrondissement de Hasselt","Provincie Limburg","Province du Limbourg","Vlaams Gewest","Région flamande","<5"
"2020-05-07","71022","Hasselt","Hasselt","Arrondissement Hasselt","Arrondissement de Hasselt","Provincie Limburg","Province du Limbourg","Vlaams Gewest","Région flamande","<5"
"2020-05-07","71024","Herk-de-Stad","Herck-la-Ville","Arrondissement Hasselt","Arrondissement de Hasselt","Provincie Limburg","Province du Limbourg","Vlaams Gewest","Région flamande","6"
"2020-05-07","71034","Leopoldsburg","Bourg-Léopold","Arrondissement Hasselt","Arrondissement de Hasselt","Provincie Limburg","Province du Limbourg","Vlaams Gewest","Région flamande","<5"
"2020-05-07","71053","Sint-Truiden","Saint-Trond","Arrondissement Hasselt","Arrondissement de Hasselt","Provincie Limburg","Province du Limbourg","Vlaams Gewest","Région flamande","<5"
"2020-05-07","71070","Heusden-Zolder","Heusden-Zolder","Arrondissement Hasselt","Arrondissement de Hasselt","Provincie Limburg","Province du Limbourg","Vlaams Gewest","Région flamande","<5"
"2020-05-07","72030","Peer","Peer","Arrondissement Maaseik","Arrondissement de Maaseik","Provincie Limburg","Province du Limbourg","Vlaams Gewest","Région flamande","<5"
"2020-05-07","72038","Hechtel-Eksel","Hechtel-Eksel","Arrondissement Maaseik","Arrondissement de Maaseik","Provincie Limburg","Province du Limbourg","Vlaams Gewest","Région flamande","<5"
"2020-05-07","72042","Oudsbergen","Oudsbergen","Arrondissement Maaseik","Arrondissement de Maaseik","Provincie Limburg","Province du Limbourg","Vlaams Gewest","Région flamande","<5"
"2020-05-07","72043","Pelt","Pelt","Arrondissement Maaseik","Arrondissement de Maaseik","Provincie Limburg","Province du Limbourg","Vlaams Gewest","Région flamande","<5"
"2020-05-07","73009","Borgloon","Looz","Arrondissement Tongeren","Arrondissement de Tongres","Provincie Limburg","Province du Limbourg","Vlaams Gewest","Région flamande","<5"
"2020-05-07","73032","Hoeselt","Hoeselt","Arrondissement Tongeren","Arrondissement de Tongres","Provincie Limburg","Province du Limbourg","Vlaams Gewest","Région flamande","<5"
"2020-05-07","73066","Riemst","Riemst","Arrondissement Tongeren","Arrondissement de Tongres","Provincie Limburg","Province du Limbourg","Vlaams Gewest","Région flamande","<5"
"2020-05-07","73083","Tongeren","Tongres","Arrondissement Tongeren","Arrondissement de Tongres","Provincie Limburg","Province du Limbourg","Vlaams Gewest","Région flamande","<5"
"2020-05-07","73107","Maasmechelen","Maasmechelen","Arrondissement Tongeren","Arrondissement de Tongres","Provincie Limburg","Province du Limbourg","Vlaams Gewest","Région flamande","<5"
"2020-05-07","83012","Durbuy","Durbuy","Arrondissement Marche-en-Famenne","Arrondissement de Marche-en-Famenne","Provincie Luxemburg","Province du Luxembourg","Waals Gewest","Région wallonne","<5"
"2020-05-07","83034","Marche-en-Famenne","Marche-en-Famenne","Arrondissement Marche-en-Famenne","Arrondissement de Marche-en-Famenne","Provincie Luxemburg","Province du Luxembourg","Waals Gewest","Région wallonne","<5"
"2020-05-07","83044","Rendeux","Rendeux","Arrondissement Marche-en-Famenne","Arrondissement de Marche-en-Famenne","Provincie Luxemburg","Province du Luxembourg","Waals Gewest","Région wallonne","<5"
"2020-05-07","84009","Bertrix","Bertrix","Arrondissement Neufchâteau","Arrondissement de Neufchâteau","Provincie Luxemburg","Province du Luxembourg","Waals Gewest","Région wallonne","<5"
"2020-05-07","84035","Libin","Libin","Arrondissement Neufchâteau","Arrondissement de Neufchâteau","Provincie Luxemburg","Province du Luxembourg","Waals Gewest","Région wallonne","<5"
"2020-05-07","85045","Virton","Virton","Arrondissement Virton","Arrondissement de Virton","Provincie Luxemburg","Province du Luxembourg","Waals Gewest","Région wallonne","<5"
"2020-05-07","91013","Beauraing","Beauraing","Arrondissement Dinant","Arrondissement de Dinant","Provincie Namen","Province de Namur","Waals Gewest","Région wallonne","<5"
"2020-05-07","91030","Ciney","Ciney","Arrondissement Dinant","Arrondissement de Dinant","Provincie Namen","Province de Namur","Waals Gewest","Région wallonne","<5"
"2020-05-07","91034","Dinant","Dinant","Arrondissement Dinant","Arrondissement de Dinant","Provincie Namen","Province de Namur","Waals Gewest","Région wallonne","<5"
"2020-05-07","91103","Onhaye","Onhaye","Arrondissement Dinant","Arrondissement de Dinant","Provincie Namen","Province de Namur","Waals Gewest","Région wallonne","<5"
"2020-05-07","91114","Rochefort","Rochefort","Arrondissement Dinant","Arrondissement de Dinant","Provincie Namen","Province de Namur","Waals Gewest","Région wallonne","<5"
"2020-05-07","91141","Yvoir","Yvoir","Arrondissement Dinant","Arrondissement de Dinant","Provincie Namen","Province de Namur","Waals Gewest","Région wallonne","<5"
"2020-05-07","91143","Vresse-sur-Semois","Vresse-sur-Semois","Arrondissement Dinant","Arrondissement de Dinant","Provincie Namen","Province de Namur","Waals Gewest","Région wallonne","<5"
"2020-05-07","92003","Andenne","Andenne","Arrondissement Namen","Arrondissement de Namur","Provincie Namen","Province de Namur","Waals Gewest","Région wallonne","<5"
"2020-05-07","92087","Mettet","Mettet","Arrondissement Namen","Arrondissement de Namur","Provincie Namen","Province de Namur","Waals Gewest","Région wallonne","<5"
"2020-05-07","92094","Namen","Namur","Arrondissement Namen","Arrondissement de Namur","Provincie Namen","Province de Namur","Waals Gewest","Région wallonne","11"
"2020-05-07","92114","Sombreffe","Sombreffe","Arrondissement Namen","Arrondissement de Namur","Provincie Namen","Province de Namur","Waals Gewest","Région wallonne","<5"
"2020-05-07","92137","Sambreville","Sambreville","Arrondissement Namen","Arrondissement de Namur","Provincie Namen","Province de Namur","Waals Gewest","Région wallonne","<5"
"2020-05-07","92140","Jemeppe-sur-Sambre","Jemeppe-sur-Sambre","Arrondissement Namen","Arrondissement de Namur","Provincie Namen","Province de Namur","Waals Gewest","Région wallonne","<5"
"2020-05-07","92141","La Bruyère","La Bruyère","Arrondissement Namen","Arrondissement de Namur","Provincie Namen","Province de Namur","Waals Gewest","Région wallonne","<5"
"2020-05-07","93088","Walcourt","Walcourt","Arrondissement Philippeville","Arrondissement de Philippeville","Provincie Namen","Province de Namur","Waals Gewest","Région wallonne","<5"
"2020-05-07",NA,NA,NA,NA,NA,NA,NA,NA,NA,"8"
"2020-05-08","11002","Antwerpen","Anvers","Arrondissement Antwerpen","Arrondissement d’Anvers","Provincie Antwerpen","Province d’Anvers","Vlaams Gewest","Région flamande","27"
"2020-05-08","11005","Boom","Boom","Arrondissement Antwerpen","Arrondissement d’Anvers","Provincie Antwerpen","Province d’Anvers","Vlaams Gewest","Région flamande","<5"
"2020-05-08","11008","Brasschaat","Brasschaat","Arrondissement Antwerpen","Arrondissement d’Anvers","Provincie Antwerpen","Province d’Anvers","Vlaams Gewest","Région flamande","<5"
"2020-05-08","11009","Brecht","Brecht","Arrondissement Antwerpen","Arrondissement d’Anvers","Provincie Antwerpen","Province d’Anvers","Vlaams Gewest","Région flamande","<5"
"2020-05-08","11013","Edegem","Edegem","Arrondissement Antwerpen","Arrondissement d’Anvers","Provincie Antwerpen","Province d’Anvers","Vlaams Gewest","Région flamande","<5"
"2020-05-08","11016","Essen","Essen","Arrondissement Antwerpen","Arrondissement d’Anvers","Provincie Antwerpen","Province d’Anvers","Vlaams Gewest","Région flamande","<5"
"2020-05-08","11022","Kalmthout","Kalmthout","Arrondissement Antwerpen","Arrondissement d’Anvers","Provincie Antwerpen","Province d’Anvers","Vlaams Gewest","Région flamande","<5"
"2020-05-08","11023","Kapellen (Antwerpen)","Kapellen (Anvers)","Arrondissement Antwerpen","Arrondissement d’Anvers","Provincie Antwerpen","Province d’Anvers","Vlaams Gewest","Région flamande","<5"
"2020-05-08","11029","Mortsel","Mortsel","Arrondissement Antwerpen","Arrondissement d’Anvers","Provincie Antwerpen","Province d’Anvers","Vlaams Gewest","Région flamande","<5"
"2020-05-08","11040","Schoten","Schoten","Arrondissement Antwerpen","Arrondissement d’Anvers","Provincie Antwerpen","Province d’Anvers","Vlaams Gewest","Région flamande","<5"
"2020-05-08","11053","Wuustwezel","Wuustwezel","Arrondissement Antwerpen","Arrondissement d’Anvers","Provincie Antwerpen","Province d’Anvers","Vlaams Gewest","Région flamande","<5"
"2020-05-08","11055","Zoersel","Zoersel","Arrondissement Antwerpen","Arrondissement d’Anvers","Provincie Antwerpen","Province d’Anvers","Vlaams Gewest","Région flamande","<5"
"2020-05-08","12002","Berlaar","Berlaar","Arrondissement Mechelen","Arrondissement de Malines","Provincie Antwerpen","Province d’Anvers","Vlaams Gewest","Région flamande","<5"
"2020-05-08","12009","Duffel","Duffel","Arrondissement Mechelen","Arrondissement de Malines","Provincie Antwerpen","Province d’Anvers","Vlaams Gewest","Région flamande","<5"
"2020-05-08","12014","Heist-op-den-Berg","Heist-op-den-Berg","Arrondissement Mechelen","Arrondissement de Malines","Provincie Antwerpen","Province d’Anvers","Vlaams Gewest","Région flamande","<5"
"2020-05-08","12025","Mechelen","Malines","Arrondissement Mechelen","Arrondissement de Malines","Provincie Antwerpen","Province d’Anvers","Vlaams Gewest","Région flamande","<5"
"2020-05-08","12026","Nijlen","Nijlen","Arrondissement Mechelen","Arrondissement de Malines","Provincie Antwerpen","Province d’Anvers","Vlaams Gewest","Région flamande","<5"
"2020-05-08","12029","Putte","Putte","Arrondissement Mechelen","Arrondissement de Malines","Provincie Antwerpen","Province d’Anvers","Vlaams Gewest","Région flamande","<5"
"2020-05-08","12040","Willebroek","Willebroek","Arrondissement Mechelen","Arrondissement de Malines","Provincie Antwerpen","Province d’Anvers","Vlaams Gewest","Région flamande","<5"
"2020-05-08","13002","Baarle-Hertog","Baerle-Duc","Arrondissement Turnhout","Arrondissement de Turnhout","Provincie Antwerpen","Province d’Anvers","Vlaams Gewest","Région flamande","<5"
"2020-05-08","13004","Beerse","Beerse","Arrondissement Turnhout","Arrondissement de Turnhout","Provincie Antwerpen","Province d’Anvers","Vlaams Gewest","Région flamande","<5"
"2020-05-08","13014","Hoogstraten","Hoogstraten","Arrondissement Turnhout","Arrondissement de Turnhout","Provincie Antwerpen","Province d’Anvers","Vlaams Gewest","Région flamande","<5"
"2020-05-08","13019","Lille","Lille","Arrondissement Turnhout","Arrondissement de Turnhout","Provincie Antwerpen","Province d’Anvers","Vlaams Gewest","Région flamande","<5"
"2020-05-08","13025","Mol","Mol","Arrondissement Turnhout","Arrondissement de Turnhout","Provincie Antwerpen","Province d’Anvers","Vlaams Gewest","Région flamande","<5"
"2020-05-08","13035","Ravels","Ravels","Arrondissement Turnhout","Arrondissement de Turnhout","Provincie Antwerpen","Province d’Anvers","Vlaams Gewest","Région flamande","<5"
"2020-05-08","13036","Retie","Retie","Arrondissement Turnhout","Arrondissement de Turnhout","Provincie Antwerpen","Province d’Anvers","Vlaams Gewest","Région flamande","<5"
"2020-05-08","13040","Turnhout","Turnhout","Arrondissement Turnhout","Arrondissement de Turnhout","Provincie Antwerpen","Province d’Anvers","Vlaams Gewest","Région flamande","<5"
"2020-05-08","13046","Vosselaar","Vosselaar","Arrondissement Turnhout","Arrondissement de Turnhout","Provincie Antwerpen","Province d’Anvers","Vlaams Gewest","Région flamande","<5"
"2020-05-08","21001","Anderlecht","Anderlecht","Arrondissement Brussel-Hoofdstad","Arrondissement de Bruxelles-Capitale",NA,NA,"Brussels Hoofdstedelijk Gewest","Région de Bruxelles-Capitale","<5"
"2020-05-08","21002","Oudergem","Auderghem","Arrondissement Brussel-Hoofdstad","Arrondissement de Bruxelles-Capitale",NA,NA,"Brussels Hoofdstedelijk Gewest","Région de Bruxelles-Capitale","<5"
"2020-05-08","21003","Sint-Agatha-Berchem","Berchem-Sainte-Agathe","Arrondissement Brussel-Hoofdstad","Arrondissement de Bruxelles-Capitale",NA,NA,"Brussels Hoofdstedelijk Gewest","Région de Bruxelles-Capitale","<5"
"2020-05-08","21004","Brussel","Bruxelles","Arrondissement Brussel-Hoofdstad","Arrondissement de Bruxelles-Capitale",NA,NA,"Brussels Hoofdstedelijk Gewest","Région de Bruxelles-Capitale","<5"
"2020-05-08","21006","Evere","Evere","Arrondissement Brussel-Hoofdstad","Arrondissement de Bruxelles-Capitale",NA,NA,"Brussels Hoofdstedelijk Gewest","Région de Bruxelles-Capitale","<5"
"2020-05-08","21008","Ganshoren","Ganshoren","Arrondissement Brussel-Hoofdstad","Arrondissement de Bruxelles-Capitale",NA,NA,"Brussels Hoofdstedelijk Gewest","Région de Bruxelles-Capitale","<5"
"2020-05-08","21009","Elsene","Ixelles","Arrondissement Brussel-Hoofdstad","Arrondissement de Bruxelles-Capitale",NA,NA,"Brussels Hoofdstedelijk Gewest","Région de Bruxelles-Capitale","<5"
"2020-05-08","21010","Jette","Jette","Arrondissement Brussel-Hoofdstad","Arrondissement de Bruxelles-Capitale",NA,NA,"Brussels Hoofdstedelijk Gewest","Région de Bruxelles-Capitale","<5"
"2020-05-08","21013","Sint-Gillis","Saint-Gilles","Arrondissement Brussel-Hoofdstad","Arrondissement de Bruxelles-Capitale",NA,NA,"Brussels Hoofdstedelijk Gewest","Région de Bruxelles-Capitale","<5"
"2020-05-08","21014","Sint-Joost-ten-Node","Saint-Josse-ten-Noode","Arrondissement Brussel-Hoofdstad","Arrondissement de Bruxelles-Capitale",NA,NA,"Brussels Hoofdstedelijk Gewest","Région de Bruxelles-Capitale","<5"
"2020-05-08","21015","Schaarbeek","Schaerbeek","Arrondissement Brussel-Hoofdstad","Arrondissement de Bruxelles-Capitale",NA,NA,"Brussels Hoofdstedelijk Gewest","Région de Bruxelles-Capitale","<5"
"2020-05-08","21016","Ukkel","Uccle","Arrondissement Brussel-Hoofdstad","Arrondissement de Bruxelles-Capitale",NA,NA,"Brussels Hoofdstedelijk Gewest","Région de Bruxelles-Capitale","<5"
"2020-05-08","21017","Watermaal-Bosvoorde","Watermael-Boitsfort","Arrondissement Brussel-Hoofdstad","Arrondissement de Bruxelles-Capitale",NA,NA,"Brussels Hoofdstedelijk Gewest","Région de Bruxelles-Capitale","<5"
"2020-05-08","21019","Sint-Pieters-Woluwe","Woluwe-Saint-Pierre","Arrondissement Brussel-Hoofdstad","Arrondissement de Bruxelles-Capitale",NA,NA,"Brussels Hoofdstedelijk Gewest","Région de Bruxelles-Capitale","<5"
"2020-05-08","23016","Dilbeek","Dilbeek","Arrondissement Halle-Vilvoorde","Arrondissement de Hal-Vilvorde","Provincie Vlaams-Brabant","Province du Brabant flamand","Vlaams Gewest","Région flamande","<5"
"2020-05-08","23024","Gooik","Gooik","Arrondissement Halle-Vilvoorde","Arrondissement de Hal-Vilvorde","Provincie Vlaams-Brabant","Province du Brabant flamand","Vlaams Gewest","Région flamande","<5"
"2020-05-08","23039","Kapelle-op-den-Bos","Kapelle-op-den-Bos","Arrondissement Halle-Vilvoorde","Arrondissement de Hal-Vilvorde","Provincie Vlaams-Brabant","Province du Brabant flamand","Vlaams Gewest","Région flamande","<5"
"2020-05-08","23047","Machelen (Halle-Vilvoorde)","Machelen (Hal-Vilvorde)","Arrondissement Halle-Vilvoorde","Arrondissement de Hal-Vilvorde","Provincie Vlaams-Brabant","Province du Brabant flamand","Vlaams Gewest","Région flamande","5"
"2020-05-08","23052","Merchtem","Merchtem","Arrondissement Halle-Vilvoorde","Arrondissement de Hal-Vilvorde","Provincie Vlaams-Brabant","Province du Brabant flamand","Vlaams Gewest","Région flamande","<5"
"2020-05-08","23060","Opwijk","Opwijk","Arrondissement Halle-Vilvoorde","Arrondissement de Hal-Vilvorde","Provincie Vlaams-Brabant","Province du Brabant flamand","Vlaams Gewest","Région flamande","<5"
"2020-05-08","23062","Overijse","Overijse","Arrondissement Halle-Vilvoorde","Arrondissement de Hal-Vilvorde","Provincie Vlaams-Brabant","Province du Brabant flamand","Vlaams Gewest","Région flamande","5"
"2020-05-08","23077","Sint-Pieters-Leeuw","Sint-Pieters-Leeuw","Arrondissement Halle-Vilvoorde","Arrondissement de Hal-Vilvorde","Provincie Vlaams-Brabant","Province du Brabant flamand","Vlaams Gewest","Région flamande","<5"
"2020-05-08","23096","Zemst","Zemst","Arrondissement Halle-Vilvoorde","Arrondissement de Hal-Vilvorde","Provincie Vlaams-Brabant","Province du Brabant flamand","Vlaams Gewest","Région flamande","<5"
"2020-05-08","23099","Kraainem","Kraainem","Arrondissement Halle-Vilvoorde","Arrondissement de Hal-Vilvorde","Provincie Vlaams-Brabant","Province du Brabant flamand","Vlaams Gewest","Région flamande","<5"
"2020-05-08","23103","Wezembeek-Oppem","Wezembeek-Oppem","Arrondissement Halle-Vilvoorde","Arrondissement de Hal-Vilvorde","Provincie Vlaams-Brabant","Province du Brabant flamand","Vlaams Gewest","Région flamande","<5"
"2020-05-08","24028","Geetbets","Geetbets","Arrondissement Leuven","Arrondissement de Louvain","Provincie Vlaams-Brabant","Province du Brabant flamand","Vlaams Gewest","Région flamande","<5"
"2020-05-08","24033","Haacht","Haacht","Arrondissement Leuven","Arrondissement de Louvain","Provincie Vlaams-Brabant","Province du Brabant flamand","Vlaams Gewest","Région flamande","<5"
"2020-05-08","24062","Leuven","Louvain","Arrondissement Leuven","Arrondissement de Louvain","Provincie Vlaams-Brabant","Province du Brabant flamand","Vlaams Gewest","Région flamande","<5"
"2020-05-08","24107","Tienen","Tirlemont","Arrondissement Leuven","Arrondissement de Louvain","Provincie Vlaams-Brabant","Province du Brabant flamand","Vlaams Gewest","Région flamande","<5"
"2020-05-08","25014","Eigenbrakel","Braine-l’Alleud","Arrondissement Nijvel","Arrondissement de Nivelles","Provincie Waals-Brabant","Province du Brabant wallon","Waals Gewest","Région wallonne","<5"
"2020-05-08","25031","Genepiën","Genappe","Arrondissement Nijvel","Arrondissement de Nivelles","Provincie Waals-Brabant","Province du Brabant wallon","Waals Gewest","Région wallonne","<5"
"2020-05-08","25037","Graven","Grez-Doiceau","Arrondissement Nijvel","Arrondissement de Nivelles","Provincie Waals-Brabant","Province du Brabant wallon","Waals Gewest","Région wallonne","<5"
"2020-05-08","25068","Mont-Saint-Guibert","Mont-Saint-Guibert","Arrondissement Nijvel","Arrondissement de Nivelles","Provincie Waals-Brabant","Province du Brabant wallon","Waals Gewest","Région wallonne","<5"
"2020-05-08","25072","Nijvel","Nivelles","Arrondissement Nijvel","Arrondissement de Nivelles","Provincie Waals-Brabant","Province du Brabant wallon","Waals Gewest","Région wallonne","<5"
"2020-05-08","25091","Rixensart","Rixensart","Arrondissement Nijvel","Arrondissement de Nivelles","Provincie Waals-Brabant","Province du Brabant wallon","Waals Gewest","Région wallonne","<5"
"2020-05-08","25105","Tubeke","Tubize","Arrondissement Nijvel","Arrondissement de Nivelles","Provincie Waals-Brabant","Province du Brabant wallon","Waals Gewest","Région wallonne","<5"
"2020-05-08","25110","Waterloo","Waterloo","Arrondissement Nijvel","Arrondissement de Nivelles","Provincie Waals-Brabant","Province du Brabant wallon","Waals Gewest","Région wallonne","<5"
"2020-05-08","25119","Lasne","Lasne","Arrondissement Nijvel","Arrondissement de Nivelles","Provincie Waals-Brabant","Province du Brabant wallon","Waals Gewest","Région wallonne","<5"
"2020-05-08","25121","Ottignies-Louvain-la-Neuve","Ottignies-Louvain-la-Neuve","Arrondissement Nijvel","Arrondissement de Nivelles","Provincie Waals-Brabant","Province du Brabant wallon","Waals Gewest","Région wallonne","<5"
"2020-05-08","31003","Beernem","Beernem","Arrondissement Brugge","Arrondissement de Bruges","Provincie West-Vlaanderen","Province de Flandre occidentale","Vlaams Gewest","Région flamande","<5"
"2020-05-08","31005","Brugge","Bruges","Arrondissement Brugge","Arrondissement de Bruges","Provincie West-Vlaanderen","Province de Flandre occidentale","Vlaams Gewest","Région flamande","11"
"2020-05-08","31022","Oostkamp","Oostkamp","Arrondissement Brugge","Arrondissement de Bruges","Provincie West-Vlaanderen","Province de Flandre occidentale","Vlaams Gewest","Région flamande","6"
"2020-05-08","31033","Torhout","Torhout","Arrondissement Brugge","Arrondissement de Bruges","Provincie West-Vlaanderen","Province de Flandre occidentale","Vlaams Gewest","Région flamande","<5"
"2020-05-08","31040","Zedelgem","Zedelgem","Arrondissement Brugge","Arrondissement de Bruges","Provincie West-Vlaanderen","Province de Flandre occidentale","Vlaams Gewest","Région flamande","<5"
"2020-05-08","32003","Diksmuide","Dixmude","Arrondissement Diksmuide","Arrondissement de Dixmude","Provincie West-Vlaanderen","Province de Flandre occidentale","Vlaams Gewest","Région flamande","<5"
"2020-05-08","32010","Koekelare","Koekelare","Arrondissement Diksmuide","Arrondissement de Dixmude","Provincie West-Vlaanderen","Province de Flandre occidentale","Vlaams Gewest","Région flamande","<5"
"2020-05-08","32030","Lo-Reninge","Lo-Reninge","Arrondissement Diksmuide","Arrondissement de Dixmude","Provincie West-Vlaanderen","Province de Flandre occidentale","Vlaams Gewest","Région flamande","<5"
"2020-05-08","33011","Ieper","Ypres","Arrondissement Ieper","Arrondissement d’Ypres","Provincie West-Vlaanderen","Province de Flandre occidentale","Vlaams Gewest","Région flamande","<5"
"2020-05-08","33029","Wervik","Wervik","Arrondissement Ieper","Arrondissement d’Ypres","Provincie West-Vlaanderen","Province de Flandre occidentale","Vlaams Gewest","Région flamande","<5"
"2020-05-08","34002","Anzegem","Anzegem","Arrondissement Kortrijk","Arrondissement de Courtrai","Provincie West-Vlaanderen","Province de Flandre occidentale","Vlaams Gewest","Région flamande","<5"
"2020-05-08","34003","Avelgem","Avelgem","Arrondissement Kortrijk","Arrondissement de Courtrai","Provincie West-Vlaanderen","Province de Flandre occidentale","Vlaams Gewest","Région flamande","<5"
"2020-05-08","34013","Harelbeke","Harelbeke","Arrondissement Kortrijk","Arrondissement de Courtrai","Provincie West-Vlaanderen","Province de Flandre occidentale","Vlaams Gewest","Région flamande","<5"
"2020-05-08","34022","Kortrijk","Courtrai","Arrondissement Kortrijk","Arrondissement de Courtrai","Provincie West-Vlaanderen","Province de Flandre occidentale","Vlaams Gewest","Région flamande","<5"
"2020-05-08","34023","Kuurne","Kuurne","Arrondissement Kortrijk","Arrondissement de Courtrai","Provincie West-Vlaanderen","Province de Flandre occidentale","Vlaams Gewest","Région flamande","5"
"2020-05-08","34040","Waregem","Waregem","Arrondissement Kortrijk","Arrondissement de Courtrai","Provincie West-Vlaanderen","Province de Flandre occidentale","Vlaams Gewest","Région flamande","<5"
"2020-05-08","34041","Wevelgem","Wevelgem","Arrondissement Kortrijk","Arrondissement de Courtrai","Provincie West-Vlaanderen","Province de Flandre occidentale","Vlaams Gewest","Région flamande","<5"
"2020-05-08","35013","Oostende","Ostende","Arrondissement Oostende","Arrondissement d’Ostende","Provincie West-Vlaanderen","Province de Flandre occidentale","Vlaams Gewest","Région flamande","<5"
"2020-05-08","36006","Hooglede","Hooglede","Arrondissement Roeselare","Arrondissement de Roulers","Provincie West-Vlaanderen","Province de Flandre occidentale","Vlaams Gewest","Région flamande","<5"
"2020-05-08","36015","Roeselare","Roulers","Arrondissement Roeselare","Arrondissement de Roulers","Provincie West-Vlaanderen","Province de Flandre occidentale","Vlaams Gewest","Région flamande","<5"
"2020-05-08","37007","Meulebeke","Meulebeke","Arrondissement Tielt","Arrondissement de Tielt","Provincie West-Vlaanderen","Province de Flandre occidentale","Vlaams Gewest","Région flamande","<5"
"2020-05-08","37010","Oostrozebeke","Oostrozebeke","Arrondissement Tielt","Arrondissement de Tielt","Provincie West-Vlaanderen","Province de Flandre occidentale","Vlaams Gewest","Région flamande","<5"
"2020-05-08","37015","Tielt (Tielt)","Tielt (Tielt)","Arrondissement Tielt","Arrondissement de Tielt","Provincie West-Vlaanderen","Province de Flandre occidentale","Vlaams Gewest","Région flamande","<5"
"2020-05-08","37018","Wingene","Wingene","Arrondissement Tielt","Arrondissement de Tielt","Provincie West-Vlaanderen","Province de Flandre occidentale","Vlaams Gewest","Région flamande","<5"
"2020-05-08","38008","De Panne","La Panne","Arrondissement Veurne","Arrondissement de Furnes","Provincie West-Vlaanderen","Province de Flandre occidentale","Vlaams Gewest","Région flamande","<5"
"2020-05-08","38016","Nieuwpoort","Nieuport","Arrondissement Veurne","Arrondissement de Furnes","Provincie West-Vlaanderen","Province de Flandre occidentale","Vlaams Gewest","Région flamande","<5"
"2020-05-08","41002","Aalst (Aalst)","Alost (Alost)","Arrondissement Aalst","Arrondissement d’Alost","Provincie Oost-Vlaanderen","Province de Flandre orientale","Vlaams Gewest","Région flamande","<5"
"2020-05-08","41018","Geraardsbergen","Grammont","Arrondissement Aalst","Arrondissement d’Alost","Provincie Oost-Vlaanderen","Province de Flandre orientale","Vlaams Gewest","Région flamande","<5"
"2020-05-08","41024","Haaltert","Haaltert","Arrondissement Aalst","Arrondissement d’Alost","Provincie Oost-Vlaanderen","Province de Flandre orientale","Vlaams Gewest","Région flamande","<5"
"2020-05-08","41027","Herzele","Herzele","Arrondissement Aalst","Arrondissement d’Alost","Provincie Oost-Vlaanderen","Province de Flandre orientale","Vlaams Gewest","Région flamande","<5"
"2020-05-08","41063","Sint-Lievens-Houtem","Sint-Lievens-Houtem","Arrondissement Aalst","Arrondissement d’Alost","Provincie Oost-Vlaanderen","Province de Flandre orientale","Vlaams Gewest","Région flamande","<5"
"2020-05-08","41081","Zottegem","Zottegem","Arrondissement Aalst","Arrondissement d’Alost","Provincie Oost-Vlaanderen","Province de Flandre orientale","Vlaams Gewest","Région flamande","<5"
"2020-05-08","42004","Buggenhout","Buggenhout","Arrondissement Dendermonde","Arrondissement de Termonde","Provincie Oost-Vlaanderen","Province de Flandre orientale","Vlaams Gewest","Région flamande","5"
"2020-05-08","42011","Lebbeke","Lebbeke","Arrondissement Dendermonde","Arrondissement de Termonde","Provincie Oost-Vlaanderen","Province de Flandre orientale","Vlaams Gewest","Région flamande","<5"
"2020-05-08","43005","Eeklo","Eeklo","Arrondissement Eeklo","Arrondissement d’Eeklo","Provincie Oost-Vlaanderen","Province de Flandre orientale","Vlaams Gewest","Région flamande","<5"
"2020-05-08","43007","Kaprijke","Kaprijke","Arrondissement Eeklo","Arrondissement d’Eeklo","Provincie Oost-Vlaanderen","Province de Flandre orientale","Vlaams Gewest","Région flamande","<5"
"2020-05-08","43010","Maldegem","Maldegem","Arrondissement Eeklo","Arrondissement d’Eeklo","Provincie Oost-Vlaanderen","Province de Flandre orientale","Vlaams Gewest","Région flamande","<5"
"2020-05-08","44019","Evergem","Evergem","Arrondissement Gent","Arrondissement de Gand","Provincie Oost-Vlaanderen","Province de Flandre orientale","Vlaams Gewest","Région flamande","<5"
"2020-05-08","44020","Gavere","Gavere","Arrondissement Gent","Arrondissement de Gand","Provincie Oost-Vlaanderen","Province de Flandre orientale","Vlaams Gewest","Région flamande","<5"
"2020-05-08","44021","Gent","Gand","Arrondissement Gent","Arrondissement de Gand","Provincie Oost-Vlaanderen","Province de Flandre orientale","Vlaams Gewest","Région flamande","9"
"2020-05-08","44045","Moerbeke (Gent)","Moerbeke (Gand)","Arrondissement Gent","Arrondissement de Gand","Provincie Oost-Vlaanderen","Province de Flandre orientale","Vlaams Gewest","Région flamande","<5"
"2020-05-08","44064","Sint-Martens-Latem","Sint-Martens-Latem","Arrondissement Gent","Arrondissement de Gand","Provincie Oost-Vlaanderen","Province de Flandre orientale","Vlaams Gewest","Région flamande","<5"
"2020-05-08","44081","Zulte","Zulte","Arrondissement Gent","Arrondissement de Gand","Provincie Oost-Vlaanderen","Province de Flandre orientale","Vlaams Gewest","Région flamande","<5"
"2020-05-08","44083","Deinze","Deinze","Arrondissement Gent","Arrondissement de Gand","Provincie Oost-Vlaanderen","Province de Flandre orientale","Vlaams Gewest","Région flamande","<5"
"2020-05-08","44085","Lievegem","Lievegem","Arrondissement Gent","Arrondissement de Gand","Provincie Oost-Vlaanderen","Province de Flandre orientale","Vlaams Gewest","Région flamande","<5"
"2020-05-08","45035","Oudenaarde","Audenarde","Arrondissement Oudenaarde","Arrondissement d’Audenarde","Provincie Oost-Vlaanderen","Province de Flandre orientale","Vlaams Gewest","Région flamande","<5"
"2020-05-08","46003","Beveren (Sint-Niklaas)","Beveren (Saint-Nicolas)","Arrondissement Sint-Niklaas","Arrondissement de Saint-Nicolas","Provincie Oost-Vlaanderen","Province de Flandre orientale","Vlaams Gewest","Région flamande","<5"
"2020-05-08","46014","Lokeren","Lokeren","Arrondissement Sint-Niklaas","Arrondissement de Saint-Nicolas","Provincie Oost-Vlaanderen","Province de Flandre orientale","Vlaams Gewest","Région flamande","<5"
"2020-05-08","46021","Sint-Niklaas (Sint-Niklaas)","Saint-Nicolas (Saint-Nicolas)","Arrondissement Sint-Niklaas","Arrondissement de Saint-Nicolas","Provincie Oost-Vlaanderen","Province de Flandre orientale","Vlaams Gewest","Région flamande","<5"
"2020-05-08","51004","Aat","Ath","Arrondissement Aat","Arrondissement d’Ath","Provincie Henegouwen","Province du Hainaut","Waals Gewest","Région wallonne","<5"
"2020-05-08","51067","Edingen","Enghien","Arrondissement Aat","Arrondissement d’Ath","Provincie Henegouwen","Province du Hainaut","Waals Gewest","Région wallonne","<5"
"2020-05-08","52011","Charleroi","Charleroi","Arrondissement Charleroi","Arrondissement de Charleroi","Provincie Henegouwen","Province du Hainaut","Waals Gewest","Région wallonne","5"
"2020-05-08","52012","Châtelet","Châtelet","Arrondissement Charleroi","Arrondissement de Charleroi","Provincie Henegouwen","Province du Hainaut","Waals Gewest","Région wallonne","<5"
"2020-05-08","52015","Courcelles","Courcelles","Arrondissement Charleroi","Arrondissement de Charleroi","Provincie Henegouwen","Province du Hainaut","Waals Gewest","Région wallonne","<5"
"2020-05-08","52018","Farciennes","Farciennes","Arrondissement Charleroi","Arrondissement de Charleroi","Provincie Henegouwen","Province du Hainaut","Waals Gewest","Région wallonne","<5"
"2020-05-08","52048","Montigny-le-Tilleul","Montigny-le-Tilleul","Arrondissement Charleroi","Arrondissement de Charleroi","Provincie Henegouwen","Province du Hainaut","Waals Gewest","Région wallonne","<5"
"2020-05-08","52074","Aiseau-Presles","Aiseau-Presles","Arrondissement Charleroi","Arrondissement de Charleroi","Provincie Henegouwen","Province du Hainaut","Waals Gewest","Région wallonne","<5"
"2020-05-08","53014","Boussu","Boussu","Arrondissement Bergen","Arrondissement de Mons","Provincie Henegouwen","Province du Hainaut","Waals Gewest","Région wallonne","<5"
"2020-05-08","53020","Dour","Dour","Arrondissement Bergen","Arrondissement de Mons","Provincie Henegouwen","Province du Hainaut","Waals Gewest","Région wallonne","<5"
"2020-05-08","53028","Frameries","Frameries","Arrondissement Bergen","Arrondissement de Mons","Provincie Henegouwen","Province du Hainaut","Waals Gewest","Région wallonne","<5"
"2020-05-08","53044","Jurbeke","Jurbise","Arrondissement Bergen","Arrondissement de Mons","Provincie Henegouwen","Province du Hainaut","Waals Gewest","Région wallonne","<5"
"2020-05-08","53053","Bergen","Mons","Arrondissement Bergen","Arrondissement de Mons","Provincie Henegouwen","Province du Hainaut","Waals Gewest","Région wallonne","<5"
"2020-05-08","53065","Quaregnon","Quaregnon","Arrondissement Bergen","Arrondissement de Mons","Provincie Henegouwen","Province du Hainaut","Waals Gewest","Région wallonne","7"
"2020-05-08","53068","Quiévrain","Quiévrain","Arrondissement Bergen","Arrondissement de Mons","Provincie Henegouwen","Province du Hainaut","Waals Gewest","Région wallonne","<5"
"2020-05-08","53082","Colfontaine","Colfontaine","Arrondissement Bergen","Arrondissement de Mons","Provincie Henegouwen","Province du Hainaut","Waals Gewest","Région wallonne","<5"
"2020-05-08","53084","Quévy","Quévy","Arrondissement Bergen","Arrondissement de Mons","Provincie Henegouwen","Province du Hainaut","Waals Gewest","Région wallonne","<5"
"2020-05-08","55040","Zinnik","Soignies","Arrondissement Zinnik","Arrondissement de Soignies","Provincie Henegouwen","Province du Hainaut","Waals Gewest","Région wallonne","<5"
"2020-05-08","56051","Momignies","Momignies","Arrondissement Thuin","Arrondissement de Thuin","Provincie Henegouwen","Province du Hainaut","Waals Gewest","Région wallonne","<5"
"2020-05-08","56088","Sivry-Rance","Sivry-Rance","Arrondissement Thuin","Arrondissement de Thuin","Provincie Henegouwen","Province du Hainaut","Waals Gewest","Région wallonne","<5"
"2020-05-08","57003","Antoing","Antoing","Arrondissement Doornik-Moeskroen","Arrondissement de Tournai-Mouscron","Provincie Henegouwen","Province du Hainaut","Waals Gewest","Région wallonne","<5"
"2020-05-08","57027","Estaimpuis","Estaimpuis","Arrondissement Doornik-Moeskroen","Arrondissement de Tournai-Mouscron","Provincie Henegouwen","Province du Hainaut","Waals Gewest","Région wallonne","<5"
"2020-05-08","57062","Pecq","Pecq","Arrondissement Doornik-Moeskroen","Arrondissement de Tournai-Mouscron","Provincie Henegouwen","Province du Hainaut","Waals Gewest","Région wallonne","<5"
"2020-05-08","57064","Péruwelz","Péruwelz","Arrondissement Doornik-Moeskroen","Arrondissement de Tournai-Mouscron","Provincie Henegouwen","Province du Hainaut","Waals Gewest","Région wallonne","5"
"2020-05-08","57081","Doornik","Tournai","Arrondissement Doornik-Moeskroen","Arrondissement de Tournai-Mouscron","Provincie Henegouwen","Province du Hainaut","Waals Gewest","Région wallonne","<5"
"2020-05-08","57093","Brunehaut","Brunehaut","Arrondissement Doornik-Moeskroen","Arrondissement de Tournai-Mouscron","Provincie Henegouwen","Province du Hainaut","Waals Gewest","Région wallonne","<5"
"2020-05-08","57094","Leuze-en-Hainaut","Leuze-en-Hainaut","Arrondissement Doornik-Moeskroen","Arrondissement de Tournai-Mouscron","Provincie Henegouwen","Province du Hainaut","Waals Gewest","Région wallonne","<5"
"2020-05-08","57096","Moeskroen","Mouscron","Arrondissement Doornik-Moeskroen","Arrondissement de Tournai-Mouscron","Provincie Henegouwen","Province du Hainaut","Waals Gewest","Région wallonne","<5"
"2020-05-08","58001","La Louvière","La Louvière","Arrondissement La Louvière","Arrondissement de La Louvière","Provincie Henegouwen","Province du Hainaut","Waals Gewest","Région wallonne","6"
"2020-05-08","58002","Binche","Binche","Arrondissement La Louvière","Arrondissement de La Louvière","Provincie Henegouwen","Province du Hainaut","Waals Gewest","Région wallonne","5"
"2020-05-08","61031","Hoei","Huy","Arrondissement Hoei","Arrondissement de Huy","Provincie Luik","Province de Liège","Waals Gewest","Région wallonne","<5"
"2020-05-08","62003","Ans","Ans","Arrondissement Luik","Arrondissement de Liège","Provincie Luik","Province de Liège","Waals Gewest","Région wallonne","<5"
"2020-05-08","62006","Awans","Awans","Arrondissement Luik","Arrondissement de Liège","Provincie Luik","Province de Liège","Waals Gewest","Région wallonne","<5"
"2020-05-08","62015","Beyne-Heusay","Beyne-Heusay","Arrondissement Luik","Arrondissement de Liège","Provincie Luik","Province de Liège","Waals Gewest","Région wallonne","<5"
"2020-05-08","62032","Esneux","Esneux","Arrondissement Luik","Arrondissement de Liège","Provincie Luik","Province de Liège","Waals Gewest","Région wallonne","<5"
"2020-05-08","62051","Herstal","Herstal","Arrondissement Luik","Arrondissement de Liège","Provincie Luik","Province de Liège","Waals Gewest","Région wallonne","<5"
"2020-05-08","62060","Juprelle","Juprelle","Arrondissement Luik","Arrondissement de Liège","Provincie Luik","Province de Liège","Waals Gewest","Région wallonne","<5"
"2020-05-08","62063","Luik","Liège","Arrondissement Luik","Arrondissement de Liège","Provincie Luik","Province de Liège","Waals Gewest","Région wallonne","8"
"2020-05-08","62079","Oupeye","Oupeye","Arrondissement Luik","Arrondissement de Liège","Provincie Luik","Province de Liège","Waals Gewest","Région wallonne","<5"
"2020-05-08","62093","Saint-Nicolas (Luik)","Saint-Nicolas (Liège)","Arrondissement Luik","Arrondissement de Liège","Provincie Luik","Province de Liège","Waals Gewest","Région wallonne","<5"
"2020-05-08","62096","Seraing","Seraing","Arrondissement Luik","Arrondissement de Liège","Provincie Luik","Province de Liège","Waals Gewest","Région wallonne","<5"
"2020-05-08","62099","Soumagne","Soumagne","Arrondissement Luik","Arrondissement de Liège","Provincie Luik","Province de Liège","Waals Gewest","Région wallonne","<5"
"2020-05-08","62108","Wezet","Visé","Arrondissement Luik","Arrondissement de Liège","Provincie Luik","Province de Liège","Waals Gewest","Région wallonne","<5"
"2020-05-08","62118","Grâce-Hollogne","Grâce-Hollogne","Arrondissement Luik","Arrondissement de Liège","Provincie Luik","Province de Liège","Waals Gewest","Région wallonne","<5"
"2020-05-08","62121","Neupré","Neupré","Arrondissement Luik","Arrondissement de Liège","Provincie Luik","Province de Liège","Waals Gewest","Région wallonne","<5"
"2020-05-08","63003","Aubel","Aubel","Arrondissement Verviers","Arrondissement de Verviers","Provincie Luik","Province de Liège","Waals Gewest","Région wallonne","<5"
"2020-05-08","63049","Malmedy","Malmedy","Arrondissement Verviers","Arrondissement de Verviers","Provincie Luik","Province de Liège","Waals Gewest","Région wallonne","<5"
"2020-05-08","63058","Pepinster","Pepinster","Arrondissement Verviers","Arrondissement de Verviers","Provincie Luik","Province de Liège","Waals Gewest","Région wallonne","<5"
"2020-05-08","63073","Stavelot","Stavelot","Arrondissement Verviers","Arrondissement de Verviers","Provincie Luik","Province de Liège","Waals Gewest","Région wallonne","<5"
"2020-05-08","63079","Verviers","Verviers","Arrondissement Verviers","Arrondissement de Verviers","Provincie Luik","Province de Liège","Waals Gewest","Région wallonne","<5"
"2020-05-08","63080","Weismes","Waimes","Arrondissement Verviers","Arrondissement de Verviers","Provincie Luik","Province de Liège","Waals Gewest","Région wallonne","<5"
"2020-05-08","64008","Berloz","Berloz","Arrondissement Borgworm","Arrondissement de Waremme","Provincie Luik","Province de Liège","Waals Gewest","Région wallonne","<5"
"2020-05-08","64034","Hannuit","Hannut","Arrondissement Borgworm","Arrondissement de Waremme","Provincie Luik","Province de Liège","Waals Gewest","Région wallonne","<5"
"2020-05-08","64074","Borgworm","Waremme","Arrondissement Borgworm","Arrondissement de Waremme","Provincie Luik","Province de Liège","Waals Gewest","Région wallonne","<5"
"2020-05-08","71004","Beringen","Beringen","Arrondissement Hasselt","Arrondissement de Hasselt","Provincie Limburg","Province du Limbourg","Vlaams Gewest","Région flamande","<5"
"2020-05-08","71016","Genk","Genk","Arrondissement Hasselt","Arrondissement de Hasselt","Provincie Limburg","Province du Limbourg","Vlaams Gewest","Région flamande","<5"
"2020-05-08","71022","Hasselt","Hasselt","Arrondissement Hasselt","Arrondissement de Hasselt","Provincie Limburg","Province du Limbourg","Vlaams Gewest","Région flamande","<5"
"2020-05-08","71053","Sint-Truiden","Saint-Trond","Arrondissement Hasselt","Arrondissement de Hasselt","Provincie Limburg","Province du Limbourg","Vlaams Gewest","Région flamande","<5"
"2020-05-08","71070","Heusden-Zolder","Heusden-Zolder","Arrondissement Hasselt","Arrondissement de Hasselt","Provincie Limburg","Province du Limbourg","Vlaams Gewest","Région flamande","<5"
"2020-05-08","72003","Bocholt","Bocholt","Arrondissement Maaseik","Arrondissement de Maaseik","Provincie Limburg","Province du Limbourg","Vlaams Gewest","Région flamande","<5"
"2020-05-08","72004","Bree","Bree","Arrondissement Maaseik","Arrondissement de Maaseik","Provincie Limburg","Province du Limbourg","Vlaams Gewest","Région flamande","5"
"2020-05-08","72020","Lommel","Lommel","Arrondissement Maaseik","Arrondissement de Maaseik","Provincie Limburg","Province du Limbourg","Vlaams Gewest","Région flamande","<5"
"2020-05-08","72021","Maaseik","Maaseik","Arrondissement Maaseik","Arrondissement de Maaseik","Provincie Limburg","Province du Limbourg","Vlaams Gewest","Région flamande","<5"
"2020-05-08","72030","Peer","Peer","Arrondissement Maaseik","Arrondissement de Maaseik","Provincie Limburg","Province du Limbourg","Vlaams Gewest","Région flamande","<5"
"2020-05-08","72038","Hechtel-Eksel","Hechtel-Eksel","Arrondissement Maaseik","Arrondissement de Maaseik","Provincie Limburg","Province du Limbourg","Vlaams Gewest","Région flamande","<5"
"2020-05-08","72039","Houthalen-Helchteren","Houthalen-Helchteren","Arrondissement Maaseik","Arrondissement de Maaseik","Provincie Limburg","Province du Limbourg","Vlaams Gewest","Région flamande","<5"
"2020-05-08","72041","Dilsen-Stokkem","Dilsen-Stokkem","Arrondissement Maaseik","Arrondissement de Maaseik","Provincie Limburg","Province du Limbourg","Vlaams Gewest","Région flamande","<5"
"2020-05-08","72042","Oudsbergen","Oudsbergen","Arrondissement Maaseik","Arrondissement de Maaseik","Provincie Limburg","Province du Limbourg","Vlaams Gewest","Région flamande","<5"
"2020-05-08","72043","Pelt","Pelt","Arrondissement Maaseik","Arrondissement de Maaseik","Provincie Limburg","Province du Limbourg","Vlaams Gewest","Région flamande","<5"
"2020-05-08","73001","Alken","Alken","Arrondissement Tongeren","Arrondissement de Tongres","Provincie Limburg","Province du Limbourg","Vlaams Gewest","Région flamande","<5"
"2020-05-08","73006","Bilzen","Bilzen","Arrondissement Tongeren","Arrondissement de Tongres","Provincie Limburg","Province du Limbourg","Vlaams Gewest","Région flamande","<5"
"2020-05-08","73022","Heers","Heers","Arrondissement Tongeren","Arrondissement de Tongres","Provincie Limburg","Province du Limbourg","Vlaams Gewest","Région flamande","<5"
"2020-05-08","73040","Kortessem","Kortessem","Arrondissement Tongeren","Arrondissement de Tongres","Provincie Limburg","Province du Limbourg","Vlaams Gewest","Région flamande","<5"
"2020-05-08","73042","Lanaken","Lanaken","Arrondissement Tongeren","Arrondissement de Tongres","Provincie Limburg","Province du Limbourg","Vlaams Gewest","Région flamande","<5"
"2020-05-08","73083","Tongeren","Tongres","Arrondissement Tongeren","Arrondissement de Tongres","Provincie Limburg","Province du Limbourg","Vlaams Gewest","Région flamande","<5"
"2020-05-08","73098","Wellen","Wellen","Arrondissement Tongeren","Arrondissement de Tongres","Provincie Limburg","Province du Limbourg","Vlaams Gewest","Région flamande","<5"
"2020-05-08","73107","Maasmechelen","Maasmechelen","Arrondissement Tongeren","Arrondissement de Tongres","Provincie Limburg","Province du Limbourg","Vlaams Gewest","Région flamande","<5"
"2020-05-08","83013","Erezée","Erezée","Arrondissement Marche-en-Famenne","Arrondissement de Marche-en-Famenne","Provincie Luxemburg","Province du Luxembourg","Waals Gewest","Région wallonne","<5"
"2020-05-08","83028","Hotton","Hotton","Arrondissement Marche-en-Famenne","Arrondissement de Marche-en-Famenne","Provincie Luxemburg","Province du Luxembourg","Waals Gewest","Région wallonne","<5"
"2020-05-08","83034","Marche-en-Famenne","Marche-en-Famenne","Arrondissement Marche-en-Famenne","Arrondissement de Marche-en-Famenne","Provincie Luxemburg","Province du Luxembourg","Waals Gewest","Région wallonne","<5"
"2020-05-08","83044","Rendeux","Rendeux","Arrondissement Marche-en-Famenne","Arrondissement de Marche-en-Famenne","Provincie Luxemburg","Province du Luxembourg","Waals Gewest","Région wallonne","<5"
"2020-05-08","84029","Herbeumont","Herbeumont","Arrondissement Neufchâteau","Arrondissement de Neufchâteau","Provincie Luxemburg","Province du Luxembourg","Waals Gewest","Région wallonne","<5"
"2020-05-08","84043","Neufchâteau (Neufchâteau)","Neufchâteau (Neufchâteau)","Arrondissement Neufchâteau","Arrondissement de Neufchâteau","Provincie Luxemburg","Province du Luxembourg","Waals Gewest","Région wallonne","<5"
"2020-05-08","84077","Libramont-Chevigny","Libramont-Chevigny","Arrondissement Neufchâteau","Arrondissement de Neufchâteau","Provincie Luxemburg","Province du Luxembourg","Waals Gewest","Région wallonne","<5"
"2020-05-08","91030","Ciney","Ciney","Arrondissement Dinant","Arrondissement de Dinant","Provincie Namen","Province de Namur","Waals Gewest","Région wallonne","<5"
"2020-05-08","91114","Rochefort","Rochefort","Arrondissement Dinant","Arrondissement de Dinant","Provincie Namen","Province de Namur","Waals Gewest","Région wallonne","<5"
"2020-05-08","92006","Assesse","Assesse","Arrondissement Namen","Arrondissement de Namur","Provincie Namen","Province de Namur","Waals Gewest","Région wallonne","<5"
"2020-05-08","92035","Eghezée","Eghezée","Arrondissement Namen","Arrondissement de Namur","Provincie Namen","Province de Namur","Waals Gewest","Région wallonne","<5"
"2020-05-08","92045","Floreffe","Floreffe","Arrondissement Namen","Arrondissement de Namur","Provincie Namen","Province de Namur","Waals Gewest","Région wallonne","<5"
"2020-05-08","92048","Fosses-la-Ville","Fosses-la-Ville","Arrondissement Namen","Arrondissement de Namur","Provincie Namen","Province de Namur","Waals Gewest","Région wallonne","<5"
"2020-05-08","92094","Namen","Namur","Arrondissement Namen","Arrondissement de Namur","Provincie Namen","Province de Namur","Waals Gewest","Région wallonne","11"
"2020-05-08","92101","Profondeville","Profondeville","Arrondissement Namen","Arrondissement de Namur","Provincie Namen","Province de Namur","Waals Gewest","Région wallonne","<5"
"2020-05-08","92137","Sambreville","Sambreville","Arrondissement Namen","Arrondissement de Namur","Provincie Namen","Province de Namur","Waals Gewest","Région wallonne","<5"
"2020-05-08","92140","Jemeppe-sur-Sambre","Jemeppe-sur-Sambre","Arrondissement Namen","Arrondissement de Namur","Provincie Namen","Province de Namur","Waals Gewest","Région wallonne","<5"
"2020-05-08","93014","Couvin","Couvin","Arrondissement Philippeville","Arrondissement de Philippeville","Provincie Namen","Province de Namur","Waals Gewest","Région wallonne","<5"
"2020-05-08","93022","Florennes","Florennes","Arrondissement Philippeville","Arrondissement de Philippeville","Provincie Namen","Province de Namur","Waals Gewest","Région wallonne","<5"
"2020-05-08",NA,NA,NA,NA,NA,NA,NA,NA,NA,"36"
"2020-05-09","11002","Antwerpen","Anvers","Arrondissement Antwerpen","Arrondissement d’Anvers","Provincie Antwerpen","Province d’Anvers","Vlaams Gewest","Région flamande","11"
"2020-05-09","11005","Boom","Boom","Arrondissement Antwerpen","Arrondissement d’Anvers","Provincie Antwerpen","Province d’Anvers","Vlaams Gewest","Région flamande","5"
"2020-05-09","11008","Brasschaat","Brasschaat","Arrondissement Antwerpen","Arrondissement d’Anvers","Provincie Antwerpen","Province d’Anvers","Vlaams Gewest","Région flamande","<5"
"2020-05-09","11009","Brecht","Brecht","Arrondissement Antwerpen","Arrondissement d’Anvers","Provincie Antwerpen","Province d’Anvers","Vlaams Gewest","Région flamande","<5"
"2020-05-09","11023","Kapellen (Antwerpen)","Kapellen (Anvers)","Arrondissement Antwerpen","Arrondissement d’Anvers","Provincie Antwerpen","Province d’Anvers","Vlaams Gewest","Région flamande","<5"
"2020-05-09","11040","Schoten","Schoten","Arrondissement Antwerpen","Arrondissement d’Anvers","Provincie Antwerpen","Province d’Anvers","Vlaams Gewest","Région flamande","<5"
"2020-05-09","11044","Stabroek","Stabroek","Arrondissement Antwerpen","Arrondissement d’Anvers","Provincie Antwerpen","Province d’Anvers","Vlaams Gewest","Région flamande","<5"
"2020-05-09","11050","Wijnegem","Wijnegem","Arrondissement Antwerpen","Arrondissement d’Anvers","Provincie Antwerpen","Province d’Anvers","Vlaams Gewest","Région flamande","<5"
"2020-05-09","11057","Malle","Malle","Arrondissement Antwerpen","Arrondissement d’Anvers","Provincie Antwerpen","Province d’Anvers","Vlaams Gewest","Région flamande","<5"
"2020-05-09","12025","Mechelen","Malines","Arrondissement Mechelen","Arrondissement de Malines","Provincie Antwerpen","Province d’Anvers","Vlaams Gewest","Région flamande","<5"
"2020-05-09","12029","Putte","Putte","Arrondissement Mechelen","Arrondissement de Malines","Provincie Antwerpen","Province d’Anvers","Vlaams Gewest","Région flamande","<5"
"2020-05-09","13004","Beerse","Beerse","Arrondissement Turnhout","Arrondissement de Turnhout","Provincie Antwerpen","Province d’Anvers","Vlaams Gewest","Région flamande","<5"
"2020-05-09","13011","Herentals","Herentals","Arrondissement Turnhout","Arrondissement de Turnhout","Provincie Antwerpen","Province d’Anvers","Vlaams Gewest","Région flamande","<5"
"2020-05-09","13019","Lille","Lille","Arrondissement Turnhout","Arrondissement de Turnhout","Provincie Antwerpen","Province d’Anvers","Vlaams Gewest","Région flamande","<5"
"2020-05-09","13029","Olen","Olen","Arrondissement Turnhout","Arrondissement de Turnhout","Provincie Antwerpen","Province d’Anvers","Vlaams Gewest","Région flamande","<5"
"2020-05-09","13037","Rijkevorsel","Rijkevorsel","Arrondissement Turnhout","Arrondissement de Turnhout","Provincie Antwerpen","Province d’Anvers","Vlaams Gewest","Région flamande","<5"
"2020-05-09","13040","Turnhout","Turnhout","Arrondissement Turnhout","Arrondissement de Turnhout","Provincie Antwerpen","Province d’Anvers","Vlaams Gewest","Région flamande","<5"
"2020-05-09","13046","Vosselaar","Vosselaar","Arrondissement Turnhout","Arrondissement de Turnhout","Provincie Antwerpen","Province d’Anvers","Vlaams Gewest","Région flamande","<5"
"2020-05-09","13049","Westerlo","Westerlo","Arrondissement Turnhout","Arrondissement de Turnhout","Provincie Antwerpen","Province d’Anvers","Vlaams Gewest","Région flamande","<5"
"2020-05-09","21001","Anderlecht","Anderlecht","Arrondissement Brussel-Hoofdstad","Arrondissement de Bruxelles-Capitale",NA,NA,"Brussels Hoofdstedelijk Gewest","Région de Bruxelles-Capitale","<5"
"2020-05-09","21002","Oudergem","Auderghem","Arrondissement Brussel-Hoofdstad","Arrondissement de Bruxelles-Capitale",NA,NA,"Brussels Hoofdstedelijk Gewest","Région de Bruxelles-Capitale","<5"
"2020-05-09","21003","Sint-Agatha-Berchem","Berchem-Sainte-Agathe","Arrondissement Brussel-Hoofdstad","Arrondissement de Bruxelles-Capitale",NA,NA,"Brussels Hoofdstedelijk Gewest","Région de Bruxelles-Capitale","<5"
"2020-05-09","21004","Brussel","Bruxelles","Arrondissement Brussel-Hoofdstad","Arrondissement de Bruxelles-Capitale",NA,NA,"Brussels Hoofdstedelijk Gewest","Région de Bruxelles-Capitale","<5"
"2020-05-09","21006","Evere","Evere","Arrondissement Brussel-Hoofdstad","Arrondissement de Bruxelles-Capitale",NA,NA,"Brussels Hoofdstedelijk Gewest","Région de Bruxelles-Capitale","<5"
"2020-05-09","21010","Jette","Jette","Arrondissement Brussel-Hoofdstad","Arrondissement de Bruxelles-Capitale",NA,NA,"Brussels Hoofdstedelijk Gewest","Région de Bruxelles-Capitale","<5"
"2020-05-09","21012","Sint-Jans-Molenbeek","Molenbeek-Saint-Jean","Arrondissement Brussel-Hoofdstad","Arrondissement de Bruxelles-Capitale",NA,NA,"Brussels Hoofdstedelijk Gewest","Région de Bruxelles-Capitale","5"
"2020-05-09","21013","Sint-Gillis","Saint-Gilles","Arrondissement Brussel-Hoofdstad","Arrondissement de Bruxelles-Capitale",NA,NA,"Brussels Hoofdstedelijk Gewest","Région de Bruxelles-Capitale","<5"
"2020-05-09","21014","Sint-Joost-ten-Node","Saint-Josse-ten-Noode","Arrondissement Brussel-Hoofdstad","Arrondissement de Bruxelles-Capitale",NA,NA,"Brussels Hoofdstedelijk Gewest","Région de Bruxelles-Capitale","<5"
"2020-05-09","21015","Schaarbeek","Schaerbeek","Arrondissement Brussel-Hoofdstad","Arrondissement de Bruxelles-Capitale",NA,NA,"Brussels Hoofdstedelijk Gewest","Région de Bruxelles-Capitale","<5"
"2020-05-09","21016","Ukkel","Uccle","Arrondissement Brussel-Hoofdstad","Arrondissement de Bruxelles-Capitale",NA,NA,"Brussels Hoofdstedelijk Gewest","Région de Bruxelles-Capitale","<5"
"2020-05-09","21017","Watermaal-Bosvoorde","Watermael-Boitsfort","Arrondissement Brussel-Hoofdstad","Arrondissement de Bruxelles-Capitale",NA,NA,"Brussels Hoofdstedelijk Gewest","Région de Bruxelles-Capitale","<5"
"2020-05-09","21018","Sint-Lambrechts-Woluwe","Woluwe-Saint-Lambert","Arrondissement Brussel-Hoofdstad","Arrondissement de Bruxelles-Capitale",NA,NA,"Brussels Hoofdstedelijk Gewest","Région de Bruxelles-Capitale","<5"
"2020-05-09","21019","Sint-Pieters-Woluwe","Woluwe-Saint-Pierre","Arrondissement Brussel-Hoofdstad","Arrondissement de Bruxelles-Capitale",NA,NA,"Brussels Hoofdstedelijk Gewest","Région de Bruxelles-Capitale","<5"
"2020-05-09","23002","Asse","Asse","Arrondissement Halle-Vilvoorde","Arrondissement de Hal-Vilvorde","Provincie Vlaams-Brabant","Province du Brabant flamand","Vlaams Gewest","Région flamande","<5"
"2020-05-09","23047","Machelen (Halle-Vilvoorde)","Machelen (Hal-Vilvorde)","Arrondissement Halle-Vilvoorde","Arrondissement de Hal-Vilvorde","Provincie Vlaams-Brabant","Province du Brabant flamand","Vlaams Gewest","Région flamande","<5"
"2020-05-09","23050","Meise","Meise","Arrondissement Halle-Vilvoorde","Arrondissement de Hal-Vilvorde","Provincie Vlaams-Brabant","Province du Brabant flamand","Vlaams Gewest","Région flamande","<5"
"2020-05-09","23052","Merchtem","Merchtem","Arrondissement Halle-Vilvoorde","Arrondissement de Hal-Vilvorde","Provincie Vlaams-Brabant","Province du Brabant flamand","Vlaams Gewest","Région flamande","<5"
"2020-05-09","23060","Opwijk","Opwijk","Arrondissement Halle-Vilvoorde","Arrondissement de Hal-Vilvorde","Provincie Vlaams-Brabant","Province du Brabant flamand","Vlaams Gewest","Région flamande","<5"
"2020-05-09","23088","Vilvoorde","Vilvorde","Arrondissement Halle-Vilvoorde","Arrondissement de Hal-Vilvorde","Provincie Vlaams-Brabant","Province du Brabant flamand","Vlaams Gewest","Région flamande","<5"
"2020-05-09","23099","Kraainem","Kraainem","Arrondissement Halle-Vilvoorde","Arrondissement de Hal-Vilvorde","Provincie Vlaams-Brabant","Province du Brabant flamand","Vlaams Gewest","Région flamande","<5"
"2020-05-09","24014","Boortmeerbeek","Boortmeerbeek","Arrondissement Leuven","Arrondissement de Louvain","Provincie Vlaams-Brabant","Province du Brabant flamand","Vlaams Gewest","Région flamande","<5"
"2020-05-09","24055","Kortenberg","Kortenberg","Arrondissement Leuven","Arrondissement de Louvain","Provincie Vlaams-Brabant","Province du Brabant flamand","Vlaams Gewest","Région flamande","<5"
"2020-05-09","24104","Tervuren","Tervuren","Arrondissement Leuven","Arrondissement de Louvain","Provincie Vlaams-Brabant","Province du Brabant flamand","Vlaams Gewest","Région flamande","<5"
"2020-05-09","25014","Eigenbrakel","Braine-l’Alleud","Arrondissement Nijvel","Arrondissement de Nivelles","Provincie Waals-Brabant","Province du Brabant wallon","Waals Gewest","Région wallonne","<5"
"2020-05-09","25048","Geldenaken","Jodoigne","Arrondissement Nijvel","Arrondissement de Nivelles","Provincie Waals-Brabant","Province du Brabant wallon","Waals Gewest","Région wallonne","<5"
"2020-05-09","25068","Mont-Saint-Guibert","Mont-Saint-Guibert","Arrondissement Nijvel","Arrondissement de Nivelles","Provincie Waals-Brabant","Province du Brabant wallon","Waals Gewest","Région wallonne","<5"
"2020-05-09","25072","Nijvel","Nivelles","Arrondissement Nijvel","Arrondissement de Nivelles","Provincie Waals-Brabant","Province du Brabant wallon","Waals Gewest","Région wallonne","<5"
"2020-05-09","25110","Waterloo","Waterloo","Arrondissement Nijvel","Arrondissement de Nivelles","Provincie Waals-Brabant","Province du Brabant wallon","Waals Gewest","Région wallonne","<5"
"2020-05-09","31033","Torhout","Torhout","Arrondissement Brugge","Arrondissement de Bruges","Provincie West-Vlaanderen","Province de Flandre occidentale","Vlaams Gewest","Région flamande","<5"
"2020-05-09","31043","Knokke-Heist","Knokke-Heist","Arrondissement Brugge","Arrondissement de Bruges","Provincie West-Vlaanderen","Province de Flandre occidentale","Vlaams Gewest","Région flamande","<5"
"2020-05-09","32003","Diksmuide","Dixmude","Arrondissement Diksmuide","Arrondissement de Dixmude","Provincie West-Vlaanderen","Province de Flandre occidentale","Vlaams Gewest","Région flamande","<5"
"2020-05-09","33021","Poperinge","Poperinge","Arrondissement Ieper","Arrondissement d’Ypres","Provincie West-Vlaanderen","Province de Flandre occidentale","Vlaams Gewest","Région flamande","<5"
"2020-05-09","34003","Avelgem","Avelgem","Arrondissement Kortrijk","Arrondissement de Courtrai","Provincie West-Vlaanderen","Province de Flandre occidentale","Vlaams Gewest","Région flamande","<5"
"2020-05-09","34022","Kortrijk","Courtrai","Arrondissement Kortrijk","Arrondissement de Courtrai","Provincie West-Vlaanderen","Province de Flandre occidentale","Vlaams Gewest","Région flamande","<5"
"2020-05-09","34027","Menen","Menin","Arrondissement Kortrijk","Arrondissement de Courtrai","Provincie West-Vlaanderen","Province de Flandre occidentale","Vlaams Gewest","Région flamande","<5"
"2020-05-09","34040","Waregem","Waregem","Arrondissement Kortrijk","Arrondissement de Courtrai","Provincie West-Vlaanderen","Province de Flandre occidentale","Vlaams Gewest","Région flamande","<5"
"2020-05-09","34041","Wevelgem","Wevelgem","Arrondissement Kortrijk","Arrondissement de Courtrai","Provincie West-Vlaanderen","Province de Flandre occidentale","Vlaams Gewest","Région flamande","<5"
"2020-05-09","35011","Middelkerke","Middelkerke","Arrondissement Oostende","Arrondissement d’Ostende","Provincie West-Vlaanderen","Province de Flandre occidentale","Vlaams Gewest","Région flamande","<5"
"2020-05-09","35013","Oostende","Ostende","Arrondissement Oostende","Arrondissement d’Ostende","Provincie West-Vlaanderen","Province de Flandre occidentale","Vlaams Gewest","Région flamande","11"
"2020-05-09","36008","Izegem","Izegem","Arrondissement Roeselare","Arrondissement de Roulers","Provincie West-Vlaanderen","Province de Flandre occidentale","Vlaams Gewest","Région flamande","<5"
"2020-05-09","37010","Oostrozebeke","Oostrozebeke","Arrondissement Tielt","Arrondissement de Tielt","Provincie West-Vlaanderen","Province de Flandre occidentale","Vlaams Gewest","Région flamande","<5"
"2020-05-09","37018","Wingene","Wingene","Arrondissement Tielt","Arrondissement de Tielt","Provincie West-Vlaanderen","Province de Flandre occidentale","Vlaams Gewest","Région flamande","<5"
"2020-05-09","38025","Veurne","Furnes","Arrondissement Veurne","Arrondissement de Furnes","Provincie West-Vlaanderen","Province de Flandre occidentale","Vlaams Gewest","Région flamande","<5"
"2020-05-09","41002","Aalst (Aalst)","Alost (Alost)","Arrondissement Aalst","Arrondissement d’Alost","Provincie Oost-Vlaanderen","Province de Flandre orientale","Vlaams Gewest","Région flamande","<5"
"2020-05-09","41034","Lede","Lede","Arrondissement Aalst","Arrondissement d’Alost","Provincie Oost-Vlaanderen","Province de Flandre orientale","Vlaams Gewest","Région flamande","<5"
"2020-05-09","41082","Erpe-Mere","Erpe-Mere","Arrondissement Aalst","Arrondissement d’Alost","Provincie Oost-Vlaanderen","Province de Flandre orientale","Vlaams Gewest","Région flamande","<5"
"2020-05-09","42008","Hamme (Dendermonde)","Hamme (Termonde)","Arrondissement Dendermonde","Arrondissement de Termonde","Provincie Oost-Vlaanderen","Province de Flandre orientale","Vlaams Gewest","Région flamande","<5"
"2020-05-09","43005","Eeklo","Eeklo","Arrondissement Eeklo","Arrondissement d’Eeklo","Provincie Oost-Vlaanderen","Province de Flandre orientale","Vlaams Gewest","Région flamande","<5"
"2020-05-09","44019","Evergem","Evergem","Arrondissement Gent","Arrondissement de Gand","Provincie Oost-Vlaanderen","Province de Flandre orientale","Vlaams Gewest","Région flamande","<5"
"2020-05-09","44021","Gent","Gand","Arrondissement Gent","Arrondissement de Gand","Provincie Oost-Vlaanderen","Province de Flandre orientale","Vlaams Gewest","Région flamande","<5"
"2020-05-09","44045","Moerbeke (Gent)","Moerbeke (Gand)","Arrondissement Gent","Arrondissement de Gand","Provincie Oost-Vlaanderen","Province de Flandre orientale","Vlaams Gewest","Région flamande","<5"
"2020-05-09","44083","Deinze","Deinze","Arrondissement Gent","Arrondissement de Gand","Provincie Oost-Vlaanderen","Province de Flandre orientale","Vlaams Gewest","Région flamande","<5"
"2020-05-09","44085","Lievegem","Lievegem","Arrondissement Gent","Arrondissement de Gand","Provincie Oost-Vlaanderen","Province de Flandre orientale","Vlaams Gewest","Région flamande","<5"
"2020-05-09","45061","Wortegem-Petegem","Wortegem-Petegem","Arrondissement Oudenaarde","Arrondissement d’Audenarde","Provincie Oost-Vlaanderen","Province de Flandre orientale","Vlaams Gewest","Région flamande","<5"
"2020-05-09","46014","Lokeren","Lokeren","Arrondissement Sint-Niklaas","Arrondissement de Saint-Nicolas","Provincie Oost-Vlaanderen","Province de Flandre orientale","Vlaams Gewest","Région flamande","<5"
"2020-05-09","46024","Stekene","Stekene","Arrondissement Sint-Niklaas","Arrondissement de Saint-Nicolas","Provincie Oost-Vlaanderen","Province de Flandre orientale","Vlaams Gewest","Région flamande","<5"
"2020-05-09","52011","Charleroi","Charleroi","Arrondissement Charleroi","Arrondissement de Charleroi","Provincie Henegouwen","Province du Hainaut","Waals Gewest","Région wallonne","<5"
"2020-05-09","52012","Châtelet","Châtelet","Arrondissement Charleroi","Arrondissement de Charleroi","Provincie Henegouwen","Province du Hainaut","Waals Gewest","Région wallonne","<5"
"2020-05-09","52015","Courcelles","Courcelles","Arrondissement Charleroi","Arrondissement de Charleroi","Provincie Henegouwen","Province du Hainaut","Waals Gewest","Région wallonne","<5"
"2020-05-09","52048","Montigny-le-Tilleul","Montigny-le-Tilleul","Arrondissement Charleroi","Arrondissement de Charleroi","Provincie Henegouwen","Province du Hainaut","Waals Gewest","Région wallonne","<5"
"2020-05-09","53014","Boussu","Boussu","Arrondissement Bergen","Arrondissement de Mons","Provincie Henegouwen","Province du Hainaut","Waals Gewest","Région wallonne","<5"
"2020-05-09","57064","Péruwelz","Péruwelz","Arrondissement Doornik-Moeskroen","Arrondissement de Tournai-Mouscron","Provincie Henegouwen","Province du Hainaut","Waals Gewest","Région wallonne","<5"
"2020-05-09","57096","Moeskroen","Mouscron","Arrondissement Doornik-Moeskroen","Arrondissement de Tournai-Mouscron","Provincie Henegouwen","Province du Hainaut","Waals Gewest","Région wallonne","<5"
"2020-05-09","58001","La Louvière","La Louvière","Arrondissement La Louvière","Arrondissement de La Louvière","Provincie Henegouwen","Province du Hainaut","Waals Gewest","Région wallonne","<5"
"2020-05-09","62003","Ans","Ans","Arrondissement Luik","Arrondissement de Liège","Provincie Luik","Province de Liège","Waals Gewest","Région wallonne","<5"
"2020-05-09","62009","Aywaille","Aywaille","Arrondissement Luik","Arrondissement de Liège","Provincie Luik","Province de Liège","Waals Gewest","Région wallonne","<5"
"2020-05-09","62011","Bitsingen","Bassenge","Arrondissement Luik","Arrondissement de Liège","Provincie Luik","Province de Liège","Waals Gewest","Région wallonne","<5"
"2020-05-09","62022","Chaudfontaine","Chaudfontaine","Arrondissement Luik","Arrondissement de Liège","Provincie Luik","Province de Liège","Waals Gewest","Région wallonne","<5"
"2020-05-09","62026","Comblain-au-Pont","Comblain-au-Pont","Arrondissement Luik","Arrondissement de Liège","Provincie Luik","Province de Liège","Waals Gewest","Région wallonne","<5"
"2020-05-09","62032","Esneux","Esneux","Arrondissement Luik","Arrondissement de Liège","Provincie Luik","Province de Liège","Waals Gewest","Région wallonne","<5"
"2020-05-09","62051","Herstal","Herstal","Arrondissement Luik","Arrondissement de Liège","Provincie Luik","Province de Liège","Waals Gewest","Région wallonne","<5"
"2020-05-09","62063","Luik","Liège","Arrondissement Luik","Arrondissement de Liège","Provincie Luik","Province de Liège","Waals Gewest","Région wallonne","8"
"2020-05-09","62096","Seraing","Seraing","Arrondissement Luik","Arrondissement de Liège","Provincie Luik","Province de Liège","Waals Gewest","Région wallonne","<5"
"2020-05-09","62108","Wezet","Visé","Arrondissement Luik","Arrondissement de Liège","Provincie Luik","Province de Liège","Waals Gewest","Région wallonne","<5"
"2020-05-09","62118","Grâce-Hollogne","Grâce-Hollogne","Arrondissement Luik","Arrondissement de Liège","Provincie Luik","Province de Liège","Waals Gewest","Région wallonne","<5"
"2020-05-09","62120","Flémalle","Flémalle","Arrondissement Luik","Arrondissement de Liège","Provincie Luik","Province de Liège","Waals Gewest","Région wallonne","<5"
"2020-05-09","62121","Neupré","Neupré","Arrondissement Luik","Arrondissement de Liège","Provincie Luik","Province de Liège","Waals Gewest","Région wallonne","<5"
"2020-05-09","63003","Aubel","Aubel","Arrondissement Verviers","Arrondissement de Verviers","Provincie Luik","Province de Liège","Waals Gewest","Région wallonne","<5"
"2020-05-09","63004","Baelen","Baelen","Arrondissement Verviers","Arrondissement de Verviers","Provincie Luik","Province de Liège","Waals Gewest","Région wallonne","<5"
"2020-05-09","63012","Büllingen","Bullange","Arrondissement Verviers","Arrondissement de Verviers","Provincie Luik","Province de Liège","Waals Gewest","Région wallonne","<5"
"2020-05-09","63023","Eupen","Eupen","Arrondissement Verviers","Arrondissement de Verviers","Provincie Luik","Province de Liège","Waals Gewest","Région wallonne","<5"
"2020-05-09","63048","Lontzen","Lontzen","Arrondissement Verviers","Arrondissement de Verviers","Provincie Luik","Province de Liège","Waals Gewest","Région wallonne","<5"
"2020-05-09","63067","Sankt Vith","Saint-Vith","Arrondissement Verviers","Arrondissement de Verviers","Provincie Luik","Province de Liège","Waals Gewest","Région wallonne","<5"
"2020-05-09","63076","Theux","Theux","Arrondissement Verviers","Arrondissement de Verviers","Provincie Luik","Province de Liège","Waals Gewest","Région wallonne","<5"
"2020-05-09","63079","Verviers","Verviers","Arrondissement Verviers","Arrondissement de Verviers","Provincie Luik","Province de Liège","Waals Gewest","Région wallonne","<5"
"2020-05-09","63080","Weismes","Waimes","Arrondissement Verviers","Arrondissement de Verviers","Provincie Luik","Province de Liège","Waals Gewest","Région wallonne","<5"
"2020-05-09","63084","Welkenraedt","Welkenraedt","Arrondissement Verviers","Arrondissement de Verviers","Provincie Luik","Province de Liège","Waals Gewest","Région wallonne","<5"
"2020-05-09","63087","Burg-Reuland","Burg-Reuland","Arrondissement Verviers","Arrondissement de Verviers","Provincie Luik","Province de Liège","Waals Gewest","Région wallonne","<5"
"2020-05-09","64015","Braives","Braives","Arrondissement Borgworm","Arrondissement de Waremme","Provincie Luik","Province de Liège","Waals Gewest","Région wallonne","<5"
"2020-05-09","71011","Diepenbeek","Diepenbeek","Arrondissement Hasselt","Arrondissement de Hasselt","Provincie Limburg","Province du Limbourg","Vlaams Gewest","Région flamande","<5"
"2020-05-09","71016","Genk","Genk","Arrondissement Hasselt","Arrondissement de Hasselt","Provincie Limburg","Province du Limbourg","Vlaams Gewest","Région flamande","<5"
"2020-05-09","71022","Hasselt","Hasselt","Arrondissement Hasselt","Arrondissement de Hasselt","Provincie Limburg","Province du Limbourg","Vlaams Gewest","Région flamande","<5"
"2020-05-09","71024","Herk-de-Stad","Herck-la-Ville","Arrondissement Hasselt","Arrondissement de Hasselt","Provincie Limburg","Province du Limbourg","Vlaams Gewest","Région flamande","<5"
"2020-05-09","71053","Sint-Truiden","Saint-Trond","Arrondissement Hasselt","Arrondissement de Hasselt","Provincie Limburg","Province du Limbourg","Vlaams Gewest","Région flamande","<5"
"2020-05-09","71070","Heusden-Zolder","Heusden-Zolder","Arrondissement Hasselt","Arrondissement de Hasselt","Provincie Limburg","Province du Limbourg","Vlaams Gewest","Région flamande","<5"
"2020-05-09","72003","Bocholt","Bocholt","Arrondissement Maaseik","Arrondissement de Maaseik","Provincie Limburg","Province du Limbourg","Vlaams Gewest","Région flamande","<5"
"2020-05-09","72042","Oudsbergen","Oudsbergen","Arrondissement Maaseik","Arrondissement de Maaseik","Provincie Limburg","Province du Limbourg","Vlaams Gewest","Région flamande","<5"
"2020-05-09","72043","Pelt","Pelt","Arrondissement Maaseik","Arrondissement de Maaseik","Provincie Limburg","Province du Limbourg","Vlaams Gewest","Région flamande","<5"
"2020-05-09","73083","Tongeren","Tongres","Arrondissement Tongeren","Arrondissement de Tongres","Provincie Limburg","Province du Limbourg","Vlaams Gewest","Région flamande","<5"
"2020-05-09","73098","Wellen","Wellen","Arrondissement Tongeren","Arrondissement de Tongres","Provincie Limburg","Province du Limbourg","Vlaams Gewest","Région flamande","<5"
"2020-05-09","73107","Maasmechelen","Maasmechelen","Arrondissement Tongeren","Arrondissement de Tongres","Provincie Limburg","Province du Limbourg","Vlaams Gewest","Région flamande","<5"
"2020-05-09","82032","Vielsalm","Vielsalm","Arrondissement Bastenaken","Arrondissement de Bastogne","Provincie Luxemburg","Province du Luxembourg","Waals Gewest","Région wallonne","<5"
"2020-05-09","83034","Marche-en-Famenne","Marche-en-Famenne","Arrondissement Marche-en-Famenne","Arrondissement de Marche-en-Famenne","Provincie Luxemburg","Province du Luxembourg","Waals Gewest","Région wallonne","<5"
"2020-05-09","84010","Bouillon","Bouillon","Arrondissement Neufchâteau","Arrondissement de Neufchâteau","Provincie Luxemburg","Province du Luxembourg","Waals Gewest","Région wallonne","<5"
"2020-05-09","84043","Neufchâteau (Neufchâteau)","Neufchâteau (Neufchâteau)","Arrondissement Neufchâteau","Arrondissement de Neufchâteau","Provincie Luxemburg","Province du Luxembourg","Waals Gewest","Région wallonne","<5"
"2020-05-09","91059","Hamois","Hamois","Arrondissement Dinant","Arrondissement de Dinant","Provincie Namen","Province de Namur","Waals Gewest","Région wallonne","<5"
"2020-05-09","91143","Vresse-sur-Semois","Vresse-sur-Semois","Arrondissement Dinant","Arrondissement de Dinant","Provincie Namen","Province de Namur","Waals Gewest","Région wallonne","5"
"2020-05-09","92003","Andenne","Andenne","Arrondissement Namen","Arrondissement de Namur","Provincie Namen","Province de Namur","Waals Gewest","Région wallonne","<5"
"2020-05-09","92006","Assesse","Assesse","Arrondissement Namen","Arrondissement de Namur","Provincie Namen","Province de Namur","Waals Gewest","Région wallonne","<5"
"2020-05-09","92094","Namen","Namur","Arrondissement Namen","Arrondissement de Namur","Provincie Namen","Province de Namur","Waals Gewest","Région wallonne","<5"
"2020-05-09","92137","Sambreville","Sambreville","Arrondissement Namen","Arrondissement de Namur","Provincie Namen","Province de Namur","Waals Gewest","Région wallonne","<5"
"2020-05-09","93088","Walcourt","Walcourt","Arrondissement Philippeville","Arrondissement de Philippeville","Provincie Namen","Province de Namur","Waals Gewest","Région wallonne","<5"
"2020-05-09",NA,NA,NA,NA,NA,NA,NA,NA,NA,"5"
"2020-05-10","11002","Antwerpen","Anvers","Arrondissement Antwerpen","Arrondissement d’Anvers","Provincie Antwerpen","Province d’Anvers","Vlaams Gewest","Région flamande","12"
"2020-05-10","11009","Brecht","Brecht","Arrondissement Antwerpen","Arrondissement d’Anvers","Provincie Antwerpen","Province d’Anvers","Vlaams Gewest","Région flamande","<5"
"2020-05-10","11016","Essen","Essen","Arrondissement Antwerpen","Arrondissement d’Anvers","Provincie Antwerpen","Province d’Anvers","Vlaams Gewest","Région flamande","<5"
"2020-05-10","11022","Kalmthout","Kalmthout","Arrondissement Antwerpen","Arrondissement d’Anvers","Provincie Antwerpen","Province d’Anvers","Vlaams Gewest","Région flamande","<5"
"2020-05-10","11024","Kontich","Kontich","Arrondissement Antwerpen","Arrondissement d’Anvers","Provincie Antwerpen","Province d’Anvers","Vlaams Gewest","Région flamande","<5"
"2020-05-10","11035","Ranst","Ranst","Arrondissement Antwerpen","Arrondissement d’Anvers","Provincie Antwerpen","Province d’Anvers","Vlaams Gewest","Région flamande","<5"
"2020-05-10","11053","Wuustwezel","Wuustwezel","Arrondissement Antwerpen","Arrondissement d’Anvers","Provincie Antwerpen","Province d’Anvers","Vlaams Gewest","Région flamande","<5"
"2020-05-10","12005","Bonheiden","Bonheiden","Arrondissement Mechelen","Arrondissement de Malines","Provincie Antwerpen","Province d’Anvers","Vlaams Gewest","Région flamande","<5"
"2020-05-10","13001","Arendonk","Arendonk","Arrondissement Turnhout","Arrondissement de Turnhout","Provincie Antwerpen","Province d’Anvers","Vlaams Gewest","Région flamande","<5"
"2020-05-10","13002","Baarle-Hertog","Baerle-Duc","Arrondissement Turnhout","Arrondissement de Turnhout","Provincie Antwerpen","Province d’Anvers","Vlaams Gewest","Région flamande","<5"
"2020-05-10","13014","Hoogstraten","Hoogstraten","Arrondissement Turnhout","Arrondissement de Turnhout","Provincie Antwerpen","Province d’Anvers","Vlaams Gewest","Région flamande","<5"
"2020-05-10","13035","Ravels","Ravels","Arrondissement Turnhout","Arrondissement de Turnhout","Provincie Antwerpen","Province d’Anvers","Vlaams Gewest","Région flamande","<5"
"2020-05-10","13036","Retie","Retie","Arrondissement Turnhout","Arrondissement de Turnhout","Provincie Antwerpen","Province d’Anvers","Vlaams Gewest","Région flamande","<5"
"2020-05-10","21001","Anderlecht","Anderlecht","Arrondissement Brussel-Hoofdstad","Arrondissement de Bruxelles-Capitale",NA,NA,"Brussels Hoofdstedelijk Gewest","Région de Bruxelles-Capitale","<5"
"2020-05-10","21003","Sint-Agatha-Berchem","Berchem-Sainte-Agathe","Arrondissement Brussel-Hoofdstad","Arrondissement de Bruxelles-Capitale",NA,NA,"Brussels Hoofdstedelijk Gewest","Région de Bruxelles-Capitale","<5"
"2020-05-10","21004","Brussel","Bruxelles","Arrondissement Brussel-Hoofdstad","Arrondissement de Bruxelles-Capitale",NA,NA,"Brussels Hoofdstedelijk Gewest","Région de Bruxelles-Capitale","<5"
"2020-05-10","21009","Elsene","Ixelles","Arrondissement Brussel-Hoofdstad","Arrondissement de Bruxelles-Capitale",NA,NA,"Brussels Hoofdstedelijk Gewest","Région de Bruxelles-Capitale","<5"
"2020-05-10","21012","Sint-Jans-Molenbeek","Molenbeek-Saint-Jean","Arrondissement Brussel-Hoofdstad","Arrondissement de Bruxelles-Capitale",NA,NA,"Brussels Hoofdstedelijk Gewest","Région de Bruxelles-Capitale","<5"
"2020-05-10","21013","Sint-Gillis","Saint-Gilles","Arrondissement Brussel-Hoofdstad","Arrondissement de Bruxelles-Capitale",NA,NA,"Brussels Hoofdstedelijk Gewest","Région de Bruxelles-Capitale","<5"
"2020-05-10","21014","Sint-Joost-ten-Node","Saint-Josse-ten-Noode","Arrondissement Brussel-Hoofdstad","Arrondissement de Bruxelles-Capitale",NA,NA,"Brussels Hoofdstedelijk Gewest","Région de Bruxelles-Capitale","<5"
"2020-05-10","23016","Dilbeek","Dilbeek","Arrondissement Halle-Vilvoorde","Arrondissement de Hal-Vilvorde","Provincie Vlaams-Brabant","Province du Brabant flamand","Vlaams Gewest","Région flamande","<5"
"2020-05-10","23024","Gooik","Gooik","Arrondissement Halle-Vilvoorde","Arrondissement de Hal-Vilvorde","Provincie Vlaams-Brabant","Province du Brabant flamand","Vlaams Gewest","Région flamande","<5"
"2020-05-10","24028","Geetbets","Geetbets","Arrondissement Leuven","Arrondissement de Louvain","Provincie Vlaams-Brabant","Province du Brabant flamand","Vlaams Gewest","Région flamande","<5"
"2020-05-10","24062","Leuven","Louvain","Arrondissement Leuven","Arrondissement de Louvain","Provincie Vlaams-Brabant","Province du Brabant flamand","Vlaams Gewest","Région flamande","<5"
"2020-05-10","24137","Glabbeek","Glabbeek","Arrondissement Leuven","Arrondissement de Louvain","Provincie Vlaams-Brabant","Province du Brabant flamand","Vlaams Gewest","Région flamande","<5"
"2020-05-10","25031","Genepiën","Genappe","Arrondissement Nijvel","Arrondissement de Nivelles","Provincie Waals-Brabant","Province du Brabant wallon","Waals Gewest","Région wallonne","<5"
"2020-05-10","25044","Itter","Ittre","Arrondissement Nijvel","Arrondissement de Nivelles","Provincie Waals-Brabant","Province du Brabant wallon","Waals Gewest","Région wallonne","<5"
"2020-05-10","25091","Rixensart","Rixensart","Arrondissement Nijvel","Arrondissement de Nivelles","Provincie Waals-Brabant","Province du Brabant wallon","Waals Gewest","Région wallonne","<5"
"2020-05-10","25110","Waterloo","Waterloo","Arrondissement Nijvel","Arrondissement de Nivelles","Provincie Waals-Brabant","Province du Brabant wallon","Waals Gewest","Région wallonne","<5"
"2020-05-10","31005","Brugge","Bruges","Arrondissement Brugge","Arrondissement de Bruges","Provincie West-Vlaanderen","Province de Flandre occidentale","Vlaams Gewest","Région flamande","<5"
"2020-05-10","31022","Oostkamp","Oostkamp","Arrondissement Brugge","Arrondissement de Bruges","Provincie West-Vlaanderen","Province de Flandre occidentale","Vlaams Gewest","Région flamande","<5"
"2020-05-10","32006","Houthulst","Houthulst","Arrondissement Diksmuide","Arrondissement de Dixmude","Provincie West-Vlaanderen","Province de Flandre occidentale","Vlaams Gewest","Région flamande","<5"
"2020-05-10","32011","Kortemark","Kortemark","Arrondissement Diksmuide","Arrondissement de Dixmude","Provincie West-Vlaanderen","Province de Flandre occidentale","Vlaams Gewest","Région flamande","<5"
"2020-05-10","33011","Ieper","Ypres","Arrondissement Ieper","Arrondissement d’Ypres","Provincie West-Vlaanderen","Province de Flandre occidentale","Vlaams Gewest","Région flamande","<5"
"2020-05-10","35013","Oostende","Ostende","Arrondissement Oostende","Arrondissement d’Ostende","Provincie West-Vlaanderen","Province de Flandre occidentale","Vlaams Gewest","Région flamande","<5"
"2020-05-10","36015","Roeselare","Roulers","Arrondissement Roeselare","Arrondissement de Roulers","Provincie West-Vlaanderen","Province de Flandre occidentale","Vlaams Gewest","Région flamande","<5"
"2020-05-10","37020","Ardooie","Ardooie","Arrondissement Tielt","Arrondissement de Tielt","Provincie West-Vlaanderen","Province de Flandre occidentale","Vlaams Gewest","Région flamande","<5"
"2020-05-10","41002","Aalst (Aalst)","Alost (Alost)","Arrondissement Aalst","Arrondissement d’Alost","Provincie Oost-Vlaanderen","Province de Flandre orientale","Vlaams Gewest","Région flamande","<5"
"2020-05-10","42008","Hamme (Dendermonde)","Hamme (Termonde)","Arrondissement Dendermonde","Arrondissement de Termonde","Provincie Oost-Vlaanderen","Province de Flandre orientale","Vlaams Gewest","Région flamande","<5"
"2020-05-10","46025","Temse","Tamise","Arrondissement Sint-Niklaas","Arrondissement de Saint-Nicolas","Provincie Oost-Vlaanderen","Province de Flandre orientale","Vlaams Gewest","Région flamande","<5"
"2020-05-10","52011","Charleroi","Charleroi","Arrondissement Charleroi","Arrondissement de Charleroi","Provincie Henegouwen","Province du Hainaut","Waals Gewest","Région wallonne","<5"
"2020-05-10","52075","Les Bons Villers","Les Bons Villers","Arrondissement Charleroi","Arrondissement de Charleroi","Provincie Henegouwen","Province du Hainaut","Waals Gewest","Région wallonne","<5"
"2020-05-10","53068","Quiévrain","Quiévrain","Arrondissement Bergen","Arrondissement de Mons","Provincie Henegouwen","Province du Hainaut","Waals Gewest","Région wallonne","<5"
"2020-05-10","57096","Moeskroen","Mouscron","Arrondissement Doornik-Moeskroen","Arrondissement de Tournai-Mouscron","Provincie Henegouwen","Province du Hainaut","Waals Gewest","Région wallonne","<5"
"2020-05-10","58001","La Louvière","La Louvière","Arrondissement La Louvière","Arrondissement de La Louvière","Provincie Henegouwen","Province du Hainaut","Waals Gewest","Région wallonne","<5"
"2020-05-10","58002","Binche","Binche","Arrondissement La Louvière","Arrondissement de La Louvière","Provincie Henegouwen","Province du Hainaut","Waals Gewest","Région wallonne","<5"
"2020-05-10","61003","Amay","Amay","Arrondissement Hoei","Arrondissement de Huy","Provincie Luik","Province de Liège","Waals Gewest","Région wallonne","<5"
"2020-05-10","61031","Hoei","Huy","Arrondissement Hoei","Arrondissement de Huy","Provincie Luik","Province de Liège","Waals Gewest","Région wallonne","<5"
"2020-05-10","61048","Ouffet","Ouffet","Arrondissement Hoei","Arrondissement de Huy","Provincie Luik","Province de Liège","Waals Gewest","Région wallonne","<5"
"2020-05-10","62015","Beyne-Heusay","Beyne-Heusay","Arrondissement Luik","Arrondissement de Liège","Provincie Luik","Province de Liège","Waals Gewest","Région wallonne","<5"
"2020-05-10","62032","Esneux","Esneux","Arrondissement Luik","Arrondissement de Liège","Provincie Luik","Province de Liège","Waals Gewest","Région wallonne","<5"
"2020-05-10","62051","Herstal","Herstal","Arrondissement Luik","Arrondissement de Liège","Provincie Luik","Province de Liège","Waals Gewest","Région wallonne","<5"
"2020-05-10","62063","Luik","Liège","Arrondissement Luik","Arrondissement de Liège","Provincie Luik","Province de Liège","Waals Gewest","Région wallonne","<5"
"2020-05-10","62079","Oupeye","Oupeye","Arrondissement Luik","Arrondissement de Liège","Provincie Luik","Province de Liège","Waals Gewest","Région wallonne","<5"
"2020-05-10","62096","Seraing","Seraing","Arrondissement Luik","Arrondissement de Liège","Provincie Luik","Province de Liège","Waals Gewest","Région wallonne","<5"
"2020-05-10","62099","Soumagne","Soumagne","Arrondissement Luik","Arrondissement de Liège","Provincie Luik","Province de Liège","Waals Gewest","Région wallonne","<5"
"2020-05-10","62120","Flémalle","Flémalle","Arrondissement Luik","Arrondissement de Liège","Provincie Luik","Province de Liège","Waals Gewest","Région wallonne","<5"
"2020-05-10","63004","Baelen","Baelen","Arrondissement Verviers","Arrondissement de Verviers","Provincie Luik","Province de Liège","Waals Gewest","Région wallonne","<5"
"2020-05-10","63013","Bütgenbach","Butgenbach","Arrondissement Verviers","Arrondissement de Verviers","Provincie Luik","Province de Liège","Waals Gewest","Région wallonne","<5"
"2020-05-10","63023","Eupen","Eupen","Arrondissement Verviers","Arrondissement de Verviers","Provincie Luik","Province de Liège","Waals Gewest","Région wallonne","<5"
"2020-05-10","63061","Raeren","Raeren","Arrondissement Verviers","Arrondissement de Verviers","Provincie Luik","Province de Liège","Waals Gewest","Région wallonne","<5"
"2020-05-10","63079","Verviers","Verviers","Arrondissement Verviers","Arrondissement de Verviers","Provincie Luik","Province de Liège","Waals Gewest","Région wallonne","<5"
"2020-05-10","63080","Weismes","Waimes","Arrondissement Verviers","Arrondissement de Verviers","Provincie Luik","Province de Liège","Waals Gewest","Région wallonne","<5"
"2020-05-10","64063","Remicourt","Remicourt","Arrondissement Borgworm","Arrondissement de Waremme","Provincie Luik","Province de Liège","Waals Gewest","Région wallonne","<5"
"2020-05-10","71004","Beringen","Beringen","Arrondissement Hasselt","Arrondissement de Hasselt","Provincie Limburg","Province du Limbourg","Vlaams Gewest","Région flamande","<5"
"2020-05-10","71022","Hasselt","Hasselt","Arrondissement Hasselt","Arrondissement de Hasselt","Provincie Limburg","Province du Limbourg","Vlaams Gewest","Région flamande","<5"
"2020-05-10","71067","Zutendaal","Zutendaal","Arrondissement Hasselt","Arrondissement de Hasselt","Provincie Limburg","Province du Limbourg","Vlaams Gewest","Région flamande","<5"
"2020-05-10","72004","Bree","Bree","Arrondissement Maaseik","Arrondissement de Maaseik","Provincie Limburg","Province du Limbourg","Vlaams Gewest","Région flamande","<5"
"2020-05-10","72038","Hechtel-Eksel","Hechtel-Eksel","Arrondissement Maaseik","Arrondissement de Maaseik","Provincie Limburg","Province du Limbourg","Vlaams Gewest","Région flamande","<5"
"2020-05-10","73006","Bilzen","Bilzen","Arrondissement Tongeren","Arrondissement de Tongres","Provincie Limburg","Province du Limbourg","Vlaams Gewest","Région flamande","<5"
"2020-05-10","73042","Lanaken","Lanaken","Arrondissement Tongeren","Arrondissement de Tongres","Provincie Limburg","Province du Limbourg","Vlaams Gewest","Région flamande","<5"
"2020-05-10","73107","Maasmechelen","Maasmechelen","Arrondissement Tongeren","Arrondissement de Tongres","Provincie Limburg","Province du Limbourg","Vlaams Gewest","Région flamande","<5"
"2020-05-10","92094","Namen","Namur","Arrondissement Namen","Arrondissement de Namur","Provincie Namen","Province de Namur","Waals Gewest","Région wallonne","<5"
"2020-05-10","93014","Couvin","Couvin","Arrondissement Philippeville","Arrondissement de Philippeville","Provincie Namen","Province de Namur","Waals Gewest","Région wallonne","<5"
"2020-05-10",NA,NA,NA,NA,NA,NA,NA,NA,NA,"5"
"2020-05-11","11002","Antwerpen","Anvers","Arrondissement Antwerpen","Arrondissement d’Anvers","Provincie Antwerpen","Province d’Anvers","Vlaams Gewest","Région flamande","29"
"2020-05-11","11005","Boom","Boom","Arrondissement Antwerpen","Arrondissement d’Anvers","Provincie Antwerpen","Province d’Anvers","Vlaams Gewest","Région flamande","<5"
"2020-05-11","11008","Brasschaat","Brasschaat","Arrondissement Antwerpen","Arrondissement d’Anvers","Provincie Antwerpen","Province d’Anvers","Vlaams Gewest","Région flamande","<5"
"2020-05-11","11013","Edegem","Edegem","Arrondissement Antwerpen","Arrondissement d’Anvers","Provincie Antwerpen","Province d’Anvers","Vlaams Gewest","Région flamande","<5"
"2020-05-11","11018","Hemiksem","Hemiksem","Arrondissement Antwerpen","Arrondissement d’Anvers","Provincie Antwerpen","Province d’Anvers","Vlaams Gewest","Région flamande","<5"
"2020-05-11","11021","Hove (Antwerpen)","Hove (Anvers)","Arrondissement Antwerpen","Arrondissement d’Anvers","Provincie Antwerpen","Province d’Anvers","Vlaams Gewest","Région flamande","<5"
"2020-05-11","11022","Kalmthout","Kalmthout","Arrondissement Antwerpen","Arrondissement d’Anvers","Provincie Antwerpen","Province d’Anvers","Vlaams Gewest","Région flamande","<5"
"2020-05-11","11035","Ranst","Ranst","Arrondissement Antwerpen","Arrondissement d’Anvers","Provincie Antwerpen","Province d’Anvers","Vlaams Gewest","Région flamande","<5"
"2020-05-11","11044","Stabroek","Stabroek","Arrondissement Antwerpen","Arrondissement d’Anvers","Provincie Antwerpen","Province d’Anvers","Vlaams Gewest","Région flamande","<5"
"2020-05-11","11053","Wuustwezel","Wuustwezel","Arrondissement Antwerpen","Arrondissement d’Anvers","Provincie Antwerpen","Province d’Anvers","Vlaams Gewest","Région flamande","<5"
"2020-05-11","11056","Zwijndrecht","Zwijndrecht","Arrondissement Antwerpen","Arrondissement d’Anvers","Provincie Antwerpen","Province d’Anvers","Vlaams Gewest","Région flamande","<5"
"2020-05-11","11057","Malle","Malle","Arrondissement Antwerpen","Arrondissement d’Anvers","Provincie Antwerpen","Province d’Anvers","Vlaams Gewest","Région flamande","<5"
"2020-05-11","12009","Duffel","Duffel","Arrondissement Mechelen","Arrondissement de Malines","Provincie Antwerpen","Province d’Anvers","Vlaams Gewest","Région flamande","<5"
"2020-05-11","12021","Lier","Lierre","Arrondissement Mechelen","Arrondissement de Malines","Provincie Antwerpen","Province d’Anvers","Vlaams Gewest","Région flamande","<5"
"2020-05-11","12025","Mechelen","Malines","Arrondissement Mechelen","Arrondissement de Malines","Provincie Antwerpen","Province d’Anvers","Vlaams Gewest","Région flamande","<5"
"2020-05-11","12041","Puurs-Sint-Amands","Puurs-Sint-Amands","Arrondissement Mechelen","Arrondissement de Malines","Provincie Antwerpen","Province d’Anvers","Vlaams Gewest","Région flamande","<5"
"2020-05-11","13002","Baarle-Hertog","Baerle-Duc","Arrondissement Turnhout","Arrondissement de Turnhout","Provincie Antwerpen","Province d’Anvers","Vlaams Gewest","Région flamande","<5"
"2020-05-11","13004","Beerse","Beerse","Arrondissement Turnhout","Arrondissement de Turnhout","Provincie Antwerpen","Province d’Anvers","Vlaams Gewest","Région flamande","<5"
"2020-05-11","13008","Geel","Geel","Arrondissement Turnhout","Arrondissement de Turnhout","Provincie Antwerpen","Province d’Anvers","Vlaams Gewest","Région flamande","<5"
"2020-05-11","13011","Herentals","Herentals","Arrondissement Turnhout","Arrondissement de Turnhout","Provincie Antwerpen","Province d’Anvers","Vlaams Gewest","Région flamande","5"
"2020-05-11","13012","Herenthout","Herenthout","Arrondissement Turnhout","Arrondissement de Turnhout","Provincie Antwerpen","Province d’Anvers","Vlaams Gewest","Région flamande","<5"
"2020-05-11","13013","Herselt","Herselt","Arrondissement Turnhout","Arrondissement de Turnhout","Provincie Antwerpen","Province d’Anvers","Vlaams Gewest","Région flamande","<5"
"2020-05-11","13017","Kasterlee","Kasterlee","Arrondissement Turnhout","Arrondissement de Turnhout","Provincie Antwerpen","Province d’Anvers","Vlaams Gewest","Région flamande","<5"
"2020-05-11","13019","Lille","Lille","Arrondissement Turnhout","Arrondissement de Turnhout","Provincie Antwerpen","Province d’Anvers","Vlaams Gewest","Région flamande","<5"
"2020-05-11","13021","Meerhout","Meerhout","Arrondissement Turnhout","Arrondissement de Turnhout","Provincie Antwerpen","Province d’Anvers","Vlaams Gewest","Région flamande","<5"
"2020-05-11","13025","Mol","Mol","Arrondissement Turnhout","Arrondissement de Turnhout","Provincie Antwerpen","Province d’Anvers","Vlaams Gewest","Région flamande","<5"
"2020-05-11","13031","Oud-Turnhout","Oud-Turnhout","Arrondissement Turnhout","Arrondissement de Turnhout","Provincie Antwerpen","Province d’Anvers","Vlaams Gewest","Région flamande","<5"
"2020-05-11","13037","Rijkevorsel","Rijkevorsel","Arrondissement Turnhout","Arrondissement de Turnhout","Provincie Antwerpen","Province d’Anvers","Vlaams Gewest","Région flamande","<5"
"2020-05-11","13040","Turnhout","Turnhout","Arrondissement Turnhout","Arrondissement de Turnhout","Provincie Antwerpen","Province d’Anvers","Vlaams Gewest","Région flamande","<5"
"2020-05-11","13046","Vosselaar","Vosselaar","Arrondissement Turnhout","Arrondissement de Turnhout","Provincie Antwerpen","Province d’Anvers","Vlaams Gewest","Région flamande","<5"
"2020-05-11","13053","Laakdal","Laakdal","Arrondissement Turnhout","Arrondissement de Turnhout","Provincie Antwerpen","Province d’Anvers","Vlaams Gewest","Région flamande","<5"
"2020-05-11","21001","Anderlecht","Anderlecht","Arrondissement Brussel-Hoofdstad","Arrondissement de Bruxelles-Capitale",NA,NA,"Brussels Hoofdstedelijk Gewest","Région de Bruxelles-Capitale","<5"
"2020-05-11","21002","Oudergem","Auderghem","Arrondissement Brussel-Hoofdstad","Arrondissement de Bruxelles-Capitale",NA,NA,"Brussels Hoofdstedelijk Gewest","Région de Bruxelles-Capitale","<5"
"2020-05-11","21003","Sint-Agatha-Berchem","Berchem-Sainte-Agathe","Arrondissement Brussel-Hoofdstad","Arrondissement de Bruxelles-Capitale",NA,NA,"Brussels Hoofdstedelijk Gewest","Région de Bruxelles-Capitale","<5"
"2020-05-11","21004","Brussel","Bruxelles","Arrondissement Brussel-Hoofdstad","Arrondissement de Bruxelles-Capitale",NA,NA,"Brussels Hoofdstedelijk Gewest","Région de Bruxelles-Capitale","6"
"2020-05-11","21006","Evere","Evere","Arrondissement Brussel-Hoofdstad","Arrondissement de Bruxelles-Capitale",NA,NA,"Brussels Hoofdstedelijk Gewest","Région de Bruxelles-Capitale","<5"
"2020-05-11","21007","Vorst (Brussel-Hoofdstad)","Forest (Bruxelles-Capitale)","Arrondissement Brussel-Hoofdstad","Arrondissement de Bruxelles-Capitale",NA,NA,"Brussels Hoofdstedelijk Gewest","Région de Bruxelles-Capitale","<5"
"2020-05-11","21008","Ganshoren","Ganshoren","Arrondissement Brussel-Hoofdstad","Arrondissement de Bruxelles-Capitale",NA,NA,"Brussels Hoofdstedelijk Gewest","Région de Bruxelles-Capitale","<5"
"2020-05-11","21009","Elsene","Ixelles","Arrondissement Brussel-Hoofdstad","Arrondissement de Bruxelles-Capitale",NA,NA,"Brussels Hoofdstedelijk Gewest","Région de Bruxelles-Capitale","<5"
"2020-05-11","21012","Sint-Jans-Molenbeek","Molenbeek-Saint-Jean","Arrondissement Brussel-Hoofdstad","Arrondissement de Bruxelles-Capitale",NA,NA,"Brussels Hoofdstedelijk Gewest","Région de Bruxelles-Capitale","<5"
"2020-05-11","21013","Sint-Gillis","Saint-Gilles","Arrondissement Brussel-Hoofdstad","Arrondissement de Bruxelles-Capitale",NA,NA,"Brussels Hoofdstedelijk Gewest","Région de Bruxelles-Capitale","<5"
"2020-05-11","21014","Sint-Joost-ten-Node","Saint-Josse-ten-Noode","Arrondissement Brussel-Hoofdstad","Arrondissement de Bruxelles-Capitale",NA,NA,"Brussels Hoofdstedelijk Gewest","Région de Bruxelles-Capitale","<5"
"2020-05-11","21015","Schaarbeek","Schaerbeek","Arrondissement Brussel-Hoofdstad","Arrondissement de Bruxelles-Capitale",NA,NA,"Brussels Hoofdstedelijk Gewest","Région de Bruxelles-Capitale","<5"
"2020-05-11","21016","Ukkel","Uccle","Arrondissement Brussel-Hoofdstad","Arrondissement de Bruxelles-Capitale",NA,NA,"Brussels Hoofdstedelijk Gewest","Région de Bruxelles-Capitale","<5"
"2020-05-11","21018","Sint-Lambrechts-Woluwe","Woluwe-Saint-Lambert","Arrondissement Brussel-Hoofdstad","Arrondissement de Bruxelles-Capitale",NA,NA,"Brussels Hoofdstedelijk Gewest","Région de Bruxelles-Capitale","<5"
"2020-05-11","23003","Beersel","Beersel","Arrondissement Halle-Vilvoorde","Arrondissement de Hal-Vilvorde","Provincie Vlaams-Brabant","Province du Brabant flamand","Vlaams Gewest","Région flamande","<5"
"2020-05-11","23016","Dilbeek","Dilbeek","Arrondissement Halle-Vilvoorde","Arrondissement de Hal-Vilvorde","Provincie Vlaams-Brabant","Province du Brabant flamand","Vlaams Gewest","Région flamande","<5"
"2020-05-11","23025","Grimbergen","Grimbergen","Arrondissement Halle-Vilvoorde","Arrondissement de Hal-Vilvorde","Provincie Vlaams-Brabant","Province du Brabant flamand","Vlaams Gewest","Région flamande","<5"
"2020-05-11","23027","Halle (Halle-Vilvoorde)","Hal (Hal-Vilvorde)","Arrondissement Halle-Vilvoorde","Arrondissement de Hal-Vilvorde","Provincie Vlaams-Brabant","Province du Brabant flamand","Vlaams Gewest","Région flamande","<5"
"2020-05-11","23038","Kampenhout","Kampenhout","Arrondissement Halle-Vilvoorde","Arrondissement de Hal-Vilvorde","Provincie Vlaams-Brabant","Province du Brabant flamand","Vlaams Gewest","Région flamande","<5"
"2020-05-11","23039","Kapelle-op-den-Bos","Kapelle-op-den-Bos","Arrondissement Halle-Vilvoorde","Arrondissement de Hal-Vilvorde","Provincie Vlaams-Brabant","Province du Brabant flamand","Vlaams Gewest","Région flamande","<5"
"2020-05-11","23045","Londerzeel","Londerzeel","Arrondissement Halle-Vilvoorde","Arrondissement de Hal-Vilvorde","Provincie Vlaams-Brabant","Province du Brabant flamand","Vlaams Gewest","Région flamande","<5"
"2020-05-11","23062","Overijse","Overijse","Arrondissement Halle-Vilvoorde","Arrondissement de Hal-Vilvorde","Provincie Vlaams-Brabant","Province du Brabant flamand","Vlaams Gewest","Région flamande","<5"
"2020-05-11","23086","Ternat","Ternat","Arrondissement Halle-Vilvoorde","Arrondissement de Hal-Vilvorde","Provincie Vlaams-Brabant","Province du Brabant flamand","Vlaams Gewest","Région flamande","<5"
"2020-05-11","23094","Zaventem","Zaventem","Arrondissement Halle-Vilvoorde","Arrondissement de Hal-Vilvorde","Provincie Vlaams-Brabant","Province du Brabant flamand","Vlaams Gewest","Région flamande","<5"
"2020-05-11","23097","Roosdaal","Roosdaal","Arrondissement Halle-Vilvoorde","Arrondissement de Hal-Vilvorde","Provincie Vlaams-Brabant","Province du Brabant flamand","Vlaams Gewest","Région flamande","<5"
"2020-05-11","23103","Wezembeek-Oppem","Wezembeek-Oppem","Arrondissement Halle-Vilvoorde","Arrondissement de Hal-Vilvorde","Provincie Vlaams-Brabant","Province du Brabant flamand","Vlaams Gewest","Région flamande","<5"
"2020-05-11","24009","Bertem","Bertem","Arrondissement Leuven","Arrondissement de Louvain","Provincie Vlaams-Brabant","Province du Brabant flamand","Vlaams Gewest","Région flamande","<5"
"2020-05-11","24014","Boortmeerbeek","Boortmeerbeek","Arrondissement Leuven","Arrondissement de Louvain","Provincie Vlaams-Brabant","Province du Brabant flamand","Vlaams Gewest","Région flamande","<5"
"2020-05-11","24038","Herent","Herent","Arrondissement Leuven","Arrondissement de Louvain","Provincie Vlaams-Brabant","Province du Brabant flamand","Vlaams Gewest","Région flamande","<5"
"2020-05-11","24043","Holsbeek","Holsbeek","Arrondissement Leuven","Arrondissement de Louvain","Provincie Vlaams-Brabant","Province du Brabant flamand","Vlaams Gewest","Région flamande","<5"
"2020-05-11","24045","Huldenberg","Huldenberg","Arrondissement Leuven","Arrondissement de Louvain","Provincie Vlaams-Brabant","Province du Brabant flamand","Vlaams Gewest","Région flamande","<5"
"2020-05-11","24059","Landen","Landen","Arrondissement Leuven","Arrondissement de Louvain","Provincie Vlaams-Brabant","Province du Brabant flamand","Vlaams Gewest","Région flamande","<5"
"2020-05-11","24062","Leuven","Louvain","Arrondissement Leuven","Arrondissement de Louvain","Provincie Vlaams-Brabant","Province du Brabant flamand","Vlaams Gewest","Région flamande","<5"
"2020-05-11","24104","Tervuren","Tervuren","Arrondissement Leuven","Arrondissement de Louvain","Provincie Vlaams-Brabant","Province du Brabant flamand","Vlaams Gewest","Région flamande","<5"
"2020-05-11","24133","Linter","Linter","Arrondissement Leuven","Arrondissement de Louvain","Provincie Vlaams-Brabant","Province du Brabant flamand","Vlaams Gewest","Région flamande","<5"
"2020-05-11","24134","Scherpenheuvel-Zichem","Montaigu-Zichem","Arrondissement Leuven","Arrondissement de Louvain","Provincie Vlaams-Brabant","Province du Brabant flamand","Vlaams Gewest","Région flamande","<5"
"2020-05-11","24135","Tielt-Winge","Tielt-Winge","Arrondissement Leuven","Arrondissement de Louvain","Provincie Vlaams-Brabant","Province du Brabant flamand","Vlaams Gewest","Région flamande","<5"
"2020-05-11","25014","Eigenbrakel","Braine-l’Alleud","Arrondissement Nijvel","Arrondissement de Nivelles","Provincie Waals-Brabant","Province du Brabant wallon","Waals Gewest","Région wallonne","<5"
"2020-05-11","25037","Graven","Grez-Doiceau","Arrondissement Nijvel","Arrondissement de Nivelles","Provincie Waals-Brabant","Province du Brabant wallon","Waals Gewest","Région wallonne","<5"
"2020-05-11","25044","Itter","Ittre","Arrondissement Nijvel","Arrondissement de Nivelles","Provincie Waals-Brabant","Province du Brabant wallon","Waals Gewest","Région wallonne","<5"
"2020-05-11","25105","Tubeke","Tubize","Arrondissement Nijvel","Arrondissement de Nivelles","Provincie Waals-Brabant","Province du Brabant wallon","Waals Gewest","Région wallonne","<5"
"2020-05-11","25107","Villers-la-Ville","Villers-la-Ville","Arrondissement Nijvel","Arrondissement de Nivelles","Provincie Waals-Brabant","Province du Brabant wallon","Waals Gewest","Région wallonne","<5"
"2020-05-11","25112","Waver","Wavre","Arrondissement Nijvel","Arrondissement de Nivelles","Provincie Waals-Brabant","Province du Brabant wallon","Waals Gewest","Région wallonne","<5"
"2020-05-11","25123","Rebecq","Rebecq","Arrondissement Nijvel","Arrondissement de Nivelles","Provincie Waals-Brabant","Province du Brabant wallon","Waals Gewest","Région wallonne","<5"
"2020-05-11","31003","Beernem","Beernem","Arrondissement Brugge","Arrondissement de Bruges","Provincie West-Vlaanderen","Province de Flandre occidentale","Vlaams Gewest","Région flamande","<5"
"2020-05-11","31005","Brugge","Bruges","Arrondissement Brugge","Arrondissement de Bruges","Provincie West-Vlaanderen","Province de Flandre occidentale","Vlaams Gewest","Région flamande","<5"
"2020-05-11","31012","Jabbeke","Jabbeke","Arrondissement Brugge","Arrondissement de Bruges","Provincie West-Vlaanderen","Province de Flandre occidentale","Vlaams Gewest","Région flamande","<5"
"2020-05-11","31022","Oostkamp","Oostkamp","Arrondissement Brugge","Arrondissement de Bruges","Provincie West-Vlaanderen","Province de Flandre occidentale","Vlaams Gewest","Région flamande","<5"
"2020-05-11","31033","Torhout","Torhout","Arrondissement Brugge","Arrondissement de Bruges","Provincie West-Vlaanderen","Province de Flandre occidentale","Vlaams Gewest","Région flamande","13"
"2020-05-11","31040","Zedelgem","Zedelgem","Arrondissement Brugge","Arrondissement de Bruges","Provincie West-Vlaanderen","Province de Flandre occidentale","Vlaams Gewest","Région flamande","<5"
"2020-05-11","31042","Zuienkerke","Zuienkerke","Arrondissement Brugge","Arrondissement de Bruges","Provincie West-Vlaanderen","Province de Flandre occidentale","Vlaams Gewest","Région flamande","<5"
"2020-05-11","32003","Diksmuide","Dixmude","Arrondissement Diksmuide","Arrondissement de Dixmude","Provincie West-Vlaanderen","Province de Flandre occidentale","Vlaams Gewest","Région flamande","<5"
"2020-05-11","32006","Houthulst","Houthulst","Arrondissement Diksmuide","Arrondissement de Dixmude","Provincie West-Vlaanderen","Province de Flandre occidentale","Vlaams Gewest","Région flamande","<5"
"2020-05-11","32010","Koekelare","Koekelare","Arrondissement Diksmuide","Arrondissement de Dixmude","Provincie West-Vlaanderen","Province de Flandre occidentale","Vlaams Gewest","Région flamande","<5"
"2020-05-11","32011","Kortemark","Kortemark","Arrondissement Diksmuide","Arrondissement de Dixmude","Provincie West-Vlaanderen","Province de Flandre occidentale","Vlaams Gewest","Région flamande","<5"
"2020-05-11","33011","Ieper","Ypres","Arrondissement Ieper","Arrondissement d’Ypres","Provincie West-Vlaanderen","Province de Flandre occidentale","Vlaams Gewest","Région flamande","<5"
"2020-05-11","33029","Wervik","Wervik","Arrondissement Ieper","Arrondissement d’Ypres","Provincie West-Vlaanderen","Province de Flandre occidentale","Vlaams Gewest","Région flamande","<5"
"2020-05-11","33039","Heuvelland","Heuvelland","Arrondissement Ieper","Arrondissement d’Ypres","Provincie West-Vlaanderen","Province de Flandre occidentale","Vlaams Gewest","Région flamande","<5"
"2020-05-11","33040","Langemark-Poelkapelle","Langemark-Poelkapelle","Arrondissement Ieper","Arrondissement d’Ypres","Provincie West-Vlaanderen","Province de Flandre occidentale","Vlaams Gewest","Région flamande","<5"
"2020-05-11","34002","Anzegem","Anzegem","Arrondissement Kortrijk","Arrondissement de Courtrai","Provincie West-Vlaanderen","Province de Flandre occidentale","Vlaams Gewest","Région flamande","<5"
"2020-05-11","34009","Deerlijk","Deerlijk","Arrondissement Kortrijk","Arrondissement de Courtrai","Provincie West-Vlaanderen","Province de Flandre occidentale","Vlaams Gewest","Région flamande","<5"
"2020-05-11","34013","Harelbeke","Harelbeke","Arrondissement Kortrijk","Arrondissement de Courtrai","Provincie West-Vlaanderen","Province de Flandre occidentale","Vlaams Gewest","Région flamande","5"
"2020-05-11","34022","Kortrijk","Courtrai","Arrondissement Kortrijk","Arrondissement de Courtrai","Provincie West-Vlaanderen","Province de Flandre occidentale","Vlaams Gewest","Région flamande","6"
"2020-05-11","34023","Kuurne","Kuurne","Arrondissement Kortrijk","Arrondissement de Courtrai","Provincie West-Vlaanderen","Province de Flandre occidentale","Vlaams Gewest","Région flamande","<5"
"2020-05-11","34027","Menen","Menin","Arrondissement Kortrijk","Arrondissement de Courtrai","Provincie West-Vlaanderen","Province de Flandre occidentale","Vlaams Gewest","Région flamande","<5"
"2020-05-11","34040","Waregem","Waregem","Arrondissement Kortrijk","Arrondissement de Courtrai","Provincie West-Vlaanderen","Province de Flandre occidentale","Vlaams Gewest","Région flamande","<5"
"2020-05-11","34041","Wevelgem","Wevelgem","Arrondissement Kortrijk","Arrondissement de Courtrai","Provincie West-Vlaanderen","Province de Flandre occidentale","Vlaams Gewest","Région flamande","<5"
"2020-05-11","34042","Zwevegem","Zwevegem","Arrondissement Kortrijk","Arrondissement de Courtrai","Provincie West-Vlaanderen","Province de Flandre occidentale","Vlaams Gewest","Région flamande","<5"
"2020-05-11","35006","Ichtegem","Ichtegem","Arrondissement Oostende","Arrondissement d’Ostende","Provincie West-Vlaanderen","Province de Flandre occidentale","Vlaams Gewest","Région flamande","<5"
"2020-05-11","35013","Oostende","Ostende","Arrondissement Oostende","Arrondissement d’Ostende","Provincie West-Vlaanderen","Province de Flandre occidentale","Vlaams Gewest","Région flamande","7"
"2020-05-11","35014","Oudenburg","Oudenburg","Arrondissement Oostende","Arrondissement d’Ostende","Provincie West-Vlaanderen","Province de Flandre occidentale","Vlaams Gewest","Région flamande","<5"
"2020-05-11","35029","De Haan","De Haan","Arrondissement Oostende","Arrondissement d’Ostende","Provincie West-Vlaanderen","Province de Flandre occidentale","Vlaams Gewest","Région flamande","<5"
"2020-05-11","36006","Hooglede","Hooglede","Arrondissement Roeselare","Arrondissement de Roulers","Provincie West-Vlaanderen","Province de Flandre occidentale","Vlaams Gewest","Région flamande","<5"
"2020-05-11","36008","Izegem","Izegem","Arrondissement Roeselare","Arrondissement de Roulers","Provincie West-Vlaanderen","Province de Flandre occidentale","Vlaams Gewest","Région flamande","<5"
"2020-05-11","36010","Ledegem","Ledegem","Arrondissement Roeselare","Arrondissement de Roulers","Provincie West-Vlaanderen","Province de Flandre occidentale","Vlaams Gewest","Région flamande","<5"
"2020-05-11","36011","Lichtervelde","Lichtervelde","Arrondissement Roeselare","Arrondissement de Roulers","Provincie West-Vlaanderen","Province de Flandre occidentale","Vlaams Gewest","Région flamande","<5"
"2020-05-11","36012","Moorslede","Moorslede","Arrondissement Roeselare","Arrondissement de Roulers","Provincie West-Vlaanderen","Province de Flandre occidentale","Vlaams Gewest","Région flamande","<5"
"2020-05-11","36015","Roeselare","Roulers","Arrondissement Roeselare","Arrondissement de Roulers","Provincie West-Vlaanderen","Province de Flandre occidentale","Vlaams Gewest","Région flamande","5"
"2020-05-11","36019","Staden","Staden","Arrondissement Roeselare","Arrondissement de Roulers","Provincie West-Vlaanderen","Province de Flandre occidentale","Vlaams Gewest","Région flamande","<5"
"2020-05-11","37007","Meulebeke","Meulebeke","Arrondissement Tielt","Arrondissement de Tielt","Provincie West-Vlaanderen","Province de Flandre occidentale","Vlaams Gewest","Région flamande","<5"
"2020-05-11","37011","Pittem","Pittem","Arrondissement Tielt","Arrondissement de Tielt","Provincie West-Vlaanderen","Province de Flandre occidentale","Vlaams Gewest","Région flamande","<5"
"2020-05-11","37015","Tielt (Tielt)","Tielt (Tielt)","Arrondissement Tielt","Arrondissement de Tielt","Provincie West-Vlaanderen","Province de Flandre occidentale","Vlaams Gewest","Région flamande","<5"
"2020-05-11","41002","Aalst (Aalst)","Alost (Alost)","Arrondissement Aalst","Arrondissement d’Alost","Provincie Oost-Vlaanderen","Province de Flandre orientale","Vlaams Gewest","Région flamande","<5"
"2020-05-11","41027","Herzele","Herzele","Arrondissement Aalst","Arrondissement d’Alost","Provincie Oost-Vlaanderen","Province de Flandre orientale","Vlaams Gewest","Région flamande","<5"
"2020-05-11","41048","Ninove","Ninove","Arrondissement Aalst","Arrondissement d’Alost","Provincie Oost-Vlaanderen","Province de Flandre orientale","Vlaams Gewest","Région flamande","<5"
"2020-05-11","41082","Erpe-Mere","Erpe-Mere","Arrondissement Aalst","Arrondissement d’Alost","Provincie Oost-Vlaanderen","Province de Flandre orientale","Vlaams Gewest","Région flamande","<5"
"2020-05-11","42006","Dendermonde","Termonde","Arrondissement Dendermonde","Arrondissement de Termonde","Provincie Oost-Vlaanderen","Province de Flandre orientale","Vlaams Gewest","Région flamande","<5"
"2020-05-11","42028","Zele","Zele","Arrondissement Dendermonde","Arrondissement de Termonde","Provincie Oost-Vlaanderen","Province de Flandre orientale","Vlaams Gewest","Région flamande","<5"
"2020-05-11","43005","Eeklo","Eeklo","Arrondissement Eeklo","Arrondissement d’Eeklo","Provincie Oost-Vlaanderen","Province de Flandre orientale","Vlaams Gewest","Région flamande","11"
"2020-05-11","43010","Maldegem","Maldegem","Arrondissement Eeklo","Arrondissement d’Eeklo","Provincie Oost-Vlaanderen","Province de Flandre orientale","Vlaams Gewest","Région flamande","<5"
"2020-05-11","43018","Zelzate","Zelzate","Arrondissement Eeklo","Arrondissement d’Eeklo","Provincie Oost-Vlaanderen","Province de Flandre orientale","Vlaams Gewest","Région flamande","<5"
"2020-05-11","44019","Evergem","Evergem","Arrondissement Gent","Arrondissement de Gand","Provincie Oost-Vlaanderen","Province de Flandre orientale","Vlaams Gewest","Région flamande","<5"
"2020-05-11","44021","Gent","Gand","Arrondissement Gent","Arrondissement de Gand","Provincie Oost-Vlaanderen","Province de Flandre orientale","Vlaams Gewest","Région flamande","6"
"2020-05-11","44084","Aalter","Aalter","Arrondissement Gent","Arrondissement de Gand","Provincie Oost-Vlaanderen","Province de Flandre orientale","Vlaams Gewest","Région flamande","<5"
"2020-05-11","44085","Lievegem","Lievegem","Arrondissement Gent","Arrondissement de Gand","Provincie Oost-Vlaanderen","Province de Flandre orientale","Vlaams Gewest","Région flamande","<5"
"2020-05-11","45035","Oudenaarde","Audenarde","Arrondissement Oudenaarde","Arrondissement d’Audenarde","Provincie Oost-Vlaanderen","Province de Flandre orientale","Vlaams Gewest","Région flamande","<5"
"2020-05-11","45041","Ronse","Renaix","Arrondissement Oudenaarde","Arrondissement d’Audenarde","Provincie Oost-Vlaanderen","Province de Flandre orientale","Vlaams Gewest","Région flamande","<5"
"2020-05-11","45060","Kluisbergen","Kluisbergen","Arrondissement Oudenaarde","Arrondissement d’Audenarde","Provincie Oost-Vlaanderen","Province de Flandre orientale","Vlaams Gewest","Région flamande","<5"
"2020-05-11","45061","Wortegem-Petegem","Wortegem-Petegem","Arrondissement Oudenaarde","Arrondissement d’Audenarde","Provincie Oost-Vlaanderen","Province de Flandre orientale","Vlaams Gewest","Région flamande","<5"
"2020-05-11","45062","Horebeke","Horebeke","Arrondissement Oudenaarde","Arrondissement d’Audenarde","Provincie Oost-Vlaanderen","Province de Flandre orientale","Vlaams Gewest","Région flamande","<5"
"2020-05-11","45064","Maarkedal","Maarkedal","Arrondissement Oudenaarde","Arrondissement d’Audenarde","Provincie Oost-Vlaanderen","Province de Flandre orientale","Vlaams Gewest","Région flamande","<5"
"2020-05-11","45068","Kruisem","Kruisem","Arrondissement Oudenaarde","Arrondissement d’Audenarde","Provincie Oost-Vlaanderen","Province de Flandre orientale","Vlaams Gewest","Région flamande","<5"
"2020-05-11","46003","Beveren (Sint-Niklaas)","Beveren (Saint-Nicolas)","Arrondissement Sint-Niklaas","Arrondissement de Saint-Nicolas","Provincie Oost-Vlaanderen","Province de Flandre orientale","Vlaams Gewest","Région flamande","<5"
"2020-05-11","46014","Lokeren","Lokeren","Arrondissement Sint-Niklaas","Arrondissement de Saint-Nicolas","Provincie Oost-Vlaanderen","Province de Flandre orientale","Vlaams Gewest","Région flamande","<5"
"2020-05-11","46025","Temse","Tamise","Arrondissement Sint-Niklaas","Arrondissement de Saint-Nicolas","Provincie Oost-Vlaanderen","Province de Flandre orientale","Vlaams Gewest","Région flamande","<5"
"2020-05-11","51067","Edingen","Enghien","Arrondissement Aat","Arrondissement d’Ath","Provincie Henegouwen","Province du Hainaut","Waals Gewest","Région wallonne","<5"
"2020-05-11","52011","Charleroi","Charleroi","Arrondissement Charleroi","Arrondissement de Charleroi","Provincie Henegouwen","Province du Hainaut","Waals Gewest","Région wallonne","12"
"2020-05-11","52012","Châtelet","Châtelet","Arrondissement Charleroi","Arrondissement de Charleroi","Provincie Henegouwen","Province du Hainaut","Waals Gewest","Région wallonne","<5"
"2020-05-11","52021","Fleurus","Fleurus","Arrondissement Charleroi","Arrondissement de Charleroi","Provincie Henegouwen","Province du Hainaut","Waals Gewest","Région wallonne","<5"
"2020-05-11","52048","Montigny-le-Tilleul","Montigny-le-Tilleul","Arrondissement Charleroi","Arrondissement de Charleroi","Provincie Henegouwen","Province du Hainaut","Waals Gewest","Région wallonne","<5"
"2020-05-11","52055","Pont-à-Celles","Pont-à-Celles","Arrondissement Charleroi","Arrondissement de Charleroi","Provincie Henegouwen","Province du Hainaut","Waals Gewest","Région wallonne","<5"
"2020-05-11","52075","Les Bons Villers","Les Bons Villers","Arrondissement Charleroi","Arrondissement de Charleroi","Provincie Henegouwen","Province du Hainaut","Waals Gewest","Région wallonne","<5"
"2020-05-11","53014","Boussu","Boussu","Arrondissement Bergen","Arrondissement de Mons","Provincie Henegouwen","Province du Hainaut","Waals Gewest","Région wallonne","<5"
"2020-05-11","53039","Hensies","Hensies","Arrondissement Bergen","Arrondissement de Mons","Provincie Henegouwen","Province du Hainaut","Waals Gewest","Région wallonne","<5"
"2020-05-11","53053","Bergen","Mons","Arrondissement Bergen","Arrondissement de Mons","Provincie Henegouwen","Province du Hainaut","Waals Gewest","Région wallonne","<5"
"2020-05-11","55004","’s Gravenbrakel","Braine-le-Comte","Arrondissement Zinnik","Arrondissement de Soignies","Provincie Henegouwen","Province du Hainaut","Waals Gewest","Région wallonne","<5"
"2020-05-11","56086","Ham-sur-Heure-Nalinnes","Ham-sur-Heure-Nalinnes","Arrondissement Thuin","Arrondissement de Thuin","Provincie Henegouwen","Province du Hainaut","Waals Gewest","Région wallonne","<5"
"2020-05-11","57081","Doornik","Tournai","Arrondissement Doornik-Moeskroen","Arrondissement de Tournai-Mouscron","Provincie Henegouwen","Province du Hainaut","Waals Gewest","Région wallonne","<5"
"2020-05-11","57096","Moeskroen","Mouscron","Arrondissement Doornik-Moeskroen","Arrondissement de Tournai-Mouscron","Provincie Henegouwen","Province du Hainaut","Waals Gewest","Région wallonne","<5"
"2020-05-11","58001","La Louvière","La Louvière","Arrondissement La Louvière","Arrondissement de La Louvière","Provincie Henegouwen","Province du Hainaut","Waals Gewest","Région wallonne","<5"
"2020-05-11","58002","Binche","Binche","Arrondissement La Louvière","Arrondissement de La Louvière","Provincie Henegouwen","Province du Hainaut","Waals Gewest","Région wallonne","<5"
"2020-05-11","61003","Amay","Amay","Arrondissement Hoei","Arrondissement de Huy","Provincie Luik","Province de Liège","Waals Gewest","Région wallonne","<5"
"2020-05-11","61031","Hoei","Huy","Arrondissement Hoei","Arrondissement de Huy","Provincie Luik","Province de Liège","Waals Gewest","Région wallonne","<5"
"2020-05-11","62003","Ans","Ans","Arrondissement Luik","Arrondissement de Liège","Provincie Luik","Province de Liège","Waals Gewest","Région wallonne","<5"
"2020-05-11","62006","Awans","Awans","Arrondissement Luik","Arrondissement de Liège","Provincie Luik","Province de Liège","Waals Gewest","Région wallonne","<5"
"2020-05-11","62022","Chaudfontaine","Chaudfontaine","Arrondissement Luik","Arrondissement de Liège","Provincie Luik","Province de Liège","Waals Gewest","Région wallonne","<5"
"2020-05-11","62038","Fléron","Fléron","Arrondissement Luik","Arrondissement de Liège","Provincie Luik","Province de Liège","Waals Gewest","Région wallonne","<5"
"2020-05-11","62063","Luik","Liège","Arrondissement Luik","Arrondissement de Liège","Provincie Luik","Province de Liège","Waals Gewest","Région wallonne","<5"
"2020-05-11","62096","Seraing","Seraing","Arrondissement Luik","Arrondissement de Liège","Provincie Luik","Province de Liège","Waals Gewest","Région wallonne","<5"
"2020-05-11","62120","Flémalle","Flémalle","Arrondissement Luik","Arrondissement de Liège","Provincie Luik","Province de Liège","Waals Gewest","Région wallonne","<5"
"2020-05-11","62121","Neupré","Neupré","Arrondissement Luik","Arrondissement de Liège","Provincie Luik","Province de Liège","Waals Gewest","Région wallonne","<5"
"2020-05-11","63035","Herve","Herve","Arrondissement Verviers","Arrondissement de Verviers","Provincie Luik","Province de Liège","Waals Gewest","Région wallonne","<5"
"2020-05-11","63038","Jalhay","Jalhay","Arrondissement Verviers","Arrondissement de Verviers","Provincie Luik","Province de Liège","Waals Gewest","Région wallonne","<5"
"2020-05-11","63049","Malmedy","Malmedy","Arrondissement Verviers","Arrondissement de Verviers","Provincie Luik","Province de Liège","Waals Gewest","Région wallonne","<5"
"2020-05-11","63072","Spa","Spa","Arrondissement Verviers","Arrondissement de Verviers","Provincie Luik","Province de Liège","Waals Gewest","Région wallonne","<5"
"2020-05-11","63079","Verviers","Verviers","Arrondissement Verviers","Arrondissement de Verviers","Provincie Luik","Province de Liège","Waals Gewest","Région wallonne","<5"
"2020-05-11","63086","Trois-Ponts","Trois-Ponts","Arrondissement Verviers","Arrondissement de Verviers","Provincie Luik","Province de Liège","Waals Gewest","Région wallonne","<5"
"2020-05-11","63087","Burg-Reuland","Burg-Reuland","Arrondissement Verviers","Arrondissement de Verviers","Provincie Luik","Province de Liège","Waals Gewest","Région wallonne","<5"
"2020-05-11","64063","Remicourt","Remicourt","Arrondissement Borgworm","Arrondissement de Waremme","Provincie Luik","Province de Liège","Waals Gewest","Région wallonne","<5"
"2020-05-11","71004","Beringen","Beringen","Arrondissement Hasselt","Arrondissement de Hasselt","Provincie Limburg","Province du Limbourg","Vlaams Gewest","Région flamande","<5"
"2020-05-11","71011","Diepenbeek","Diepenbeek","Arrondissement Hasselt","Arrondissement de Hasselt","Provincie Limburg","Province du Limbourg","Vlaams Gewest","Région flamande","<5"
"2020-05-11","71016","Genk","Genk","Arrondissement Hasselt","Arrondissement de Hasselt","Provincie Limburg","Province du Limbourg","Vlaams Gewest","Région flamande","<5"
"2020-05-11","71017","Gingelom","Gingelom","Arrondissement Hasselt","Arrondissement de Hasselt","Provincie Limburg","Province du Limbourg","Vlaams Gewest","Région flamande","<5"
"2020-05-11","71022","Hasselt","Hasselt","Arrondissement Hasselt","Arrondissement de Hasselt","Provincie Limburg","Province du Limbourg","Vlaams Gewest","Région flamande","<5"
"2020-05-11","71037","Lummen","Lummen","Arrondissement Hasselt","Arrondissement de Hasselt","Provincie Limburg","Province du Limbourg","Vlaams Gewest","Région flamande","<5"
"2020-05-11","71053","Sint-Truiden","Saint-Trond","Arrondissement Hasselt","Arrondissement de Hasselt","Provincie Limburg","Province du Limbourg","Vlaams Gewest","Région flamande","6"
"2020-05-11","71066","Zonhoven","Zonhoven","Arrondissement Hasselt","Arrondissement de Hasselt","Provincie Limburg","Province du Limbourg","Vlaams Gewest","Région flamande","<5"
"2020-05-11","71067","Zutendaal","Zutendaal","Arrondissement Hasselt","Arrondissement de Hasselt","Provincie Limburg","Province du Limbourg","Vlaams Gewest","Région flamande","5"
"2020-05-11","71070","Heusden-Zolder","Heusden-Zolder","Arrondissement Hasselt","Arrondissement de Hasselt","Provincie Limburg","Province du Limbourg","Vlaams Gewest","Région flamande","<5"
"2020-05-11","72004","Bree","Bree","Arrondissement Maaseik","Arrondissement de Maaseik","Provincie Limburg","Province du Limbourg","Vlaams Gewest","Région flamande","<5"
"2020-05-11","72021","Maaseik","Maaseik","Arrondissement Maaseik","Arrondissement de Maaseik","Provincie Limburg","Province du Limbourg","Vlaams Gewest","Région flamande","<5"
"2020-05-11","72038","Hechtel-Eksel","Hechtel-Eksel","Arrondissement Maaseik","Arrondissement de Maaseik","Provincie Limburg","Province du Limbourg","Vlaams Gewest","Région flamande","<5"
"2020-05-11","72039","Houthalen-Helchteren","Houthalen-Helchteren","Arrondissement Maaseik","Arrondissement de Maaseik","Provincie Limburg","Province du Limbourg","Vlaams Gewest","Région flamande","<5"
"2020-05-11","72041","Dilsen-Stokkem","Dilsen-Stokkem","Arrondissement Maaseik","Arrondissement de Maaseik","Provincie Limburg","Province du Limbourg","Vlaams Gewest","Région flamande","<5"
"2020-05-11","72042","Oudsbergen","Oudsbergen","Arrondissement Maaseik","Arrondissement de Maaseik","Provincie Limburg","Province du Limbourg","Vlaams Gewest","Région flamande","<5"
"2020-05-11","72043","Pelt","Pelt","Arrondissement Maaseik","Arrondissement de Maaseik","Provincie Limburg","Province du Limbourg","Vlaams Gewest","Région flamande","<5"
"2020-05-11","73006","Bilzen","Bilzen","Arrondissement Tongeren","Arrondissement de Tongres","Provincie Limburg","Province du Limbourg","Vlaams Gewest","Région flamande","<5"
"2020-05-11","73032","Hoeselt","Hoeselt","Arrondissement Tongeren","Arrondissement de Tongres","Provincie Limburg","Province du Limbourg","Vlaams Gewest","Région flamande","<5"
"2020-05-11","73042","Lanaken","Lanaken","Arrondissement Tongeren","Arrondissement de Tongres","Provincie Limburg","Province du Limbourg","Vlaams Gewest","Région flamande","<5"
"2020-05-11","73098","Wellen","Wellen","Arrondissement Tongeren","Arrondissement de Tongres","Provincie Limburg","Province du Limbourg","Vlaams Gewest","Région flamande","<5"
"2020-05-11","73107","Maasmechelen","Maasmechelen","Arrondissement Tongeren","Arrondissement de Tongres","Provincie Limburg","Province du Limbourg","Vlaams Gewest","Région flamande","17"
"2020-05-11","81001","Aarlen","Arlon","Arrondissement Aarlen","Arrondissement d’Arlon","Provincie Luxemburg","Province du Luxembourg","Waals Gewest","Région wallonne","<5"
"2020-05-11","82003","Bastenaken","Bastogne","Arrondissement Bastenaken","Arrondissement de Bastogne","Provincie Luxemburg","Province du Luxembourg","Waals Gewest","Région wallonne","<5"
"2020-05-11","82037","Gouvy","Gouvy","Arrondissement Bastenaken","Arrondissement de Bastogne","Provincie Luxemburg","Province du Luxembourg","Waals Gewest","Région wallonne","<5"
"2020-05-11","83013","Erezée","Erezée","Arrondissement Marche-en-Famenne","Arrondissement de Marche-en-Famenne","Provincie Luxemburg","Province du Luxembourg","Waals Gewest","Région wallonne","<5"
"2020-05-11","85007","Chiny","Chiny","Arrondissement Virton","Arrondissement de Virton","Provincie Luxemburg","Province du Luxembourg","Waals Gewest","Région wallonne","<5"
"2020-05-11","91013","Beauraing","Beauraing","Arrondissement Dinant","Arrondissement de Dinant","Provincie Namen","Province de Namur","Waals Gewest","Région wallonne","<5"
"2020-05-11","92003","Andenne","Andenne","Arrondissement Namen","Arrondissement de Namur","Provincie Namen","Province de Namur","Waals Gewest","Région wallonne","<5"
"2020-05-11","92045","Floreffe","Floreffe","Arrondissement Namen","Arrondissement de Namur","Provincie Namen","Province de Namur","Waals Gewest","Région wallonne","<5"
"2020-05-11","92094","Namen","Namur","Arrondissement Namen","Arrondissement de Namur","Provincie Namen","Province de Namur","Waals Gewest","Région wallonne","15"
"2020-05-11","92097","Ohey","Ohey","Arrondissement Namen","Arrondissement de Namur","Provincie Namen","Province de Namur","Waals Gewest","Région wallonne","<5"
"2020-05-11","92137","Sambreville","Sambreville","Arrondissement Namen","Arrondissement de Namur","Provincie Namen","Province de Namur","Waals Gewest","Région wallonne","<5"
"2020-05-11","92138","Fernelmont","Fernelmont","Arrondissement Namen","Arrondissement de Namur","Provincie Namen","Province de Namur","Waals Gewest","Région wallonne","<5"
"2020-05-11","92140","Jemeppe-sur-Sambre","Jemeppe-sur-Sambre","Arrondissement Namen","Arrondissement de Namur","Provincie Namen","Province de Namur","Waals Gewest","Région wallonne","<5"
"2020-05-11",NA,NA,NA,NA,NA,NA,NA,NA,NA,"7"
"2020-05-12","11002","Antwerpen","Anvers","Arrondissement Antwerpen","Arrondissement d’Anvers","Provincie Antwerpen","Province d’Anvers","Vlaams Gewest","Région flamande","22"
"2020-05-12","11007","Borsbeek","Borsbeek","Arrondissement Antwerpen","Arrondissement d’Anvers","Provincie Antwerpen","Province d’Anvers","Vlaams Gewest","Région flamande","<5"
"2020-05-12","11008","Brasschaat","Brasschaat","Arrondissement Antwerpen","Arrondissement d’Anvers","Provincie Antwerpen","Province d’Anvers","Vlaams Gewest","Région flamande","<5"
"2020-05-12","11009","Brecht","Brecht","Arrondissement Antwerpen","Arrondissement d’Anvers","Provincie Antwerpen","Province d’Anvers","Vlaams Gewest","Région flamande","<5"
"2020-05-12","11022","Kalmthout","Kalmthout","Arrondissement Antwerpen","Arrondissement d’Anvers","Provincie Antwerpen","Province d’Anvers","Vlaams Gewest","Région flamande","<5"
"2020-05-12","11023","Kapellen (Antwerpen)","Kapellen (Anvers)","Arrondissement Antwerpen","Arrondissement d’Anvers","Provincie Antwerpen","Province d’Anvers","Vlaams Gewest","Région flamande","<5"
"2020-05-12","11029","Mortsel","Mortsel","Arrondissement Antwerpen","Arrondissement d’Anvers","Provincie Antwerpen","Province d’Anvers","Vlaams Gewest","Région flamande","<5"
"2020-05-12","11044","Stabroek","Stabroek","Arrondissement Antwerpen","Arrondissement d’Anvers","Provincie Antwerpen","Province d’Anvers","Vlaams Gewest","Région flamande","<5"
"2020-05-12","11053","Wuustwezel","Wuustwezel","Arrondissement Antwerpen","Arrondissement d’Anvers","Provincie Antwerpen","Province d’Anvers","Vlaams Gewest","Région flamande","<5"
"2020-05-12","11054","Zandhoven","Zandhoven","Arrondissement Antwerpen","Arrondissement d’Anvers","Provincie Antwerpen","Province d’Anvers","Vlaams Gewest","Région flamande","<5"
"2020-05-12","11055","Zoersel","Zoersel","Arrondissement Antwerpen","Arrondissement d’Anvers","Provincie Antwerpen","Province d’Anvers","Vlaams Gewest","Région flamande","5"
"2020-05-12","11056","Zwijndrecht","Zwijndrecht","Arrondissement Antwerpen","Arrondissement d’Anvers","Provincie Antwerpen","Province d’Anvers","Vlaams Gewest","Région flamande","<5"
"2020-05-12","12005","Bonheiden","Bonheiden","Arrondissement Mechelen","Arrondissement de Malines","Provincie Antwerpen","Province d’Anvers","Vlaams Gewest","Région flamande","<5"
"2020-05-12","12007","Bornem","Bornem","Arrondissement Mechelen","Arrondissement de Malines","Provincie Antwerpen","Province d’Anvers","Vlaams Gewest","Région flamande","<5"
"2020-05-12","12009","Duffel","Duffel","Arrondissement Mechelen","Arrondissement de Malines","Provincie Antwerpen","Province d’Anvers","Vlaams Gewest","Région flamande","<5"
"2020-05-12","12014","Heist-op-den-Berg","Heist-op-den-Berg","Arrondissement Mechelen","Arrondissement de Malines","Provincie Antwerpen","Province d’Anvers","Vlaams Gewest","Région flamande","<5"
"2020-05-12","12025","Mechelen","Malines","Arrondissement Mechelen","Arrondissement de Malines","Provincie Antwerpen","Province d’Anvers","Vlaams Gewest","Région flamande","<5"
"2020-05-12","12026","Nijlen","Nijlen","Arrondissement Mechelen","Arrondissement de Malines","Provincie Antwerpen","Province d’Anvers","Vlaams Gewest","Région flamande","7"
"2020-05-12","12040","Willebroek","Willebroek","Arrondissement Mechelen","Arrondissement de Malines","Provincie Antwerpen","Province d’Anvers","Vlaams Gewest","Région flamande","<5"
"2020-05-12","13001","Arendonk","Arendonk","Arrondissement Turnhout","Arrondissement de Turnhout","Provincie Antwerpen","Province d’Anvers","Vlaams Gewest","Région flamande","<5"
"2020-05-12","13004","Beerse","Beerse","Arrondissement Turnhout","Arrondissement de Turnhout","Provincie Antwerpen","Province d’Anvers","Vlaams Gewest","Région flamande","<5"
"2020-05-12","13008","Geel","Geel","Arrondissement Turnhout","Arrondissement de Turnhout","Provincie Antwerpen","Province d’Anvers","Vlaams Gewest","Région flamande","<5"
"2020-05-12","13011","Herentals","Herentals","Arrondissement Turnhout","Arrondissement de Turnhout","Provincie Antwerpen","Province d’Anvers","Vlaams Gewest","Région flamande","<5"
"2020-05-12","13014","Hoogstraten","Hoogstraten","Arrondissement Turnhout","Arrondissement de Turnhout","Provincie Antwerpen","Province d’Anvers","Vlaams Gewest","Région flamande","<5"
"2020-05-12","13017","Kasterlee","Kasterlee","Arrondissement Turnhout","Arrondissement de Turnhout","Provincie Antwerpen","Province d’Anvers","Vlaams Gewest","Région flamande","<5"
"2020-05-12","13019","Lille","Lille","Arrondissement Turnhout","Arrondissement de Turnhout","Provincie Antwerpen","Province d’Anvers","Vlaams Gewest","Région flamande","<5"
"2020-05-12","13023","Merksplas","Merksplas","Arrondissement Turnhout","Arrondissement de Turnhout","Provincie Antwerpen","Province d’Anvers","Vlaams Gewest","Région flamande","<5"
"2020-05-12","13031","Oud-Turnhout","Oud-Turnhout","Arrondissement Turnhout","Arrondissement de Turnhout","Provincie Antwerpen","Province d’Anvers","Vlaams Gewest","Région flamande","10"
"2020-05-12","13035","Ravels","Ravels","Arrondissement Turnhout","Arrondissement de Turnhout","Provincie Antwerpen","Province d’Anvers","Vlaams Gewest","Région flamande","<5"
"2020-05-12","13036","Retie","Retie","Arrondissement Turnhout","Arrondissement de Turnhout","Provincie Antwerpen","Province d’Anvers","Vlaams Gewest","Région flamande","<5"
"2020-05-12","13037","Rijkevorsel","Rijkevorsel","Arrondissement Turnhout","Arrondissement de Turnhout","Provincie Antwerpen","Province d’Anvers","Vlaams Gewest","Région flamande","<5"
"2020-05-12","13053","Laakdal","Laakdal","Arrondissement Turnhout","Arrondissement de Turnhout","Provincie Antwerpen","Province d’Anvers","Vlaams Gewest","Région flamande","<5"
"2020-05-12","21001","Anderlecht","Anderlecht","Arrondissement Brussel-Hoofdstad","Arrondissement de Bruxelles-Capitale",NA,NA,"Brussels Hoofdstedelijk Gewest","Région de Bruxelles-Capitale","<5"
"2020-05-12","21003","Sint-Agatha-Berchem","Berchem-Sainte-Agathe","Arrondissement Brussel-Hoofdstad","Arrondissement de Bruxelles-Capitale",NA,NA,"Brussels Hoofdstedelijk Gewest","Région de Bruxelles-Capitale","<5"
"2020-05-12","21004","Brussel","Bruxelles","Arrondissement Brussel-Hoofdstad","Arrondissement de Bruxelles-Capitale",NA,NA,"Brussels Hoofdstedelijk Gewest","Région de Bruxelles-Capitale","5"
"2020-05-12","21006","Evere","Evere","Arrondissement Brussel-Hoofdstad","Arrondissement de Bruxelles-Capitale",NA,NA,"Brussels Hoofdstedelijk Gewest","Région de Bruxelles-Capitale","<5"
"2020-05-12","21007","Vorst (Brussel-Hoofdstad)","Forest (Bruxelles-Capitale)","Arrondissement Brussel-Hoofdstad","Arrondissement de Bruxelles-Capitale",NA,NA,"Brussels Hoofdstedelijk Gewest","Région de Bruxelles-Capitale","<5"
"2020-05-12","21008","Ganshoren","Ganshoren","Arrondissement Brussel-Hoofdstad","Arrondissement de Bruxelles-Capitale",NA,NA,"Brussels Hoofdstedelijk Gewest","Région de Bruxelles-Capitale","<5"
"2020-05-12","21010","Jette","Jette","Arrondissement Brussel-Hoofdstad","Arrondissement de Bruxelles-Capitale",NA,NA,"Brussels Hoofdstedelijk Gewest","Région de Bruxelles-Capitale","<5"
"2020-05-12","21012","Sint-Jans-Molenbeek","Molenbeek-Saint-Jean","Arrondissement Brussel-Hoofdstad","Arrondissement de Bruxelles-Capitale",NA,NA,"Brussels Hoofdstedelijk Gewest","Région de Bruxelles-Capitale","<5"
"2020-05-12","21013","Sint-Gillis","Saint-Gilles","Arrondissement Brussel-Hoofdstad","Arrondissement de Bruxelles-Capitale",NA,NA,"Brussels Hoofdstedelijk Gewest","Région de Bruxelles-Capitale","<5"
"2020-05-12","21014","Sint-Joost-ten-Node","Saint-Josse-ten-Noode","Arrondissement Brussel-Hoofdstad","Arrondissement de Bruxelles-Capitale",NA,NA,"Brussels Hoofdstedelijk Gewest","Région de Bruxelles-Capitale","<5"
"2020-05-12","21015","Schaarbeek","Schaerbeek","Arrondissement Brussel-Hoofdstad","Arrondissement de Bruxelles-Capitale",NA,NA,"Brussels Hoofdstedelijk Gewest","Région de Bruxelles-Capitale","<5"
"2020-05-12","21016","Ukkel","Uccle","Arrondissement Brussel-Hoofdstad","Arrondissement de Bruxelles-Capitale",NA,NA,"Brussels Hoofdstedelijk Gewest","Région de Bruxelles-Capitale","<5"
"2020-05-12","21019","Sint-Pieters-Woluwe","Woluwe-Saint-Pierre","Arrondissement Brussel-Hoofdstad","Arrondissement de Bruxelles-Capitale",NA,NA,"Brussels Hoofdstedelijk Gewest","Région de Bruxelles-Capitale","<5"
"2020-05-12","23002","Asse","Asse","Arrondissement Halle-Vilvoorde","Arrondissement de Hal-Vilvorde","Provincie Vlaams-Brabant","Province du Brabant flamand","Vlaams Gewest","Région flamande","<5"
"2020-05-12","23025","Grimbergen","Grimbergen","Arrondissement Halle-Vilvoorde","Arrondissement de Hal-Vilvorde","Provincie Vlaams-Brabant","Province du Brabant flamand","Vlaams Gewest","Région flamande","<5"
"2020-05-12","23027","Halle (Halle-Vilvoorde)","Hal (Hal-Vilvorde)","Arrondissement Halle-Vilvoorde","Arrondissement de Hal-Vilvorde","Provincie Vlaams-Brabant","Province du Brabant flamand","Vlaams Gewest","Région flamande","<5"
"2020-05-12","23038","Kampenhout","Kampenhout","Arrondissement Halle-Vilvoorde","Arrondissement de Hal-Vilvorde","Provincie Vlaams-Brabant","Province du Brabant flamand","Vlaams Gewest","Région flamande","<5"
"2020-05-12","23039","Kapelle-op-den-Bos","Kapelle-op-den-Bos","Arrondissement Halle-Vilvoorde","Arrondissement de Hal-Vilvorde","Provincie Vlaams-Brabant","Province du Brabant flamand","Vlaams Gewest","Région flamande","5"
"2020-05-12","23045","Londerzeel","Londerzeel","Arrondissement Halle-Vilvoorde","Arrondissement de Hal-Vilvorde","Provincie Vlaams-Brabant","Province du Brabant flamand","Vlaams Gewest","Région flamande","<5"
"2020-05-12","23052","Merchtem","Merchtem","Arrondissement Halle-Vilvoorde","Arrondissement de Hal-Vilvorde","Provincie Vlaams-Brabant","Province du Brabant flamand","Vlaams Gewest","Région flamande","<5"
"2020-05-12","23077","Sint-Pieters-Leeuw","Sint-Pieters-Leeuw","Arrondissement Halle-Vilvoorde","Arrondissement de Hal-Vilvorde","Provincie Vlaams-Brabant","Province du Brabant flamand","Vlaams Gewest","Région flamande","<5"
"2020-05-12","23086","Ternat","Ternat","Arrondissement Halle-Vilvoorde","Arrondissement de Hal-Vilvorde","Provincie Vlaams-Brabant","Province du Brabant flamand","Vlaams Gewest","Région flamande","<5"
"2020-05-12","23088","Vilvoorde","Vilvorde","Arrondissement Halle-Vilvoorde","Arrondissement de Hal-Vilvorde","Provincie Vlaams-Brabant","Province du Brabant flamand","Vlaams Gewest","Région flamande","<5"
"2020-05-12","23094","Zaventem","Zaventem","Arrondissement Halle-Vilvoorde","Arrondissement de Hal-Vilvorde","Provincie Vlaams-Brabant","Province du Brabant flamand","Vlaams Gewest","Région flamande","<5"
"2020-05-12","23101","Sint-Genesius-Rode","Rhode-Saint-Genèse","Arrondissement Halle-Vilvoorde","Arrondissement de Hal-Vilvorde","Provincie Vlaams-Brabant","Province du Brabant flamand","Vlaams Gewest","Région flamande","<5"
"2020-05-12","24001","Aarschot","Aarschot","Arrondissement Leuven","Arrondissement de Louvain","Provincie Vlaams-Brabant","Province du Brabant flamand","Vlaams Gewest","Région flamande","<5"
"2020-05-12","24007","Begijnendijk","Begijnendijk","Arrondissement Leuven","Arrondissement de Louvain","Provincie Vlaams-Brabant","Province du Brabant flamand","Vlaams Gewest","Région flamande","<5"
"2020-05-12","24020","Diest","Diest","Arrondissement Leuven","Arrondissement de Louvain","Provincie Vlaams-Brabant","Province du Brabant flamand","Vlaams Gewest","Région flamande","<5"
"2020-05-12","24062","Leuven","Louvain","Arrondissement Leuven","Arrondissement de Louvain","Provincie Vlaams-Brabant","Province du Brabant flamand","Vlaams Gewest","Région flamande","<5"
"2020-05-12","25107","Villers-la-Ville","Villers-la-Ville","Arrondissement Nijvel","Arrondissement de Nivelles","Provincie Waals-Brabant","Province du Brabant wallon","Waals Gewest","Région wallonne","<5"
"2020-05-12","25121","Ottignies-Louvain-la-Neuve","Ottignies-Louvain-la-Neuve","Arrondissement Nijvel","Arrondissement de Nivelles","Provincie Waals-Brabant","Province du Brabant wallon","Waals Gewest","Région wallonne","<5"
"2020-05-12","31005","Brugge","Bruges","Arrondissement Brugge","Arrondissement de Bruges","Provincie West-Vlaanderen","Province de Flandre occidentale","Vlaams Gewest","Région flamande","10"
"2020-05-12","31012","Jabbeke","Jabbeke","Arrondissement Brugge","Arrondissement de Bruges","Provincie West-Vlaanderen","Province de Flandre occidentale","Vlaams Gewest","Région flamande","<5"
"2020-05-12","31040","Zedelgem","Zedelgem","Arrondissement Brugge","Arrondissement de Bruges","Provincie West-Vlaanderen","Province de Flandre occidentale","Vlaams Gewest","Région flamande","<5"
"2020-05-12","32006","Houthulst","Houthulst","Arrondissement Diksmuide","Arrondissement de Dixmude","Provincie West-Vlaanderen","Province de Flandre occidentale","Vlaams Gewest","Région flamande","<5"
"2020-05-12","33011","Ieper","Ypres","Arrondissement Ieper","Arrondissement d’Ypres","Provincie West-Vlaanderen","Province de Flandre occidentale","Vlaams Gewest","Région flamande","<5"
"2020-05-12","33021","Poperinge","Poperinge","Arrondissement Ieper","Arrondissement d’Ypres","Provincie West-Vlaanderen","Province de Flandre occidentale","Vlaams Gewest","Région flamande","<5"
"2020-05-12","33029","Wervik","Wervik","Arrondissement Ieper","Arrondissement d’Ypres","Provincie West-Vlaanderen","Province de Flandre occidentale","Vlaams Gewest","Région flamande","7"
"2020-05-12","33037","Zonnebeke","Zonnebeke","Arrondissement Ieper","Arrondissement d’Ypres","Provincie West-Vlaanderen","Province de Flandre occidentale","Vlaams Gewest","Région flamande","<5"
"2020-05-12","33040","Langemark-Poelkapelle","Langemark-Poelkapelle","Arrondissement Ieper","Arrondissement d’Ypres","Provincie West-Vlaanderen","Province de Flandre occidentale","Vlaams Gewest","Région flamande","<5"
"2020-05-12","34003","Avelgem","Avelgem","Arrondissement Kortrijk","Arrondissement de Courtrai","Provincie West-Vlaanderen","Province de Flandre occidentale","Vlaams Gewest","Région flamande","<5"
"2020-05-12","34013","Harelbeke","Harelbeke","Arrondissement Kortrijk","Arrondissement de Courtrai","Provincie West-Vlaanderen","Province de Flandre occidentale","Vlaams Gewest","Région flamande","<5"
"2020-05-12","34022","Kortrijk","Courtrai","Arrondissement Kortrijk","Arrondissement de Courtrai","Provincie West-Vlaanderen","Province de Flandre occidentale","Vlaams Gewest","Région flamande","7"
"2020-05-12","34027","Menen","Menin","Arrondissement Kortrijk","Arrondissement de Courtrai","Provincie West-Vlaanderen","Province de Flandre occidentale","Vlaams Gewest","Région flamande","<5"
"2020-05-12","34040","Waregem","Waregem","Arrondissement Kortrijk","Arrondissement de Courtrai","Provincie West-Vlaanderen","Province de Flandre occidentale","Vlaams Gewest","Région flamande","<5"
"2020-05-12","34042","Zwevegem","Zwevegem","Arrondissement Kortrijk","Arrondissement de Courtrai","Provincie West-Vlaanderen","Province de Flandre occidentale","Vlaams Gewest","Région flamande","<5"
"2020-05-12","35006","Ichtegem","Ichtegem","Arrondissement Oostende","Arrondissement d’Ostende","Provincie West-Vlaanderen","Province de Flandre occidentale","Vlaams Gewest","Région flamande","<5"
"2020-05-12","35011","Middelkerke","Middelkerke","Arrondissement Oostende","Arrondissement d’Ostende","Provincie West-Vlaanderen","Province de Flandre occidentale","Vlaams Gewest","Région flamande","<5"
"2020-05-12","35013","Oostende","Ostende","Arrondissement Oostende","Arrondissement d’Ostende","Provincie West-Vlaanderen","Province de Flandre occidentale","Vlaams Gewest","Région flamande","<5"
"2020-05-12","35014","Oudenburg","Oudenburg","Arrondissement Oostende","Arrondissement d’Ostende","Provincie West-Vlaanderen","Province de Flandre occidentale","Vlaams Gewest","Région flamande","<5"
"2020-05-12","36007","Ingelmunster","Ingelmunster","Arrondissement Roeselare","Arrondissement de Roulers","Provincie West-Vlaanderen","Province de Flandre occidentale","Vlaams Gewest","Région flamande","<5"
"2020-05-12","36012","Moorslede","Moorslede","Arrondissement Roeselare","Arrondissement de Roulers","Provincie West-Vlaanderen","Province de Flandre occidentale","Vlaams Gewest","Région flamande","<5"
"2020-05-12","36015","Roeselare","Roulers","Arrondissement Roeselare","Arrondissement de Roulers","Provincie West-Vlaanderen","Province de Flandre occidentale","Vlaams Gewest","Région flamande","<5"
"2020-05-12","37002","Dentergem","Dentergem","Arrondissement Tielt","Arrondissement de Tielt","Provincie West-Vlaanderen","Province de Flandre occidentale","Vlaams Gewest","Région flamande","<5"
"2020-05-12","37010","Oostrozebeke","Oostrozebeke","Arrondissement Tielt","Arrondissement de Tielt","Provincie West-Vlaanderen","Province de Flandre occidentale","Vlaams Gewest","Région flamande","<5"
"2020-05-12","37015","Tielt (Tielt)","Tielt (Tielt)","Arrondissement Tielt","Arrondissement de Tielt","Provincie West-Vlaanderen","Province de Flandre occidentale","Vlaams Gewest","Région flamande","<5"
"2020-05-12","41027","Herzele","Herzele","Arrondissement Aalst","Arrondissement d’Alost","Provincie Oost-Vlaanderen","Province de Flandre orientale","Vlaams Gewest","Région flamande","<5"
"2020-05-12","42006","Dendermonde","Termonde","Arrondissement Dendermonde","Arrondissement de Termonde","Provincie Oost-Vlaanderen","Province de Flandre orientale","Vlaams Gewest","Région flamande","<5"
"2020-05-12","42008","Hamme (Dendermonde)","Hamme (Termonde)","Arrondissement Dendermonde","Arrondissement de Termonde","Provincie Oost-Vlaanderen","Province de Flandre orientale","Vlaams Gewest","Région flamande","<5"
"2020-05-12","42011","Lebbeke","Lebbeke","Arrondissement Dendermonde","Arrondissement de Termonde","Provincie Oost-Vlaanderen","Province de Flandre orientale","Vlaams Gewest","Région flamande","<5"
"2020-05-12","42028","Zele","Zele","Arrondissement Dendermonde","Arrondissement de Termonde","Provincie Oost-Vlaanderen","Province de Flandre orientale","Vlaams Gewest","Région flamande","<5"
"2020-05-12","43005","Eeklo","Eeklo","Arrondissement Eeklo","Arrondissement d’Eeklo","Provincie Oost-Vlaanderen","Province de Flandre orientale","Vlaams Gewest","Région flamande","<5"
"2020-05-12","43014","Sint-Laureins","Sint-Laureins","Arrondissement Eeklo","Arrondissement d’Eeklo","Provincie Oost-Vlaanderen","Province de Flandre orientale","Vlaams Gewest","Région flamande","<5"
"2020-05-12","44012","De Pinte","De Pinte","Arrondissement Gent","Arrondissement de Gand","Provincie Oost-Vlaanderen","Province de Flandre orientale","Vlaams Gewest","Région flamande","<5"
"2020-05-12","44019","Evergem","Evergem","Arrondissement Gent","Arrondissement de Gand","Provincie Oost-Vlaanderen","Province de Flandre orientale","Vlaams Gewest","Région flamande","<5"
"2020-05-12","44021","Gent","Gand","Arrondissement Gent","Arrondissement de Gand","Provincie Oost-Vlaanderen","Province de Flandre orientale","Vlaams Gewest","Région flamande","<5"
"2020-05-12","44083","Deinze","Deinze","Arrondissement Gent","Arrondissement de Gand","Provincie Oost-Vlaanderen","Province de Flandre orientale","Vlaams Gewest","Région flamande","<5"
"2020-05-12","44084","Aalter","Aalter","Arrondissement Gent","Arrondissement de Gand","Provincie Oost-Vlaanderen","Province de Flandre orientale","Vlaams Gewest","Région flamande","<5"
"2020-05-12","45035","Oudenaarde","Audenarde","Arrondissement Oudenaarde","Arrondissement d’Audenarde","Provincie Oost-Vlaanderen","Province de Flandre orientale","Vlaams Gewest","Région flamande","<5"
"2020-05-12","45041","Ronse","Renaix","Arrondissement Oudenaarde","Arrondissement d’Audenarde","Provincie Oost-Vlaanderen","Province de Flandre orientale","Vlaams Gewest","Région flamande","<5"
"2020-05-12","45063","Lierde","Lierde","Arrondissement Oudenaarde","Arrondissement d’Audenarde","Provincie Oost-Vlaanderen","Province de Flandre orientale","Vlaams Gewest","Région flamande","<5"
"2020-05-12","46014","Lokeren","Lokeren","Arrondissement Sint-Niklaas","Arrondissement de Saint-Nicolas","Provincie Oost-Vlaanderen","Province de Flandre orientale","Vlaams Gewest","Région flamande","<5"
"2020-05-12","46020","Sint-Gillis-Waas","Sint-Gillis-Waas","Arrondissement Sint-Niklaas","Arrondissement de Saint-Nicolas","Provincie Oost-Vlaanderen","Province de Flandre orientale","Vlaams Gewest","Région flamande","<5"
"2020-05-12","46021","Sint-Niklaas (Sint-Niklaas)","Saint-Nicolas (Saint-Nicolas)","Arrondissement Sint-Niklaas","Arrondissement de Saint-Nicolas","Provincie Oost-Vlaanderen","Province de Flandre orientale","Vlaams Gewest","Région flamande","<5"
"2020-05-12","46025","Temse","Tamise","Arrondissement Sint-Niklaas","Arrondissement de Saint-Nicolas","Provincie Oost-Vlaanderen","Province de Flandre orientale","Vlaams Gewest","Région flamande","<5"
"2020-05-12","51004","Aat","Ath","Arrondissement Aat","Arrondissement d’Ath","Provincie Henegouwen","Province du Hainaut","Waals Gewest","Région wallonne","<5"
"2020-05-12","51009","Bernissart","Bernissart","Arrondissement Aat","Arrondissement d’Ath","Provincie Henegouwen","Province du Hainaut","Waals Gewest","Région wallonne","<5"
"2020-05-12","51014","Chièvres","Chièvres","Arrondissement Aat","Arrondissement d’Ath","Provincie Henegouwen","Province du Hainaut","Waals Gewest","Région wallonne","<5"
"2020-05-12","51069","Lessen","Lessines","Arrondissement Aat","Arrondissement d’Ath","Provincie Henegouwen","Province du Hainaut","Waals Gewest","Région wallonne","<5"
"2020-05-12","52011","Charleroi","Charleroi","Arrondissement Charleroi","Arrondissement de Charleroi","Provincie Henegouwen","Province du Hainaut","Waals Gewest","Région wallonne","<5"
"2020-05-12","52012","Châtelet","Châtelet","Arrondissement Charleroi","Arrondissement de Charleroi","Provincie Henegouwen","Province du Hainaut","Waals Gewest","Région wallonne","<5"
"2020-05-12","52015","Courcelles","Courcelles","Arrondissement Charleroi","Arrondissement de Charleroi","Provincie Henegouwen","Province du Hainaut","Waals Gewest","Région wallonne","<5"
"2020-05-12","52025","Gerpinnes","Gerpinnes","Arrondissement Charleroi","Arrondissement de Charleroi","Provincie Henegouwen","Province du Hainaut","Waals Gewest","Région wallonne","<5"
"2020-05-12","52048","Montigny-le-Tilleul","Montigny-le-Tilleul","Arrondissement Charleroi","Arrondissement de Charleroi","Provincie Henegouwen","Province du Hainaut","Waals Gewest","Région wallonne","<5"
"2020-05-12","52074","Aiseau-Presles","Aiseau-Presles","Arrondissement Charleroi","Arrondissement de Charleroi","Provincie Henegouwen","Province du Hainaut","Waals Gewest","Région wallonne","<5"
"2020-05-12","52075","Les Bons Villers","Les Bons Villers","Arrondissement Charleroi","Arrondissement de Charleroi","Provincie Henegouwen","Province du Hainaut","Waals Gewest","Région wallonne","<5"
"2020-05-12","53014","Boussu","Boussu","Arrondissement Bergen","Arrondissement de Mons","Provincie Henegouwen","Province du Hainaut","Waals Gewest","Région wallonne","<5"
"2020-05-12","53020","Dour","Dour","Arrondissement Bergen","Arrondissement de Mons","Provincie Henegouwen","Province du Hainaut","Waals Gewest","Région wallonne","<5"
"2020-05-12","53053","Bergen","Mons","Arrondissement Bergen","Arrondissement de Mons","Provincie Henegouwen","Province du Hainaut","Waals Gewest","Région wallonne","<5"
"2020-05-12","53065","Quaregnon","Quaregnon","Arrondissement Bergen","Arrondissement de Mons","Provincie Henegouwen","Province du Hainaut","Waals Gewest","Région wallonne","<5"
"2020-05-12","53070","Saint-Ghislain","Saint-Ghislain","Arrondissement Bergen","Arrondissement de Mons","Provincie Henegouwen","Province du Hainaut","Waals Gewest","Région wallonne","<5"
"2020-05-12","53082","Colfontaine","Colfontaine","Arrondissement Bergen","Arrondissement de Mons","Provincie Henegouwen","Province du Hainaut","Waals Gewest","Région wallonne","<5"
"2020-05-12","53084","Quévy","Quévy","Arrondissement Bergen","Arrondissement de Mons","Provincie Henegouwen","Province du Hainaut","Waals Gewest","Région wallonne","<5"
"2020-05-12","56022","Erquelinnes","Erquelinnes","Arrondissement Thuin","Arrondissement de Thuin","Provincie Henegouwen","Province du Hainaut","Waals Gewest","Région wallonne","<5"
"2020-05-12","57062","Pecq","Pecq","Arrondissement Doornik-Moeskroen","Arrondissement de Tournai-Mouscron","Provincie Henegouwen","Province du Hainaut","Waals Gewest","Région wallonne","<5"
"2020-05-12","57081","Doornik","Tournai","Arrondissement Doornik-Moeskroen","Arrondissement de Tournai-Mouscron","Provincie Henegouwen","Province du Hainaut","Waals Gewest","Région wallonne","<5"
"2020-05-12","57093","Brunehaut","Brunehaut","Arrondissement Doornik-Moeskroen","Arrondissement de Tournai-Mouscron","Provincie Henegouwen","Province du Hainaut","Waals Gewest","Région wallonne","<5"
"2020-05-12","57096","Moeskroen","Mouscron","Arrondissement Doornik-Moeskroen","Arrondissement de Tournai-Mouscron","Provincie Henegouwen","Province du Hainaut","Waals Gewest","Région wallonne","11"
"2020-05-12","58001","La Louvière","La Louvière","Arrondissement La Louvière","Arrondissement de La Louvière","Provincie Henegouwen","Province du Hainaut","Waals Gewest","Région wallonne","<5"
"2020-05-12","58002","Binche","Binche","Arrondissement La Louvière","Arrondissement de La Louvière","Provincie Henegouwen","Province du Hainaut","Waals Gewest","Région wallonne","<5"
"2020-05-12","58004","Morlanwelz","Morlanwelz","Arrondissement La Louvière","Arrondissement de La Louvière","Provincie Henegouwen","Province du Hainaut","Waals Gewest","Région wallonne","<5"
"2020-05-12","61019","Ferrières","Ferrières","Arrondissement Hoei","Arrondissement de Huy","Provincie Luik","Province de Liège","Waals Gewest","Région wallonne","<5"
"2020-05-12","61048","Ouffet","Ouffet","Arrondissement Hoei","Arrondissement de Huy","Provincie Luik","Province de Liège","Waals Gewest","Région wallonne","<5"
"2020-05-12","62009","Aywaille","Aywaille","Arrondissement Luik","Arrondissement de Liège","Provincie Luik","Province de Liège","Waals Gewest","Région wallonne","<5"
"2020-05-12","62022","Chaudfontaine","Chaudfontaine","Arrondissement Luik","Arrondissement de Liège","Provincie Luik","Province de Liège","Waals Gewest","Région wallonne","<5"
"2020-05-12","62060","Juprelle","Juprelle","Arrondissement Luik","Arrondissement de Liège","Provincie Luik","Province de Liège","Waals Gewest","Région wallonne","<5"
"2020-05-12","62063","Luik","Liège","Arrondissement Luik","Arrondissement de Liège","Provincie Luik","Province de Liège","Waals Gewest","Région wallonne","<5"
"2020-05-12","62079","Oupeye","Oupeye","Arrondissement Luik","Arrondissement de Liège","Provincie Luik","Province de Liège","Waals Gewest","Région wallonne","<5"
"2020-05-12","62093","Saint-Nicolas (Luik)","Saint-Nicolas (Liège)","Arrondissement Luik","Arrondissement de Liège","Provincie Luik","Province de Liège","Waals Gewest","Région wallonne","<5"
"2020-05-12","62100","Sprimont","Sprimont","Arrondissement Luik","Arrondissement de Liège","Provincie Luik","Province de Liège","Waals Gewest","Région wallonne","<5"
"2020-05-12","62108","Wezet","Visé","Arrondissement Luik","Arrondissement de Liège","Provincie Luik","Province de Liège","Waals Gewest","Région wallonne","<5"
"2020-05-12","62120","Flémalle","Flémalle","Arrondissement Luik","Arrondissement de Liège","Provincie Luik","Province de Liège","Waals Gewest","Région wallonne","<5"
"2020-05-12","62121","Neupré","Neupré","Arrondissement Luik","Arrondissement de Liège","Provincie Luik","Province de Liège","Waals Gewest","Région wallonne","<5"
"2020-05-12","63012","Büllingen","Bullange","Arrondissement Verviers","Arrondissement de Verviers","Provincie Luik","Province de Liège","Waals Gewest","Région wallonne","<5"
"2020-05-12","63035","Herve","Herve","Arrondissement Verviers","Arrondissement de Verviers","Provincie Luik","Province de Liège","Waals Gewest","Région wallonne","<5"
"2020-05-12","63046","Limburg","Limbourg","Arrondissement Verviers","Arrondissement de Verviers","Provincie Luik","Province de Liège","Waals Gewest","Région wallonne","<5"
"2020-05-12","63049","Malmedy","Malmedy","Arrondissement Verviers","Arrondissement de Verviers","Provincie Luik","Province de Liège","Waals Gewest","Région wallonne","<5"
"2020-05-12","63073","Stavelot","Stavelot","Arrondissement Verviers","Arrondissement de Verviers","Provincie Luik","Province de Liège","Waals Gewest","Région wallonne","<5"
"2020-05-12","63080","Weismes","Waimes","Arrondissement Verviers","Arrondissement de Verviers","Provincie Luik","Province de Liège","Waals Gewest","Région wallonne","<5"
"2020-05-12","63084","Welkenraedt","Welkenraedt","Arrondissement Verviers","Arrondissement de Verviers","Provincie Luik","Province de Liège","Waals Gewest","Région wallonne","<5"
"2020-05-12","64034","Hannuit","Hannut","Arrondissement Borgworm","Arrondissement de Waremme","Provincie Luik","Province de Liège","Waals Gewest","Région wallonne","<5"
"2020-05-12","64065","Saint-Georges-sur-Meuse","Saint-Georges-sur-Meuse","Arrondissement Borgworm","Arrondissement de Waremme","Provincie Luik","Province de Liège","Waals Gewest","Région wallonne","<5"
"2020-05-12","71016","Genk","Genk","Arrondissement Hasselt","Arrondissement de Hasselt","Provincie Limburg","Province du Limbourg","Vlaams Gewest","Région flamande","5"
"2020-05-12","71022","Hasselt","Hasselt","Arrondissement Hasselt","Arrondissement de Hasselt","Provincie Limburg","Province du Limbourg","Vlaams Gewest","Région flamande","<5"
"2020-05-12","71024","Herk-de-Stad","Herck-la-Ville","Arrondissement Hasselt","Arrondissement de Hasselt","Provincie Limburg","Province du Limbourg","Vlaams Gewest","Région flamande","<5"
"2020-05-12","71053","Sint-Truiden","Saint-Trond","Arrondissement Hasselt","Arrondissement de Hasselt","Provincie Limburg","Province du Limbourg","Vlaams Gewest","Région flamande","6"
"2020-05-12","71057","Tessenderlo","Tessenderlo","Arrondissement Hasselt","Arrondissement de Hasselt","Provincie Limburg","Province du Limbourg","Vlaams Gewest","Région flamande","<5"
"2020-05-12","71070","Heusden-Zolder","Heusden-Zolder","Arrondissement Hasselt","Arrondissement de Hasselt","Provincie Limburg","Province du Limbourg","Vlaams Gewest","Région flamande","<5"
"2020-05-12","72004","Bree","Bree","Arrondissement Maaseik","Arrondissement de Maaseik","Provincie Limburg","Province du Limbourg","Vlaams Gewest","Région flamande","<5"
"2020-05-12","72020","Lommel","Lommel","Arrondissement Maaseik","Arrondissement de Maaseik","Provincie Limburg","Province du Limbourg","Vlaams Gewest","Région flamande","<5"
"2020-05-12","73001","Alken","Alken","Arrondissement Tongeren","Arrondissement de Tongres","Provincie Limburg","Province du Limbourg","Vlaams Gewest","Région flamande","<5"
"2020-05-12","73006","Bilzen","Bilzen","Arrondissement Tongeren","Arrondissement de Tongres","Provincie Limburg","Province du Limbourg","Vlaams Gewest","Région flamande","<5"
"2020-05-12","73042","Lanaken","Lanaken","Arrondissement Tongeren","Arrondissement de Tongres","Provincie Limburg","Province du Limbourg","Vlaams Gewest","Région flamande","<5"
"2020-05-12","73083","Tongeren","Tongres","Arrondissement Tongeren","Arrondissement de Tongres","Provincie Limburg","Province du Limbourg","Vlaams Gewest","Région flamande","<5"
"2020-05-12","73107","Maasmechelen","Maasmechelen","Arrondissement Tongeren","Arrondissement de Tongres","Provincie Limburg","Province du Limbourg","Vlaams Gewest","Région flamande","<5"
"2020-05-12","83012","Durbuy","Durbuy","Arrondissement Marche-en-Famenne","Arrondissement de Marche-en-Famenne","Provincie Luxemburg","Province du Luxembourg","Waals Gewest","Région wallonne","<5"
"2020-05-12","83013","Erezée","Erezée","Arrondissement Marche-en-Famenne","Arrondissement de Marche-en-Famenne","Provincie Luxemburg","Province du Luxembourg","Waals Gewest","Région wallonne","<5"
"2020-05-12","83034","Marche-en-Famenne","Marche-en-Famenne","Arrondissement Marche-en-Famenne","Arrondissement de Marche-en-Famenne","Provincie Luxemburg","Province du Luxembourg","Waals Gewest","Région wallonne","<5"
"2020-05-12","84043","Neufchâteau (Neufchâteau)","Neufchâteau (Neufchâteau)","Arrondissement Neufchâteau","Arrondissement de Neufchâteau","Provincie Luxemburg","Province du Luxembourg","Waals Gewest","Région wallonne","<5"
"2020-05-12","91005","Anhée","Anhée","Arrondissement Dinant","Arrondissement de Dinant","Provincie Namen","Province de Namur","Waals Gewest","Région wallonne","<5"
"2020-05-12","91013","Beauraing","Beauraing","Arrondissement Dinant","Arrondissement de Dinant","Provincie Namen","Province de Namur","Waals Gewest","Région wallonne","<5"
"2020-05-12","91141","Yvoir","Yvoir","Arrondissement Dinant","Arrondissement de Dinant","Provincie Namen","Province de Namur","Waals Gewest","Région wallonne","<5"
"2020-05-12","91142","Hastière","Hastière","Arrondissement Dinant","Arrondissement de Dinant","Provincie Namen","Province de Namur","Waals Gewest","Région wallonne","<5"
"2020-05-12","92003","Andenne","Andenne","Arrondissement Namen","Arrondissement de Namur","Provincie Namen","Province de Namur","Waals Gewest","Région wallonne","<5"
"2020-05-12","92054","Gesves","Gesves","Arrondissement Namen","Arrondissement de Namur","Provincie Namen","Province de Namur","Waals Gewest","Région wallonne","<5"
"2020-05-12","92094","Namen","Namur","Arrondissement Namen","Arrondissement de Namur","Provincie Namen","Province de Namur","Waals Gewest","Région wallonne","8"
"2020-05-12","92114","Sombreffe","Sombreffe","Arrondissement Namen","Arrondissement de Namur","Provincie Namen","Province de Namur","Waals Gewest","Région wallonne","<5"
"2020-05-12","92142","Gembloux","Gembloux","Arrondissement Namen","Arrondissement de Namur","Provincie Namen","Province de Namur","Waals Gewest","Région wallonne","<5"
"2020-05-12","93022","Florennes","Florennes","Arrondissement Philippeville","Arrondissement de Philippeville","Provincie Namen","Province de Namur","Waals Gewest","Région wallonne","<5"
"2020-05-12","93088","Walcourt","Walcourt","Arrondissement Philippeville","Arrondissement de Philippeville","Provincie Namen","Province de Namur","Waals Gewest","Région wallonne","<5"
"2020-05-12",NA,NA,NA,NA,NA,NA,NA,NA,NA,"<5"
"2020-05-13","11002","Antwerpen","Anvers","Arrondissement Antwerpen","Arrondissement d’Anvers","Provincie Antwerpen","Province d’Anvers","Vlaams Gewest","Région flamande","23"
"2020-05-13","11004","Boechout","Boechout","Arrondissement Antwerpen","Arrondissement d’Anvers","Provincie Antwerpen","Province d’Anvers","Vlaams Gewest","Région flamande","<5"
"2020-05-13","11005","Boom","Boom","Arrondissement Antwerpen","Arrondissement d’Anvers","Provincie Antwerpen","Province d’Anvers","Vlaams Gewest","Région flamande","<5"
"2020-05-13","11013","Edegem","Edegem","Arrondissement Antwerpen","Arrondissement d’Anvers","Provincie Antwerpen","Province d’Anvers","Vlaams Gewest","Région flamande","<5"
"2020-05-13","11018","Hemiksem","Hemiksem","Arrondissement Antwerpen","Arrondissement d’Anvers","Provincie Antwerpen","Province d’Anvers","Vlaams Gewest","Région flamande","<5"
"2020-05-13","11022","Kalmthout","Kalmthout","Arrondissement Antwerpen","Arrondissement d’Anvers","Provincie Antwerpen","Province d’Anvers","Vlaams Gewest","Région flamande","<5"
"2020-05-13","11023","Kapellen (Antwerpen)","Kapellen (Anvers)","Arrondissement Antwerpen","Arrondissement d’Anvers","Provincie Antwerpen","Province d’Anvers","Vlaams Gewest","Région flamande","<5"
"2020-05-13","11037","Rumst","Rumst","Arrondissement Antwerpen","Arrondissement d’Anvers","Provincie Antwerpen","Province d’Anvers","Vlaams Gewest","Région flamande","<5"
"2020-05-13","11039","Schilde","Schilde","Arrondissement Antwerpen","Arrondissement d’Anvers","Provincie Antwerpen","Province d’Anvers","Vlaams Gewest","Région flamande","<5"
"2020-05-13","11052","Wommelgem","Wommelgem","Arrondissement Antwerpen","Arrondissement d’Anvers","Provincie Antwerpen","Province d’Anvers","Vlaams Gewest","Région flamande","<5"
"2020-05-13","11053","Wuustwezel","Wuustwezel","Arrondissement Antwerpen","Arrondissement d’Anvers","Provincie Antwerpen","Province d’Anvers","Vlaams Gewest","Région flamande","<5"
"2020-05-13","11055","Zoersel","Zoersel","Arrondissement Antwerpen","Arrondissement d’Anvers","Provincie Antwerpen","Province d’Anvers","Vlaams Gewest","Région flamande","<5"
"2020-05-13","11057","Malle","Malle","Arrondissement Antwerpen","Arrondissement d’Anvers","Provincie Antwerpen","Province d’Anvers","Vlaams Gewest","Région flamande","<5"
"2020-05-13","12007","Bornem","Bornem","Arrondissement Mechelen","Arrondissement de Malines","Provincie Antwerpen","Province d’Anvers","Vlaams Gewest","Région flamande","<5"
"2020-05-13","12009","Duffel","Duffel","Arrondissement Mechelen","Arrondissement de Malines","Provincie Antwerpen","Province d’Anvers","Vlaams Gewest","Région flamande","<5"
"2020-05-13","12025","Mechelen","Malines","Arrondissement Mechelen","Arrondissement de Malines","Provincie Antwerpen","Province d’Anvers","Vlaams Gewest","Région flamande","<5"
"2020-05-13","12026","Nijlen","Nijlen","Arrondissement Mechelen","Arrondissement de Malines","Provincie Antwerpen","Province d’Anvers","Vlaams Gewest","Région flamande","<5"
"2020-05-13","12029","Putte","Putte","Arrondissement Mechelen","Arrondissement de Malines","Provincie Antwerpen","Province d’Anvers","Vlaams Gewest","Région flamande","<5"
"2020-05-13","12040","Willebroek","Willebroek","Arrondissement Mechelen","Arrondissement de Malines","Provincie Antwerpen","Province d’Anvers","Vlaams Gewest","Région flamande","<5"
"2020-05-13","12041","Puurs-Sint-Amands","Puurs-Sint-Amands","Arrondissement Mechelen","Arrondissement de Malines","Provincie Antwerpen","Province d’Anvers","Vlaams Gewest","Région flamande","<5"
"2020-05-13","13004","Beerse","Beerse","Arrondissement Turnhout","Arrondissement de Turnhout","Provincie Antwerpen","Province d’Anvers","Vlaams Gewest","Région flamande","<5"
"2020-05-13","13008","Geel","Geel","Arrondissement Turnhout","Arrondissement de Turnhout","Provincie Antwerpen","Province d’Anvers","Vlaams Gewest","Région flamande","<5"
"2020-05-13","13011","Herentals","Herentals","Arrondissement Turnhout","Arrondissement de Turnhout","Provincie Antwerpen","Province d’Anvers","Vlaams Gewest","Région flamande","<5"
"2020-05-13","13023","Merksplas","Merksplas","Arrondissement Turnhout","Arrondissement de Turnhout","Provincie Antwerpen","Province d’Anvers","Vlaams Gewest","Région flamande","<5"
"2020-05-13","13031","Oud-Turnhout","Oud-Turnhout","Arrondissement Turnhout","Arrondissement de Turnhout","Provincie Antwerpen","Province d’Anvers","Vlaams Gewest","Région flamande","<5"
"2020-05-13","13044","Vorselaar","Vorselaar","Arrondissement Turnhout","Arrondissement de Turnhout","Provincie Antwerpen","Province d’Anvers","Vlaams Gewest","Région flamande","<5"
"2020-05-13","21001","Anderlecht","Anderlecht","Arrondissement Brussel-Hoofdstad","Arrondissement de Bruxelles-Capitale",NA,NA,"Brussels Hoofdstedelijk Gewest","Région de Bruxelles-Capitale","7"
"2020-05-13","21002","Oudergem","Auderghem","Arrondissement Brussel-Hoofdstad","Arrondissement de Bruxelles-Capitale",NA,NA,"Brussels Hoofdstedelijk Gewest","Région de Bruxelles-Capitale","<5"
"2020-05-13","21004","Brussel","Bruxelles","Arrondissement Brussel-Hoofdstad","Arrondissement de Bruxelles-Capitale",NA,NA,"Brussels Hoofdstedelijk Gewest","Région de Bruxelles-Capitale","6"
"2020-05-13","21005","Etterbeek","Etterbeek","Arrondissement Brussel-Hoofdstad","Arrondissement de Bruxelles-Capitale",NA,NA,"Brussels Hoofdstedelijk Gewest","Région de Bruxelles-Capitale","<5"
"2020-05-13","21007","Vorst (Brussel-Hoofdstad)","Forest (Bruxelles-Capitale)","Arrondissement Brussel-Hoofdstad","Arrondissement de Bruxelles-Capitale",NA,NA,"Brussels Hoofdstedelijk Gewest","Région de Bruxelles-Capitale","<5"
"2020-05-13","21009","Elsene","Ixelles","Arrondissement Brussel-Hoofdstad","Arrondissement de Bruxelles-Capitale",NA,NA,"Brussels Hoofdstedelijk Gewest","Région de Bruxelles-Capitale","<5"
"2020-05-13","21010","Jette","Jette","Arrondissement Brussel-Hoofdstad","Arrondissement de Bruxelles-Capitale",NA,NA,"Brussels Hoofdstedelijk Gewest","Région de Bruxelles-Capitale","<5"
"2020-05-13","21012","Sint-Jans-Molenbeek","Molenbeek-Saint-Jean","Arrondissement Brussel-Hoofdstad","Arrondissement de Bruxelles-Capitale",NA,NA,"Brussels Hoofdstedelijk Gewest","Région de Bruxelles-Capitale","<5"
"2020-05-13","21013","Sint-Gillis","Saint-Gilles","Arrondissement Brussel-Hoofdstad","Arrondissement de Bruxelles-Capitale",NA,NA,"Brussels Hoofdstedelijk Gewest","Région de Bruxelles-Capitale","<5"
"2020-05-13","21015","Schaarbeek","Schaerbeek","Arrondissement Brussel-Hoofdstad","Arrondissement de Bruxelles-Capitale",NA,NA,"Brussels Hoofdstedelijk Gewest","Région de Bruxelles-Capitale","<5"
"2020-05-13","21017","Watermaal-Bosvoorde","Watermael-Boitsfort","Arrondissement Brussel-Hoofdstad","Arrondissement de Bruxelles-Capitale",NA,NA,"Brussels Hoofdstedelijk Gewest","Région de Bruxelles-Capitale","<5"
"2020-05-13","21018","Sint-Lambrechts-Woluwe","Woluwe-Saint-Lambert","Arrondissement Brussel-Hoofdstad","Arrondissement de Bruxelles-Capitale",NA,NA,"Brussels Hoofdstedelijk Gewest","Région de Bruxelles-Capitale","<5"
"2020-05-13","23016","Dilbeek","Dilbeek","Arrondissement Halle-Vilvoorde","Arrondissement de Hal-Vilvorde","Provincie Vlaams-Brabant","Province du Brabant flamand","Vlaams Gewest","Région flamande","<5"
"2020-05-13","23027","Halle (Halle-Vilvoorde)","Hal (Hal-Vilvorde)","Arrondissement Halle-Vilvoorde","Arrondissement de Hal-Vilvorde","Provincie Vlaams-Brabant","Province du Brabant flamand","Vlaams Gewest","Région flamande","<5"
"2020-05-13","23045","Londerzeel","Londerzeel","Arrondissement Halle-Vilvoorde","Arrondissement de Hal-Vilvorde","Provincie Vlaams-Brabant","Province du Brabant flamand","Vlaams Gewest","Région flamande","<5"
"2020-05-13","23062","Overijse","Overijse","Arrondissement Halle-Vilvoorde","Arrondissement de Hal-Vilvorde","Provincie Vlaams-Brabant","Province du Brabant flamand","Vlaams Gewest","Région flamande","<5"
"2020-05-13","23077","Sint-Pieters-Leeuw","Sint-Pieters-Leeuw","Arrondissement Halle-Vilvoorde","Arrondissement de Hal-Vilvorde","Provincie Vlaams-Brabant","Province du Brabant flamand","Vlaams Gewest","Région flamande","<5"
"2020-05-13","23101","Sint-Genesius-Rode","Rhode-Saint-Genèse","Arrondissement Halle-Vilvoorde","Arrondissement de Hal-Vilvorde","Provincie Vlaams-Brabant","Province du Brabant flamand","Vlaams Gewest","Région flamande","<5"
"2020-05-13","24001","Aarschot","Aarschot","Arrondissement Leuven","Arrondissement de Louvain","Provincie Vlaams-Brabant","Province du Brabant flamand","Vlaams Gewest","Région flamande","<5"
"2020-05-13","24016","Boutersem","Boutersem","Arrondissement Leuven","Arrondissement de Louvain","Provincie Vlaams-Brabant","Province du Brabant flamand","Vlaams Gewest","Région flamande","<5"
"2020-05-13","24028","Geetbets","Geetbets","Arrondissement Leuven","Arrondissement de Louvain","Provincie Vlaams-Brabant","Province du Brabant flamand","Vlaams Gewest","Région flamande","<5"
"2020-05-13","24038","Herent","Herent","Arrondissement Leuven","Arrondissement de Louvain","Provincie Vlaams-Brabant","Province du Brabant flamand","Vlaams Gewest","Région flamande","<5"
"2020-05-13","24062","Leuven","Louvain","Arrondissement Leuven","Arrondissement de Louvain","Provincie Vlaams-Brabant","Province du Brabant flamand","Vlaams Gewest","Région flamande","10"
"2020-05-13","24133","Linter","Linter","Arrondissement Leuven","Arrondissement de Louvain","Provincie Vlaams-Brabant","Province du Brabant flamand","Vlaams Gewest","Région flamande","<5"
"2020-05-13","25105","Tubeke","Tubize","Arrondissement Nijvel","Arrondissement de Nivelles","Provincie Waals-Brabant","Province du Brabant wallon","Waals Gewest","Région wallonne","<5"
"2020-05-13","25107","Villers-la-Ville","Villers-la-Ville","Arrondissement Nijvel","Arrondissement de Nivelles","Provincie Waals-Brabant","Province du Brabant wallon","Waals Gewest","Région wallonne","<5"
"2020-05-13","25119","Lasne","Lasne","Arrondissement Nijvel","Arrondissement de Nivelles","Provincie Waals-Brabant","Province du Brabant wallon","Waals Gewest","Région wallonne","<5"
"2020-05-13","25121","Ottignies-Louvain-la-Neuve","Ottignies-Louvain-la-Neuve","Arrondissement Nijvel","Arrondissement de Nivelles","Provincie Waals-Brabant","Province du Brabant wallon","Waals Gewest","Région wallonne","<5"
"2020-05-13","25123","Rebecq","Rebecq","Arrondissement Nijvel","Arrondissement de Nivelles","Provincie Waals-Brabant","Province du Brabant wallon","Waals Gewest","Région wallonne","<5"
"2020-05-13","25124","Walhain","Walhain","Arrondissement Nijvel","Arrondissement de Nivelles","Provincie Waals-Brabant","Province du Brabant wallon","Waals Gewest","Région wallonne","<5"
"2020-05-13","31005","Brugge","Bruges","Arrondissement Brugge","Arrondissement de Bruges","Provincie West-Vlaanderen","Province de Flandre occidentale","Vlaams Gewest","Région flamande","<5"
"2020-05-13","31033","Torhout","Torhout","Arrondissement Brugge","Arrondissement de Bruges","Provincie West-Vlaanderen","Province de Flandre occidentale","Vlaams Gewest","Région flamande","<5"
"2020-05-13","31043","Knokke-Heist","Knokke-Heist","Arrondissement Brugge","Arrondissement de Bruges","Provincie West-Vlaanderen","Province de Flandre occidentale","Vlaams Gewest","Région flamande","<5"
"2020-05-13","32003","Diksmuide","Dixmude","Arrondissement Diksmuide","Arrondissement de Dixmude","Provincie West-Vlaanderen","Province de Flandre occidentale","Vlaams Gewest","Région flamande","<5"
"2020-05-13","32010","Koekelare","Koekelare","Arrondissement Diksmuide","Arrondissement de Dixmude","Provincie West-Vlaanderen","Province de Flandre occidentale","Vlaams Gewest","Région flamande","<5"
"2020-05-13","32011","Kortemark","Kortemark","Arrondissement Diksmuide","Arrondissement de Dixmude","Provincie West-Vlaanderen","Province de Flandre occidentale","Vlaams Gewest","Région flamande","<5"
"2020-05-13","33011","Ieper","Ypres","Arrondissement Ieper","Arrondissement d’Ypres","Provincie West-Vlaanderen","Province de Flandre occidentale","Vlaams Gewest","Région flamande","<5"
"2020-05-13","33021","Poperinge","Poperinge","Arrondissement Ieper","Arrondissement d’Ypres","Provincie West-Vlaanderen","Province de Flandre occidentale","Vlaams Gewest","Région flamande","<5"
"2020-05-13","33029","Wervik","Wervik","Arrondissement Ieper","Arrondissement d’Ypres","Provincie West-Vlaanderen","Province de Flandre occidentale","Vlaams Gewest","Région flamande","<5"
"2020-05-13","34002","Anzegem","Anzegem","Arrondissement Kortrijk","Arrondissement de Courtrai","Provincie West-Vlaanderen","Province de Flandre occidentale","Vlaams Gewest","Région flamande","<5"
"2020-05-13","34003","Avelgem","Avelgem","Arrondissement Kortrijk","Arrondissement de Courtrai","Provincie West-Vlaanderen","Province de Flandre occidentale","Vlaams Gewest","Région flamande","<5"
"2020-05-13","34013","Harelbeke","Harelbeke","Arrondissement Kortrijk","Arrondissement de Courtrai","Provincie West-Vlaanderen","Province de Flandre occidentale","Vlaams Gewest","Région flamande","5"
"2020-05-13","34022","Kortrijk","Courtrai","Arrondissement Kortrijk","Arrondissement de Courtrai","Provincie West-Vlaanderen","Province de Flandre occidentale","Vlaams Gewest","Région flamande","<5"
"2020-05-13","34023","Kuurne","Kuurne","Arrondissement Kortrijk","Arrondissement de Courtrai","Provincie West-Vlaanderen","Province de Flandre occidentale","Vlaams Gewest","Région flamande","<5"
"2020-05-13","34025","Lendelede","Lendelede","Arrondissement Kortrijk","Arrondissement de Courtrai","Provincie West-Vlaanderen","Province de Flandre occidentale","Vlaams Gewest","Région flamande","<5"
"2020-05-13","34027","Menen","Menin","Arrondissement Kortrijk","Arrondissement de Courtrai","Provincie West-Vlaanderen","Province de Flandre occidentale","Vlaams Gewest","Région flamande","<5"
"2020-05-13","34040","Waregem","Waregem","Arrondissement Kortrijk","Arrondissement de Courtrai","Provincie West-Vlaanderen","Province de Flandre occidentale","Vlaams Gewest","Région flamande","<5"
"2020-05-13","34041","Wevelgem","Wevelgem","Arrondissement Kortrijk","Arrondissement de Courtrai","Provincie West-Vlaanderen","Province de Flandre occidentale","Vlaams Gewest","Région flamande","<5"
"2020-05-13","34042","Zwevegem","Zwevegem","Arrondissement Kortrijk","Arrondissement de Courtrai","Provincie West-Vlaanderen","Province de Flandre occidentale","Vlaams Gewest","Région flamande","<5"
"2020-05-13","35005","Gistel","Gistel","Arrondissement Oostende","Arrondissement d’Ostende","Provincie West-Vlaanderen","Province de Flandre occidentale","Vlaams Gewest","Région flamande","<5"
"2020-05-13","35011","Middelkerke","Middelkerke","Arrondissement Oostende","Arrondissement d’Ostende","Provincie West-Vlaanderen","Province de Flandre occidentale","Vlaams Gewest","Région flamande","<5"
"2020-05-13","35013","Oostende","Ostende","Arrondissement Oostende","Arrondissement d’Ostende","Provincie West-Vlaanderen","Province de Flandre occidentale","Vlaams Gewest","Région flamande","8"
"2020-05-13","36008","Izegem","Izegem","Arrondissement Roeselare","Arrondissement de Roulers","Provincie West-Vlaanderen","Province de Flandre occidentale","Vlaams Gewest","Région flamande","<5"
"2020-05-13","36011","Lichtervelde","Lichtervelde","Arrondissement Roeselare","Arrondissement de Roulers","Provincie West-Vlaanderen","Province de Flandre occidentale","Vlaams Gewest","Région flamande","<5"
"2020-05-13","36019","Staden","Staden","Arrondissement Roeselare","Arrondissement de Roulers","Provincie West-Vlaanderen","Province de Flandre occidentale","Vlaams Gewest","Région flamande","<5"
"2020-05-13","37015","Tielt (Tielt)","Tielt (Tielt)","Arrondissement Tielt","Arrondissement de Tielt","Provincie West-Vlaanderen","Province de Flandre occidentale","Vlaams Gewest","Région flamande","<5"
"2020-05-13","41002","Aalst (Aalst)","Alost (Alost)","Arrondissement Aalst","Arrondissement d’Alost","Provincie Oost-Vlaanderen","Province de Flandre orientale","Vlaams Gewest","Région flamande","<5"
"2020-05-13","41018","Geraardsbergen","Grammont","Arrondissement Aalst","Arrondissement d’Alost","Provincie Oost-Vlaanderen","Province de Flandre orientale","Vlaams Gewest","Région flamande","<5"
"2020-05-13","41024","Haaltert","Haaltert","Arrondissement Aalst","Arrondissement d’Alost","Provincie Oost-Vlaanderen","Province de Flandre orientale","Vlaams Gewest","Région flamande","<5"
"2020-05-13","42011","Lebbeke","Lebbeke","Arrondissement Dendermonde","Arrondissement de Termonde","Provincie Oost-Vlaanderen","Province de Flandre orientale","Vlaams Gewest","Région flamande","<5"
"2020-05-13","42028","Zele","Zele","Arrondissement Dendermonde","Arrondissement de Termonde","Provincie Oost-Vlaanderen","Province de Flandre orientale","Vlaams Gewest","Région flamande","<5"
"2020-05-13","44021","Gent","Gand","Arrondissement Gent","Arrondissement de Gand","Provincie Oost-Vlaanderen","Province de Flandre orientale","Vlaams Gewest","Région flamande","<5"
"2020-05-13","44081","Zulte","Zulte","Arrondissement Gent","Arrondissement de Gand","Provincie Oost-Vlaanderen","Province de Flandre orientale","Vlaams Gewest","Région flamande","<5"
"2020-05-13","45041","Ronse","Renaix","Arrondissement Oudenaarde","Arrondissement d’Audenarde","Provincie Oost-Vlaanderen","Province de Flandre orientale","Vlaams Gewest","Région flamande","<5"
"2020-05-13","45064","Maarkedal","Maarkedal","Arrondissement Oudenaarde","Arrondissement d’Audenarde","Provincie Oost-Vlaanderen","Province de Flandre orientale","Vlaams Gewest","Région flamande","<5"
"2020-05-13","46014","Lokeren","Lokeren","Arrondissement Sint-Niklaas","Arrondissement de Saint-Nicolas","Provincie Oost-Vlaanderen","Province de Flandre orientale","Vlaams Gewest","Région flamande","<5"
"2020-05-13","46020","Sint-Gillis-Waas","Sint-Gillis-Waas","Arrondissement Sint-Niklaas","Arrondissement de Saint-Nicolas","Provincie Oost-Vlaanderen","Province de Flandre orientale","Vlaams Gewest","Région flamande","<5"
"2020-05-13","46021","Sint-Niklaas (Sint-Niklaas)","Saint-Nicolas (Saint-Nicolas)","Arrondissement Sint-Niklaas","Arrondissement de Saint-Nicolas","Provincie Oost-Vlaanderen","Province de Flandre orientale","Vlaams Gewest","Région flamande","<5"
"2020-05-13","51004","Aat","Ath","Arrondissement Aat","Arrondissement d’Ath","Provincie Henegouwen","Province du Hainaut","Waals Gewest","Région wallonne","<5"
"2020-05-13","52011","Charleroi","Charleroi","Arrondissement Charleroi","Arrondissement de Charleroi","Provincie Henegouwen","Province du Hainaut","Waals Gewest","Région wallonne","<5"
"2020-05-13","52018","Farciennes","Farciennes","Arrondissement Charleroi","Arrondissement de Charleroi","Provincie Henegouwen","Province du Hainaut","Waals Gewest","Région wallonne","<5"
"2020-05-13","53020","Dour","Dour","Arrondissement Bergen","Arrondissement de Mons","Provincie Henegouwen","Province du Hainaut","Waals Gewest","Région wallonne","<5"
"2020-05-13","53039","Hensies","Hensies","Arrondissement Bergen","Arrondissement de Mons","Provincie Henegouwen","Province du Hainaut","Waals Gewest","Région wallonne","<5"
"2020-05-13","53065","Quaregnon","Quaregnon","Arrondissement Bergen","Arrondissement de Mons","Provincie Henegouwen","Province du Hainaut","Waals Gewest","Région wallonne","<5"
"2020-05-13","55035","Le Roeulx","Le Roeulx","Arrondissement Zinnik","Arrondissement de Soignies","Provincie Henegouwen","Province du Hainaut","Waals Gewest","Région wallonne","<5"
"2020-05-13","55040","Zinnik","Soignies","Arrondissement Zinnik","Arrondissement de Soignies","Provincie Henegouwen","Province du Hainaut","Waals Gewest","Région wallonne","<5"
"2020-05-13","56022","Erquelinnes","Erquelinnes","Arrondissement Thuin","Arrondissement de Thuin","Provincie Henegouwen","Province du Hainaut","Waals Gewest","Région wallonne","<5"
"2020-05-13","56078","Thuin","Thuin","Arrondissement Thuin","Arrondissement de Thuin","Provincie Henegouwen","Province du Hainaut","Waals Gewest","Région wallonne","<5"
"2020-05-13","57081","Doornik","Tournai","Arrondissement Doornik-Moeskroen","Arrondissement de Tournai-Mouscron","Provincie Henegouwen","Province du Hainaut","Waals Gewest","Région wallonne","<5"
"2020-05-13","57095","Mont-de-l’Enclus","Mont-de-l’Enclus","Arrondissement Doornik-Moeskroen","Arrondissement de Tournai-Mouscron","Provincie Henegouwen","Province du Hainaut","Waals Gewest","Région wallonne","<5"
"2020-05-13","57096","Moeskroen","Mouscron","Arrondissement Doornik-Moeskroen","Arrondissement de Tournai-Mouscron","Provincie Henegouwen","Province du Hainaut","Waals Gewest","Région wallonne","5"
"2020-05-13","58001","La Louvière","La Louvière","Arrondissement La Louvière","Arrondissement de La Louvière","Provincie Henegouwen","Province du Hainaut","Waals Gewest","Région wallonne","<5"
"2020-05-13","58002","Binche","Binche","Arrondissement La Louvière","Arrondissement de La Louvière","Provincie Henegouwen","Province du Hainaut","Waals Gewest","Région wallonne","<5"
"2020-05-13","62022","Chaudfontaine","Chaudfontaine","Arrondissement Luik","Arrondissement de Liège","Provincie Luik","Province de Liège","Waals Gewest","Région wallonne","<5"
"2020-05-13","62038","Fléron","Fléron","Arrondissement Luik","Arrondissement de Liège","Provincie Luik","Province de Liège","Waals Gewest","Région wallonne","<5"
"2020-05-13","62051","Herstal","Herstal","Arrondissement Luik","Arrondissement de Liège","Provincie Luik","Province de Liège","Waals Gewest","Région wallonne","<5"
"2020-05-13","62063","Luik","Liège","Arrondissement Luik","Arrondissement de Liège","Provincie Luik","Province de Liège","Waals Gewest","Région wallonne","<5"
"2020-05-13","63012","Büllingen","Bullange","Arrondissement Verviers","Arrondissement de Verviers","Provincie Luik","Province de Liège","Waals Gewest","Région wallonne","<5"
"2020-05-13","63020","Dison","Dison","Arrondissement Verviers","Arrondissement de Verviers","Provincie Luik","Province de Liège","Waals Gewest","Région wallonne","<5"
"2020-05-13","63023","Eupen","Eupen","Arrondissement Verviers","Arrondissement de Verviers","Provincie Luik","Province de Liège","Waals Gewest","Région wallonne","<5"
"2020-05-13","63067","Sankt Vith","Saint-Vith","Arrondissement Verviers","Arrondissement de Verviers","Provincie Luik","Province de Liège","Waals Gewest","Région wallonne","<5"
"2020-05-13","63076","Theux","Theux","Arrondissement Verviers","Arrondissement de Verviers","Provincie Luik","Province de Liège","Waals Gewest","Région wallonne","<5"
"2020-05-13","63079","Verviers","Verviers","Arrondissement Verviers","Arrondissement de Verviers","Provincie Luik","Province de Liège","Waals Gewest","Région wallonne","<5"
"2020-05-13","63084","Welkenraedt","Welkenraedt","Arrondissement Verviers","Arrondissement de Verviers","Provincie Luik","Province de Liège","Waals Gewest","Région wallonne","<5"
"2020-05-13","64034","Hannuit","Hannut","Arrondissement Borgworm","Arrondissement de Waremme","Provincie Luik","Province de Liège","Waals Gewest","Région wallonne","<5"
"2020-05-13","64074","Borgworm","Waremme","Arrondissement Borgworm","Arrondissement de Waremme","Provincie Luik","Province de Liège","Waals Gewest","Région wallonne","<5"
"2020-05-13","71004","Beringen","Beringen","Arrondissement Hasselt","Arrondissement de Hasselt","Provincie Limburg","Province du Limbourg","Vlaams Gewest","Région flamande","<5"
"2020-05-13","71011","Diepenbeek","Diepenbeek","Arrondissement Hasselt","Arrondissement de Hasselt","Provincie Limburg","Province du Limbourg","Vlaams Gewest","Région flamande","<5"
"2020-05-13","71016","Genk","Genk","Arrondissement Hasselt","Arrondissement de Hasselt","Provincie Limburg","Province du Limbourg","Vlaams Gewest","Région flamande","<5"
"2020-05-13","71022","Hasselt","Hasselt","Arrondissement Hasselt","Arrondissement de Hasselt","Provincie Limburg","Province du Limbourg","Vlaams Gewest","Région flamande","<5"
"2020-05-13","71045","Nieuwerkerken (Hasselt)","Nieuwerkerken (Hasselt)","Arrondissement Hasselt","Arrondissement de Hasselt","Provincie Limburg","Province du Limbourg","Vlaams Gewest","Région flamande","<5"
"2020-05-13","71053","Sint-Truiden","Saint-Trond","Arrondissement Hasselt","Arrondissement de Hasselt","Provincie Limburg","Province du Limbourg","Vlaams Gewest","Région flamande","<5"
"2020-05-13","71070","Heusden-Zolder","Heusden-Zolder","Arrondissement Hasselt","Arrondissement de Hasselt","Provincie Limburg","Province du Limbourg","Vlaams Gewest","Région flamande","<5"
"2020-05-13","72004","Bree","Bree","Arrondissement Maaseik","Arrondissement de Maaseik","Provincie Limburg","Province du Limbourg","Vlaams Gewest","Région flamande","<5"
"2020-05-13","72020","Lommel","Lommel","Arrondissement Maaseik","Arrondissement de Maaseik","Provincie Limburg","Province du Limbourg","Vlaams Gewest","Région flamande","<5"
"2020-05-13","72037","Hamont-Achel","Hamont-Achel","Arrondissement Maaseik","Arrondissement de Maaseik","Provincie Limburg","Province du Limbourg","Vlaams Gewest","Région flamande","<5"
"2020-05-13","72039","Houthalen-Helchteren","Houthalen-Helchteren","Arrondissement Maaseik","Arrondissement de Maaseik","Provincie Limburg","Province du Limbourg","Vlaams Gewest","Région flamande","<5"
"2020-05-13","72042","Oudsbergen","Oudsbergen","Arrondissement Maaseik","Arrondissement de Maaseik","Provincie Limburg","Province du Limbourg","Vlaams Gewest","Région flamande","<5"
"2020-05-13","72043","Pelt","Pelt","Arrondissement Maaseik","Arrondissement de Maaseik","Provincie Limburg","Province du Limbourg","Vlaams Gewest","Région flamande","<5"
"2020-05-13","73001","Alken","Alken","Arrondissement Tongeren","Arrondissement de Tongres","Provincie Limburg","Province du Limbourg","Vlaams Gewest","Région flamande","<5"
"2020-05-13","73040","Kortessem","Kortessem","Arrondissement Tongeren","Arrondissement de Tongres","Provincie Limburg","Province du Limbourg","Vlaams Gewest","Région flamande","<5"
"2020-05-13","73066","Riemst","Riemst","Arrondissement Tongeren","Arrondissement de Tongres","Provincie Limburg","Province du Limbourg","Vlaams Gewest","Région flamande","<5"
"2020-05-13","73083","Tongeren","Tongres","Arrondissement Tongeren","Arrondissement de Tongres","Provincie Limburg","Province du Limbourg","Vlaams Gewest","Région flamande","<5"
"2020-05-13","73107","Maasmechelen","Maasmechelen","Arrondissement Tongeren","Arrondissement de Tongres","Provincie Limburg","Province du Limbourg","Vlaams Gewest","Région flamande","<5"
"2020-05-13","84043","Neufchâteau (Neufchâteau)","Neufchâteau (Neufchâteau)","Arrondissement Neufchâteau","Arrondissement de Neufchâteau","Provincie Luxemburg","Province du Luxembourg","Waals Gewest","Région wallonne","<5"
"2020-05-13","85046","Habay","Habay","Arrondissement Virton","Arrondissement de Virton","Provincie Luxemburg","Province du Luxembourg","Waals Gewest","Région wallonne","<5"
"2020-05-13","91005","Anhée","Anhée","Arrondissement Dinant","Arrondissement de Dinant","Provincie Namen","Province de Namur","Waals Gewest","Région wallonne","<5"
"2020-05-13","91013","Beauraing","Beauraing","Arrondissement Dinant","Arrondissement de Dinant","Provincie Namen","Province de Namur","Waals Gewest","Région wallonne","<5"
"2020-05-13","91015","Bièvre","Bièvre","Arrondissement Dinant","Arrondissement de Dinant","Provincie Namen","Province de Namur","Waals Gewest","Région wallonne","<5"
"2020-05-13","92094","Namen","Namur","Arrondissement Namen","Arrondissement de Namur","Provincie Namen","Province de Namur","Waals Gewest","Région wallonne","10"
"2020-05-13","92137","Sambreville","Sambreville","Arrondissement Namen","Arrondissement de Namur","Provincie Namen","Province de Namur","Waals Gewest","Région wallonne","<5"
"2020-05-13","92141","La Bruyère","La Bruyère","Arrondissement Namen","Arrondissement de Namur","Provincie Namen","Province de Namur","Waals Gewest","Région wallonne","<5"
"2020-05-13",NA,NA,NA,NA,NA,NA,NA,NA,NA,"6"
"2020-05-14","11002","Antwerpen","Anvers","Arrondissement Antwerpen","Arrondissement d’Anvers","Provincie Antwerpen","Province d’Anvers","Vlaams Gewest","Région flamande","15"
"2020-05-14","11004","Boechout","Boechout","Arrondissement Antwerpen","Arrondissement d’Anvers","Provincie Antwerpen","Province d’Anvers","Vlaams Gewest","Région flamande","<5"
"2020-05-14","11005","Boom","Boom","Arrondissement Antwerpen","Arrondissement d’Anvers","Provincie Antwerpen","Province d’Anvers","Vlaams Gewest","Région flamande","<5"
"2020-05-14","11008","Brasschaat","Brasschaat","Arrondissement Antwerpen","Arrondissement d’Anvers","Provincie Antwerpen","Province d’Anvers","Vlaams Gewest","Région flamande","<5"
"2020-05-14","11009","Brecht","Brecht","Arrondissement Antwerpen","Arrondissement d’Anvers","Provincie Antwerpen","Province d’Anvers","Vlaams Gewest","Région flamande","<5"
"2020-05-14","11013","Edegem","Edegem","Arrondissement Antwerpen","Arrondissement d’Anvers","Provincie Antwerpen","Province d’Anvers","Vlaams Gewest","Région flamande","<5"
"2020-05-14","11016","Essen","Essen","Arrondissement Antwerpen","Arrondissement d’Anvers","Provincie Antwerpen","Province d’Anvers","Vlaams Gewest","Région flamande","<5"
"2020-05-14","11022","Kalmthout","Kalmthout","Arrondissement Antwerpen","Arrondissement d’Anvers","Provincie Antwerpen","Province d’Anvers","Vlaams Gewest","Région flamande","<5"
"2020-05-14","11023","Kapellen (Antwerpen)","Kapellen (Anvers)","Arrondissement Antwerpen","Arrondissement d’Anvers","Provincie Antwerpen","Province d’Anvers","Vlaams Gewest","Région flamande","<5"
"2020-05-14","11024","Kontich","Kontich","Arrondissement Antwerpen","Arrondissement d’Anvers","Provincie Antwerpen","Province d’Anvers","Vlaams Gewest","Région flamande","<5"
"2020-05-14","11039","Schilde","Schilde","Arrondissement Antwerpen","Arrondissement d’Anvers","Provincie Antwerpen","Province d’Anvers","Vlaams Gewest","Région flamande","<5"
"2020-05-14","11050","Wijnegem","Wijnegem","Arrondissement Antwerpen","Arrondissement d’Anvers","Provincie Antwerpen","Province d’Anvers","Vlaams Gewest","Région flamande","<5"
"2020-05-14","11057","Malle","Malle","Arrondissement Antwerpen","Arrondissement d’Anvers","Provincie Antwerpen","Province d’Anvers","Vlaams Gewest","Région flamande","<5"
"2020-05-14","12009","Duffel","Duffel","Arrondissement Mechelen","Arrondissement de Malines","Provincie Antwerpen","Province d’Anvers","Vlaams Gewest","Région flamande","<5"
"2020-05-14","12025","Mechelen","Malines","Arrondissement Mechelen","Arrondissement de Malines","Provincie Antwerpen","Province d’Anvers","Vlaams Gewest","Région flamande","<5"
"2020-05-14","12029","Putte","Putte","Arrondissement Mechelen","Arrondissement de Malines","Provincie Antwerpen","Province d’Anvers","Vlaams Gewest","Région flamande","<5"
"2020-05-14","13003","Balen","Balen","Arrondissement Turnhout","Arrondissement de Turnhout","Provincie Antwerpen","Province d’Anvers","Vlaams Gewest","Région flamande","<5"
"2020-05-14","13004","Beerse","Beerse","Arrondissement Turnhout","Arrondissement de Turnhout","Provincie Antwerpen","Province d’Anvers","Vlaams Gewest","Région flamande","<5"
"2020-05-14","13014","Hoogstraten","Hoogstraten","Arrondissement Turnhout","Arrondissement de Turnhout","Provincie Antwerpen","Province d’Anvers","Vlaams Gewest","Région flamande","<5"
"2020-05-14","13019","Lille","Lille","Arrondissement Turnhout","Arrondissement de Turnhout","Provincie Antwerpen","Province d’Anvers","Vlaams Gewest","Région flamande","<5"
"2020-05-14","13023","Merksplas","Merksplas","Arrondissement Turnhout","Arrondissement de Turnhout","Provincie Antwerpen","Province d’Anvers","Vlaams Gewest","Région flamande","<5"
"2020-05-14","13025","Mol","Mol","Arrondissement Turnhout","Arrondissement de Turnhout","Provincie Antwerpen","Province d’Anvers","Vlaams Gewest","Région flamande","<5"
"2020-05-14","13035","Ravels","Ravels","Arrondissement Turnhout","Arrondissement de Turnhout","Provincie Antwerpen","Province d’Anvers","Vlaams Gewest","Région flamande","<5"
"2020-05-14","13049","Westerlo","Westerlo","Arrondissement Turnhout","Arrondissement de Turnhout","Provincie Antwerpen","Province d’Anvers","Vlaams Gewest","Région flamande","<5"
"2020-05-14","21001","Anderlecht","Anderlecht","Arrondissement Brussel-Hoofdstad","Arrondissement de Bruxelles-Capitale",NA,NA,"Brussels Hoofdstedelijk Gewest","Région de Bruxelles-Capitale","<5"
"2020-05-14","21004","Brussel","Bruxelles","Arrondissement Brussel-Hoofdstad","Arrondissement de Bruxelles-Capitale",NA,NA,"Brussels Hoofdstedelijk Gewest","Région de Bruxelles-Capitale","<5"
"2020-05-14","21006","Evere","Evere","Arrondissement Brussel-Hoofdstad","Arrondissement de Bruxelles-Capitale",NA,NA,"Brussels Hoofdstedelijk Gewest","Région de Bruxelles-Capitale","<5"
"2020-05-14","21009","Elsene","Ixelles","Arrondissement Brussel-Hoofdstad","Arrondissement de Bruxelles-Capitale",NA,NA,"Brussels Hoofdstedelijk Gewest","Région de Bruxelles-Capitale","6"
"2020-05-14","21010","Jette","Jette","Arrondissement Brussel-Hoofdstad","Arrondissement de Bruxelles-Capitale",NA,NA,"Brussels Hoofdstedelijk Gewest","Région de Bruxelles-Capitale","<5"
"2020-05-14","21012","Sint-Jans-Molenbeek","Molenbeek-Saint-Jean","Arrondissement Brussel-Hoofdstad","Arrondissement de Bruxelles-Capitale",NA,NA,"Brussels Hoofdstedelijk Gewest","Région de Bruxelles-Capitale","<5"
"2020-05-14","21013","Sint-Gillis","Saint-Gilles","Arrondissement Brussel-Hoofdstad","Arrondissement de Bruxelles-Capitale",NA,NA,"Brussels Hoofdstedelijk Gewest","Région de Bruxelles-Capitale","6"
"2020-05-14","21014","Sint-Joost-ten-Node","Saint-Josse-ten-Noode","Arrondissement Brussel-Hoofdstad","Arrondissement de Bruxelles-Capitale",NA,NA,"Brussels Hoofdstedelijk Gewest","Région de Bruxelles-Capitale","<5"
"2020-05-14","21015","Schaarbeek","Schaerbeek","Arrondissement Brussel-Hoofdstad","Arrondissement de Bruxelles-Capitale",NA,NA,"Brussels Hoofdstedelijk Gewest","Région de Bruxelles-Capitale","8"
"2020-05-14","21016","Ukkel","Uccle","Arrondissement Brussel-Hoofdstad","Arrondissement de Bruxelles-Capitale",NA,NA,"Brussels Hoofdstedelijk Gewest","Région de Bruxelles-Capitale","<5"
"2020-05-14","21017","Watermaal-Bosvoorde","Watermael-Boitsfort","Arrondissement Brussel-Hoofdstad","Arrondissement de Bruxelles-Capitale",NA,NA,"Brussels Hoofdstedelijk Gewest","Région de Bruxelles-Capitale","<5"
"2020-05-14","21018","Sint-Lambrechts-Woluwe","Woluwe-Saint-Lambert","Arrondissement Brussel-Hoofdstad","Arrondissement de Bruxelles-Capitale",NA,NA,"Brussels Hoofdstedelijk Gewest","Région de Bruxelles-Capitale","<5"
"2020-05-14","23003","Beersel","Beersel","Arrondissement Halle-Vilvoorde","Arrondissement de Hal-Vilvorde","Provincie Vlaams-Brabant","Province du Brabant flamand","Vlaams Gewest","Région flamande","<5"
"2020-05-14","23016","Dilbeek","Dilbeek","Arrondissement Halle-Vilvoorde","Arrondissement de Hal-Vilvorde","Provincie Vlaams-Brabant","Province du Brabant flamand","Vlaams Gewest","Région flamande","<5"
"2020-05-14","23045","Londerzeel","Londerzeel","Arrondissement Halle-Vilvoorde","Arrondissement de Hal-Vilvorde","Provincie Vlaams-Brabant","Province du Brabant flamand","Vlaams Gewest","Région flamande","<5"
"2020-05-14","23047","Machelen (Halle-Vilvoorde)","Machelen (Hal-Vilvorde)","Arrondissement Halle-Vilvoorde","Arrondissement de Hal-Vilvorde","Provincie Vlaams-Brabant","Province du Brabant flamand","Vlaams Gewest","Région flamande","<5"
"2020-05-14","23052","Merchtem","Merchtem","Arrondissement Halle-Vilvoorde","Arrondissement de Hal-Vilvorde","Provincie Vlaams-Brabant","Province du Brabant flamand","Vlaams Gewest","Région flamande","<5"
"2020-05-14","23060","Opwijk","Opwijk","Arrondissement Halle-Vilvoorde","Arrondissement de Hal-Vilvorde","Provincie Vlaams-Brabant","Province du Brabant flamand","Vlaams Gewest","Région flamande","<5"
"2020-05-14","23102","Wemmel","Wemmel","Arrondissement Halle-Vilvoorde","Arrondissement de Hal-Vilvorde","Provincie Vlaams-Brabant","Province du Brabant flamand","Vlaams Gewest","Région flamande","<5"
"2020-05-14","24020","Diest","Diest","Arrondissement Leuven","Arrondissement de Louvain","Provincie Vlaams-Brabant","Province du Brabant flamand","Vlaams Gewest","Région flamande","<5"
"2020-05-14","24043","Holsbeek","Holsbeek","Arrondissement Leuven","Arrondissement de Louvain","Provincie Vlaams-Brabant","Province du Brabant flamand","Vlaams Gewest","Région flamande","<5"
"2020-05-14","24055","Kortenberg","Kortenberg","Arrondissement Leuven","Arrondissement de Louvain","Provincie Vlaams-Brabant","Province du Brabant flamand","Vlaams Gewest","Région flamande","<5"
"2020-05-14","24062","Leuven","Louvain","Arrondissement Leuven","Arrondissement de Louvain","Provincie Vlaams-Brabant","Province du Brabant flamand","Vlaams Gewest","Région flamande","<5"
"2020-05-14","24066","Lubbeek","Lubbeek","Arrondissement Leuven","Arrondissement de Louvain","Provincie Vlaams-Brabant","Province du Brabant flamand","Vlaams Gewest","Région flamande","<5"
"2020-05-14","24104","Tervuren","Tervuren","Arrondissement Leuven","Arrondissement de Louvain","Provincie Vlaams-Brabant","Province du Brabant flamand","Vlaams Gewest","Région flamande","<5"
"2020-05-14","25091","Rixensart","Rixensart","Arrondissement Nijvel","Arrondissement de Nivelles","Provincie Waals-Brabant","Province du Brabant wallon","Waals Gewest","Région wallonne","<5"
"2020-05-14","31005","Brugge","Bruges","Arrondissement Brugge","Arrondissement de Bruges","Provincie West-Vlaanderen","Province de Flandre occidentale","Vlaams Gewest","Région flamande","6"
"2020-05-14","31012","Jabbeke","Jabbeke","Arrondissement Brugge","Arrondissement de Bruges","Provincie West-Vlaanderen","Province de Flandre occidentale","Vlaams Gewest","Région flamande","<5"
"2020-05-14","31033","Torhout","Torhout","Arrondissement Brugge","Arrondissement de Bruges","Provincie West-Vlaanderen","Province de Flandre occidentale","Vlaams Gewest","Région flamande","<5"
"2020-05-14","31040","Zedelgem","Zedelgem","Arrondissement Brugge","Arrondissement de Bruges","Provincie West-Vlaanderen","Province de Flandre occidentale","Vlaams Gewest","Région flamande","<5"
"2020-05-14","32003","Diksmuide","Dixmude","Arrondissement Diksmuide","Arrondissement de Dixmude","Provincie West-Vlaanderen","Province de Flandre occidentale","Vlaams Gewest","Région flamande","<5"
"2020-05-14","32011","Kortemark","Kortemark","Arrondissement Diksmuide","Arrondissement de Dixmude","Provincie West-Vlaanderen","Province de Flandre occidentale","Vlaams Gewest","Région flamande","<5"
"2020-05-14","33011","Ieper","Ypres","Arrondissement Ieper","Arrondissement d’Ypres","Provincie West-Vlaanderen","Province de Flandre occidentale","Vlaams Gewest","Région flamande","<5"
"2020-05-14","33021","Poperinge","Poperinge","Arrondissement Ieper","Arrondissement d’Ypres","Provincie West-Vlaanderen","Province de Flandre occidentale","Vlaams Gewest","Région flamande","<5"
"2020-05-14","33029","Wervik","Wervik","Arrondissement Ieper","Arrondissement d’Ypres","Provincie West-Vlaanderen","Province de Flandre occidentale","Vlaams Gewest","Région flamande","5"
"2020-05-14","34009","Deerlijk","Deerlijk","Arrondissement Kortrijk","Arrondissement de Courtrai","Provincie West-Vlaanderen","Province de Flandre occidentale","Vlaams Gewest","Région flamande","<5"
"2020-05-14","34013","Harelbeke","Harelbeke","Arrondissement Kortrijk","Arrondissement de Courtrai","Provincie West-Vlaanderen","Province de Flandre occidentale","Vlaams Gewest","Région flamande","<5"
"2020-05-14","34022","Kortrijk","Courtrai","Arrondissement Kortrijk","Arrondissement de Courtrai","Provincie West-Vlaanderen","Province de Flandre occidentale","Vlaams Gewest","Région flamande","6"
"2020-05-14","34023","Kuurne","Kuurne","Arrondissement Kortrijk","Arrondissement de Courtrai","Provincie West-Vlaanderen","Province de Flandre occidentale","Vlaams Gewest","Région flamande","<5"
"2020-05-14","34027","Menen","Menin","Arrondissement Kortrijk","Arrondissement de Courtrai","Provincie West-Vlaanderen","Province de Flandre occidentale","Vlaams Gewest","Région flamande","<5"
"2020-05-14","34040","Waregem","Waregem","Arrondissement Kortrijk","Arrondissement de Courtrai","Provincie West-Vlaanderen","Province de Flandre occidentale","Vlaams Gewest","Région flamande","<5"
"2020-05-14","35006","Ichtegem","Ichtegem","Arrondissement Oostende","Arrondissement d’Ostende","Provincie West-Vlaanderen","Province de Flandre occidentale","Vlaams Gewest","Région flamande","<5"
"2020-05-14","35013","Oostende","Ostende","Arrondissement Oostende","Arrondissement d’Ostende","Provincie West-Vlaanderen","Province de Flandre occidentale","Vlaams Gewest","Région flamande","7"
"2020-05-14","36011","Lichtervelde","Lichtervelde","Arrondissement Roeselare","Arrondissement de Roulers","Provincie West-Vlaanderen","Province de Flandre occidentale","Vlaams Gewest","Région flamande","<5"
"2020-05-14","36015","Roeselare","Roulers","Arrondissement Roeselare","Arrondissement de Roulers","Provincie West-Vlaanderen","Province de Flandre occidentale","Vlaams Gewest","Région flamande","<5"
"2020-05-14","38008","De Panne","La Panne","Arrondissement Veurne","Arrondissement de Furnes","Provincie West-Vlaanderen","Province de Flandre occidentale","Vlaams Gewest","Région flamande","<5"
"2020-05-14","38016","Nieuwpoort","Nieuport","Arrondissement Veurne","Arrondissement de Furnes","Provincie West-Vlaanderen","Province de Flandre occidentale","Vlaams Gewest","Région flamande","<5"
"2020-05-14","41027","Herzele","Herzele","Arrondissement Aalst","Arrondissement d’Alost","Provincie Oost-Vlaanderen","Province de Flandre orientale","Vlaams Gewest","Région flamande","<5"
"2020-05-14","41034","Lede","Lede","Arrondissement Aalst","Arrondissement d’Alost","Provincie Oost-Vlaanderen","Province de Flandre orientale","Vlaams Gewest","Région flamande","<5"
"2020-05-14","41048","Ninove","Ninove","Arrondissement Aalst","Arrondissement d’Alost","Provincie Oost-Vlaanderen","Province de Flandre orientale","Vlaams Gewest","Région flamande","<5"
"2020-05-14","42008","Hamme (Dendermonde)","Hamme (Termonde)","Arrondissement Dendermonde","Arrondissement de Termonde","Provincie Oost-Vlaanderen","Province de Flandre orientale","Vlaams Gewest","Région flamande","<5"
"2020-05-14","42028","Zele","Zele","Arrondissement Dendermonde","Arrondissement de Termonde","Provincie Oost-Vlaanderen","Province de Flandre orientale","Vlaams Gewest","Région flamande","<5"
"2020-05-14","43014","Sint-Laureins","Sint-Laureins","Arrondissement Eeklo","Arrondissement d’Eeklo","Provincie Oost-Vlaanderen","Province de Flandre orientale","Vlaams Gewest","Région flamande","<5"
"2020-05-14","44021","Gent","Gand","Arrondissement Gent","Arrondissement de Gand","Provincie Oost-Vlaanderen","Province de Flandre orientale","Vlaams Gewest","Région flamande","<5"
"2020-05-14","45035","Oudenaarde","Audenarde","Arrondissement Oudenaarde","Arrondissement d’Audenarde","Provincie Oost-Vlaanderen","Province de Flandre orientale","Vlaams Gewest","Région flamande","<5"
"2020-05-14","46003","Beveren (Sint-Niklaas)","Beveren (Saint-Nicolas)","Arrondissement Sint-Niklaas","Arrondissement de Saint-Nicolas","Provincie Oost-Vlaanderen","Province de Flandre orientale","Vlaams Gewest","Région flamande","<5"
"2020-05-14","46020","Sint-Gillis-Waas","Sint-Gillis-Waas","Arrondissement Sint-Niklaas","Arrondissement de Saint-Nicolas","Provincie Oost-Vlaanderen","Province de Flandre orientale","Vlaams Gewest","Région flamande","<5"
"2020-05-14","46021","Sint-Niklaas (Sint-Niklaas)","Saint-Nicolas (Saint-Nicolas)","Arrondissement Sint-Niklaas","Arrondissement de Saint-Nicolas","Provincie Oost-Vlaanderen","Province de Flandre orientale","Vlaams Gewest","Région flamande","<5"
"2020-05-14","46025","Temse","Tamise","Arrondissement Sint-Niklaas","Arrondissement de Saint-Nicolas","Provincie Oost-Vlaanderen","Province de Flandre orientale","Vlaams Gewest","Région flamande","<5"
"2020-05-14","52011","Charleroi","Charleroi","Arrondissement Charleroi","Arrondissement de Charleroi","Provincie Henegouwen","Province du Hainaut","Waals Gewest","Région wallonne","<5"
"2020-05-14","52012","Châtelet","Châtelet","Arrondissement Charleroi","Arrondissement de Charleroi","Provincie Henegouwen","Province du Hainaut","Waals Gewest","Région wallonne","<5"
"2020-05-14","53028","Frameries","Frameries","Arrondissement Bergen","Arrondissement de Mons","Provincie Henegouwen","Province du Hainaut","Waals Gewest","Région wallonne","<5"
"2020-05-14","53053","Bergen","Mons","Arrondissement Bergen","Arrondissement de Mons","Provincie Henegouwen","Province du Hainaut","Waals Gewest","Région wallonne","<5"
"2020-05-14","53082","Colfontaine","Colfontaine","Arrondissement Bergen","Arrondissement de Mons","Provincie Henegouwen","Province du Hainaut","Waals Gewest","Région wallonne","<5"
"2020-05-14","56022","Erquelinnes","Erquelinnes","Arrondissement Thuin","Arrondissement de Thuin","Provincie Henegouwen","Province du Hainaut","Waals Gewest","Région wallonne","<5"
"2020-05-14","56044","Lobbes","Lobbes","Arrondissement Thuin","Arrondissement de Thuin","Provincie Henegouwen","Province du Hainaut","Waals Gewest","Région wallonne","<5"
"2020-05-14","56078","Thuin","Thuin","Arrondissement Thuin","Arrondissement de Thuin","Provincie Henegouwen","Province du Hainaut","Waals Gewest","Région wallonne","<5"
"2020-05-14","57018","Celles (Doornik)","Celles (Tournai)","Arrondissement Doornik-Moeskroen","Arrondissement de Tournai-Mouscron","Provincie Henegouwen","Province du Hainaut","Waals Gewest","Région wallonne","<5"
"2020-05-14","57096","Moeskroen","Mouscron","Arrondissement Doornik-Moeskroen","Arrondissement de Tournai-Mouscron","Provincie Henegouwen","Province du Hainaut","Waals Gewest","Région wallonne","8"
"2020-05-14","57097","Komen-Waasten","Comines-Warneton","Arrondissement Doornik-Moeskroen","Arrondissement de Tournai-Mouscron","Provincie Henegouwen","Province du Hainaut","Waals Gewest","Région wallonne","<5"
"2020-05-14","58001","La Louvière","La Louvière","Arrondissement La Louvière","Arrondissement de La Louvière","Provincie Henegouwen","Province du Hainaut","Waals Gewest","Région wallonne","<5"
"2020-05-14","58002","Binche","Binche","Arrondissement La Louvière","Arrondissement de La Louvière","Provincie Henegouwen","Province du Hainaut","Waals Gewest","Région wallonne","<5"
"2020-05-14","61003","Amay","Amay","Arrondissement Hoei","Arrondissement de Huy","Provincie Luik","Province de Liège","Waals Gewest","Région wallonne","<5"
"2020-05-14","61031","Hoei","Huy","Arrondissement Hoei","Arrondissement de Huy","Provincie Luik","Province de Liège","Waals Gewest","Région wallonne","<5"
"2020-05-14","62027","Dalhem","Dalhem","Arrondissement Luik","Arrondissement de Liège","Provincie Luik","Province de Liège","Waals Gewest","Région wallonne","<5"
"2020-05-14","62063","Luik","Liège","Arrondissement Luik","Arrondissement de Liège","Provincie Luik","Province de Liège","Waals Gewest","Région wallonne","5"
"2020-05-14","62093","Saint-Nicolas (Luik)","Saint-Nicolas (Liège)","Arrondissement Luik","Arrondissement de Liège","Provincie Luik","Province de Liège","Waals Gewest","Région wallonne","<5"
"2020-05-14","62096","Seraing","Seraing","Arrondissement Luik","Arrondissement de Liège","Provincie Luik","Province de Liège","Waals Gewest","Région wallonne","<5"
"2020-05-14","62100","Sprimont","Sprimont","Arrondissement Luik","Arrondissement de Liège","Provincie Luik","Province de Liège","Waals Gewest","Région wallonne","<5"
"2020-05-14","62108","Wezet","Visé","Arrondissement Luik","Arrondissement de Liège","Provincie Luik","Province de Liège","Waals Gewest","Région wallonne","<5"
"2020-05-14","62118","Grâce-Hollogne","Grâce-Hollogne","Arrondissement Luik","Arrondissement de Liège","Provincie Luik","Province de Liège","Waals Gewest","Région wallonne","<5"
"2020-05-14","63001","Amel","Amblève","Arrondissement Verviers","Arrondissement de Verviers","Provincie Luik","Province de Liège","Waals Gewest","Région wallonne","<5"
"2020-05-14","63020","Dison","Dison","Arrondissement Verviers","Arrondissement de Verviers","Provincie Luik","Province de Liège","Waals Gewest","Région wallonne","<5"
"2020-05-14","63079","Verviers","Verviers","Arrondissement Verviers","Arrondissement de Verviers","Provincie Luik","Province de Liège","Waals Gewest","Région wallonne","<5"
"2020-05-14","63080","Weismes","Waimes","Arrondissement Verviers","Arrondissement de Verviers","Provincie Luik","Province de Liège","Waals Gewest","Région wallonne","<5"
"2020-05-14","64056","Oerle","Oreye","Arrondissement Borgworm","Arrondissement de Waremme","Provincie Luik","Province de Liège","Waals Gewest","Région wallonne","<5"
"2020-05-14","64065","Saint-Georges-sur-Meuse","Saint-Georges-sur-Meuse","Arrondissement Borgworm","Arrondissement de Waremme","Provincie Luik","Province de Liège","Waals Gewest","Région wallonne","<5"
"2020-05-14","71016","Genk","Genk","Arrondissement Hasselt","Arrondissement de Hasselt","Provincie Limburg","Province du Limbourg","Vlaams Gewest","Région flamande","<5"
"2020-05-14","71017","Gingelom","Gingelom","Arrondissement Hasselt","Arrondissement de Hasselt","Provincie Limburg","Province du Limbourg","Vlaams Gewest","Région flamande","<5"
"2020-05-14","71020","Halen","Halen","Arrondissement Hasselt","Arrondissement de Hasselt","Provincie Limburg","Province du Limbourg","Vlaams Gewest","Région flamande","<5"
"2020-05-14","71022","Hasselt","Hasselt","Arrondissement Hasselt","Arrondissement de Hasselt","Provincie Limburg","Province du Limbourg","Vlaams Gewest","Région flamande","<5"
"2020-05-14","71024","Herk-de-Stad","Herck-la-Ville","Arrondissement Hasselt","Arrondissement de Hasselt","Provincie Limburg","Province du Limbourg","Vlaams Gewest","Région flamande","<5"
"2020-05-14","71053","Sint-Truiden","Saint-Trond","Arrondissement Hasselt","Arrondissement de Hasselt","Provincie Limburg","Province du Limbourg","Vlaams Gewest","Région flamande","<5"
"2020-05-14","71070","Heusden-Zolder","Heusden-Zolder","Arrondissement Hasselt","Arrondissement de Hasselt","Provincie Limburg","Province du Limbourg","Vlaams Gewest","Région flamande","<5"
"2020-05-14","72043","Pelt","Pelt","Arrondissement Maaseik","Arrondissement de Maaseik","Provincie Limburg","Province du Limbourg","Vlaams Gewest","Région flamande","<5"
"2020-05-14","73006","Bilzen","Bilzen","Arrondissement Tongeren","Arrondissement de Tongres","Provincie Limburg","Province du Limbourg","Vlaams Gewest","Région flamande","<5"
"2020-05-14","73042","Lanaken","Lanaken","Arrondissement Tongeren","Arrondissement de Tongres","Provincie Limburg","Province du Limbourg","Vlaams Gewest","Région flamande","<5"
"2020-05-14","73083","Tongeren","Tongres","Arrondissement Tongeren","Arrondissement de Tongres","Provincie Limburg","Province du Limbourg","Vlaams Gewest","Région flamande","<5"
"2020-05-14","73098","Wellen","Wellen","Arrondissement Tongeren","Arrondissement de Tongres","Provincie Limburg","Province du Limbourg","Vlaams Gewest","Région flamande","<5"
"2020-05-14","73107","Maasmechelen","Maasmechelen","Arrondissement Tongeren","Arrondissement de Tongres","Provincie Limburg","Province du Limbourg","Vlaams Gewest","Région flamande","<5"
"2020-05-14","83012","Durbuy","Durbuy","Arrondissement Marche-en-Famenne","Arrondissement de Marche-en-Famenne","Provincie Luxemburg","Province du Luxembourg","Waals Gewest","Région wallonne","<5"
"2020-05-14","83040","Nassogne","Nassogne","Arrondissement Marche-en-Famenne","Arrondissement de Marche-en-Famenne","Provincie Luxemburg","Province du Luxembourg","Waals Gewest","Région wallonne","<5"
"2020-05-14","91005","Anhée","Anhée","Arrondissement Dinant","Arrondissement de Dinant","Provincie Namen","Province de Namur","Waals Gewest","Région wallonne","<5"
"2020-05-14","91013","Beauraing","Beauraing","Arrondissement Dinant","Arrondissement de Dinant","Provincie Namen","Province de Namur","Waals Gewest","Région wallonne","<5"
"2020-05-14","91034","Dinant","Dinant","Arrondissement Dinant","Arrondissement de Dinant","Provincie Namen","Province de Namur","Waals Gewest","Région wallonne","<5"
"2020-05-14","92003","Andenne","Andenne","Arrondissement Namen","Arrondissement de Namur","Provincie Namen","Province de Namur","Waals Gewest","Région wallonne","<5"
"2020-05-14","92094","Namen","Namur","Arrondissement Namen","Arrondissement de Namur","Provincie Namen","Province de Namur","Waals Gewest","Région wallonne","5"
"2020-05-14","92140","Jemeppe-sur-Sambre","Jemeppe-sur-Sambre","Arrondissement Namen","Arrondissement de Namur","Provincie Namen","Province de Namur","Waals Gewest","Région wallonne","<5"
"2020-05-14",NA,NA,NA,NA,NA,NA,NA,NA,NA,"8"
"2020-05-15","11001","Aartselaar","Aartselaar","Arrondissement Antwerpen","Arrondissement d’Anvers","Provincie Antwerpen","Province d’Anvers","Vlaams Gewest","Région flamande","<5"
"2020-05-15","11002","Antwerpen","Anvers","Arrondissement Antwerpen","Arrondissement d’Anvers","Provincie Antwerpen","Province d’Anvers","Vlaams Gewest","Région flamande","23"
"2020-05-15","11005","Boom","Boom","Arrondissement Antwerpen","Arrondissement d’Anvers","Provincie Antwerpen","Province d’Anvers","Vlaams Gewest","Région flamande","<5"
"2020-05-15","11008","Brasschaat","Brasschaat","Arrondissement Antwerpen","Arrondissement d’Anvers","Provincie Antwerpen","Province d’Anvers","Vlaams Gewest","Région flamande","<5"
"2020-05-15","11009","Brecht","Brecht","Arrondissement Antwerpen","Arrondissement d’Anvers","Provincie Antwerpen","Province d’Anvers","Vlaams Gewest","Région flamande","<5"
"2020-05-15","11013","Edegem","Edegem","Arrondissement Antwerpen","Arrondissement d’Anvers","Provincie Antwerpen","Province d’Anvers","Vlaams Gewest","Région flamande","<5"
"2020-05-15","11021","Hove (Antwerpen)","Hove (Anvers)","Arrondissement Antwerpen","Arrondissement d’Anvers","Provincie Antwerpen","Province d’Anvers","Vlaams Gewest","Région flamande","<5"
"2020-05-15","11022","Kalmthout","Kalmthout","Arrondissement Antwerpen","Arrondissement d’Anvers","Provincie Antwerpen","Province d’Anvers","Vlaams Gewest","Région flamande","<5"
"2020-05-15","11035","Ranst","Ranst","Arrondissement Antwerpen","Arrondissement d’Anvers","Provincie Antwerpen","Province d’Anvers","Vlaams Gewest","Région flamande","<5"
"2020-05-15","11038","Schelle","Schelle","Arrondissement Antwerpen","Arrondissement d’Anvers","Provincie Antwerpen","Province d’Anvers","Vlaams Gewest","Région flamande","<5"
"2020-05-15","11039","Schilde","Schilde","Arrondissement Antwerpen","Arrondissement d’Anvers","Provincie Antwerpen","Province d’Anvers","Vlaams Gewest","Région flamande","<5"
"2020-05-15","11040","Schoten","Schoten","Arrondissement Antwerpen","Arrondissement d’Anvers","Provincie Antwerpen","Province d’Anvers","Vlaams Gewest","Région flamande","<5"
"2020-05-15","11044","Stabroek","Stabroek","Arrondissement Antwerpen","Arrondissement d’Anvers","Provincie Antwerpen","Province d’Anvers","Vlaams Gewest","Région flamande","<5"
"2020-05-15","11053","Wuustwezel","Wuustwezel","Arrondissement Antwerpen","Arrondissement d’Anvers","Provincie Antwerpen","Province d’Anvers","Vlaams Gewest","Région flamande","<5"
"2020-05-15","11055","Zoersel","Zoersel","Arrondissement Antwerpen","Arrondissement d’Anvers","Provincie Antwerpen","Province d’Anvers","Vlaams Gewest","Région flamande","<5"
"2020-05-15","11056","Zwijndrecht","Zwijndrecht","Arrondissement Antwerpen","Arrondissement d’Anvers","Provincie Antwerpen","Province d’Anvers","Vlaams Gewest","Région flamande","<5"
"2020-05-15","12025","Mechelen","Malines","Arrondissement Mechelen","Arrondissement de Malines","Provincie Antwerpen","Province d’Anvers","Vlaams Gewest","Région flamande","<5"
"2020-05-15","12029","Putte","Putte","Arrondissement Mechelen","Arrondissement de Malines","Provincie Antwerpen","Province d’Anvers","Vlaams Gewest","Région flamande","<5"
"2020-05-15","12041","Puurs-Sint-Amands","Puurs-Sint-Amands","Arrondissement Mechelen","Arrondissement de Malines","Provincie Antwerpen","Province d’Anvers","Vlaams Gewest","Région flamande","<5"
"2020-05-15","13001","Arendonk","Arendonk","Arrondissement Turnhout","Arrondissement de Turnhout","Provincie Antwerpen","Province d’Anvers","Vlaams Gewest","Région flamande","<5"
"2020-05-15","13008","Geel","Geel","Arrondissement Turnhout","Arrondissement de Turnhout","Provincie Antwerpen","Province d’Anvers","Vlaams Gewest","Région flamande","<5"
"2020-05-15","13011","Herentals","Herentals","Arrondissement Turnhout","Arrondissement de Turnhout","Provincie Antwerpen","Province d’Anvers","Vlaams Gewest","Région flamande","<5"
"2020-05-15","13014","Hoogstraten","Hoogstraten","Arrondissement Turnhout","Arrondissement de Turnhout","Provincie Antwerpen","Province d’Anvers","Vlaams Gewest","Région flamande","<5"
"2020-05-15","13016","Hulshout","Hulshout","Arrondissement Turnhout","Arrondissement de Turnhout","Provincie Antwerpen","Province d’Anvers","Vlaams Gewest","Région flamande","<5"
"2020-05-15","13017","Kasterlee","Kasterlee","Arrondissement Turnhout","Arrondissement de Turnhout","Provincie Antwerpen","Province d’Anvers","Vlaams Gewest","Région flamande","<5"
"2020-05-15","13019","Lille","Lille","Arrondissement Turnhout","Arrondissement de Turnhout","Provincie Antwerpen","Province d’Anvers","Vlaams Gewest","Région flamande","<5"
"2020-05-15","13025","Mol","Mol","Arrondissement Turnhout","Arrondissement de Turnhout","Provincie Antwerpen","Province d’Anvers","Vlaams Gewest","Région flamande","<5"
"2020-05-15","13031","Oud-Turnhout","Oud-Turnhout","Arrondissement Turnhout","Arrondissement de Turnhout","Provincie Antwerpen","Province d’Anvers","Vlaams Gewest","Région flamande","<5"
"2020-05-15","13044","Vorselaar","Vorselaar","Arrondissement Turnhout","Arrondissement de Turnhout","Provincie Antwerpen","Province d’Anvers","Vlaams Gewest","Région flamande","<5"
"2020-05-15","13046","Vosselaar","Vosselaar","Arrondissement Turnhout","Arrondissement de Turnhout","Provincie Antwerpen","Province d’Anvers","Vlaams Gewest","Région flamande","<5"
"2020-05-15","21001","Anderlecht","Anderlecht","Arrondissement Brussel-Hoofdstad","Arrondissement de Bruxelles-Capitale",NA,NA,"Brussels Hoofdstedelijk Gewest","Région de Bruxelles-Capitale","<5"
"2020-05-15","21002","Oudergem","Auderghem","Arrondissement Brussel-Hoofdstad","Arrondissement de Bruxelles-Capitale",NA,NA,"Brussels Hoofdstedelijk Gewest","Région de Bruxelles-Capitale","<5"
"2020-05-15","21004","Brussel","Bruxelles","Arrondissement Brussel-Hoofdstad","Arrondissement de Bruxelles-Capitale",NA,NA,"Brussels Hoofdstedelijk Gewest","Région de Bruxelles-Capitale","<5"
"2020-05-15","21009","Elsene","Ixelles","Arrondissement Brussel-Hoofdstad","Arrondissement de Bruxelles-Capitale",NA,NA,"Brussels Hoofdstedelijk Gewest","Région de Bruxelles-Capitale","<5"
"2020-05-15","21010","Jette","Jette","Arrondissement Brussel-Hoofdstad","Arrondissement de Bruxelles-Capitale",NA,NA,"Brussels Hoofdstedelijk Gewest","Région de Bruxelles-Capitale","<5"
"2020-05-15","21011","Koekelberg","Koekelberg","Arrondissement Brussel-Hoofdstad","Arrondissement de Bruxelles-Capitale",NA,NA,"Brussels Hoofdstedelijk Gewest","Région de Bruxelles-Capitale","<5"
"2020-05-15","21012","Sint-Jans-Molenbeek","Molenbeek-Saint-Jean","Arrondissement Brussel-Hoofdstad","Arrondissement de Bruxelles-Capitale",NA,NA,"Brussels Hoofdstedelijk Gewest","Région de Bruxelles-Capitale","<5"
"2020-05-15","21013","Sint-Gillis","Saint-Gilles","Arrondissement Brussel-Hoofdstad","Arrondissement de Bruxelles-Capitale",NA,NA,"Brussels Hoofdstedelijk Gewest","Région de Bruxelles-Capitale","<5"
"2020-05-15","21014","Sint-Joost-ten-Node","Saint-Josse-ten-Noode","Arrondissement Brussel-Hoofdstad","Arrondissement de Bruxelles-Capitale",NA,NA,"Brussels Hoofdstedelijk Gewest","Région de Bruxelles-Capitale","<5"
"2020-05-15","21015","Schaarbeek","Schaerbeek","Arrondissement Brussel-Hoofdstad","Arrondissement de Bruxelles-Capitale",NA,NA,"Brussels Hoofdstedelijk Gewest","Région de Bruxelles-Capitale","<5"
"2020-05-15","21019","Sint-Pieters-Woluwe","Woluwe-Saint-Pierre","Arrondissement Brussel-Hoofdstad","Arrondissement de Bruxelles-Capitale",NA,NA,"Brussels Hoofdstedelijk Gewest","Région de Bruxelles-Capitale","<5"
"2020-05-15","23027","Halle (Halle-Vilvoorde)","Hal (Hal-Vilvorde)","Arrondissement Halle-Vilvoorde","Arrondissement de Hal-Vilvorde","Provincie Vlaams-Brabant","Province du Brabant flamand","Vlaams Gewest","Région flamande","<5"
"2020-05-15","23077","Sint-Pieters-Leeuw","Sint-Pieters-Leeuw","Arrondissement Halle-Vilvoorde","Arrondissement de Hal-Vilvorde","Provincie Vlaams-Brabant","Province du Brabant flamand","Vlaams Gewest","Région flamande","<5"
"2020-05-15","23094","Zaventem","Zaventem","Arrondissement Halle-Vilvoorde","Arrondissement de Hal-Vilvorde","Provincie Vlaams-Brabant","Province du Brabant flamand","Vlaams Gewest","Région flamande","<5"
"2020-05-15","23098","Drogenbos","Drogenbos","Arrondissement Halle-Vilvoorde","Arrondissement de Hal-Vilvorde","Provincie Vlaams-Brabant","Province du Brabant flamand","Vlaams Gewest","Région flamande","<5"
"2020-05-15","23105","Affligem","Affligem","Arrondissement Halle-Vilvoorde","Arrondissement de Hal-Vilvorde","Provincie Vlaams-Brabant","Province du Brabant flamand","Vlaams Gewest","Région flamande","<5"
"2020-05-15","24001","Aarschot","Aarschot","Arrondissement Leuven","Arrondissement de Louvain","Provincie Vlaams-Brabant","Province du Brabant flamand","Vlaams Gewest","Région flamande","<5"
"2020-05-15","24038","Herent","Herent","Arrondissement Leuven","Arrondissement de Louvain","Provincie Vlaams-Brabant","Province du Brabant flamand","Vlaams Gewest","Région flamande","<5"
"2020-05-15","24055","Kortenberg","Kortenberg","Arrondissement Leuven","Arrondissement de Louvain","Provincie Vlaams-Brabant","Province du Brabant flamand","Vlaams Gewest","Région flamande","<5"
"2020-05-15","24104","Tervuren","Tervuren","Arrondissement Leuven","Arrondissement de Louvain","Provincie Vlaams-Brabant","Province du Brabant flamand","Vlaams Gewest","Région flamande","<5"
"2020-05-15","24133","Linter","Linter","Arrondissement Leuven","Arrondissement de Louvain","Provincie Vlaams-Brabant","Province du Brabant flamand","Vlaams Gewest","Région flamande","<5"
"2020-05-15","25015","Kasteelbrakel","Braine-le-Château","Arrondissement Nijvel","Arrondissement de Nivelles","Provincie Waals-Brabant","Province du Brabant wallon","Waals Gewest","Région wallonne","<5"
"2020-05-15","25031","Genepiën","Genappe","Arrondissement Nijvel","Arrondissement de Nivelles","Provincie Waals-Brabant","Province du Brabant wallon","Waals Gewest","Région wallonne","<5"
"2020-05-15","25044","Itter","Ittre","Arrondissement Nijvel","Arrondissement de Nivelles","Provincie Waals-Brabant","Province du Brabant wallon","Waals Gewest","Région wallonne","<5"
"2020-05-15","25110","Waterloo","Waterloo","Arrondissement Nijvel","Arrondissement de Nivelles","Provincie Waals-Brabant","Province du Brabant wallon","Waals Gewest","Région wallonne","<5"
"2020-05-15","25112","Waver","Wavre","Arrondissement Nijvel","Arrondissement de Nivelles","Provincie Waals-Brabant","Province du Brabant wallon","Waals Gewest","Région wallonne","<5"
"2020-05-15","31003","Beernem","Beernem","Arrondissement Brugge","Arrondissement de Bruges","Provincie West-Vlaanderen","Province de Flandre occidentale","Vlaams Gewest","Région flamande","<5"
"2020-05-15","31005","Brugge","Bruges","Arrondissement Brugge","Arrondissement de Bruges","Provincie West-Vlaanderen","Province de Flandre occidentale","Vlaams Gewest","Région flamande","<5"
"2020-05-15","31040","Zedelgem","Zedelgem","Arrondissement Brugge","Arrondissement de Bruges","Provincie West-Vlaanderen","Province de Flandre occidentale","Vlaams Gewest","Région flamande","<5"
"2020-05-15","31042","Zuienkerke","Zuienkerke","Arrondissement Brugge","Arrondissement de Bruges","Provincie West-Vlaanderen","Province de Flandre occidentale","Vlaams Gewest","Région flamande","<5"
"2020-05-15","32003","Diksmuide","Dixmude","Arrondissement Diksmuide","Arrondissement de Dixmude","Provincie West-Vlaanderen","Province de Flandre occidentale","Vlaams Gewest","Région flamande","<5"
"2020-05-15","32006","Houthulst","Houthulst","Arrondissement Diksmuide","Arrondissement de Dixmude","Provincie West-Vlaanderen","Province de Flandre occidentale","Vlaams Gewest","Région flamande","<5"
"2020-05-15","33011","Ieper","Ypres","Arrondissement Ieper","Arrondissement d’Ypres","Provincie West-Vlaanderen","Province de Flandre occidentale","Vlaams Gewest","Région flamande","<5"
"2020-05-15","33029","Wervik","Wervik","Arrondissement Ieper","Arrondissement d’Ypres","Provincie West-Vlaanderen","Province de Flandre occidentale","Vlaams Gewest","Région flamande","<5"
"2020-05-15","34003","Avelgem","Avelgem","Arrondissement Kortrijk","Arrondissement de Courtrai","Provincie West-Vlaanderen","Province de Flandre occidentale","Vlaams Gewest","Région flamande","<5"
"2020-05-15","34013","Harelbeke","Harelbeke","Arrondissement Kortrijk","Arrondissement de Courtrai","Provincie West-Vlaanderen","Province de Flandre occidentale","Vlaams Gewest","Région flamande","5"
"2020-05-15","34022","Kortrijk","Courtrai","Arrondissement Kortrijk","Arrondissement de Courtrai","Provincie West-Vlaanderen","Province de Flandre occidentale","Vlaams Gewest","Région flamande","<5"
"2020-05-15","34023","Kuurne","Kuurne","Arrondissement Kortrijk","Arrondissement de Courtrai","Provincie West-Vlaanderen","Province de Flandre occidentale","Vlaams Gewest","Région flamande","<5"
"2020-05-15","34027","Menen","Menin","Arrondissement Kortrijk","Arrondissement de Courtrai","Provincie West-Vlaanderen","Province de Flandre occidentale","Vlaams Gewest","Région flamande","11"
"2020-05-15","34040","Waregem","Waregem","Arrondissement Kortrijk","Arrondissement de Courtrai","Provincie West-Vlaanderen","Province de Flandre occidentale","Vlaams Gewest","Région flamande","<5"
"2020-05-15","34041","Wevelgem","Wevelgem","Arrondissement Kortrijk","Arrondissement de Courtrai","Provincie West-Vlaanderen","Province de Flandre occidentale","Vlaams Gewest","Région flamande","<5"
"2020-05-15","34042","Zwevegem","Zwevegem","Arrondissement Kortrijk","Arrondissement de Courtrai","Provincie West-Vlaanderen","Province de Flandre occidentale","Vlaams Gewest","Région flamande","<5"
"2020-05-15","35002","Bredene","Bredene","Arrondissement Oostende","Arrondissement d’Ostende","Provincie West-Vlaanderen","Province de Flandre occidentale","Vlaams Gewest","Région flamande","<5"
"2020-05-15","35013","Oostende","Ostende","Arrondissement Oostende","Arrondissement d’Ostende","Provincie West-Vlaanderen","Province de Flandre occidentale","Vlaams Gewest","Région flamande","<5"
"2020-05-15","36006","Hooglede","Hooglede","Arrondissement Roeselare","Arrondissement de Roulers","Provincie West-Vlaanderen","Province de Flandre occidentale","Vlaams Gewest","Région flamande","<5"
"2020-05-15","36007","Ingelmunster","Ingelmunster","Arrondissement Roeselare","Arrondissement de Roulers","Provincie West-Vlaanderen","Province de Flandre occidentale","Vlaams Gewest","Région flamande","<5"
"2020-05-15","36012","Moorslede","Moorslede","Arrondissement Roeselare","Arrondissement de Roulers","Provincie West-Vlaanderen","Province de Flandre occidentale","Vlaams Gewest","Région flamande","<5"
"2020-05-15","36015","Roeselare","Roulers","Arrondissement Roeselare","Arrondissement de Roulers","Provincie West-Vlaanderen","Province de Flandre occidentale","Vlaams Gewest","Région flamande","13"
"2020-05-15","36019","Staden","Staden","Arrondissement Roeselare","Arrondissement de Roulers","Provincie West-Vlaanderen","Province de Flandre occidentale","Vlaams Gewest","Région flamande","<5"
"2020-05-15","37007","Meulebeke","Meulebeke","Arrondissement Tielt","Arrondissement de Tielt","Provincie West-Vlaanderen","Province de Flandre occidentale","Vlaams Gewest","Région flamande","<5"
"2020-05-15","37011","Pittem","Pittem","Arrondissement Tielt","Arrondissement de Tielt","Provincie West-Vlaanderen","Province de Flandre occidentale","Vlaams Gewest","Région flamande","<5"
"2020-05-15","41002","Aalst (Aalst)","Alost (Alost)","Arrondissement Aalst","Arrondissement d’Alost","Provincie Oost-Vlaanderen","Province de Flandre orientale","Vlaams Gewest","Région flamande","<5"
"2020-05-15","41034","Lede","Lede","Arrondissement Aalst","Arrondissement d’Alost","Provincie Oost-Vlaanderen","Province de Flandre orientale","Vlaams Gewest","Région flamande","<5"
"2020-05-15","42006","Dendermonde","Termonde","Arrondissement Dendermonde","Arrondissement de Termonde","Provincie Oost-Vlaanderen","Province de Flandre orientale","Vlaams Gewest","Région flamande","<5"
"2020-05-15","42008","Hamme (Dendermonde)","Hamme (Termonde)","Arrondissement Dendermonde","Arrondissement de Termonde","Provincie Oost-Vlaanderen","Province de Flandre orientale","Vlaams Gewest","Région flamande","<5"
"2020-05-15","43014","Sint-Laureins","Sint-Laureins","Arrondissement Eeklo","Arrondissement d’Eeklo","Provincie Oost-Vlaanderen","Province de Flandre orientale","Vlaams Gewest","Région flamande","<5"
"2020-05-15","44019","Evergem","Evergem","Arrondissement Gent","Arrondissement de Gand","Provincie Oost-Vlaanderen","Province de Flandre orientale","Vlaams Gewest","Région flamande","<5"
"2020-05-15","44021","Gent","Gand","Arrondissement Gent","Arrondissement de Gand","Provincie Oost-Vlaanderen","Province de Flandre orientale","Vlaams Gewest","Région flamande","<5"
"2020-05-15","44081","Zulte","Zulte","Arrondissement Gent","Arrondissement de Gand","Provincie Oost-Vlaanderen","Province de Flandre orientale","Vlaams Gewest","Région flamande","<5"
"2020-05-15","44084","Aalter","Aalter","Arrondissement Gent","Arrondissement de Gand","Provincie Oost-Vlaanderen","Province de Flandre orientale","Vlaams Gewest","Région flamande","<5"
"2020-05-15","44085","Lievegem","Lievegem","Arrondissement Gent","Arrondissement de Gand","Provincie Oost-Vlaanderen","Province de Flandre orientale","Vlaams Gewest","Région flamande","<5"
"2020-05-15","45035","Oudenaarde","Audenarde","Arrondissement Oudenaarde","Arrondissement d’Audenarde","Provincie Oost-Vlaanderen","Province de Flandre orientale","Vlaams Gewest","Région flamande","<5"
"2020-05-15","45061","Wortegem-Petegem","Wortegem-Petegem","Arrondissement Oudenaarde","Arrondissement d’Audenarde","Provincie Oost-Vlaanderen","Province de Flandre orientale","Vlaams Gewest","Région flamande","<5"
"2020-05-15","45064","Maarkedal","Maarkedal","Arrondissement Oudenaarde","Arrondissement d’Audenarde","Provincie Oost-Vlaanderen","Province de Flandre orientale","Vlaams Gewest","Région flamande","<5"
"2020-05-15","46003","Beveren (Sint-Niklaas)","Beveren (Saint-Nicolas)","Arrondissement Sint-Niklaas","Arrondissement de Saint-Nicolas","Provincie Oost-Vlaanderen","Province de Flandre orientale","Vlaams Gewest","Région flamande","<5"
"2020-05-15","46013","Kruibeke","Kruibeke","Arrondissement Sint-Niklaas","Arrondissement de Saint-Nicolas","Provincie Oost-Vlaanderen","Province de Flandre orientale","Vlaams Gewest","Région flamande","<5"
"2020-05-15","46014","Lokeren","Lokeren","Arrondissement Sint-Niklaas","Arrondissement de Saint-Nicolas","Provincie Oost-Vlaanderen","Province de Flandre orientale","Vlaams Gewest","Région flamande","<5"
"2020-05-15","46021","Sint-Niklaas (Sint-Niklaas)","Saint-Nicolas (Saint-Nicolas)","Arrondissement Sint-Niklaas","Arrondissement de Saint-Nicolas","Provincie Oost-Vlaanderen","Province de Flandre orientale","Vlaams Gewest","Région flamande","<5"
"2020-05-15","51008","Beloeil","Beloeil","Arrondissement Aat","Arrondissement d’Ath","Provincie Henegouwen","Province du Hainaut","Waals Gewest","Région wallonne","<5"
"2020-05-15","52010","Chapelle-lez-Herlaimont","Chapelle-lez-Herlaimont","Arrondissement Charleroi","Arrondissement de Charleroi","Provincie Henegouwen","Province du Hainaut","Waals Gewest","Région wallonne","<5"
"2020-05-15","52011","Charleroi","Charleroi","Arrondissement Charleroi","Arrondissement de Charleroi","Provincie Henegouwen","Province du Hainaut","Waals Gewest","Région wallonne","9"
"2020-05-15","52018","Farciennes","Farciennes","Arrondissement Charleroi","Arrondissement de Charleroi","Provincie Henegouwen","Province du Hainaut","Waals Gewest","Région wallonne","<5"
"2020-05-15","52021","Fleurus","Fleurus","Arrondissement Charleroi","Arrondissement de Charleroi","Provincie Henegouwen","Province du Hainaut","Waals Gewest","Région wallonne","<5"
"2020-05-15","52055","Pont-à-Celles","Pont-à-Celles","Arrondissement Charleroi","Arrondissement de Charleroi","Provincie Henegouwen","Province du Hainaut","Waals Gewest","Région wallonne","<5"
"2020-05-15","52074","Aiseau-Presles","Aiseau-Presles","Arrondissement Charleroi","Arrondissement de Charleroi","Provincie Henegouwen","Province du Hainaut","Waals Gewest","Région wallonne","<5"
"2020-05-15","53014","Boussu","Boussu","Arrondissement Bergen","Arrondissement de Mons","Provincie Henegouwen","Province du Hainaut","Waals Gewest","Région wallonne","<5"
"2020-05-15","53028","Frameries","Frameries","Arrondissement Bergen","Arrondissement de Mons","Provincie Henegouwen","Province du Hainaut","Waals Gewest","Région wallonne","<5"
"2020-05-15","53039","Hensies","Hensies","Arrondissement Bergen","Arrondissement de Mons","Provincie Henegouwen","Province du Hainaut","Waals Gewest","Région wallonne","<5"
"2020-05-15","53053","Bergen","Mons","Arrondissement Bergen","Arrondissement de Mons","Provincie Henegouwen","Province du Hainaut","Waals Gewest","Région wallonne","<5"
"2020-05-15","53082","Colfontaine","Colfontaine","Arrondissement Bergen","Arrondissement de Mons","Provincie Henegouwen","Province du Hainaut","Waals Gewest","Région wallonne","<5"
"2020-05-15","55004","’s Gravenbrakel","Braine-le-Comte","Arrondissement Zinnik","Arrondissement de Soignies","Provincie Henegouwen","Province du Hainaut","Waals Gewest","Région wallonne","<5"
"2020-05-15","55035","Le Roeulx","Le Roeulx","Arrondissement Zinnik","Arrondissement de Soignies","Provincie Henegouwen","Province du Hainaut","Waals Gewest","Région wallonne","<5"
"2020-05-15","56005","Beaumont","Beaumont","Arrondissement Thuin","Arrondissement de Thuin","Provincie Henegouwen","Province du Hainaut","Waals Gewest","Région wallonne","<5"
"2020-05-15","56051","Momignies","Momignies","Arrondissement Thuin","Arrondissement de Thuin","Provincie Henegouwen","Province du Hainaut","Waals Gewest","Région wallonne","<5"
"2020-05-15","57081","Doornik","Tournai","Arrondissement Doornik-Moeskroen","Arrondissement de Tournai-Mouscron","Provincie Henegouwen","Province du Hainaut","Waals Gewest","Région wallonne","<5"
"2020-05-15","57096","Moeskroen","Mouscron","Arrondissement Doornik-Moeskroen","Arrondissement de Tournai-Mouscron","Provincie Henegouwen","Province du Hainaut","Waals Gewest","Région wallonne","8"
"2020-05-15","57097","Komen-Waasten","Comines-Warneton","Arrondissement Doornik-Moeskroen","Arrondissement de Tournai-Mouscron","Provincie Henegouwen","Province du Hainaut","Waals Gewest","Région wallonne","<5"
"2020-05-15","58001","La Louvière","La Louvière","Arrondissement La Louvière","Arrondissement de La Louvière","Provincie Henegouwen","Province du Hainaut","Waals Gewest","Région wallonne","<5"
"2020-05-15","61031","Hoei","Huy","Arrondissement Hoei","Arrondissement de Huy","Provincie Luik","Province de Liège","Waals Gewest","Région wallonne","<5"
"2020-05-15","62003","Ans","Ans","Arrondissement Luik","Arrondissement de Liège","Provincie Luik","Province de Liège","Waals Gewest","Région wallonne","<5"
"2020-05-15","62022","Chaudfontaine","Chaudfontaine","Arrondissement Luik","Arrondissement de Liège","Provincie Luik","Province de Liège","Waals Gewest","Région wallonne","<5"
"2020-05-15","62026","Comblain-au-Pont","Comblain-au-Pont","Arrondissement Luik","Arrondissement de Liège","Provincie Luik","Province de Liège","Waals Gewest","Région wallonne","<5"
"2020-05-15","62032","Esneux","Esneux","Arrondissement Luik","Arrondissement de Liège","Provincie Luik","Province de Liège","Waals Gewest","Région wallonne","<5"
"2020-05-15","62051","Herstal","Herstal","Arrondissement Luik","Arrondissement de Liège","Provincie Luik","Province de Liège","Waals Gewest","Région wallonne","<5"
"2020-05-15","62060","Juprelle","Juprelle","Arrondissement Luik","Arrondissement de Liège","Provincie Luik","Province de Liège","Waals Gewest","Région wallonne","<5"
"2020-05-15","62063","Luik","Liège","Arrondissement Luik","Arrondissement de Liège","Provincie Luik","Province de Liège","Waals Gewest","Région wallonne","8"
"2020-05-15","62079","Oupeye","Oupeye","Arrondissement Luik","Arrondissement de Liège","Provincie Luik","Province de Liège","Waals Gewest","Région wallonne","<5"
"2020-05-15","62118","Grâce-Hollogne","Grâce-Hollogne","Arrondissement Luik","Arrondissement de Liège","Provincie Luik","Province de Liège","Waals Gewest","Région wallonne","<5"
"2020-05-15","63020","Dison","Dison","Arrondissement Verviers","Arrondissement de Verviers","Provincie Luik","Province de Liège","Waals Gewest","Région wallonne","<5"
"2020-05-15","63035","Herve","Herve","Arrondissement Verviers","Arrondissement de Verviers","Provincie Luik","Province de Liège","Waals Gewest","Région wallonne","<5"
"2020-05-15","63067","Sankt Vith","Saint-Vith","Arrondissement Verviers","Arrondissement de Verviers","Provincie Luik","Province de Liège","Waals Gewest","Région wallonne","<5"
"2020-05-15","63072","Spa","Spa","Arrondissement Verviers","Arrondissement de Verviers","Provincie Luik","Province de Liège","Waals Gewest","Région wallonne","<5"
"2020-05-15","63089","Thimister-Clermont","Thimister-Clermont","Arrondissement Verviers","Arrondissement de Verviers","Provincie Luik","Province de Liège","Waals Gewest","Région wallonne","<5"
"2020-05-15","64023","Donceel","Donceel","Arrondissement Borgworm","Arrondissement de Waremme","Provincie Luik","Province de Liège","Waals Gewest","Région wallonne","<5"
"2020-05-15","64074","Borgworm","Waremme","Arrondissement Borgworm","Arrondissement de Waremme","Provincie Luik","Province de Liège","Waals Gewest","Région wallonne","<5"
"2020-05-15","71002","As","As","Arrondissement Hasselt","Arrondissement de Hasselt","Provincie Limburg","Province du Limbourg","Vlaams Gewest","Région flamande","<5"
"2020-05-15","71011","Diepenbeek","Diepenbeek","Arrondissement Hasselt","Arrondissement de Hasselt","Provincie Limburg","Province du Limbourg","Vlaams Gewest","Région flamande","<5"
"2020-05-15","71016","Genk","Genk","Arrondissement Hasselt","Arrondissement de Hasselt","Provincie Limburg","Province du Limbourg","Vlaams Gewest","Région flamande","<5"
"2020-05-15","71020","Halen","Halen","Arrondissement Hasselt","Arrondissement de Hasselt","Provincie Limburg","Province du Limbourg","Vlaams Gewest","Région flamande","<5"
"2020-05-15","71022","Hasselt","Hasselt","Arrondissement Hasselt","Arrondissement de Hasselt","Provincie Limburg","Province du Limbourg","Vlaams Gewest","Région flamande","<5"
"2020-05-15","71037","Lummen","Lummen","Arrondissement Hasselt","Arrondissement de Hasselt","Provincie Limburg","Province du Limbourg","Vlaams Gewest","Région flamande","<5"
"2020-05-15","71053","Sint-Truiden","Saint-Trond","Arrondissement Hasselt","Arrondissement de Hasselt","Provincie Limburg","Province du Limbourg","Vlaams Gewest","Région flamande","<5"
"2020-05-15","71066","Zonhoven","Zonhoven","Arrondissement Hasselt","Arrondissement de Hasselt","Provincie Limburg","Province du Limbourg","Vlaams Gewest","Région flamande","<5"
"2020-05-15","71070","Heusden-Zolder","Heusden-Zolder","Arrondissement Hasselt","Arrondissement de Hasselt","Provincie Limburg","Province du Limbourg","Vlaams Gewest","Région flamande","<5"
"2020-05-15","72020","Lommel","Lommel","Arrondissement Maaseik","Arrondissement de Maaseik","Provincie Limburg","Province du Limbourg","Vlaams Gewest","Région flamande","<5"
"2020-05-15","72021","Maaseik","Maaseik","Arrondissement Maaseik","Arrondissement de Maaseik","Provincie Limburg","Province du Limbourg","Vlaams Gewest","Région flamande","<5"
"2020-05-15","72030","Peer","Peer","Arrondissement Maaseik","Arrondissement de Maaseik","Provincie Limburg","Province du Limbourg","Vlaams Gewest","Région flamande","<5"
"2020-05-15","72043","Pelt","Pelt","Arrondissement Maaseik","Arrondissement de Maaseik","Provincie Limburg","Province du Limbourg","Vlaams Gewest","Région flamande","<5"
"2020-05-15","73032","Hoeselt","Hoeselt","Arrondissement Tongeren","Arrondissement de Tongres","Provincie Limburg","Province du Limbourg","Vlaams Gewest","Région flamande","<5"
"2020-05-15","73066","Riemst","Riemst","Arrondissement Tongeren","Arrondissement de Tongres","Provincie Limburg","Province du Limbourg","Vlaams Gewest","Région flamande","<5"
"2020-05-15","73083","Tongeren","Tongres","Arrondissement Tongeren","Arrondissement de Tongres","Provincie Limburg","Province du Limbourg","Vlaams Gewest","Région flamande","<5"
"2020-05-15","73107","Maasmechelen","Maasmechelen","Arrondissement Tongeren","Arrondissement de Tongres","Provincie Limburg","Province du Limbourg","Vlaams Gewest","Région flamande","11"
"2020-05-15","84043","Neufchâteau (Neufchâteau)","Neufchâteau (Neufchâteau)","Arrondissement Neufchâteau","Arrondissement de Neufchâteau","Provincie Luxemburg","Province du Luxembourg","Waals Gewest","Région wallonne","<5"
"2020-05-15","84050","Paliseul","Paliseul","Arrondissement Neufchâteau","Arrondissement de Neufchâteau","Provincie Luxemburg","Province du Luxembourg","Waals Gewest","Région wallonne","<5"
"2020-05-15","85011","Florenville","Florenville","Arrondissement Virton","Arrondissement de Virton","Provincie Luxemburg","Province du Luxembourg","Waals Gewest","Région wallonne","<5"
"2020-05-15","92003","Andenne","Andenne","Arrondissement Namen","Arrondissement de Namur","Provincie Namen","Province de Namur","Waals Gewest","Région wallonne","<5"
"2020-05-15","92045","Floreffe","Floreffe","Arrondissement Namen","Arrondissement de Namur","Provincie Namen","Province de Namur","Waals Gewest","Région wallonne","<5"
"2020-05-15","92094","Namen","Namur","Arrondissement Namen","Arrondissement de Namur","Provincie Namen","Province de Namur","Waals Gewest","Région wallonne","5"
"2020-05-15","92137","Sambreville","Sambreville","Arrondissement Namen","Arrondissement de Namur","Provincie Namen","Province de Namur","Waals Gewest","Région wallonne","<5"
"2020-05-15","93014","Couvin","Couvin","Arrondissement Philippeville","Arrondissement de Philippeville","Provincie Namen","Province de Namur","Waals Gewest","Région wallonne","<5"
"2020-05-15",NA,NA,NA,NA,NA,NA,NA,NA,NA,"13"
"2020-05-16","11002","Antwerpen","Anvers","Arrondissement Antwerpen","Arrondissement d’Anvers","Provincie Antwerpen","Province d’Anvers","Vlaams Gewest","Région flamande","7"
"2020-05-16","11016","Essen","Essen","Arrondissement Antwerpen","Arrondissement d’Anvers","Provincie Antwerpen","Province d’Anvers","Vlaams Gewest","Région flamande","<5"
"2020-05-16","11022","Kalmthout","Kalmthout","Arrondissement Antwerpen","Arrondissement d’Anvers","Provincie Antwerpen","Province d’Anvers","Vlaams Gewest","Région flamande","<5"
"2020-05-16","11050","Wijnegem","Wijnegem","Arrondissement Antwerpen","Arrondissement d’Anvers","Provincie Antwerpen","Province d’Anvers","Vlaams Gewest","Région flamande","<5"
"2020-05-16","11053","Wuustwezel","Wuustwezel","Arrondissement Antwerpen","Arrondissement d’Anvers","Provincie Antwerpen","Province d’Anvers","Vlaams Gewest","Région flamande","<5"
"2020-05-16","12009","Duffel","Duffel","Arrondissement Mechelen","Arrondissement de Malines","Provincie Antwerpen","Province d’Anvers","Vlaams Gewest","Région flamande","<5"
"2020-05-16","12025","Mechelen","Malines","Arrondissement Mechelen","Arrondissement de Malines","Provincie Antwerpen","Province d’Anvers","Vlaams Gewest","Région flamande","<5"
"2020-05-16","13011","Herentals","Herentals","Arrondissement Turnhout","Arrondissement de Turnhout","Provincie Antwerpen","Province d’Anvers","Vlaams Gewest","Région flamande","<5"
"2020-05-16","13014","Hoogstraten","Hoogstraten","Arrondissement Turnhout","Arrondissement de Turnhout","Provincie Antwerpen","Province d’Anvers","Vlaams Gewest","Région flamande","<5"
"2020-05-16","13019","Lille","Lille","Arrondissement Turnhout","Arrondissement de Turnhout","Provincie Antwerpen","Province d’Anvers","Vlaams Gewest","Région flamande","<5"
"2020-05-16","13025","Mol","Mol","Arrondissement Turnhout","Arrondissement de Turnhout","Provincie Antwerpen","Province d’Anvers","Vlaams Gewest","Région flamande","<5"
"2020-05-16","13040","Turnhout","Turnhout","Arrondissement Turnhout","Arrondissement de Turnhout","Provincie Antwerpen","Province d’Anvers","Vlaams Gewest","Région flamande","<5"
"2020-05-16","13049","Westerlo","Westerlo","Arrondissement Turnhout","Arrondissement de Turnhout","Provincie Antwerpen","Province d’Anvers","Vlaams Gewest","Région flamande","<5"
"2020-05-16","21001","Anderlecht","Anderlecht","Arrondissement Brussel-Hoofdstad","Arrondissement de Bruxelles-Capitale",NA,NA,"Brussels Hoofdstedelijk Gewest","Région de Bruxelles-Capitale","<5"
"2020-05-16","21004","Brussel","Bruxelles","Arrondissement Brussel-Hoofdstad","Arrondissement de Bruxelles-Capitale",NA,NA,"Brussels Hoofdstedelijk Gewest","Région de Bruxelles-Capitale","<5"
"2020-05-16","21005","Etterbeek","Etterbeek","Arrondissement Brussel-Hoofdstad","Arrondissement de Bruxelles-Capitale",NA,NA,"Brussels Hoofdstedelijk Gewest","Région de Bruxelles-Capitale","<5"
"2020-05-16","21006","Evere","Evere","Arrondissement Brussel-Hoofdstad","Arrondissement de Bruxelles-Capitale",NA,NA,"Brussels Hoofdstedelijk Gewest","Région de Bruxelles-Capitale","<5"
"2020-05-16","21007","Vorst (Brussel-Hoofdstad)","Forest (Bruxelles-Capitale)","Arrondissement Brussel-Hoofdstad","Arrondissement de Bruxelles-Capitale",NA,NA,"Brussels Hoofdstedelijk Gewest","Région de Bruxelles-Capitale","<5"
"2020-05-16","21009","Elsene","Ixelles","Arrondissement Brussel-Hoofdstad","Arrondissement de Bruxelles-Capitale",NA,NA,"Brussels Hoofdstedelijk Gewest","Région de Bruxelles-Capitale","<5"
"2020-05-16","21010","Jette","Jette","Arrondissement Brussel-Hoofdstad","Arrondissement de Bruxelles-Capitale",NA,NA,"Brussels Hoofdstedelijk Gewest","Région de Bruxelles-Capitale","<5"
"2020-05-16","21011","Koekelberg","Koekelberg","Arrondissement Brussel-Hoofdstad","Arrondissement de Bruxelles-Capitale",NA,NA,"Brussels Hoofdstedelijk Gewest","Région de Bruxelles-Capitale","<5"
"2020-05-16","21012","Sint-Jans-Molenbeek","Molenbeek-Saint-Jean","Arrondissement Brussel-Hoofdstad","Arrondissement de Bruxelles-Capitale",NA,NA,"Brussels Hoofdstedelijk Gewest","Région de Bruxelles-Capitale","<5"
"2020-05-16","21015","Schaarbeek","Schaerbeek","Arrondissement Brussel-Hoofdstad","Arrondissement de Bruxelles-Capitale",NA,NA,"Brussels Hoofdstedelijk Gewest","Région de Bruxelles-Capitale","<5"
"2020-05-16","21016","Ukkel","Uccle","Arrondissement Brussel-Hoofdstad","Arrondissement de Bruxelles-Capitale",NA,NA,"Brussels Hoofdstedelijk Gewest","Région de Bruxelles-Capitale","<5"
"2020-05-16","21019","Sint-Pieters-Woluwe","Woluwe-Saint-Pierre","Arrondissement Brussel-Hoofdstad","Arrondissement de Bruxelles-Capitale",NA,NA,"Brussels Hoofdstedelijk Gewest","Région de Bruxelles-Capitale","<5"
"2020-05-16","23016","Dilbeek","Dilbeek","Arrondissement Halle-Vilvoorde","Arrondissement de Hal-Vilvorde","Provincie Vlaams-Brabant","Province du Brabant flamand","Vlaams Gewest","Région flamande","<5"
"2020-05-16","23052","Merchtem","Merchtem","Arrondissement Halle-Vilvoorde","Arrondissement de Hal-Vilvorde","Provincie Vlaams-Brabant","Province du Brabant flamand","Vlaams Gewest","Région flamande","<5"
"2020-05-16","23060","Opwijk","Opwijk","Arrondissement Halle-Vilvoorde","Arrondissement de Hal-Vilvorde","Provincie Vlaams-Brabant","Province du Brabant flamand","Vlaams Gewest","Région flamande","<5"
"2020-05-16","23094","Zaventem","Zaventem","Arrondissement Halle-Vilvoorde","Arrondissement de Hal-Vilvorde","Provincie Vlaams-Brabant","Province du Brabant flamand","Vlaams Gewest","Région flamande","<5"
"2020-05-16","24007","Begijnendijk","Begijnendijk","Arrondissement Leuven","Arrondissement de Louvain","Provincie Vlaams-Brabant","Province du Brabant flamand","Vlaams Gewest","Région flamande","<5"
"2020-05-16","24045","Huldenberg","Huldenberg","Arrondissement Leuven","Arrondissement de Louvain","Provincie Vlaams-Brabant","Province du Brabant flamand","Vlaams Gewest","Région flamande","<5"
"2020-05-16","24062","Leuven","Louvain","Arrondissement Leuven","Arrondissement de Louvain","Provincie Vlaams-Brabant","Province du Brabant flamand","Vlaams Gewest","Région flamande","<5"
"2020-05-16","25014","Eigenbrakel","Braine-l’Alleud","Arrondissement Nijvel","Arrondissement de Nivelles","Provincie Waals-Brabant","Province du Brabant wallon","Waals Gewest","Région wallonne","<5"
"2020-05-16","25037","Graven","Grez-Doiceau","Arrondissement Nijvel","Arrondissement de Nivelles","Provincie Waals-Brabant","Province du Brabant wallon","Waals Gewest","Région wallonne","<5"
"2020-05-16","25048","Geldenaken","Jodoigne","Arrondissement Nijvel","Arrondissement de Nivelles","Provincie Waals-Brabant","Province du Brabant wallon","Waals Gewest","Région wallonne","<5"
"2020-05-16","25121","Ottignies-Louvain-la-Neuve","Ottignies-Louvain-la-Neuve","Arrondissement Nijvel","Arrondissement de Nivelles","Provincie Waals-Brabant","Province du Brabant wallon","Waals Gewest","Région wallonne","<5"
"2020-05-16","31005","Brugge","Bruges","Arrondissement Brugge","Arrondissement de Bruges","Provincie West-Vlaanderen","Province de Flandre occidentale","Vlaams Gewest","Région flamande","<5"
"2020-05-16","31006","Damme","Damme","Arrondissement Brugge","Arrondissement de Bruges","Provincie West-Vlaanderen","Province de Flandre occidentale","Vlaams Gewest","Région flamande","<5"
"2020-05-16","31012","Jabbeke","Jabbeke","Arrondissement Brugge","Arrondissement de Bruges","Provincie West-Vlaanderen","Province de Flandre occidentale","Vlaams Gewest","Région flamande","<5"
"2020-05-16","31033","Torhout","Torhout","Arrondissement Brugge","Arrondissement de Bruges","Provincie West-Vlaanderen","Province de Flandre occidentale","Vlaams Gewest","Région flamande","<5"
"2020-05-16","31040","Zedelgem","Zedelgem","Arrondissement Brugge","Arrondissement de Bruges","Provincie West-Vlaanderen","Province de Flandre occidentale","Vlaams Gewest","Région flamande","<5"
"2020-05-16","33021","Poperinge","Poperinge","Arrondissement Ieper","Arrondissement d’Ypres","Provincie West-Vlaanderen","Province de Flandre occidentale","Vlaams Gewest","Région flamande","<5"
"2020-05-16","33029","Wervik","Wervik","Arrondissement Ieper","Arrondissement d’Ypres","Provincie West-Vlaanderen","Province de Flandre occidentale","Vlaams Gewest","Région flamande","<5"
"2020-05-16","33037","Zonnebeke","Zonnebeke","Arrondissement Ieper","Arrondissement d’Ypres","Provincie West-Vlaanderen","Province de Flandre occidentale","Vlaams Gewest","Région flamande","<5"
"2020-05-16","33039","Heuvelland","Heuvelland","Arrondissement Ieper","Arrondissement d’Ypres","Provincie West-Vlaanderen","Province de Flandre occidentale","Vlaams Gewest","Région flamande","<5"
"2020-05-16","34027","Menen","Menin","Arrondissement Kortrijk","Arrondissement de Courtrai","Provincie West-Vlaanderen","Province de Flandre occidentale","Vlaams Gewest","Région flamande","<5"
"2020-05-16","34041","Wevelgem","Wevelgem","Arrondissement Kortrijk","Arrondissement de Courtrai","Provincie West-Vlaanderen","Province de Flandre occidentale","Vlaams Gewest","Région flamande","<5"
"2020-05-16","35006","Ichtegem","Ichtegem","Arrondissement Oostende","Arrondissement d’Ostende","Provincie West-Vlaanderen","Province de Flandre occidentale","Vlaams Gewest","Région flamande","<5"
"2020-05-16","36007","Ingelmunster","Ingelmunster","Arrondissement Roeselare","Arrondissement de Roulers","Provincie West-Vlaanderen","Province de Flandre occidentale","Vlaams Gewest","Région flamande","<5"
"2020-05-16","36008","Izegem","Izegem","Arrondissement Roeselare","Arrondissement de Roulers","Provincie West-Vlaanderen","Province de Flandre occidentale","Vlaams Gewest","Région flamande","<5"
"2020-05-16","36015","Roeselare","Roulers","Arrondissement Roeselare","Arrondissement de Roulers","Provincie West-Vlaanderen","Province de Flandre occidentale","Vlaams Gewest","Région flamande","<5"
"2020-05-16","37002","Dentergem","Dentergem","Arrondissement Tielt","Arrondissement de Tielt","Provincie West-Vlaanderen","Province de Flandre occidentale","Vlaams Gewest","Région flamande","<5"
"2020-05-16","37015","Tielt (Tielt)","Tielt (Tielt)","Arrondissement Tielt","Arrondissement de Tielt","Provincie West-Vlaanderen","Province de Flandre occidentale","Vlaams Gewest","Région flamande","<5"
"2020-05-16","41002","Aalst (Aalst)","Alost (Alost)","Arrondissement Aalst","Arrondissement d’Alost","Provincie Oost-Vlaanderen","Province de Flandre orientale","Vlaams Gewest","Région flamande","<5"
"2020-05-16","42006","Dendermonde","Termonde","Arrondissement Dendermonde","Arrondissement de Termonde","Provincie Oost-Vlaanderen","Province de Flandre orientale","Vlaams Gewest","Région flamande","<5"
"2020-05-16","42008","Hamme (Dendermonde)","Hamme (Termonde)","Arrondissement Dendermonde","Arrondissement de Termonde","Provincie Oost-Vlaanderen","Province de Flandre orientale","Vlaams Gewest","Région flamande","<5"
"2020-05-16","43005","Eeklo","Eeklo","Arrondissement Eeklo","Arrondissement d’Eeklo","Provincie Oost-Vlaanderen","Province de Flandre orientale","Vlaams Gewest","Région flamande","<5"
"2020-05-16","43010","Maldegem","Maldegem","Arrondissement Eeklo","Arrondissement d’Eeklo","Provincie Oost-Vlaanderen","Province de Flandre orientale","Vlaams Gewest","Région flamande","<5"
"2020-05-16","44021","Gent","Gand","Arrondissement Gent","Arrondissement de Gand","Provincie Oost-Vlaanderen","Province de Flandre orientale","Vlaams Gewest","Région flamande","<5"
"2020-05-16","44084","Aalter","Aalter","Arrondissement Gent","Arrondissement de Gand","Provincie Oost-Vlaanderen","Province de Flandre orientale","Vlaams Gewest","Région flamande","<5"
"2020-05-16","44085","Lievegem","Lievegem","Arrondissement Gent","Arrondissement de Gand","Provincie Oost-Vlaanderen","Province de Flandre orientale","Vlaams Gewest","Région flamande","<5"
"2020-05-16","45041","Ronse","Renaix","Arrondissement Oudenaarde","Arrondissement d’Audenarde","Provincie Oost-Vlaanderen","Province de Flandre orientale","Vlaams Gewest","Région flamande","<5"
"2020-05-16","45061","Wortegem-Petegem","Wortegem-Petegem","Arrondissement Oudenaarde","Arrondissement d’Audenarde","Provincie Oost-Vlaanderen","Province de Flandre orientale","Vlaams Gewest","Région flamande","<5"
"2020-05-16","46003","Beveren (Sint-Niklaas)","Beveren (Saint-Nicolas)","Arrondissement Sint-Niklaas","Arrondissement de Saint-Nicolas","Provincie Oost-Vlaanderen","Province de Flandre orientale","Vlaams Gewest","Région flamande","<5"
"2020-05-16","46021","Sint-Niklaas (Sint-Niklaas)","Saint-Nicolas (Saint-Nicolas)","Arrondissement Sint-Niklaas","Arrondissement de Saint-Nicolas","Provincie Oost-Vlaanderen","Province de Flandre orientale","Vlaams Gewest","Région flamande","<5"
"2020-05-16","46025","Temse","Tamise","Arrondissement Sint-Niklaas","Arrondissement de Saint-Nicolas","Provincie Oost-Vlaanderen","Province de Flandre orientale","Vlaams Gewest","Région flamande","<5"
"2020-05-16","52011","Charleroi","Charleroi","Arrondissement Charleroi","Arrondissement de Charleroi","Provincie Henegouwen","Province du Hainaut","Waals Gewest","Région wallonne","<5"
"2020-05-16","52022","Fontaine-l’Evêque","Fontaine-l’Evêque","Arrondissement Charleroi","Arrondissement de Charleroi","Provincie Henegouwen","Province du Hainaut","Waals Gewest","Région wallonne","<5"
"2020-05-16","53044","Jurbeke","Jurbise","Arrondissement Bergen","Arrondissement de Mons","Provincie Henegouwen","Province du Hainaut","Waals Gewest","Région wallonne","<5"
"2020-05-16","55004","’s Gravenbrakel","Braine-le-Comte","Arrondissement Zinnik","Arrondissement de Soignies","Provincie Henegouwen","Province du Hainaut","Waals Gewest","Région wallonne","<5"
"2020-05-16","56078","Thuin","Thuin","Arrondissement Thuin","Arrondissement de Thuin","Provincie Henegouwen","Province du Hainaut","Waals Gewest","Région wallonne","<5"
"2020-05-16","57062","Pecq","Pecq","Arrondissement Doornik-Moeskroen","Arrondissement de Tournai-Mouscron","Provincie Henegouwen","Province du Hainaut","Waals Gewest","Région wallonne","<5"
"2020-05-16","57081","Doornik","Tournai","Arrondissement Doornik-Moeskroen","Arrondissement de Tournai-Mouscron","Provincie Henegouwen","Province du Hainaut","Waals Gewest","Région wallonne","<5"
"2020-05-16","57096","Moeskroen","Mouscron","Arrondissement Doornik-Moeskroen","Arrondissement de Tournai-Mouscron","Provincie Henegouwen","Province du Hainaut","Waals Gewest","Région wallonne","<5"
"2020-05-16","58001","La Louvière","La Louvière","Arrondissement La Louvière","Arrondissement de La Louvière","Provincie Henegouwen","Province du Hainaut","Waals Gewest","Région wallonne","<5"
"2020-05-16","61031","Hoei","Huy","Arrondissement Hoei","Arrondissement de Huy","Provincie Luik","Province de Liège","Waals Gewest","Région wallonne","<5"
"2020-05-16","62006","Awans","Awans","Arrondissement Luik","Arrondissement de Liège","Provincie Luik","Province de Liège","Waals Gewest","Région wallonne","<5"
"2020-05-16","62051","Herstal","Herstal","Arrondissement Luik","Arrondissement de Liège","Provincie Luik","Province de Liège","Waals Gewest","Région wallonne","<5"
"2020-05-16","62063","Luik","Liège","Arrondissement Luik","Arrondissement de Liège","Provincie Luik","Province de Liège","Waals Gewest","Région wallonne","<5"
"2020-05-16","62093","Saint-Nicolas (Luik)","Saint-Nicolas (Liège)","Arrondissement Luik","Arrondissement de Liège","Provincie Luik","Province de Liège","Waals Gewest","Région wallonne","<5"
"2020-05-16","62100","Sprimont","Sprimont","Arrondissement Luik","Arrondissement de Liège","Provincie Luik","Province de Liège","Waals Gewest","Région wallonne","<5"
"2020-05-16","62118","Grâce-Hollogne","Grâce-Hollogne","Arrondissement Luik","Arrondissement de Liège","Provincie Luik","Province de Liège","Waals Gewest","Région wallonne","<5"
"2020-05-16","62120","Flémalle","Flémalle","Arrondissement Luik","Arrondissement de Liège","Provincie Luik","Province de Liège","Waals Gewest","Région wallonne","<5"
"2020-05-16","63067","Sankt Vith","Saint-Vith","Arrondissement Verviers","Arrondissement de Verviers","Provincie Luik","Province de Liège","Waals Gewest","Région wallonne","<5"
"2020-05-16","63084","Welkenraedt","Welkenraedt","Arrondissement Verviers","Arrondissement de Verviers","Provincie Luik","Province de Liège","Waals Gewest","Région wallonne","<5"
"2020-05-16","71022","Hasselt","Hasselt","Arrondissement Hasselt","Arrondissement de Hasselt","Provincie Limburg","Province du Limbourg","Vlaams Gewest","Région flamande","<5"
"2020-05-16","71067","Zutendaal","Zutendaal","Arrondissement Hasselt","Arrondissement de Hasselt","Provincie Limburg","Province du Limbourg","Vlaams Gewest","Région flamande","<5"
"2020-05-16","71070","Heusden-Zolder","Heusden-Zolder","Arrondissement Hasselt","Arrondissement de Hasselt","Provincie Limburg","Province du Limbourg","Vlaams Gewest","Région flamande","<5"
"2020-05-16","72004","Bree","Bree","Arrondissement Maaseik","Arrondissement de Maaseik","Provincie Limburg","Province du Limbourg","Vlaams Gewest","Région flamande","<5"
"2020-05-16","72039","Houthalen-Helchteren","Houthalen-Helchteren","Arrondissement Maaseik","Arrondissement de Maaseik","Provincie Limburg","Province du Limbourg","Vlaams Gewest","Région flamande","<5"
"2020-05-16","72042","Oudsbergen","Oudsbergen","Arrondissement Maaseik","Arrondissement de Maaseik","Provincie Limburg","Province du Limbourg","Vlaams Gewest","Région flamande","<5"
"2020-05-16","73001","Alken","Alken","Arrondissement Tongeren","Arrondissement de Tongres","Provincie Limburg","Province du Limbourg","Vlaams Gewest","Région flamande","<5"
"2020-05-16","73032","Hoeselt","Hoeselt","Arrondissement Tongeren","Arrondissement de Tongres","Provincie Limburg","Province du Limbourg","Vlaams Gewest","Région flamande","<5"
"2020-05-16","81001","Aarlen","Arlon","Arrondissement Aarlen","Arrondissement d’Arlon","Provincie Luxemburg","Province du Luxembourg","Waals Gewest","Région wallonne","<5"
"2020-05-16","84077","Libramont-Chevigny","Libramont-Chevigny","Arrondissement Neufchâteau","Arrondissement de Neufchâteau","Provincie Luxemburg","Province du Luxembourg","Waals Gewest","Région wallonne","<5"
"2020-05-16","92094","Namen","Namur","Arrondissement Namen","Arrondissement de Namur","Provincie Namen","Province de Namur","Waals Gewest","Région wallonne","<5"
"2020-05-16","92101","Profondeville","Profondeville","Arrondissement Namen","Arrondissement de Namur","Provincie Namen","Province de Namur","Waals Gewest","Région wallonne","<5"
"2020-05-16","92142","Gembloux","Gembloux","Arrondissement Namen","Arrondissement de Namur","Provincie Namen","Province de Namur","Waals Gewest","Région wallonne","<5"
"2020-05-17","11002","Antwerpen","Anvers","Arrondissement Antwerpen","Arrondissement d’Anvers","Provincie Antwerpen","Province d’Anvers","Vlaams Gewest","Région flamande","<5"
"2020-05-17","11008","Brasschaat","Brasschaat","Arrondissement Antwerpen","Arrondissement d’Anvers","Provincie Antwerpen","Province d’Anvers","Vlaams Gewest","Région flamande","<5"
"2020-05-17","11009","Brecht","Brecht","Arrondissement Antwerpen","Arrondissement d’Anvers","Provincie Antwerpen","Province d’Anvers","Vlaams Gewest","Région flamande","<5"
"2020-05-17","11013","Edegem","Edegem","Arrondissement Antwerpen","Arrondissement d’Anvers","Provincie Antwerpen","Province d’Anvers","Vlaams Gewest","Région flamande","<5"
"2020-05-17","11029","Mortsel","Mortsel","Arrondissement Antwerpen","Arrondissement d’Anvers","Provincie Antwerpen","Province d’Anvers","Vlaams Gewest","Région flamande","<5"
"2020-05-17","11037","Rumst","Rumst","Arrondissement Antwerpen","Arrondissement d’Anvers","Provincie Antwerpen","Province d’Anvers","Vlaams Gewest","Région flamande","<5"
"2020-05-17","11052","Wommelgem","Wommelgem","Arrondissement Antwerpen","Arrondissement d’Anvers","Provincie Antwerpen","Province d’Anvers","Vlaams Gewest","Région flamande","<5"
"2020-05-17","12005","Bonheiden","Bonheiden","Arrondissement Mechelen","Arrondissement de Malines","Provincie Antwerpen","Province d’Anvers","Vlaams Gewest","Région flamande","<5"
"2020-05-17","12025","Mechelen","Malines","Arrondissement Mechelen","Arrondissement de Malines","Provincie Antwerpen","Province d’Anvers","Vlaams Gewest","Région flamande","<5"
"2020-05-17","12041","Puurs-Sint-Amands","Puurs-Sint-Amands","Arrondissement Mechelen","Arrondissement de Malines","Provincie Antwerpen","Province d’Anvers","Vlaams Gewest","Région flamande","<5"
"2020-05-17","13035","Ravels","Ravels","Arrondissement Turnhout","Arrondissement de Turnhout","Provincie Antwerpen","Province d’Anvers","Vlaams Gewest","Région flamande","<5"
"2020-05-17","13040","Turnhout","Turnhout","Arrondissement Turnhout","Arrondissement de Turnhout","Provincie Antwerpen","Province d’Anvers","Vlaams Gewest","Région flamande","<5"
"2020-05-17","13044","Vorselaar","Vorselaar","Arrondissement Turnhout","Arrondissement de Turnhout","Provincie Antwerpen","Province d’Anvers","Vlaams Gewest","Région flamande","<5"
"2020-05-17","13049","Westerlo","Westerlo","Arrondissement Turnhout","Arrondissement de Turnhout","Provincie Antwerpen","Province d’Anvers","Vlaams Gewest","Région flamande","<5"
"2020-05-17","21004","Brussel","Bruxelles","Arrondissement Brussel-Hoofdstad","Arrondissement de Bruxelles-Capitale",NA,NA,"Brussels Hoofdstedelijk Gewest","Région de Bruxelles-Capitale","<5"
"2020-05-17","21009","Elsene","Ixelles","Arrondissement Brussel-Hoofdstad","Arrondissement de Bruxelles-Capitale",NA,NA,"Brussels Hoofdstedelijk Gewest","Région de Bruxelles-Capitale","<5"
"2020-05-17","21011","Koekelberg","Koekelberg","Arrondissement Brussel-Hoofdstad","Arrondissement de Bruxelles-Capitale",NA,NA,"Brussels Hoofdstedelijk Gewest","Région de Bruxelles-Capitale","<5"
"2020-05-17","21015","Schaarbeek","Schaerbeek","Arrondissement Brussel-Hoofdstad","Arrondissement de Bruxelles-Capitale",NA,NA,"Brussels Hoofdstedelijk Gewest","Région de Bruxelles-Capitale","<5"
"2020-05-17","23023","Galmaarden","Gammerages","Arrondissement Halle-Vilvoorde","Arrondissement de Hal-Vilvorde","Provincie Vlaams-Brabant","Province du Brabant flamand","Vlaams Gewest","Région flamande","<5"
"2020-05-17","23032","Herne","Herne","Arrondissement Halle-Vilvoorde","Arrondissement de Hal-Vilvorde","Provincie Vlaams-Brabant","Province du Brabant flamand","Vlaams Gewest","Région flamande","<5"
"2020-05-17","23099","Kraainem","Kraainem","Arrondissement Halle-Vilvoorde","Arrondissement de Hal-Vilvorde","Provincie Vlaams-Brabant","Province du Brabant flamand","Vlaams Gewest","Région flamande","<5"
"2020-05-17","24007","Begijnendijk","Begijnendijk","Arrondissement Leuven","Arrondissement de Louvain","Provincie Vlaams-Brabant","Province du Brabant flamand","Vlaams Gewest","Région flamande","<5"
"2020-05-17","24020","Diest","Diest","Arrondissement Leuven","Arrondissement de Louvain","Provincie Vlaams-Brabant","Province du Brabant flamand","Vlaams Gewest","Région flamande","<5"
"2020-05-17","24038","Herent","Herent","Arrondissement Leuven","Arrondissement de Louvain","Provincie Vlaams-Brabant","Province du Brabant flamand","Vlaams Gewest","Région flamande","<5"
"2020-05-17","24055","Kortenberg","Kortenberg","Arrondissement Leuven","Arrondissement de Louvain","Provincie Vlaams-Brabant","Province du Brabant flamand","Vlaams Gewest","Région flamande","<5"
"2020-05-17","25105","Tubeke","Tubize","Arrondissement Nijvel","Arrondissement de Nivelles","Provincie Waals-Brabant","Province du Brabant wallon","Waals Gewest","Région wallonne","<5"
"2020-05-17","25121","Ottignies-Louvain-la-Neuve","Ottignies-Louvain-la-Neuve","Arrondissement Nijvel","Arrondissement de Nivelles","Provincie Waals-Brabant","Province du Brabant wallon","Waals Gewest","Région wallonne","<5"
"2020-05-17","31003","Beernem","Beernem","Arrondissement Brugge","Arrondissement de Bruges","Provincie West-Vlaanderen","Province de Flandre occidentale","Vlaams Gewest","Région flamande","<5"
"2020-05-17","31022","Oostkamp","Oostkamp","Arrondissement Brugge","Arrondissement de Bruges","Provincie West-Vlaanderen","Province de Flandre occidentale","Vlaams Gewest","Région flamande","<5"
"2020-05-17","31040","Zedelgem","Zedelgem","Arrondissement Brugge","Arrondissement de Bruges","Provincie West-Vlaanderen","Province de Flandre occidentale","Vlaams Gewest","Région flamande","<5"
"2020-05-17","32003","Diksmuide","Dixmude","Arrondissement Diksmuide","Arrondissement de Dixmude","Provincie West-Vlaanderen","Province de Flandre occidentale","Vlaams Gewest","Région flamande","<5"
"2020-05-17","33011","Ieper","Ypres","Arrondissement Ieper","Arrondissement d’Ypres","Provincie West-Vlaanderen","Province de Flandre occidentale","Vlaams Gewest","Région flamande","<5"
"2020-05-17","34003","Avelgem","Avelgem","Arrondissement Kortrijk","Arrondissement de Courtrai","Provincie West-Vlaanderen","Province de Flandre occidentale","Vlaams Gewest","Région flamande","<5"
"2020-05-17","34022","Kortrijk","Courtrai","Arrondissement Kortrijk","Arrondissement de Courtrai","Provincie West-Vlaanderen","Province de Flandre occidentale","Vlaams Gewest","Région flamande","<5"
"2020-05-17","34025","Lendelede","Lendelede","Arrondissement Kortrijk","Arrondissement de Courtrai","Provincie West-Vlaanderen","Province de Flandre occidentale","Vlaams Gewest","Région flamande","<5"
"2020-05-17","35006","Ichtegem","Ichtegem","Arrondissement Oostende","Arrondissement d’Ostende","Provincie West-Vlaanderen","Province de Flandre occidentale","Vlaams Gewest","Région flamande","<5"
"2020-05-17","35013","Oostende","Ostende","Arrondissement Oostende","Arrondissement d’Ostende","Provincie West-Vlaanderen","Province de Flandre occidentale","Vlaams Gewest","Région flamande","<5"
"2020-05-17","36012","Moorslede","Moorslede","Arrondissement Roeselare","Arrondissement de Roulers","Provincie West-Vlaanderen","Province de Flandre occidentale","Vlaams Gewest","Région flamande","<5"
"2020-05-17","36015","Roeselare","Roulers","Arrondissement Roeselare","Arrondissement de Roulers","Provincie West-Vlaanderen","Province de Flandre occidentale","Vlaams Gewest","Région flamande","<5"
"2020-05-17","37015","Tielt (Tielt)","Tielt (Tielt)","Arrondissement Tielt","Arrondissement de Tielt","Provincie West-Vlaanderen","Province de Flandre occidentale","Vlaams Gewest","Région flamande","<5"
"2020-05-17","42008","Hamme (Dendermonde)","Hamme (Termonde)","Arrondissement Dendermonde","Arrondissement de Termonde","Provincie Oost-Vlaanderen","Province de Flandre orientale","Vlaams Gewest","Région flamande","<5"
"2020-05-17","42028","Zele","Zele","Arrondissement Dendermonde","Arrondissement de Termonde","Provincie Oost-Vlaanderen","Province de Flandre orientale","Vlaams Gewest","Région flamande","<5"
"2020-05-17","45035","Oudenaarde","Audenarde","Arrondissement Oudenaarde","Arrondissement d’Audenarde","Provincie Oost-Vlaanderen","Province de Flandre orientale","Vlaams Gewest","Région flamande","<5"
"2020-05-17","46021","Sint-Niklaas (Sint-Niklaas)","Saint-Nicolas (Saint-Nicolas)","Arrondissement Sint-Niklaas","Arrondissement de Saint-Nicolas","Provincie Oost-Vlaanderen","Province de Flandre orientale","Vlaams Gewest","Région flamande","<5"
"2020-05-17","52025","Gerpinnes","Gerpinnes","Arrondissement Charleroi","Arrondissement de Charleroi","Provincie Henegouwen","Province du Hainaut","Waals Gewest","Région wallonne","<5"
"2020-05-17","52074","Aiseau-Presles","Aiseau-Presles","Arrondissement Charleroi","Arrondissement de Charleroi","Provincie Henegouwen","Province du Hainaut","Waals Gewest","Région wallonne","<5"
"2020-05-17","55086","Manage","Manage","Arrondissement Zinnik","Arrondissement de Soignies","Provincie Henegouwen","Province du Hainaut","Waals Gewest","Région wallonne","<5"
"2020-05-17","57096","Moeskroen","Mouscron","Arrondissement Doornik-Moeskroen","Arrondissement de Tournai-Mouscron","Provincie Henegouwen","Province du Hainaut","Waals Gewest","Région wallonne","<5"
"2020-05-17","58002","Binche","Binche","Arrondissement La Louvière","Arrondissement de La Louvière","Provincie Henegouwen","Province du Hainaut","Waals Gewest","Région wallonne","<5"
"2020-05-17","62027","Dalhem","Dalhem","Arrondissement Luik","Arrondissement de Liège","Provincie Luik","Province de Liège","Waals Gewest","Région wallonne","<5"
"2020-05-17","62051","Herstal","Herstal","Arrondissement Luik","Arrondissement de Liège","Provincie Luik","Province de Liège","Waals Gewest","Région wallonne","<5"
"2020-05-17","62079","Oupeye","Oupeye","Arrondissement Luik","Arrondissement de Liège","Provincie Luik","Province de Liège","Waals Gewest","Région wallonne","<5"
"2020-05-17","62119","Blegny","Blegny","Arrondissement Luik","Arrondissement de Liège","Provincie Luik","Province de Liège","Waals Gewest","Région wallonne","<5"
"2020-05-17","71053","Sint-Truiden","Saint-Trond","Arrondissement Hasselt","Arrondissement de Hasselt","Provincie Limburg","Province du Limbourg","Vlaams Gewest","Région flamande","<5"
"2020-05-17","71067","Zutendaal","Zutendaal","Arrondissement Hasselt","Arrondissement de Hasselt","Provincie Limburg","Province du Limbourg","Vlaams Gewest","Région flamande","<5"
"2020-05-17","71070","Heusden-Zolder","Heusden-Zolder","Arrondissement Hasselt","Arrondissement de Hasselt","Provincie Limburg","Province du Limbourg","Vlaams Gewest","Région flamande","<5"
"2020-05-17","72039","Houthalen-Helchteren","Houthalen-Helchteren","Arrondissement Maaseik","Arrondissement de Maaseik","Provincie Limburg","Province du Limbourg","Vlaams Gewest","Région flamande","<5"
"2020-05-17","72041","Dilsen-Stokkem","Dilsen-Stokkem","Arrondissement Maaseik","Arrondissement de Maaseik","Provincie Limburg","Province du Limbourg","Vlaams Gewest","Région flamande","<5"
"2020-05-17","92048","Fosses-la-Ville","Fosses-la-Ville","Arrondissement Namen","Arrondissement de Namur","Provincie Namen","Province de Namur","Waals Gewest","Région wallonne","<5"
"2020-05-18","11002","Antwerpen","Anvers","Arrondissement Antwerpen","Arrondissement d’Anvers","Provincie Antwerpen","Province d’Anvers","Vlaams Gewest","Région flamande","26"
"2020-05-18","11005","Boom","Boom","Arrondissement Antwerpen","Arrondissement d’Anvers","Provincie Antwerpen","Province d’Anvers","Vlaams Gewest","Région flamande","<5"
"2020-05-18","11007","Borsbeek","Borsbeek","Arrondissement Antwerpen","Arrondissement d’Anvers","Provincie Antwerpen","Province d’Anvers","Vlaams Gewest","Région flamande","<5"
"2020-05-18","11013","Edegem","Edegem","Arrondissement Antwerpen","Arrondissement d’Anvers","Provincie Antwerpen","Province d’Anvers","Vlaams Gewest","Région flamande","<5"
"2020-05-18","11016","Essen","Essen","Arrondissement Antwerpen","Arrondissement d’Anvers","Provincie Antwerpen","Province d’Anvers","Vlaams Gewest","Région flamande","<5"
"2020-05-18","11022","Kalmthout","Kalmthout","Arrondissement Antwerpen","Arrondissement d’Anvers","Provincie Antwerpen","Province d’Anvers","Vlaams Gewest","Région flamande","<5"
"2020-05-18","11023","Kapellen (Antwerpen)","Kapellen (Anvers)","Arrondissement Antwerpen","Arrondissement d’Anvers","Provincie Antwerpen","Province d’Anvers","Vlaams Gewest","Région flamande","5"
"2020-05-18","11024","Kontich","Kontich","Arrondissement Antwerpen","Arrondissement d’Anvers","Provincie Antwerpen","Province d’Anvers","Vlaams Gewest","Région flamande","<5"
"2020-05-18","11029","Mortsel","Mortsel","Arrondissement Antwerpen","Arrondissement d’Anvers","Provincie Antwerpen","Province d’Anvers","Vlaams Gewest","Région flamande","<5"
"2020-05-18","11030","Niel","Niel","Arrondissement Antwerpen","Arrondissement d’Anvers","Provincie Antwerpen","Province d’Anvers","Vlaams Gewest","Région flamande","<5"
"2020-05-18","11037","Rumst","Rumst","Arrondissement Antwerpen","Arrondissement d’Anvers","Provincie Antwerpen","Province d’Anvers","Vlaams Gewest","Région flamande","<5"
"2020-05-18","11040","Schoten","Schoten","Arrondissement Antwerpen","Arrondissement d’Anvers","Provincie Antwerpen","Province d’Anvers","Vlaams Gewest","Région flamande","<5"
"2020-05-18","11044","Stabroek","Stabroek","Arrondissement Antwerpen","Arrondissement d’Anvers","Provincie Antwerpen","Province d’Anvers","Vlaams Gewest","Région flamande","<5"
"2020-05-18","11053","Wuustwezel","Wuustwezel","Arrondissement Antwerpen","Arrondissement d’Anvers","Provincie Antwerpen","Province d’Anvers","Vlaams Gewest","Région flamande","<5"
"2020-05-18","11055","Zoersel","Zoersel","Arrondissement Antwerpen","Arrondissement d’Anvers","Provincie Antwerpen","Province d’Anvers","Vlaams Gewest","Région flamande","<5"
"2020-05-18","12025","Mechelen","Malines","Arrondissement Mechelen","Arrondissement de Malines","Provincie Antwerpen","Province d’Anvers","Vlaams Gewest","Région flamande","<5"
"2020-05-18","12041","Puurs-Sint-Amands","Puurs-Sint-Amands","Arrondissement Mechelen","Arrondissement de Malines","Provincie Antwerpen","Province d’Anvers","Vlaams Gewest","Région flamande","<5"
"2020-05-18","13001","Arendonk","Arendonk","Arrondissement Turnhout","Arrondissement de Turnhout","Provincie Antwerpen","Province d’Anvers","Vlaams Gewest","Région flamande","<5"
"2020-05-18","13003","Balen","Balen","Arrondissement Turnhout","Arrondissement de Turnhout","Provincie Antwerpen","Province d’Anvers","Vlaams Gewest","Région flamande","<5"
"2020-05-18","13025","Mol","Mol","Arrondissement Turnhout","Arrondissement de Turnhout","Provincie Antwerpen","Province d’Anvers","Vlaams Gewest","Région flamande","<5"
"2020-05-18","13031","Oud-Turnhout","Oud-Turnhout","Arrondissement Turnhout","Arrondissement de Turnhout","Provincie Antwerpen","Province d’Anvers","Vlaams Gewest","Région flamande","7"
"2020-05-18","13036","Retie","Retie","Arrondissement Turnhout","Arrondissement de Turnhout","Provincie Antwerpen","Province d’Anvers","Vlaams Gewest","Région flamande","<5"
"2020-05-18","13037","Rijkevorsel","Rijkevorsel","Arrondissement Turnhout","Arrondissement de Turnhout","Provincie Antwerpen","Province d’Anvers","Vlaams Gewest","Région flamande","<5"
"2020-05-18","13040","Turnhout","Turnhout","Arrondissement Turnhout","Arrondissement de Turnhout","Provincie Antwerpen","Province d’Anvers","Vlaams Gewest","Région flamande","<5"
"2020-05-18","13046","Vosselaar","Vosselaar","Arrondissement Turnhout","Arrondissement de Turnhout","Provincie Antwerpen","Province d’Anvers","Vlaams Gewest","Région flamande","<5"
"2020-05-18","21001","Anderlecht","Anderlecht","Arrondissement Brussel-Hoofdstad","Arrondissement de Bruxelles-Capitale",NA,NA,"Brussels Hoofdstedelijk Gewest","Région de Bruxelles-Capitale","5"
"2020-05-18","21002","Oudergem","Auderghem","Arrondissement Brussel-Hoofdstad","Arrondissement de Bruxelles-Capitale",NA,NA,"Brussels Hoofdstedelijk Gewest","Région de Bruxelles-Capitale","<5"
"2020-05-18","21004","Brussel","Bruxelles","Arrondissement Brussel-Hoofdstad","Arrondissement de Bruxelles-Capitale",NA,NA,"Brussels Hoofdstedelijk Gewest","Région de Bruxelles-Capitale","<5"
"2020-05-18","21005","Etterbeek","Etterbeek","Arrondissement Brussel-Hoofdstad","Arrondissement de Bruxelles-Capitale",NA,NA,"Brussels Hoofdstedelijk Gewest","Région de Bruxelles-Capitale","<5"
"2020-05-18","21006","Evere","Evere","Arrondissement Brussel-Hoofdstad","Arrondissement de Bruxelles-Capitale",NA,NA,"Brussels Hoofdstedelijk Gewest","Région de Bruxelles-Capitale","<5"
"2020-05-18","21007","Vorst (Brussel-Hoofdstad)","Forest (Bruxelles-Capitale)","Arrondissement Brussel-Hoofdstad","Arrondissement de Bruxelles-Capitale",NA,NA,"Brussels Hoofdstedelijk Gewest","Région de Bruxelles-Capitale","<5"
"2020-05-18","21008","Ganshoren","Ganshoren","Arrondissement Brussel-Hoofdstad","Arrondissement de Bruxelles-Capitale",NA,NA,"Brussels Hoofdstedelijk Gewest","Région de Bruxelles-Capitale","<5"
"2020-05-18","21009","Elsene","Ixelles","Arrondissement Brussel-Hoofdstad","Arrondissement de Bruxelles-Capitale",NA,NA,"Brussels Hoofdstedelijk Gewest","Région de Bruxelles-Capitale","<5"
"2020-05-18","21012","Sint-Jans-Molenbeek","Molenbeek-Saint-Jean","Arrondissement Brussel-Hoofdstad","Arrondissement de Bruxelles-Capitale",NA,NA,"Brussels Hoofdstedelijk Gewest","Région de Bruxelles-Capitale","5"
"2020-05-18","21013","Sint-Gillis","Saint-Gilles","Arrondissement Brussel-Hoofdstad","Arrondissement de Bruxelles-Capitale",NA,NA,"Brussels Hoofdstedelijk Gewest","Région de Bruxelles-Capitale","<5"
"2020-05-18","21015","Schaarbeek","Schaerbeek","Arrondissement Brussel-Hoofdstad","Arrondissement de Bruxelles-Capitale",NA,NA,"Brussels Hoofdstedelijk Gewest","Région de Bruxelles-Capitale","<5"
"2020-05-18","21019","Sint-Pieters-Woluwe","Woluwe-Saint-Pierre","Arrondissement Brussel-Hoofdstad","Arrondissement de Bruxelles-Capitale",NA,NA,"Brussels Hoofdstedelijk Gewest","Région de Bruxelles-Capitale","<5"
"2020-05-18","23016","Dilbeek","Dilbeek","Arrondissement Halle-Vilvoorde","Arrondissement de Hal-Vilvorde","Provincie Vlaams-Brabant","Province du Brabant flamand","Vlaams Gewest","Région flamande","<5"
"2020-05-18","23025","Grimbergen","Grimbergen","Arrondissement Halle-Vilvoorde","Arrondissement de Hal-Vilvorde","Provincie Vlaams-Brabant","Province du Brabant flamand","Vlaams Gewest","Région flamande","<5"
"2020-05-18","23027","Halle (Halle-Vilvoorde)","Hal (Hal-Vilvorde)","Arrondissement Halle-Vilvoorde","Arrondissement de Hal-Vilvorde","Provincie Vlaams-Brabant","Province du Brabant flamand","Vlaams Gewest","Région flamande","<5"
"2020-05-18","23052","Merchtem","Merchtem","Arrondissement Halle-Vilvoorde","Arrondissement de Hal-Vilvorde","Provincie Vlaams-Brabant","Province du Brabant flamand","Vlaams Gewest","Région flamande","<5"
"2020-05-18","23060","Opwijk","Opwijk","Arrondissement Halle-Vilvoorde","Arrondissement de Hal-Vilvorde","Provincie Vlaams-Brabant","Province du Brabant flamand","Vlaams Gewest","Région flamande","<5"
"2020-05-18","23062","Overijse","Overijse","Arrondissement Halle-Vilvoorde","Arrondissement de Hal-Vilvorde","Provincie Vlaams-Brabant","Province du Brabant flamand","Vlaams Gewest","Région flamande","<5"
"2020-05-18","23094","Zaventem","Zaventem","Arrondissement Halle-Vilvoorde","Arrondissement de Hal-Vilvorde","Provincie Vlaams-Brabant","Province du Brabant flamand","Vlaams Gewest","Région flamande","<5"
"2020-05-18","23102","Wemmel","Wemmel","Arrondissement Halle-Vilvoorde","Arrondissement de Hal-Vilvorde","Provincie Vlaams-Brabant","Province du Brabant flamand","Vlaams Gewest","Région flamande","<5"
"2020-05-18","23105","Affligem","Affligem","Arrondissement Halle-Vilvoorde","Arrondissement de Hal-Vilvorde","Provincie Vlaams-Brabant","Province du Brabant flamand","Vlaams Gewest","Région flamande","<5"
"2020-05-18","24028","Geetbets","Geetbets","Arrondissement Leuven","Arrondissement de Louvain","Provincie Vlaams-Brabant","Province du Brabant flamand","Vlaams Gewest","Région flamande","<5"
"2020-05-18","24043","Holsbeek","Holsbeek","Arrondissement Leuven","Arrondissement de Louvain","Provincie Vlaams-Brabant","Province du Brabant flamand","Vlaams Gewest","Région flamande","<5"
"2020-05-18","24054","Kortenaken","Kortenaken","Arrondissement Leuven","Arrondissement de Louvain","Provincie Vlaams-Brabant","Province du Brabant flamand","Vlaams Gewest","Région flamande","<5"
"2020-05-18","24062","Leuven","Louvain","Arrondissement Leuven","Arrondissement de Louvain","Provincie Vlaams-Brabant","Province du Brabant flamand","Vlaams Gewest","Région flamande","<5"
"2020-05-18","24135","Tielt-Winge","Tielt-Winge","Arrondissement Leuven","Arrondissement de Louvain","Provincie Vlaams-Brabant","Province du Brabant flamand","Vlaams Gewest","Région flamande","<5"
"2020-05-18","25031","Genepiën","Genappe","Arrondissement Nijvel","Arrondissement de Nivelles","Provincie Waals-Brabant","Province du Brabant wallon","Waals Gewest","Région wallonne","<5"
"2020-05-18","25091","Rixensart","Rixensart","Arrondissement Nijvel","Arrondissement de Nivelles","Provincie Waals-Brabant","Province du Brabant wallon","Waals Gewest","Région wallonne","<5"
"2020-05-18","25105","Tubeke","Tubize","Arrondissement Nijvel","Arrondissement de Nivelles","Provincie Waals-Brabant","Province du Brabant wallon","Waals Gewest","Région wallonne","<5"
"2020-05-18","25110","Waterloo","Waterloo","Arrondissement Nijvel","Arrondissement de Nivelles","Provincie Waals-Brabant","Province du Brabant wallon","Waals Gewest","Région wallonne","<5"
"2020-05-18","25121","Ottignies-Louvain-la-Neuve","Ottignies-Louvain-la-Neuve","Arrondissement Nijvel","Arrondissement de Nivelles","Provincie Waals-Brabant","Province du Brabant wallon","Waals Gewest","Région wallonne","<5"
"2020-05-18","25124","Walhain","Walhain","Arrondissement Nijvel","Arrondissement de Nivelles","Provincie Waals-Brabant","Province du Brabant wallon","Waals Gewest","Région wallonne","<5"
"2020-05-18","31005","Brugge","Bruges","Arrondissement Brugge","Arrondissement de Bruges","Provincie West-Vlaanderen","Province de Flandre occidentale","Vlaams Gewest","Région flamande","<5"
"2020-05-18","31033","Torhout","Torhout","Arrondissement Brugge","Arrondissement de Bruges","Provincie West-Vlaanderen","Province de Flandre occidentale","Vlaams Gewest","Région flamande","<5"
"2020-05-18","31040","Zedelgem","Zedelgem","Arrondissement Brugge","Arrondissement de Bruges","Provincie West-Vlaanderen","Province de Flandre occidentale","Vlaams Gewest","Région flamande","<5"
"2020-05-18","32006","Houthulst","Houthulst","Arrondissement Diksmuide","Arrondissement de Dixmude","Provincie West-Vlaanderen","Province de Flandre occidentale","Vlaams Gewest","Région flamande","<5"
"2020-05-18","33011","Ieper","Ypres","Arrondissement Ieper","Arrondissement d’Ypres","Provincie West-Vlaanderen","Province de Flandre occidentale","Vlaams Gewest","Région flamande","<5"
"2020-05-18","33016","Mesen","Messines","Arrondissement Ieper","Arrondissement d’Ypres","Provincie West-Vlaanderen","Province de Flandre occidentale","Vlaams Gewest","Région flamande","<5"
"2020-05-18","33021","Poperinge","Poperinge","Arrondissement Ieper","Arrondissement d’Ypres","Provincie West-Vlaanderen","Province de Flandre occidentale","Vlaams Gewest","Région flamande","<5"
"2020-05-18","33037","Zonnebeke","Zonnebeke","Arrondissement Ieper","Arrondissement d’Ypres","Provincie West-Vlaanderen","Province de Flandre occidentale","Vlaams Gewest","Région flamande","<5"
"2020-05-18","33039","Heuvelland","Heuvelland","Arrondissement Ieper","Arrondissement d’Ypres","Provincie West-Vlaanderen","Province de Flandre occidentale","Vlaams Gewest","Région flamande","<5"
"2020-05-18","33040","Langemark-Poelkapelle","Langemark-Poelkapelle","Arrondissement Ieper","Arrondissement d’Ypres","Provincie West-Vlaanderen","Province de Flandre occidentale","Vlaams Gewest","Région flamande","<5"
"2020-05-18","34003","Avelgem","Avelgem","Arrondissement Kortrijk","Arrondissement de Courtrai","Provincie West-Vlaanderen","Province de Flandre occidentale","Vlaams Gewest","Région flamande","<5"
"2020-05-18","34009","Deerlijk","Deerlijk","Arrondissement Kortrijk","Arrondissement de Courtrai","Provincie West-Vlaanderen","Province de Flandre occidentale","Vlaams Gewest","Région flamande","<5"
"2020-05-18","34022","Kortrijk","Courtrai","Arrondissement Kortrijk","Arrondissement de Courtrai","Provincie West-Vlaanderen","Province de Flandre occidentale","Vlaams Gewest","Région flamande","<5"
"2020-05-18","34023","Kuurne","Kuurne","Arrondissement Kortrijk","Arrondissement de Courtrai","Provincie West-Vlaanderen","Province de Flandre occidentale","Vlaams Gewest","Région flamande","<5"
"2020-05-18","34042","Zwevegem","Zwevegem","Arrondissement Kortrijk","Arrondissement de Courtrai","Provincie West-Vlaanderen","Province de Flandre occidentale","Vlaams Gewest","Région flamande","<5"
"2020-05-18","35006","Ichtegem","Ichtegem","Arrondissement Oostende","Arrondissement d’Ostende","Provincie West-Vlaanderen","Province de Flandre occidentale","Vlaams Gewest","Région flamande","<5"
"2020-05-18","36006","Hooglede","Hooglede","Arrondissement Roeselare","Arrondissement de Roulers","Provincie West-Vlaanderen","Province de Flandre occidentale","Vlaams Gewest","Région flamande","<5"
"2020-05-18","36007","Ingelmunster","Ingelmunster","Arrondissement Roeselare","Arrondissement de Roulers","Provincie West-Vlaanderen","Province de Flandre occidentale","Vlaams Gewest","Région flamande","<5"
"2020-05-18","36012","Moorslede","Moorslede","Arrondissement Roeselare","Arrondissement de Roulers","Provincie West-Vlaanderen","Province de Flandre occidentale","Vlaams Gewest","Région flamande","<5"
"2020-05-18","36015","Roeselare","Roulers","Arrondissement Roeselare","Arrondissement de Roulers","Provincie West-Vlaanderen","Province de Flandre occidentale","Vlaams Gewest","Région flamande","<5"
"2020-05-18","36019","Staden","Staden","Arrondissement Roeselare","Arrondissement de Roulers","Provincie West-Vlaanderen","Province de Flandre occidentale","Vlaams Gewest","Région flamande","<5"
"2020-05-18","38014","Koksijde","Koksijde","Arrondissement Veurne","Arrondissement de Furnes","Provincie West-Vlaanderen","Province de Flandre occidentale","Vlaams Gewest","Région flamande","<5"
"2020-05-18","41011","Denderleeuw","Denderleeuw","Arrondissement Aalst","Arrondissement d’Alost","Provincie Oost-Vlaanderen","Province de Flandre orientale","Vlaams Gewest","Région flamande","<5"
"2020-05-18","41027","Herzele","Herzele","Arrondissement Aalst","Arrondissement d’Alost","Provincie Oost-Vlaanderen","Province de Flandre orientale","Vlaams Gewest","Région flamande","<5"
"2020-05-18","41082","Erpe-Mere","Erpe-Mere","Arrondissement Aalst","Arrondissement d’Alost","Provincie Oost-Vlaanderen","Province de Flandre orientale","Vlaams Gewest","Région flamande","<5"
"2020-05-18","42006","Dendermonde","Termonde","Arrondissement Dendermonde","Arrondissement de Termonde","Provincie Oost-Vlaanderen","Province de Flandre orientale","Vlaams Gewest","Région flamande","<5"
"2020-05-18","42008","Hamme (Dendermonde)","Hamme (Termonde)","Arrondissement Dendermonde","Arrondissement de Termonde","Provincie Oost-Vlaanderen","Province de Flandre orientale","Vlaams Gewest","Région flamande","<5"
"2020-05-18","42023","Waasmunster","Waasmunster","Arrondissement Dendermonde","Arrondissement de Termonde","Provincie Oost-Vlaanderen","Province de Flandre orientale","Vlaams Gewest","Région flamande","<5"
"2020-05-18","42026","Wichelen","Wichelen","Arrondissement Dendermonde","Arrondissement de Termonde","Provincie Oost-Vlaanderen","Province de Flandre orientale","Vlaams Gewest","Région flamande","<5"
"2020-05-18","43005","Eeklo","Eeklo","Arrondissement Eeklo","Arrondissement d’Eeklo","Provincie Oost-Vlaanderen","Province de Flandre orientale","Vlaams Gewest","Région flamande","<5"
"2020-05-18","43018","Zelzate","Zelzate","Arrondissement Eeklo","Arrondissement d’Eeklo","Provincie Oost-Vlaanderen","Province de Flandre orientale","Vlaams Gewest","Région flamande","<5"
"2020-05-18","44019","Evergem","Evergem","Arrondissement Gent","Arrondissement de Gand","Provincie Oost-Vlaanderen","Province de Flandre orientale","Vlaams Gewest","Région flamande","<5"
"2020-05-18","44021","Gent","Gand","Arrondissement Gent","Arrondissement de Gand","Provincie Oost-Vlaanderen","Province de Flandre orientale","Vlaams Gewest","Région flamande","<5"
"2020-05-18","44083","Deinze","Deinze","Arrondissement Gent","Arrondissement de Gand","Provincie Oost-Vlaanderen","Province de Flandre orientale","Vlaams Gewest","Région flamande","<5"
"2020-05-18","44084","Aalter","Aalter","Arrondissement Gent","Arrondissement de Gand","Provincie Oost-Vlaanderen","Province de Flandre orientale","Vlaams Gewest","Région flamande","<5"
"2020-05-18","44085","Lievegem","Lievegem","Arrondissement Gent","Arrondissement de Gand","Provincie Oost-Vlaanderen","Province de Flandre orientale","Vlaams Gewest","Région flamande","<5"
"2020-05-18","46003","Beveren (Sint-Niklaas)","Beveren (Saint-Nicolas)","Arrondissement Sint-Niklaas","Arrondissement de Saint-Nicolas","Provincie Oost-Vlaanderen","Province de Flandre orientale","Vlaams Gewest","Région flamande","<5"
"2020-05-18","46013","Kruibeke","Kruibeke","Arrondissement Sint-Niklaas","Arrondissement de Saint-Nicolas","Provincie Oost-Vlaanderen","Province de Flandre orientale","Vlaams Gewest","Région flamande","<5"
"2020-05-18","46014","Lokeren","Lokeren","Arrondissement Sint-Niklaas","Arrondissement de Saint-Nicolas","Provincie Oost-Vlaanderen","Province de Flandre orientale","Vlaams Gewest","Région flamande","<5"
"2020-05-18","46020","Sint-Gillis-Waas","Sint-Gillis-Waas","Arrondissement Sint-Niklaas","Arrondissement de Saint-Nicolas","Provincie Oost-Vlaanderen","Province de Flandre orientale","Vlaams Gewest","Région flamande","<5"
"2020-05-18","46021","Sint-Niklaas (Sint-Niklaas)","Saint-Nicolas (Saint-Nicolas)","Arrondissement Sint-Niklaas","Arrondissement de Saint-Nicolas","Provincie Oost-Vlaanderen","Province de Flandre orientale","Vlaams Gewest","Région flamande","<5"
"2020-05-18","46025","Temse","Tamise","Arrondissement Sint-Niklaas","Arrondissement de Saint-Nicolas","Provincie Oost-Vlaanderen","Province de Flandre orientale","Vlaams Gewest","Région flamande","<5"
"2020-05-18","51069","Lessen","Lessines","Arrondissement Aat","Arrondissement d’Ath","Provincie Henegouwen","Province du Hainaut","Waals Gewest","Région wallonne","<5"
"2020-05-18","52011","Charleroi","Charleroi","Arrondissement Charleroi","Arrondissement de Charleroi","Provincie Henegouwen","Province du Hainaut","Waals Gewest","Région wallonne","<5"
"2020-05-18","52015","Courcelles","Courcelles","Arrondissement Charleroi","Arrondissement de Charleroi","Provincie Henegouwen","Province du Hainaut","Waals Gewest","Région wallonne","<5"
"2020-05-18","52074","Aiseau-Presles","Aiseau-Presles","Arrondissement Charleroi","Arrondissement de Charleroi","Provincie Henegouwen","Province du Hainaut","Waals Gewest","Région wallonne","<5"
"2020-05-18","52075","Les Bons Villers","Les Bons Villers","Arrondissement Charleroi","Arrondissement de Charleroi","Provincie Henegouwen","Province du Hainaut","Waals Gewest","Région wallonne","<5"
"2020-05-18","53039","Hensies","Hensies","Arrondissement Bergen","Arrondissement de Mons","Provincie Henegouwen","Province du Hainaut","Waals Gewest","Région wallonne","<5"
"2020-05-18","53053","Bergen","Mons","Arrondissement Bergen","Arrondissement de Mons","Provincie Henegouwen","Province du Hainaut","Waals Gewest","Région wallonne","5"
"2020-05-18","53065","Quaregnon","Quaregnon","Arrondissement Bergen","Arrondissement de Mons","Provincie Henegouwen","Province du Hainaut","Waals Gewest","Région wallonne","<5"
"2020-05-18","53082","Colfontaine","Colfontaine","Arrondissement Bergen","Arrondissement de Mons","Provincie Henegouwen","Province du Hainaut","Waals Gewest","Région wallonne","<5"
"2020-05-18","55004","’s Gravenbrakel","Braine-le-Comte","Arrondissement Zinnik","Arrondissement de Soignies","Provincie Henegouwen","Province du Hainaut","Waals Gewest","Région wallonne","<5"
"2020-05-18","56001","Anderlues","Anderlues","Arrondissement Thuin","Arrondissement de Thuin","Provincie Henegouwen","Province du Hainaut","Waals Gewest","Région wallonne","<5"
"2020-05-18","57081","Doornik","Tournai","Arrondissement Doornik-Moeskroen","Arrondissement de Tournai-Mouscron","Provincie Henegouwen","Province du Hainaut","Waals Gewest","Région wallonne","<5"
"2020-05-18","57093","Brunehaut","Brunehaut","Arrondissement Doornik-Moeskroen","Arrondissement de Tournai-Mouscron","Provincie Henegouwen","Province du Hainaut","Waals Gewest","Région wallonne","<5"
"2020-05-18","57096","Moeskroen","Mouscron","Arrondissement Doornik-Moeskroen","Arrondissement de Tournai-Mouscron","Provincie Henegouwen","Province du Hainaut","Waals Gewest","Région wallonne","<5"
"2020-05-18","57097","Komen-Waasten","Comines-Warneton","Arrondissement Doornik-Moeskroen","Arrondissement de Tournai-Mouscron","Provincie Henegouwen","Province du Hainaut","Waals Gewest","Région wallonne","<5"
"2020-05-18","58001","La Louvière","La Louvière","Arrondissement La Louvière","Arrondissement de La Louvière","Provincie Henegouwen","Province du Hainaut","Waals Gewest","Région wallonne","<5"
"2020-05-18","62022","Chaudfontaine","Chaudfontaine","Arrondissement Luik","Arrondissement de Liège","Provincie Luik","Province de Liège","Waals Gewest","Région wallonne","<5"
"2020-05-18","62038","Fléron","Fléron","Arrondissement Luik","Arrondissement de Liège","Provincie Luik","Province de Liège","Waals Gewest","Région wallonne","<5"
"2020-05-18","62051","Herstal","Herstal","Arrondissement Luik","Arrondissement de Liège","Provincie Luik","Province de Liège","Waals Gewest","Région wallonne","<5"
"2020-05-18","62063","Luik","Liège","Arrondissement Luik","Arrondissement de Liège","Provincie Luik","Province de Liège","Waals Gewest","Région wallonne","<5"
"2020-05-18","62079","Oupeye","Oupeye","Arrondissement Luik","Arrondissement de Liège","Provincie Luik","Province de Liège","Waals Gewest","Région wallonne","<5"
"2020-05-18","62118","Grâce-Hollogne","Grâce-Hollogne","Arrondissement Luik","Arrondissement de Liège","Provincie Luik","Province de Liège","Waals Gewest","Région wallonne","<5"
"2020-05-18","63001","Amel","Amblève","Arrondissement Verviers","Arrondissement de Verviers","Provincie Luik","Province de Liège","Waals Gewest","Région wallonne","<5"
"2020-05-18","63035","Herve","Herve","Arrondissement Verviers","Arrondissement de Verviers","Provincie Luik","Province de Liège","Waals Gewest","Région wallonne","<5"
"2020-05-18","63048","Lontzen","Lontzen","Arrondissement Verviers","Arrondissement de Verviers","Provincie Luik","Province de Liège","Waals Gewest","Région wallonne","<5"
"2020-05-18","64021","Crisnée","Crisnée","Arrondissement Borgworm","Arrondissement de Waremme","Provincie Luik","Province de Liège","Waals Gewest","Région wallonne","<5"
"2020-05-18","71004","Beringen","Beringen","Arrondissement Hasselt","Arrondissement de Hasselt","Provincie Limburg","Province du Limbourg","Vlaams Gewest","Région flamande","<5"
"2020-05-18","71011","Diepenbeek","Diepenbeek","Arrondissement Hasselt","Arrondissement de Hasselt","Provincie Limburg","Province du Limbourg","Vlaams Gewest","Région flamande","<5"
"2020-05-18","71016","Genk","Genk","Arrondissement Hasselt","Arrondissement de Hasselt","Provincie Limburg","Province du Limbourg","Vlaams Gewest","Région flamande","<5"
"2020-05-18","71017","Gingelom","Gingelom","Arrondissement Hasselt","Arrondissement de Hasselt","Provincie Limburg","Province du Limbourg","Vlaams Gewest","Région flamande","<5"
"2020-05-18","71022","Hasselt","Hasselt","Arrondissement Hasselt","Arrondissement de Hasselt","Provincie Limburg","Province du Limbourg","Vlaams Gewest","Région flamande","<5"
"2020-05-18","71024","Herk-de-Stad","Herck-la-Ville","Arrondissement Hasselt","Arrondissement de Hasselt","Provincie Limburg","Province du Limbourg","Vlaams Gewest","Région flamande","<5"
"2020-05-18","71045","Nieuwerkerken (Hasselt)","Nieuwerkerken (Hasselt)","Arrondissement Hasselt","Arrondissement de Hasselt","Provincie Limburg","Province du Limbourg","Vlaams Gewest","Région flamande","<5"
"2020-05-18","71053","Sint-Truiden","Saint-Trond","Arrondissement Hasselt","Arrondissement de Hasselt","Provincie Limburg","Province du Limbourg","Vlaams Gewest","Région flamande","11"
"2020-05-18","71066","Zonhoven","Zonhoven","Arrondissement Hasselt","Arrondissement de Hasselt","Provincie Limburg","Province du Limbourg","Vlaams Gewest","Région flamande","<5"
"2020-05-18","71069","Ham","Ham","Arrondissement Hasselt","Arrondissement de Hasselt","Provincie Limburg","Province du Limbourg","Vlaams Gewest","Région flamande","<5"
"2020-05-18","71070","Heusden-Zolder","Heusden-Zolder","Arrondissement Hasselt","Arrondissement de Hasselt","Provincie Limburg","Province du Limbourg","Vlaams Gewest","Région flamande","<5"
"2020-05-18","72020","Lommel","Lommel","Arrondissement Maaseik","Arrondissement de Maaseik","Provincie Limburg","Province du Limbourg","Vlaams Gewest","Région flamande","<5"
"2020-05-18","72021","Maaseik","Maaseik","Arrondissement Maaseik","Arrondissement de Maaseik","Provincie Limburg","Province du Limbourg","Vlaams Gewest","Région flamande","<5"
"2020-05-18","72037","Hamont-Achel","Hamont-Achel","Arrondissement Maaseik","Arrondissement de Maaseik","Provincie Limburg","Province du Limbourg","Vlaams Gewest","Région flamande","<5"
"2020-05-18","72039","Houthalen-Helchteren","Houthalen-Helchteren","Arrondissement Maaseik","Arrondissement de Maaseik","Provincie Limburg","Province du Limbourg","Vlaams Gewest","Région flamande","5"
"2020-05-18","72041","Dilsen-Stokkem","Dilsen-Stokkem","Arrondissement Maaseik","Arrondissement de Maaseik","Provincie Limburg","Province du Limbourg","Vlaams Gewest","Région flamande","<5"
"2020-05-18","72043","Pelt","Pelt","Arrondissement Maaseik","Arrondissement de Maaseik","Provincie Limburg","Province du Limbourg","Vlaams Gewest","Région flamande","<5"
"2020-05-18","73001","Alken","Alken","Arrondissement Tongeren","Arrondissement de Tongres","Provincie Limburg","Province du Limbourg","Vlaams Gewest","Région flamande","<5"
"2020-05-18","73006","Bilzen","Bilzen","Arrondissement Tongeren","Arrondissement de Tongres","Provincie Limburg","Province du Limbourg","Vlaams Gewest","Région flamande","<5"
"2020-05-18","73009","Borgloon","Looz","Arrondissement Tongeren","Arrondissement de Tongres","Provincie Limburg","Province du Limbourg","Vlaams Gewest","Région flamande","<5"
"2020-05-18","73022","Heers","Heers","Arrondissement Tongeren","Arrondissement de Tongres","Provincie Limburg","Province du Limbourg","Vlaams Gewest","Région flamande","<5"
"2020-05-18","73032","Hoeselt","Hoeselt","Arrondissement Tongeren","Arrondissement de Tongres","Provincie Limburg","Province du Limbourg","Vlaams Gewest","Région flamande","<5"
"2020-05-18","73042","Lanaken","Lanaken","Arrondissement Tongeren","Arrondissement de Tongres","Provincie Limburg","Province du Limbourg","Vlaams Gewest","Région flamande","<5"
"2020-05-18","73066","Riemst","Riemst","Arrondissement Tongeren","Arrondissement de Tongres","Provincie Limburg","Province du Limbourg","Vlaams Gewest","Région flamande","<5"
"2020-05-18","73083","Tongeren","Tongres","Arrondissement Tongeren","Arrondissement de Tongres","Provincie Limburg","Province du Limbourg","Vlaams Gewest","Région flamande","<5"
"2020-05-18","73107","Maasmechelen","Maasmechelen","Arrondissement Tongeren","Arrondissement de Tongres","Provincie Limburg","Province du Limbourg","Vlaams Gewest","Région flamande","<5"
"2020-05-18","83034","Marche-en-Famenne","Marche-en-Famenne","Arrondissement Marche-en-Famenne","Arrondissement de Marche-en-Famenne","Provincie Luxemburg","Province du Luxembourg","Waals Gewest","Région wallonne","<5"
"2020-05-18","91059","Hamois","Hamois","Arrondissement Dinant","Arrondissement de Dinant","Provincie Namen","Province de Namur","Waals Gewest","Région wallonne","<5"
"2020-05-18","91142","Hastière","Hastière","Arrondissement Dinant","Arrondissement de Dinant","Provincie Namen","Province de Namur","Waals Gewest","Région wallonne","<5"
"2020-05-18","92087","Mettet","Mettet","Arrondissement Namen","Arrondissement de Namur","Provincie Namen","Province de Namur","Waals Gewest","Région wallonne","<5"
"2020-05-18","92094","Namen","Namur","Arrondissement Namen","Arrondissement de Namur","Provincie Namen","Province de Namur","Waals Gewest","Région wallonne","<5"
"2020-05-18","92137","Sambreville","Sambreville","Arrondissement Namen","Arrondissement de Namur","Provincie Namen","Province de Namur","Waals Gewest","Région wallonne","<5"
"2020-05-18","92142","Gembloux","Gembloux","Arrondissement Namen","Arrondissement de Namur","Provincie Namen","Province de Namur","Waals Gewest","Région wallonne","<5"
"2020-05-18","93088","Walcourt","Walcourt","Arrondissement Philippeville","Arrondissement de Philippeville","Provincie Namen","Province de Namur","Waals Gewest","Région wallonne","<5"
"2020-05-18",NA,NA,NA,NA,NA,NA,NA,NA,NA,"8"
"2020-05-19","11001","Aartselaar","Aartselaar","Arrondissement Antwerpen","Arrondissement d’Anvers","Provincie Antwerpen","Province d’Anvers","Vlaams Gewest","Région flamande","<5"
"2020-05-19","11002","Antwerpen","Anvers","Arrondissement Antwerpen","Arrondissement d’Anvers","Provincie Antwerpen","Province d’Anvers","Vlaams Gewest","Région flamande","10"
"2020-05-19","11005","Boom","Boom","Arrondissement Antwerpen","Arrondissement d’Anvers","Provincie Antwerpen","Province d’Anvers","Vlaams Gewest","Région flamande","<5"
"2020-05-19","11008","Brasschaat","Brasschaat","Arrondissement Antwerpen","Arrondissement d’Anvers","Provincie Antwerpen","Province d’Anvers","Vlaams Gewest","Région flamande","<5"
"2020-05-19","11016","Essen","Essen","Arrondissement Antwerpen","Arrondissement d’Anvers","Provincie Antwerpen","Province d’Anvers","Vlaams Gewest","Région flamande","<5"
"2020-05-19","11018","Hemiksem","Hemiksem","Arrondissement Antwerpen","Arrondissement d’Anvers","Provincie Antwerpen","Province d’Anvers","Vlaams Gewest","Région flamande","<5"
"2020-05-19","11022","Kalmthout","Kalmthout","Arrondissement Antwerpen","Arrondissement d’Anvers","Provincie Antwerpen","Province d’Anvers","Vlaams Gewest","Région flamande","<5"
"2020-05-19","11023","Kapellen (Antwerpen)","Kapellen (Anvers)","Arrondissement Antwerpen","Arrondissement d’Anvers","Provincie Antwerpen","Province d’Anvers","Vlaams Gewest","Région flamande","<5"
"2020-05-19","11037","Rumst","Rumst","Arrondissement Antwerpen","Arrondissement d’Anvers","Provincie Antwerpen","Province d’Anvers","Vlaams Gewest","Région flamande","<5"
"2020-05-19","11038","Schelle","Schelle","Arrondissement Antwerpen","Arrondissement d’Anvers","Provincie Antwerpen","Province d’Anvers","Vlaams Gewest","Région flamande","<5"
"2020-05-19","11056","Zwijndrecht","Zwijndrecht","Arrondissement Antwerpen","Arrondissement d’Anvers","Provincie Antwerpen","Province d’Anvers","Vlaams Gewest","Région flamande","<5"
"2020-05-19","12002","Berlaar","Berlaar","Arrondissement Mechelen","Arrondissement de Malines","Provincie Antwerpen","Province d’Anvers","Vlaams Gewest","Région flamande","<5"
"2020-05-19","12007","Bornem","Bornem","Arrondissement Mechelen","Arrondissement de Malines","Provincie Antwerpen","Province d’Anvers","Vlaams Gewest","Région flamande","<5"
"2020-05-19","12021","Lier","Lierre","Arrondissement Mechelen","Arrondissement de Malines","Provincie Antwerpen","Province d’Anvers","Vlaams Gewest","Région flamande","<5"
"2020-05-19","12041","Puurs-Sint-Amands","Puurs-Sint-Amands","Arrondissement Mechelen","Arrondissement de Malines","Provincie Antwerpen","Province d’Anvers","Vlaams Gewest","Région flamande","<5"
"2020-05-19","13004","Beerse","Beerse","Arrondissement Turnhout","Arrondissement de Turnhout","Provincie Antwerpen","Province d’Anvers","Vlaams Gewest","Région flamande","<5"
"2020-05-19","13008","Geel","Geel","Arrondissement Turnhout","Arrondissement de Turnhout","Provincie Antwerpen","Province d’Anvers","Vlaams Gewest","Région flamande","<5"
"2020-05-19","13017","Kasterlee","Kasterlee","Arrondissement Turnhout","Arrondissement de Turnhout","Provincie Antwerpen","Province d’Anvers","Vlaams Gewest","Région flamande","<5"
"2020-05-19","13019","Lille","Lille","Arrondissement Turnhout","Arrondissement de Turnhout","Provincie Antwerpen","Province d’Anvers","Vlaams Gewest","Région flamande","<5"
"2020-05-19","13040","Turnhout","Turnhout","Arrondissement Turnhout","Arrondissement de Turnhout","Provincie Antwerpen","Province d’Anvers","Vlaams Gewest","Région flamande","<5"
"2020-05-19","13044","Vorselaar","Vorselaar","Arrondissement Turnhout","Arrondissement de Turnhout","Provincie Antwerpen","Province d’Anvers","Vlaams Gewest","Région flamande","<5"
"2020-05-19","21001","Anderlecht","Anderlecht","Arrondissement Brussel-Hoofdstad","Arrondissement de Bruxelles-Capitale",NA,NA,"Brussels Hoofdstedelijk Gewest","Région de Bruxelles-Capitale","<5"
"2020-05-19","21002","Oudergem","Auderghem","Arrondissement Brussel-Hoofdstad","Arrondissement de Bruxelles-Capitale",NA,NA,"Brussels Hoofdstedelijk Gewest","Région de Bruxelles-Capitale","<5"
"2020-05-19","21003","Sint-Agatha-Berchem","Berchem-Sainte-Agathe","Arrondissement Brussel-Hoofdstad","Arrondissement de Bruxelles-Capitale",NA,NA,"Brussels Hoofdstedelijk Gewest","Région de Bruxelles-Capitale","<5"
"2020-05-19","21006","Evere","Evere","Arrondissement Brussel-Hoofdstad","Arrondissement de Bruxelles-Capitale",NA,NA,"Brussels Hoofdstedelijk Gewest","Région de Bruxelles-Capitale","<5"
"2020-05-19","21009","Elsene","Ixelles","Arrondissement Brussel-Hoofdstad","Arrondissement de Bruxelles-Capitale",NA,NA,"Brussels Hoofdstedelijk Gewest","Région de Bruxelles-Capitale","<5"
"2020-05-19","21010","Jette","Jette","Arrondissement Brussel-Hoofdstad","Arrondissement de Bruxelles-Capitale",NA,NA,"Brussels Hoofdstedelijk Gewest","Région de Bruxelles-Capitale","6"
"2020-05-19","21012","Sint-Jans-Molenbeek","Molenbeek-Saint-Jean","Arrondissement Brussel-Hoofdstad","Arrondissement de Bruxelles-Capitale",NA,NA,"Brussels Hoofdstedelijk Gewest","Région de Bruxelles-Capitale","<5"
"2020-05-19","21013","Sint-Gillis","Saint-Gilles","Arrondissement Brussel-Hoofdstad","Arrondissement de Bruxelles-Capitale",NA,NA,"Brussels Hoofdstedelijk Gewest","Région de Bruxelles-Capitale","<5"
"2020-05-19","21014","Sint-Joost-ten-Node","Saint-Josse-ten-Noode","Arrondissement Brussel-Hoofdstad","Arrondissement de Bruxelles-Capitale",NA,NA,"Brussels Hoofdstedelijk Gewest","Région de Bruxelles-Capitale","<5"
"2020-05-19","21015","Schaarbeek","Schaerbeek","Arrondissement Brussel-Hoofdstad","Arrondissement de Bruxelles-Capitale",NA,NA,"Brussels Hoofdstedelijk Gewest","Région de Bruxelles-Capitale","<5"
"2020-05-19","21018","Sint-Lambrechts-Woluwe","Woluwe-Saint-Lambert","Arrondissement Brussel-Hoofdstad","Arrondissement de Bruxelles-Capitale",NA,NA,"Brussels Hoofdstedelijk Gewest","Région de Bruxelles-Capitale","<5"
"2020-05-19","21019","Sint-Pieters-Woluwe","Woluwe-Saint-Pierre","Arrondissement Brussel-Hoofdstad","Arrondissement de Bruxelles-Capitale",NA,NA,"Brussels Hoofdstedelijk Gewest","Région de Bruxelles-Capitale","<5"
"2020-05-19","23016","Dilbeek","Dilbeek","Arrondissement Halle-Vilvoorde","Arrondissement de Hal-Vilvorde","Provincie Vlaams-Brabant","Province du Brabant flamand","Vlaams Gewest","Région flamande","<5"
"2020-05-19","23024","Gooik","Gooik","Arrondissement Halle-Vilvoorde","Arrondissement de Hal-Vilvorde","Provincie Vlaams-Brabant","Province du Brabant flamand","Vlaams Gewest","Région flamande","<5"
"2020-05-19","23044","Liedekerke","Liedekerke","Arrondissement Halle-Vilvoorde","Arrondissement de Hal-Vilvorde","Provincie Vlaams-Brabant","Province du Brabant flamand","Vlaams Gewest","Région flamande","<5"
"2020-05-19","23045","Londerzeel","Londerzeel","Arrondissement Halle-Vilvoorde","Arrondissement de Hal-Vilvorde","Provincie Vlaams-Brabant","Province du Brabant flamand","Vlaams Gewest","Région flamande","<5"
"2020-05-19","23050","Meise","Meise","Arrondissement Halle-Vilvoorde","Arrondissement de Hal-Vilvorde","Provincie Vlaams-Brabant","Province du Brabant flamand","Vlaams Gewest","Région flamande","<5"
"2020-05-19","23062","Overijse","Overijse","Arrondissement Halle-Vilvoorde","Arrondissement de Hal-Vilvorde","Provincie Vlaams-Brabant","Province du Brabant flamand","Vlaams Gewest","Région flamande","<5"
"2020-05-19","23099","Kraainem","Kraainem","Arrondissement Halle-Vilvoorde","Arrondissement de Hal-Vilvorde","Provincie Vlaams-Brabant","Province du Brabant flamand","Vlaams Gewest","Région flamande","<5"
"2020-05-19","23105","Affligem","Affligem","Arrondissement Halle-Vilvoorde","Arrondissement de Hal-Vilvorde","Provincie Vlaams-Brabant","Province du Brabant flamand","Vlaams Gewest","Région flamande","<5"
"2020-05-19","24059","Landen","Landen","Arrondissement Leuven","Arrondissement de Louvain","Provincie Vlaams-Brabant","Province du Brabant flamand","Vlaams Gewest","Région flamande","<5"
"2020-05-19","24062","Leuven","Louvain","Arrondissement Leuven","Arrondissement de Louvain","Provincie Vlaams-Brabant","Province du Brabant flamand","Vlaams Gewest","Région flamande","<5"
"2020-05-19","24104","Tervuren","Tervuren","Arrondissement Leuven","Arrondissement de Louvain","Provincie Vlaams-Brabant","Province du Brabant flamand","Vlaams Gewest","Région flamande","<5"
"2020-05-19","24107","Tienen","Tirlemont","Arrondissement Leuven","Arrondissement de Louvain","Provincie Vlaams-Brabant","Province du Brabant flamand","Vlaams Gewest","Région flamande","<5"
"2020-05-19","24130","Zoutleeuw","Léau","Arrondissement Leuven","Arrondissement de Louvain","Provincie Vlaams-Brabant","Province du Brabant flamand","Vlaams Gewest","Région flamande","<5"
"2020-05-19","24135","Tielt-Winge","Tielt-Winge","Arrondissement Leuven","Arrondissement de Louvain","Provincie Vlaams-Brabant","Province du Brabant flamand","Vlaams Gewest","Région flamande","<5"
"2020-05-19","25014","Eigenbrakel","Braine-l’Alleud","Arrondissement Nijvel","Arrondissement de Nivelles","Provincie Waals-Brabant","Province du Brabant wallon","Waals Gewest","Région wallonne","<5"
"2020-05-19","25050","Terhulpen","La Hulpe","Arrondissement Nijvel","Arrondissement de Nivelles","Provincie Waals-Brabant","Province du Brabant wallon","Waals Gewest","Région wallonne","<5"
"2020-05-19","25105","Tubeke","Tubize","Arrondissement Nijvel","Arrondissement de Nivelles","Provincie Waals-Brabant","Province du Brabant wallon","Waals Gewest","Région wallonne","<5"
"2020-05-19","25112","Waver","Wavre","Arrondissement Nijvel","Arrondissement de Nivelles","Provincie Waals-Brabant","Province du Brabant wallon","Waals Gewest","Région wallonne","<5"
"2020-05-19","25121","Ottignies-Louvain-la-Neuve","Ottignies-Louvain-la-Neuve","Arrondissement Nijvel","Arrondissement de Nivelles","Provincie Waals-Brabant","Province du Brabant wallon","Waals Gewest","Région wallonne","<5"
"2020-05-19","31005","Brugge","Bruges","Arrondissement Brugge","Arrondissement de Bruges","Provincie West-Vlaanderen","Province de Flandre occidentale","Vlaams Gewest","Région flamande","7"
"2020-05-19","31022","Oostkamp","Oostkamp","Arrondissement Brugge","Arrondissement de Bruges","Provincie West-Vlaanderen","Province de Flandre occidentale","Vlaams Gewest","Région flamande","<5"
"2020-05-19","31033","Torhout","Torhout","Arrondissement Brugge","Arrondissement de Bruges","Provincie West-Vlaanderen","Province de Flandre occidentale","Vlaams Gewest","Région flamande","<5"
"2020-05-19","31040","Zedelgem","Zedelgem","Arrondissement Brugge","Arrondissement de Bruges","Provincie West-Vlaanderen","Province de Flandre occidentale","Vlaams Gewest","Région flamande","<5"
"2020-05-19","34002","Anzegem","Anzegem","Arrondissement Kortrijk","Arrondissement de Courtrai","Provincie West-Vlaanderen","Province de Flandre occidentale","Vlaams Gewest","Région flamande","<5"
"2020-05-19","34013","Harelbeke","Harelbeke","Arrondissement Kortrijk","Arrondissement de Courtrai","Provincie West-Vlaanderen","Province de Flandre occidentale","Vlaams Gewest","Région flamande","11"
"2020-05-19","34022","Kortrijk","Courtrai","Arrondissement Kortrijk","Arrondissement de Courtrai","Provincie West-Vlaanderen","Province de Flandre occidentale","Vlaams Gewest","Région flamande","<5"
"2020-05-19","34027","Menen","Menin","Arrondissement Kortrijk","Arrondissement de Courtrai","Provincie West-Vlaanderen","Province de Flandre occidentale","Vlaams Gewest","Région flamande","<5"
"2020-05-19","34042","Zwevegem","Zwevegem","Arrondissement Kortrijk","Arrondissement de Courtrai","Provincie West-Vlaanderen","Province de Flandre occidentale","Vlaams Gewest","Région flamande","<5"
"2020-05-19","35005","Gistel","Gistel","Arrondissement Oostende","Arrondissement d’Ostende","Provincie West-Vlaanderen","Province de Flandre occidentale","Vlaams Gewest","Région flamande","<5"
"2020-05-19","35011","Middelkerke","Middelkerke","Arrondissement Oostende","Arrondissement d’Ostende","Provincie West-Vlaanderen","Province de Flandre occidentale","Vlaams Gewest","Région flamande","<5"
"2020-05-19","35013","Oostende","Ostende","Arrondissement Oostende","Arrondissement d’Ostende","Provincie West-Vlaanderen","Province de Flandre occidentale","Vlaams Gewest","Région flamande","7"
"2020-05-19","36008","Izegem","Izegem","Arrondissement Roeselare","Arrondissement de Roulers","Provincie West-Vlaanderen","Province de Flandre occidentale","Vlaams Gewest","Région flamande","<5"
"2020-05-19","36015","Roeselare","Roulers","Arrondissement Roeselare","Arrondissement de Roulers","Provincie West-Vlaanderen","Province de Flandre occidentale","Vlaams Gewest","Région flamande","<5"
"2020-05-19","38002","Alveringem","Alveringem","Arrondissement Veurne","Arrondissement de Furnes","Provincie West-Vlaanderen","Province de Flandre occidentale","Vlaams Gewest","Région flamande","<5"
"2020-05-19","38014","Koksijde","Koksijde","Arrondissement Veurne","Arrondissement de Furnes","Provincie West-Vlaanderen","Province de Flandre occidentale","Vlaams Gewest","Région flamande","<5"
"2020-05-19","41002","Aalst (Aalst)","Alost (Alost)","Arrondissement Aalst","Arrondissement d’Alost","Provincie Oost-Vlaanderen","Province de Flandre orientale","Vlaams Gewest","Région flamande","<5"
"2020-05-19","41011","Denderleeuw","Denderleeuw","Arrondissement Aalst","Arrondissement d’Alost","Provincie Oost-Vlaanderen","Province de Flandre orientale","Vlaams Gewest","Région flamande","<5"
"2020-05-19","42004","Buggenhout","Buggenhout","Arrondissement Dendermonde","Arrondissement de Termonde","Provincie Oost-Vlaanderen","Province de Flandre orientale","Vlaams Gewest","Région flamande","<5"
"2020-05-19","42006","Dendermonde","Termonde","Arrondissement Dendermonde","Arrondissement de Termonde","Provincie Oost-Vlaanderen","Province de Flandre orientale","Vlaams Gewest","Région flamande","<5"
"2020-05-19","42008","Hamme (Dendermonde)","Hamme (Termonde)","Arrondissement Dendermonde","Arrondissement de Termonde","Provincie Oost-Vlaanderen","Province de Flandre orientale","Vlaams Gewest","Région flamande","5"
"2020-05-19","42011","Lebbeke","Lebbeke","Arrondissement Dendermonde","Arrondissement de Termonde","Provincie Oost-Vlaanderen","Province de Flandre orientale","Vlaams Gewest","Région flamande","<5"
"2020-05-19","42028","Zele","Zele","Arrondissement Dendermonde","Arrondissement de Termonde","Provincie Oost-Vlaanderen","Province de Flandre orientale","Vlaams Gewest","Région flamande","5"
"2020-05-19","43005","Eeklo","Eeklo","Arrondissement Eeklo","Arrondissement d’Eeklo","Provincie Oost-Vlaanderen","Province de Flandre orientale","Vlaams Gewest","Région flamande","<5"
"2020-05-19","43014","Sint-Laureins","Sint-Laureins","Arrondissement Eeklo","Arrondissement d’Eeklo","Provincie Oost-Vlaanderen","Province de Flandre orientale","Vlaams Gewest","Région flamande","<5"
"2020-05-19","44013","Destelbergen","Destelbergen","Arrondissement Gent","Arrondissement de Gand","Provincie Oost-Vlaanderen","Province de Flandre orientale","Vlaams Gewest","Région flamande","<5"
"2020-05-19","44021","Gent","Gand","Arrondissement Gent","Arrondissement de Gand","Provincie Oost-Vlaanderen","Province de Flandre orientale","Vlaams Gewest","Région flamande","<5"
"2020-05-19","44040","Melle","Melle","Arrondissement Gent","Arrondissement de Gand","Provincie Oost-Vlaanderen","Province de Flandre orientale","Vlaams Gewest","Région flamande","<5"
"2020-05-19","44052","Oosterzele","Oosterzele","Arrondissement Gent","Arrondissement de Gand","Provincie Oost-Vlaanderen","Province de Flandre orientale","Vlaams Gewest","Région flamande","<5"
"2020-05-19","44084","Aalter","Aalter","Arrondissement Gent","Arrondissement de Gand","Provincie Oost-Vlaanderen","Province de Flandre orientale","Vlaams Gewest","Région flamande","<5"
"2020-05-19","44085","Lievegem","Lievegem","Arrondissement Gent","Arrondissement de Gand","Provincie Oost-Vlaanderen","Province de Flandre orientale","Vlaams Gewest","Région flamande","<5"
"2020-05-19","45035","Oudenaarde","Audenarde","Arrondissement Oudenaarde","Arrondissement d’Audenarde","Provincie Oost-Vlaanderen","Province de Flandre orientale","Vlaams Gewest","Région flamande","<5"
"2020-05-19","45041","Ronse","Renaix","Arrondissement Oudenaarde","Arrondissement d’Audenarde","Provincie Oost-Vlaanderen","Province de Flandre orientale","Vlaams Gewest","Région flamande","<5"
"2020-05-19","45064","Maarkedal","Maarkedal","Arrondissement Oudenaarde","Arrondissement d’Audenarde","Provincie Oost-Vlaanderen","Province de Flandre orientale","Vlaams Gewest","Région flamande","<5"
"2020-05-19","46013","Kruibeke","Kruibeke","Arrondissement Sint-Niklaas","Arrondissement de Saint-Nicolas","Provincie Oost-Vlaanderen","Province de Flandre orientale","Vlaams Gewest","Région flamande","<5"
"2020-05-19","46014","Lokeren","Lokeren","Arrondissement Sint-Niklaas","Arrondissement de Saint-Nicolas","Provincie Oost-Vlaanderen","Province de Flandre orientale","Vlaams Gewest","Région flamande","<5"
"2020-05-19","46021","Sint-Niklaas (Sint-Niklaas)","Saint-Nicolas (Saint-Nicolas)","Arrondissement Sint-Niklaas","Arrondissement de Saint-Nicolas","Provincie Oost-Vlaanderen","Province de Flandre orientale","Vlaams Gewest","Région flamande","5"
"2020-05-19","46025","Temse","Tamise","Arrondissement Sint-Niklaas","Arrondissement de Saint-Nicolas","Provincie Oost-Vlaanderen","Province de Flandre orientale","Vlaams Gewest","Région flamande","<5"
"2020-05-19","51069","Lessen","Lessines","Arrondissement Aat","Arrondissement d’Ath","Provincie Henegouwen","Province du Hainaut","Waals Gewest","Région wallonne","<5"
"2020-05-19","52011","Charleroi","Charleroi","Arrondissement Charleroi","Arrondissement de Charleroi","Provincie Henegouwen","Province du Hainaut","Waals Gewest","Région wallonne","5"
"2020-05-19","52012","Châtelet","Châtelet","Arrondissement Charleroi","Arrondissement de Charleroi","Provincie Henegouwen","Province du Hainaut","Waals Gewest","Région wallonne","<5"
"2020-05-19","52074","Aiseau-Presles","Aiseau-Presles","Arrondissement Charleroi","Arrondissement de Charleroi","Provincie Henegouwen","Province du Hainaut","Waals Gewest","Région wallonne","<5"
"2020-05-19","53014","Boussu","Boussu","Arrondissement Bergen","Arrondissement de Mons","Provincie Henegouwen","Province du Hainaut","Waals Gewest","Région wallonne","<5"
"2020-05-19","55004","’s Gravenbrakel","Braine-le-Comte","Arrondissement Zinnik","Arrondissement de Soignies","Provincie Henegouwen","Province du Hainaut","Waals Gewest","Région wallonne","<5"
"2020-05-19","56001","Anderlues","Anderlues","Arrondissement Thuin","Arrondissement de Thuin","Provincie Henegouwen","Province du Hainaut","Waals Gewest","Région wallonne","<5"
"2020-05-19","57064","Péruwelz","Péruwelz","Arrondissement Doornik-Moeskroen","Arrondissement de Tournai-Mouscron","Provincie Henegouwen","Province du Hainaut","Waals Gewest","Région wallonne","<5"
"2020-05-19","57081","Doornik","Tournai","Arrondissement Doornik-Moeskroen","Arrondissement de Tournai-Mouscron","Provincie Henegouwen","Province du Hainaut","Waals Gewest","Région wallonne","<5"
"2020-05-19","57096","Moeskroen","Mouscron","Arrondissement Doornik-Moeskroen","Arrondissement de Tournai-Mouscron","Provincie Henegouwen","Province du Hainaut","Waals Gewest","Région wallonne","<5"
"2020-05-19","58001","La Louvière","La Louvière","Arrondissement La Louvière","Arrondissement de La Louvière","Provincie Henegouwen","Province du Hainaut","Waals Gewest","Région wallonne","<5"
"2020-05-19","62003","Ans","Ans","Arrondissement Luik","Arrondissement de Liège","Provincie Luik","Province de Liège","Waals Gewest","Région wallonne","<5"
"2020-05-19","62006","Awans","Awans","Arrondissement Luik","Arrondissement de Liège","Provincie Luik","Province de Liège","Waals Gewest","Région wallonne","<5"
"2020-05-19","62011","Bitsingen","Bassenge","Arrondissement Luik","Arrondissement de Liège","Provincie Luik","Province de Liège","Waals Gewest","Région wallonne","<5"
"2020-05-19","62022","Chaudfontaine","Chaudfontaine","Arrondissement Luik","Arrondissement de Liège","Provincie Luik","Province de Liège","Waals Gewest","Région wallonne","<5"
"2020-05-19","62032","Esneux","Esneux","Arrondissement Luik","Arrondissement de Liège","Provincie Luik","Province de Liège","Waals Gewest","Région wallonne","<5"
"2020-05-19","62063","Luik","Liège","Arrondissement Luik","Arrondissement de Liège","Provincie Luik","Province de Liège","Waals Gewest","Région wallonne","<5"
"2020-05-19","62079","Oupeye","Oupeye","Arrondissement Luik","Arrondissement de Liège","Provincie Luik","Province de Liège","Waals Gewest","Région wallonne","<5"
"2020-05-19","62096","Seraing","Seraing","Arrondissement Luik","Arrondissement de Liège","Provincie Luik","Province de Liège","Waals Gewest","Région wallonne","<5"
"2020-05-19","62099","Soumagne","Soumagne","Arrondissement Luik","Arrondissement de Liège","Provincie Luik","Province de Liège","Waals Gewest","Région wallonne","<5"
"2020-05-19","62108","Wezet","Visé","Arrondissement Luik","Arrondissement de Liège","Provincie Luik","Province de Liège","Waals Gewest","Région wallonne","<5"
"2020-05-19","62118","Grâce-Hollogne","Grâce-Hollogne","Arrondissement Luik","Arrondissement de Liège","Provincie Luik","Province de Liège","Waals Gewest","Région wallonne","<5"
"2020-05-19","62120","Flémalle","Flémalle","Arrondissement Luik","Arrondissement de Liège","Provincie Luik","Province de Liège","Waals Gewest","Région wallonne","<5"
"2020-05-19","63020","Dison","Dison","Arrondissement Verviers","Arrondissement de Verviers","Provincie Luik","Province de Liège","Waals Gewest","Région wallonne","<5"
"2020-05-19","63023","Eupen","Eupen","Arrondissement Verviers","Arrondissement de Verviers","Provincie Luik","Province de Liège","Waals Gewest","Région wallonne","<5"
"2020-05-19","63067","Sankt Vith","Saint-Vith","Arrondissement Verviers","Arrondissement de Verviers","Provincie Luik","Province de Liège","Waals Gewest","Région wallonne","<5"
"2020-05-19","63073","Stavelot","Stavelot","Arrondissement Verviers","Arrondissement de Verviers","Provincie Luik","Province de Liège","Waals Gewest","Région wallonne","<5"
"2020-05-19","63079","Verviers","Verviers","Arrondissement Verviers","Arrondissement de Verviers","Provincie Luik","Province de Liège","Waals Gewest","Région wallonne","<5"
"2020-05-19","63080","Weismes","Waimes","Arrondissement Verviers","Arrondissement de Verviers","Provincie Luik","Province de Liège","Waals Gewest","Région wallonne","<5"
"2020-05-19","63089","Thimister-Clermont","Thimister-Clermont","Arrondissement Verviers","Arrondissement de Verviers","Provincie Luik","Province de Liège","Waals Gewest","Région wallonne","<5"
"2020-05-19","71004","Beringen","Beringen","Arrondissement Hasselt","Arrondissement de Hasselt","Provincie Limburg","Province du Limbourg","Vlaams Gewest","Région flamande","<5"
"2020-05-19","71016","Genk","Genk","Arrondissement Hasselt","Arrondissement de Hasselt","Provincie Limburg","Province du Limbourg","Vlaams Gewest","Région flamande","<5"
"2020-05-19","71017","Gingelom","Gingelom","Arrondissement Hasselt","Arrondissement de Hasselt","Provincie Limburg","Province du Limbourg","Vlaams Gewest","Région flamande","<5"
"2020-05-19","71020","Halen","Halen","Arrondissement Hasselt","Arrondissement de Hasselt","Provincie Limburg","Province du Limbourg","Vlaams Gewest","Région flamande","<5"
"2020-05-19","71022","Hasselt","Hasselt","Arrondissement Hasselt","Arrondissement de Hasselt","Provincie Limburg","Province du Limbourg","Vlaams Gewest","Région flamande","7"
"2020-05-19","71024","Herk-de-Stad","Herck-la-Ville","Arrondissement Hasselt","Arrondissement de Hasselt","Provincie Limburg","Province du Limbourg","Vlaams Gewest","Région flamande","<5"
"2020-05-19","71037","Lummen","Lummen","Arrondissement Hasselt","Arrondissement de Hasselt","Provincie Limburg","Province du Limbourg","Vlaams Gewest","Région flamande","<5"
"2020-05-19","71045","Nieuwerkerken (Hasselt)","Nieuwerkerken (Hasselt)","Arrondissement Hasselt","Arrondissement de Hasselt","Provincie Limburg","Province du Limbourg","Vlaams Gewest","Région flamande","<5"
"2020-05-19","71053","Sint-Truiden","Saint-Trond","Arrondissement Hasselt","Arrondissement de Hasselt","Provincie Limburg","Province du Limbourg","Vlaams Gewest","Région flamande","17"
"2020-05-19","71066","Zonhoven","Zonhoven","Arrondissement Hasselt","Arrondissement de Hasselt","Provincie Limburg","Province du Limbourg","Vlaams Gewest","Région flamande","<5"
"2020-05-19","71067","Zutendaal","Zutendaal","Arrondissement Hasselt","Arrondissement de Hasselt","Provincie Limburg","Province du Limbourg","Vlaams Gewest","Région flamande","<5"
"2020-05-19","71070","Heusden-Zolder","Heusden-Zolder","Arrondissement Hasselt","Arrondissement de Hasselt","Provincie Limburg","Province du Limbourg","Vlaams Gewest","Région flamande","7"
"2020-05-19","72003","Bocholt","Bocholt","Arrondissement Maaseik","Arrondissement de Maaseik","Provincie Limburg","Province du Limbourg","Vlaams Gewest","Région flamande","<5"
"2020-05-19","72004","Bree","Bree","Arrondissement Maaseik","Arrondissement de Maaseik","Provincie Limburg","Province du Limbourg","Vlaams Gewest","Région flamande","<5"
"2020-05-19","72020","Lommel","Lommel","Arrondissement Maaseik","Arrondissement de Maaseik","Provincie Limburg","Province du Limbourg","Vlaams Gewest","Région flamande","<5"
"2020-05-19","72039","Houthalen-Helchteren","Houthalen-Helchteren","Arrondissement Maaseik","Arrondissement de Maaseik","Provincie Limburg","Province du Limbourg","Vlaams Gewest","Région flamande","<5"
"2020-05-19","72043","Pelt","Pelt","Arrondissement Maaseik","Arrondissement de Maaseik","Provincie Limburg","Province du Limbourg","Vlaams Gewest","Région flamande","<5"
"2020-05-19","73001","Alken","Alken","Arrondissement Tongeren","Arrondissement de Tongres","Provincie Limburg","Province du Limbourg","Vlaams Gewest","Région flamande","<5"
"2020-05-19","73006","Bilzen","Bilzen","Arrondissement Tongeren","Arrondissement de Tongres","Provincie Limburg","Province du Limbourg","Vlaams Gewest","Région flamande","5"
"2020-05-19","73009","Borgloon","Looz","Arrondissement Tongeren","Arrondissement de Tongres","Provincie Limburg","Province du Limbourg","Vlaams Gewest","Région flamande","<5"
"2020-05-19","73022","Heers","Heers","Arrondissement Tongeren","Arrondissement de Tongres","Provincie Limburg","Province du Limbourg","Vlaams Gewest","Région flamande","<5"
"2020-05-19","73032","Hoeselt","Hoeselt","Arrondissement Tongeren","Arrondissement de Tongres","Provincie Limburg","Province du Limbourg","Vlaams Gewest","Région flamande","<5"
"2020-05-19","73040","Kortessem","Kortessem","Arrondissement Tongeren","Arrondissement de Tongres","Provincie Limburg","Province du Limbourg","Vlaams Gewest","Région flamande","<5"
"2020-05-19","73066","Riemst","Riemst","Arrondissement Tongeren","Arrondissement de Tongres","Provincie Limburg","Province du Limbourg","Vlaams Gewest","Région flamande","<5"
"2020-05-19","73083","Tongeren","Tongres","Arrondissement Tongeren","Arrondissement de Tongres","Provincie Limburg","Province du Limbourg","Vlaams Gewest","Région flamande","<5"
"2020-05-19","73107","Maasmechelen","Maasmechelen","Arrondissement Tongeren","Arrondissement de Tongres","Provincie Limburg","Province du Limbourg","Vlaams Gewest","Région flamande","<5"
"2020-05-19","82003","Bastenaken","Bastogne","Arrondissement Bastenaken","Arrondissement de Bastogne","Provincie Luxemburg","Province du Luxembourg","Waals Gewest","Région wallonne","<5"
"2020-05-19","82014","Houffalize","Houffalize","Arrondissement Bastenaken","Arrondissement de Bastogne","Provincie Luxemburg","Province du Luxembourg","Waals Gewest","Région wallonne","<5"
"2020-05-19","84035","Libin","Libin","Arrondissement Neufchâteau","Arrondissement de Neufchâteau","Provincie Luxemburg","Province du Luxembourg","Waals Gewest","Région wallonne","<5"
"2020-05-19","84043","Neufchâteau (Neufchâteau)","Neufchâteau (Neufchâteau)","Arrondissement Neufchâteau","Arrondissement de Neufchâteau","Provincie Luxemburg","Province du Luxembourg","Waals Gewest","Région wallonne","<5"
"2020-05-19","84050","Paliseul","Paliseul","Arrondissement Neufchâteau","Arrondissement de Neufchâteau","Provincie Luxemburg","Province du Luxembourg","Waals Gewest","Région wallonne","<5"
"2020-05-19","84077","Libramont-Chevigny","Libramont-Chevigny","Arrondissement Neufchâteau","Arrondissement de Neufchâteau","Provincie Luxemburg","Province du Luxembourg","Waals Gewest","Région wallonne","<5"
"2020-05-19","91015","Bièvre","Bièvre","Arrondissement Dinant","Arrondissement de Dinant","Provincie Namen","Province de Namur","Waals Gewest","Région wallonne","<5"
"2020-05-19","92035","Eghezée","Eghezée","Arrondissement Namen","Arrondissement de Namur","Provincie Namen","Province de Namur","Waals Gewest","Région wallonne","<5"
"2020-05-19","92094","Namen","Namur","Arrondissement Namen","Arrondissement de Namur","Provincie Namen","Province de Namur","Waals Gewest","Région wallonne","<5"
"2020-05-19","92137","Sambreville","Sambreville","Arrondissement Namen","Arrondissement de Namur","Provincie Namen","Province de Namur","Waals Gewest","Région wallonne","<5"
"2020-05-19",NA,NA,NA,NA,NA,NA,NA,NA,NA,"8"
"2020-05-20","11002","Antwerpen","Anvers","Arrondissement Antwerpen","Arrondissement d’Anvers","Provincie Antwerpen","Province d’Anvers","Vlaams Gewest","Région flamande","14"
"2020-05-20","11005","Boom","Boom","Arrondissement Antwerpen","Arrondissement d’Anvers","Provincie Antwerpen","Province d’Anvers","Vlaams Gewest","Région flamande","<5"
"2020-05-20","11007","Borsbeek","Borsbeek","Arrondissement Antwerpen","Arrondissement d’Anvers","Provincie Antwerpen","Province d’Anvers","Vlaams Gewest","Région flamande","<5"
"2020-05-20","11009","Brecht","Brecht","Arrondissement Antwerpen","Arrondissement d’Anvers","Provincie Antwerpen","Province d’Anvers","Vlaams Gewest","Région flamande","<5"
"2020-05-20","11016","Essen","Essen","Arrondissement Antwerpen","Arrondissement d’Anvers","Provincie Antwerpen","Province d’Anvers","Vlaams Gewest","Région flamande","<5"
"2020-05-20","11022","Kalmthout","Kalmthout","Arrondissement Antwerpen","Arrondissement d’Anvers","Provincie Antwerpen","Province d’Anvers","Vlaams Gewest","Région flamande","<5"
"2020-05-20","11023","Kapellen (Antwerpen)","Kapellen (Anvers)","Arrondissement Antwerpen","Arrondissement d’Anvers","Provincie Antwerpen","Province d’Anvers","Vlaams Gewest","Région flamande","<5"
"2020-05-20","11029","Mortsel","Mortsel","Arrondissement Antwerpen","Arrondissement d’Anvers","Provincie Antwerpen","Province d’Anvers","Vlaams Gewest","Région flamande","<5"
"2020-05-20","11035","Ranst","Ranst","Arrondissement Antwerpen","Arrondissement d’Anvers","Provincie Antwerpen","Province d’Anvers","Vlaams Gewest","Région flamande","<5"
"2020-05-20","11038","Schelle","Schelle","Arrondissement Antwerpen","Arrondissement d’Anvers","Provincie Antwerpen","Province d’Anvers","Vlaams Gewest","Région flamande","<5"
"2020-05-20","11039","Schilde","Schilde","Arrondissement Antwerpen","Arrondissement d’Anvers","Provincie Antwerpen","Province d’Anvers","Vlaams Gewest","Région flamande","<5"
"2020-05-20","11044","Stabroek","Stabroek","Arrondissement Antwerpen","Arrondissement d’Anvers","Provincie Antwerpen","Province d’Anvers","Vlaams Gewest","Région flamande","<5"
"2020-05-20","11053","Wuustwezel","Wuustwezel","Arrondissement Antwerpen","Arrondissement d’Anvers","Provincie Antwerpen","Province d’Anvers","Vlaams Gewest","Région flamande","<5"
"2020-05-20","11054","Zandhoven","Zandhoven","Arrondissement Antwerpen","Arrondissement d’Anvers","Provincie Antwerpen","Province d’Anvers","Vlaams Gewest","Région flamande","<5"
"2020-05-20","11055","Zoersel","Zoersel","Arrondissement Antwerpen","Arrondissement d’Anvers","Provincie Antwerpen","Province d’Anvers","Vlaams Gewest","Région flamande","<5"
"2020-05-20","11057","Malle","Malle","Arrondissement Antwerpen","Arrondissement d’Anvers","Provincie Antwerpen","Province d’Anvers","Vlaams Gewest","Région flamande","<5"
"2020-05-20","12005","Bonheiden","Bonheiden","Arrondissement Mechelen","Arrondissement de Malines","Provincie Antwerpen","Province d’Anvers","Vlaams Gewest","Région flamande","<5"
"2020-05-20","12041","Puurs-Sint-Amands","Puurs-Sint-Amands","Arrondissement Mechelen","Arrondissement de Malines","Provincie Antwerpen","Province d’Anvers","Vlaams Gewest","Région flamande","<5"
"2020-05-20","13001","Arendonk","Arendonk","Arrondissement Turnhout","Arrondissement de Turnhout","Provincie Antwerpen","Province d’Anvers","Vlaams Gewest","Région flamande","<5"
"2020-05-20","13002","Baarle-Hertog","Baerle-Duc","Arrondissement Turnhout","Arrondissement de Turnhout","Provincie Antwerpen","Province d’Anvers","Vlaams Gewest","Région flamande","<5"
"2020-05-20","13008","Geel","Geel","Arrondissement Turnhout","Arrondissement de Turnhout","Provincie Antwerpen","Province d’Anvers","Vlaams Gewest","Région flamande","<5"
"2020-05-20","13010","Grobbendonk","Grobbendonk","Arrondissement Turnhout","Arrondissement de Turnhout","Provincie Antwerpen","Province d’Anvers","Vlaams Gewest","Région flamande","<5"
"2020-05-20","13011","Herentals","Herentals","Arrondissement Turnhout","Arrondissement de Turnhout","Provincie Antwerpen","Province d’Anvers","Vlaams Gewest","Région flamande","<5"
"2020-05-20","13017","Kasterlee","Kasterlee","Arrondissement Turnhout","Arrondissement de Turnhout","Provincie Antwerpen","Province d’Anvers","Vlaams Gewest","Région flamande","<5"
"2020-05-20","13019","Lille","Lille","Arrondissement Turnhout","Arrondissement de Turnhout","Provincie Antwerpen","Province d’Anvers","Vlaams Gewest","Région flamande","<5"
"2020-05-20","13021","Meerhout","Meerhout","Arrondissement Turnhout","Arrondissement de Turnhout","Provincie Antwerpen","Province d’Anvers","Vlaams Gewest","Région flamande","<5"
"2020-05-20","13025","Mol","Mol","Arrondissement Turnhout","Arrondissement de Turnhout","Provincie Antwerpen","Province d’Anvers","Vlaams Gewest","Région flamande","<5"
"2020-05-20","13031","Oud-Turnhout","Oud-Turnhout","Arrondissement Turnhout","Arrondissement de Turnhout","Provincie Antwerpen","Province d’Anvers","Vlaams Gewest","Région flamande","17"
"2020-05-20","13035","Ravels","Ravels","Arrondissement Turnhout","Arrondissement de Turnhout","Provincie Antwerpen","Province d’Anvers","Vlaams Gewest","Région flamande","<5"
"2020-05-20","13040","Turnhout","Turnhout","Arrondissement Turnhout","Arrondissement de Turnhout","Provincie Antwerpen","Province d’Anvers","Vlaams Gewest","Région flamande","10"
"2020-05-20","13053","Laakdal","Laakdal","Arrondissement Turnhout","Arrondissement de Turnhout","Provincie Antwerpen","Province d’Anvers","Vlaams Gewest","Région flamande","<5"
"2020-05-20","21001","Anderlecht","Anderlecht","Arrondissement Brussel-Hoofdstad","Arrondissement de Bruxelles-Capitale",NA,NA,"Brussels Hoofdstedelijk Gewest","Région de Bruxelles-Capitale","<5"
"2020-05-20","21004","Brussel","Bruxelles","Arrondissement Brussel-Hoofdstad","Arrondissement de Bruxelles-Capitale",NA,NA,"Brussels Hoofdstedelijk Gewest","Région de Bruxelles-Capitale","<5"
"2020-05-20","21005","Etterbeek","Etterbeek","Arrondissement Brussel-Hoofdstad","Arrondissement de Bruxelles-Capitale",NA,NA,"Brussels Hoofdstedelijk Gewest","Région de Bruxelles-Capitale","<5"
"2020-05-20","21006","Evere","Evere","Arrondissement Brussel-Hoofdstad","Arrondissement de Bruxelles-Capitale",NA,NA,"Brussels Hoofdstedelijk Gewest","Région de Bruxelles-Capitale","<5"
"2020-05-20","21008","Ganshoren","Ganshoren","Arrondissement Brussel-Hoofdstad","Arrondissement de Bruxelles-Capitale",NA,NA,"Brussels Hoofdstedelijk Gewest","Région de Bruxelles-Capitale","<5"
"2020-05-20","21009","Elsene","Ixelles","Arrondissement Brussel-Hoofdstad","Arrondissement de Bruxelles-Capitale",NA,NA,"Brussels Hoofdstedelijk Gewest","Région de Bruxelles-Capitale","<5"
"2020-05-20","21012","Sint-Jans-Molenbeek","Molenbeek-Saint-Jean","Arrondissement Brussel-Hoofdstad","Arrondissement de Bruxelles-Capitale",NA,NA,"Brussels Hoofdstedelijk Gewest","Région de Bruxelles-Capitale","<5"
"2020-05-20","21013","Sint-Gillis","Saint-Gilles","Arrondissement Brussel-Hoofdstad","Arrondissement de Bruxelles-Capitale",NA,NA,"Brussels Hoofdstedelijk Gewest","Région de Bruxelles-Capitale","<5"
"2020-05-20","21014","Sint-Joost-ten-Node","Saint-Josse-ten-Noode","Arrondissement Brussel-Hoofdstad","Arrondissement de Bruxelles-Capitale",NA,NA,"Brussels Hoofdstedelijk Gewest","Région de Bruxelles-Capitale","<5"
"2020-05-20","21015","Schaarbeek","Schaerbeek","Arrondissement Brussel-Hoofdstad","Arrondissement de Bruxelles-Capitale",NA,NA,"Brussels Hoofdstedelijk Gewest","Région de Bruxelles-Capitale","<5"
"2020-05-20","21017","Watermaal-Bosvoorde","Watermael-Boitsfort","Arrondissement Brussel-Hoofdstad","Arrondissement de Bruxelles-Capitale",NA,NA,"Brussels Hoofdstedelijk Gewest","Région de Bruxelles-Capitale","<5"
"2020-05-20","23003","Beersel","Beersel","Arrondissement Halle-Vilvoorde","Arrondissement de Hal-Vilvorde","Provincie Vlaams-Brabant","Province du Brabant flamand","Vlaams Gewest","Région flamande","<5"
"2020-05-20","23016","Dilbeek","Dilbeek","Arrondissement Halle-Vilvoorde","Arrondissement de Hal-Vilvorde","Provincie Vlaams-Brabant","Province du Brabant flamand","Vlaams Gewest","Région flamande","<5"
"2020-05-20","23044","Liedekerke","Liedekerke","Arrondissement Halle-Vilvoorde","Arrondissement de Hal-Vilvorde","Provincie Vlaams-Brabant","Province du Brabant flamand","Vlaams Gewest","Région flamande","<5"
"2020-05-20","23094","Zaventem","Zaventem","Arrondissement Halle-Vilvoorde","Arrondissement de Hal-Vilvorde","Provincie Vlaams-Brabant","Province du Brabant flamand","Vlaams Gewest","Région flamande","<5"
"2020-05-20","24001","Aarschot","Aarschot","Arrondissement Leuven","Arrondissement de Louvain","Provincie Vlaams-Brabant","Province du Brabant flamand","Vlaams Gewest","Région flamande","<5"
"2020-05-20","24020","Diest","Diest","Arrondissement Leuven","Arrondissement de Louvain","Provincie Vlaams-Brabant","Province du Brabant flamand","Vlaams Gewest","Région flamande","<5"
"2020-05-20","24028","Geetbets","Geetbets","Arrondissement Leuven","Arrondissement de Louvain","Provincie Vlaams-Brabant","Province du Brabant flamand","Vlaams Gewest","Région flamande","<5"
"2020-05-20","24033","Haacht","Haacht","Arrondissement Leuven","Arrondissement de Louvain","Provincie Vlaams-Brabant","Province du Brabant flamand","Vlaams Gewest","Région flamande","<5"
"2020-05-20","24038","Herent","Herent","Arrondissement Leuven","Arrondissement de Louvain","Provincie Vlaams-Brabant","Province du Brabant flamand","Vlaams Gewest","Région flamande","<5"
"2020-05-20","24059","Landen","Landen","Arrondissement Leuven","Arrondissement de Louvain","Provincie Vlaams-Brabant","Province du Brabant flamand","Vlaams Gewest","Région flamande","<5"
"2020-05-20","24066","Lubbeek","Lubbeek","Arrondissement Leuven","Arrondissement de Louvain","Provincie Vlaams-Brabant","Province du Brabant flamand","Vlaams Gewest","Région flamande","<5"
"2020-05-20","24107","Tienen","Tirlemont","Arrondissement Leuven","Arrondissement de Louvain","Provincie Vlaams-Brabant","Province du Brabant flamand","Vlaams Gewest","Région flamande","<5"
"2020-05-20","24137","Glabbeek","Glabbeek","Arrondissement Leuven","Arrondissement de Louvain","Provincie Vlaams-Brabant","Province du Brabant flamand","Vlaams Gewest","Région flamande","<5"
"2020-05-20","25023","Court-Saint-Etienne","Court-Saint-Etienne","Arrondissement Nijvel","Arrondissement de Nivelles","Provincie Waals-Brabant","Province du Brabant wallon","Waals Gewest","Région wallonne","<5"
"2020-05-20","25037","Graven","Grez-Doiceau","Arrondissement Nijvel","Arrondissement de Nivelles","Provincie Waals-Brabant","Province du Brabant wallon","Waals Gewest","Région wallonne","<5"
"2020-05-20","25110","Waterloo","Waterloo","Arrondissement Nijvel","Arrondissement de Nivelles","Provincie Waals-Brabant","Province du Brabant wallon","Waals Gewest","Région wallonne","<5"
"2020-05-20","25112","Waver","Wavre","Arrondissement Nijvel","Arrondissement de Nivelles","Provincie Waals-Brabant","Province du Brabant wallon","Waals Gewest","Région wallonne","<5"
"2020-05-20","25120","Orp-Jauche","Orp-Jauche","Arrondissement Nijvel","Arrondissement de Nivelles","Provincie Waals-Brabant","Province du Brabant wallon","Waals Gewest","Région wallonne","<5"
"2020-05-20","25121","Ottignies-Louvain-la-Neuve","Ottignies-Louvain-la-Neuve","Arrondissement Nijvel","Arrondissement de Nivelles","Provincie Waals-Brabant","Province du Brabant wallon","Waals Gewest","Région wallonne","<5"
"2020-05-20","31003","Beernem","Beernem","Arrondissement Brugge","Arrondissement de Bruges","Provincie West-Vlaanderen","Province de Flandre occidentale","Vlaams Gewest","Région flamande","<5"
"2020-05-20","31005","Brugge","Bruges","Arrondissement Brugge","Arrondissement de Bruges","Provincie West-Vlaanderen","Province de Flandre occidentale","Vlaams Gewest","Région flamande","6"
"2020-05-20","31022","Oostkamp","Oostkamp","Arrondissement Brugge","Arrondissement de Bruges","Provincie West-Vlaanderen","Province de Flandre occidentale","Vlaams Gewest","Région flamande","<5"
"2020-05-20","31033","Torhout","Torhout","Arrondissement Brugge","Arrondissement de Bruges","Provincie West-Vlaanderen","Province de Flandre occidentale","Vlaams Gewest","Région flamande","<5"
"2020-05-20","31040","Zedelgem","Zedelgem","Arrondissement Brugge","Arrondissement de Bruges","Provincie West-Vlaanderen","Province de Flandre occidentale","Vlaams Gewest","Région flamande","<5"
"2020-05-20","33011","Ieper","Ypres","Arrondissement Ieper","Arrondissement d’Ypres","Provincie West-Vlaanderen","Province de Flandre occidentale","Vlaams Gewest","Région flamande","<5"
"2020-05-20","33040","Langemark-Poelkapelle","Langemark-Poelkapelle","Arrondissement Ieper","Arrondissement d’Ypres","Provincie West-Vlaanderen","Province de Flandre occidentale","Vlaams Gewest","Région flamande","<5"
"2020-05-20","33041","Vleteren","Vleteren","Arrondissement Ieper","Arrondissement d’Ypres","Provincie West-Vlaanderen","Province de Flandre occidentale","Vlaams Gewest","Région flamande","<5"
"2020-05-20","34003","Avelgem","Avelgem","Arrondissement Kortrijk","Arrondissement de Courtrai","Provincie West-Vlaanderen","Province de Flandre occidentale","Vlaams Gewest","Région flamande","<5"
"2020-05-20","34013","Harelbeke","Harelbeke","Arrondissement Kortrijk","Arrondissement de Courtrai","Provincie West-Vlaanderen","Province de Flandre occidentale","Vlaams Gewest","Région flamande","<5"
"2020-05-20","34043","Spiere-Helkijn","Espierres-Helchin","Arrondissement Kortrijk","Arrondissement de Courtrai","Provincie West-Vlaanderen","Province de Flandre occidentale","Vlaams Gewest","Région flamande","<5"
"2020-05-20","35006","Ichtegem","Ichtegem","Arrondissement Oostende","Arrondissement d’Ostende","Provincie West-Vlaanderen","Province de Flandre occidentale","Vlaams Gewest","Région flamande","<5"
"2020-05-20","35013","Oostende","Ostende","Arrondissement Oostende","Arrondissement d’Ostende","Provincie West-Vlaanderen","Province de Flandre occidentale","Vlaams Gewest","Région flamande","<5"
"2020-05-20","36011","Lichtervelde","Lichtervelde","Arrondissement Roeselare","Arrondissement de Roulers","Provincie West-Vlaanderen","Province de Flandre occidentale","Vlaams Gewest","Région flamande","<5"
"2020-05-20","36015","Roeselare","Roulers","Arrondissement Roeselare","Arrondissement de Roulers","Provincie West-Vlaanderen","Province de Flandre occidentale","Vlaams Gewest","Région flamande","<5"
"2020-05-20","37002","Dentergem","Dentergem","Arrondissement Tielt","Arrondissement de Tielt","Provincie West-Vlaanderen","Province de Flandre occidentale","Vlaams Gewest","Région flamande","<5"
"2020-05-20","37012","Ruiselede","Ruiselede","Arrondissement Tielt","Arrondissement de Tielt","Provincie West-Vlaanderen","Province de Flandre occidentale","Vlaams Gewest","Région flamande","<5"
"2020-05-20","37018","Wingene","Wingene","Arrondissement Tielt","Arrondissement de Tielt","Provincie West-Vlaanderen","Province de Flandre occidentale","Vlaams Gewest","Région flamande","<5"
"2020-05-20","38014","Koksijde","Koksijde","Arrondissement Veurne","Arrondissement de Furnes","Provincie West-Vlaanderen","Province de Flandre occidentale","Vlaams Gewest","Région flamande","<5"
"2020-05-20","38025","Veurne","Furnes","Arrondissement Veurne","Arrondissement de Furnes","Provincie West-Vlaanderen","Province de Flandre occidentale","Vlaams Gewest","Région flamande","<5"
"2020-05-20","41002","Aalst (Aalst)","Alost (Alost)","Arrondissement Aalst","Arrondissement d’Alost","Provincie Oost-Vlaanderen","Province de Flandre orientale","Vlaams Gewest","Région flamande","<5"
"2020-05-20","41027","Herzele","Herzele","Arrondissement Aalst","Arrondissement d’Alost","Provincie Oost-Vlaanderen","Province de Flandre orientale","Vlaams Gewest","Région flamande","<5"
"2020-05-20","42008","Hamme (Dendermonde)","Hamme (Termonde)","Arrondissement Dendermonde","Arrondissement de Termonde","Provincie Oost-Vlaanderen","Province de Flandre orientale","Vlaams Gewest","Région flamande","<5"
"2020-05-20","42025","Wetteren","Wetteren","Arrondissement Dendermonde","Arrondissement de Termonde","Provincie Oost-Vlaanderen","Province de Flandre orientale","Vlaams Gewest","Région flamande","<5"
"2020-05-20","42028","Zele","Zele","Arrondissement Dendermonde","Arrondissement de Termonde","Provincie Oost-Vlaanderen","Province de Flandre orientale","Vlaams Gewest","Région flamande","<5"
"2020-05-20","43005","Eeklo","Eeklo","Arrondissement Eeklo","Arrondissement d’Eeklo","Provincie Oost-Vlaanderen","Province de Flandre orientale","Vlaams Gewest","Région flamande","<5"
"2020-05-20","44019","Evergem","Evergem","Arrondissement Gent","Arrondissement de Gand","Provincie Oost-Vlaanderen","Province de Flandre orientale","Vlaams Gewest","Région flamande","<5"
"2020-05-20","44021","Gent","Gand","Arrondissement Gent","Arrondissement de Gand","Provincie Oost-Vlaanderen","Province de Flandre orientale","Vlaams Gewest","Région flamande","6"
"2020-05-20","44084","Aalter","Aalter","Arrondissement Gent","Arrondissement de Gand","Provincie Oost-Vlaanderen","Province de Flandre orientale","Vlaams Gewest","Région flamande","<5"
"2020-05-20","44085","Lievegem","Lievegem","Arrondissement Gent","Arrondissement de Gand","Provincie Oost-Vlaanderen","Province de Flandre orientale","Vlaams Gewest","Région flamande","<5"
"2020-05-20","45035","Oudenaarde","Audenarde","Arrondissement Oudenaarde","Arrondissement d’Audenarde","Provincie Oost-Vlaanderen","Province de Flandre orientale","Vlaams Gewest","Région flamande","<5"
"2020-05-20","45062","Horebeke","Horebeke","Arrondissement Oudenaarde","Arrondissement d’Audenarde","Provincie Oost-Vlaanderen","Province de Flandre orientale","Vlaams Gewest","Région flamande","<5"
"2020-05-20","46003","Beveren (Sint-Niklaas)","Beveren (Saint-Nicolas)","Arrondissement Sint-Niklaas","Arrondissement de Saint-Nicolas","Provincie Oost-Vlaanderen","Province de Flandre orientale","Vlaams Gewest","Région flamande","5"
"2020-05-20","46014","Lokeren","Lokeren","Arrondissement Sint-Niklaas","Arrondissement de Saint-Nicolas","Provincie Oost-Vlaanderen","Province de Flandre orientale","Vlaams Gewest","Région flamande","<5"
"2020-05-20","46021","Sint-Niklaas (Sint-Niklaas)","Saint-Nicolas (Saint-Nicolas)","Arrondissement Sint-Niklaas","Arrondissement de Saint-Nicolas","Provincie Oost-Vlaanderen","Province de Flandre orientale","Vlaams Gewest","Région flamande","5"
"2020-05-20","46024","Stekene","Stekene","Arrondissement Sint-Niklaas","Arrondissement de Saint-Nicolas","Provincie Oost-Vlaanderen","Province de Flandre orientale","Vlaams Gewest","Région flamande","<5"
"2020-05-20","46025","Temse","Tamise","Arrondissement Sint-Niklaas","Arrondissement de Saint-Nicolas","Provincie Oost-Vlaanderen","Province de Flandre orientale","Vlaams Gewest","Région flamande","<5"
"2020-05-20","51004","Aat","Ath","Arrondissement Aat","Arrondissement d’Ath","Provincie Henegouwen","Province du Hainaut","Waals Gewest","Région wallonne","<5"
"2020-05-20","51008","Beloeil","Beloeil","Arrondissement Aat","Arrondissement d’Ath","Provincie Henegouwen","Province du Hainaut","Waals Gewest","Région wallonne","<5"
"2020-05-20","51019","Vloesberg","Flobecq","Arrondissement Aat","Arrondissement d’Ath","Provincie Henegouwen","Province du Hainaut","Waals Gewest","Région wallonne","<5"
"2020-05-20","51065","Frasnes-lez-Anvaing","Frasnes-lez-Anvaing","Arrondissement Aat","Arrondissement d’Ath","Provincie Henegouwen","Province du Hainaut","Waals Gewest","Région wallonne","<5"
"2020-05-20","51068","Opzullik","Silly","Arrondissement Aat","Arrondissement d’Ath","Provincie Henegouwen","Province du Hainaut","Waals Gewest","Région wallonne","<5"
"2020-05-20","52011","Charleroi","Charleroi","Arrondissement Charleroi","Arrondissement de Charleroi","Provincie Henegouwen","Province du Hainaut","Waals Gewest","Région wallonne","13"
"2020-05-20","53053","Bergen","Mons","Arrondissement Bergen","Arrondissement de Mons","Provincie Henegouwen","Province du Hainaut","Waals Gewest","Région wallonne","5"
"2020-05-20","53065","Quaregnon","Quaregnon","Arrondissement Bergen","Arrondissement de Mons","Provincie Henegouwen","Province du Hainaut","Waals Gewest","Région wallonne","<5"
"2020-05-20","53070","Saint-Ghislain","Saint-Ghislain","Arrondissement Bergen","Arrondissement de Mons","Provincie Henegouwen","Province du Hainaut","Waals Gewest","Région wallonne","<5"
"2020-05-20","55035","Le Roeulx","Le Roeulx","Arrondissement Zinnik","Arrondissement de Soignies","Provincie Henegouwen","Province du Hainaut","Waals Gewest","Région wallonne","<5"
"2020-05-20","55040","Zinnik","Soignies","Arrondissement Zinnik","Arrondissement de Soignies","Provincie Henegouwen","Province du Hainaut","Waals Gewest","Région wallonne","<5"
"2020-05-20","56001","Anderlues","Anderlues","Arrondissement Thuin","Arrondissement de Thuin","Provincie Henegouwen","Province du Hainaut","Waals Gewest","Région wallonne","<5"
"2020-05-20","56078","Thuin","Thuin","Arrondissement Thuin","Arrondissement de Thuin","Provincie Henegouwen","Province du Hainaut","Waals Gewest","Région wallonne","<5"
"2020-05-20","57027","Estaimpuis","Estaimpuis","Arrondissement Doornik-Moeskroen","Arrondissement de Tournai-Mouscron","Provincie Henegouwen","Province du Hainaut","Waals Gewest","Région wallonne","<5"
"2020-05-20","57064","Péruwelz","Péruwelz","Arrondissement Doornik-Moeskroen","Arrondissement de Tournai-Mouscron","Provincie Henegouwen","Province du Hainaut","Waals Gewest","Région wallonne","<5"
"2020-05-20","57081","Doornik","Tournai","Arrondissement Doornik-Moeskroen","Arrondissement de Tournai-Mouscron","Provincie Henegouwen","Province du Hainaut","Waals Gewest","Région wallonne","<5"
"2020-05-20","57096","Moeskroen","Mouscron","Arrondissement Doornik-Moeskroen","Arrondissement de Tournai-Mouscron","Provincie Henegouwen","Province du Hainaut","Waals Gewest","Région wallonne","7"
"2020-05-20","58001","La Louvière","La Louvière","Arrondissement La Louvière","Arrondissement de La Louvière","Provincie Henegouwen","Province du Hainaut","Waals Gewest","Région wallonne","5"
"2020-05-20","58002","Binche","Binche","Arrondissement La Louvière","Arrondissement de La Louvière","Provincie Henegouwen","Province du Hainaut","Waals Gewest","Région wallonne","<5"
"2020-05-20","58004","Morlanwelz","Morlanwelz","Arrondissement La Louvière","Arrondissement de La Louvière","Provincie Henegouwen","Province du Hainaut","Waals Gewest","Région wallonne","<5"
"2020-05-20","61063","Verlaine","Verlaine","Arrondissement Hoei","Arrondissement de Huy","Provincie Luik","Province de Liège","Waals Gewest","Région wallonne","<5"
"2020-05-20","62006","Awans","Awans","Arrondissement Luik","Arrondissement de Liège","Provincie Luik","Province de Liège","Waals Gewest","Région wallonne","<5"
"2020-05-20","62011","Bitsingen","Bassenge","Arrondissement Luik","Arrondissement de Liège","Provincie Luik","Province de Liège","Waals Gewest","Région wallonne","<5"
"2020-05-20","62022","Chaudfontaine","Chaudfontaine","Arrondissement Luik","Arrondissement de Liège","Provincie Luik","Province de Liège","Waals Gewest","Région wallonne","<5"
"2020-05-20","62026","Comblain-au-Pont","Comblain-au-Pont","Arrondissement Luik","Arrondissement de Liège","Provincie Luik","Province de Liège","Waals Gewest","Région wallonne","<5"
"2020-05-20","62051","Herstal","Herstal","Arrondissement Luik","Arrondissement de Liège","Provincie Luik","Province de Liège","Waals Gewest","Région wallonne","<5"
"2020-05-20","62060","Juprelle","Juprelle","Arrondissement Luik","Arrondissement de Liège","Provincie Luik","Province de Liège","Waals Gewest","Région wallonne","<5"
"2020-05-20","62063","Luik","Liège","Arrondissement Luik","Arrondissement de Liège","Provincie Luik","Province de Liège","Waals Gewest","Région wallonne","<5"
"2020-05-20","62079","Oupeye","Oupeye","Arrondissement Luik","Arrondissement de Liège","Provincie Luik","Province de Liège","Waals Gewest","Région wallonne","<5"
"2020-05-20","62096","Seraing","Seraing","Arrondissement Luik","Arrondissement de Liège","Provincie Luik","Province de Liège","Waals Gewest","Région wallonne","<5"
"2020-05-20","62118","Grâce-Hollogne","Grâce-Hollogne","Arrondissement Luik","Arrondissement de Liège","Provincie Luik","Province de Liège","Waals Gewest","Région wallonne","<5"
"2020-05-20","62119","Blegny","Blegny","Arrondissement Luik","Arrondissement de Liège","Provincie Luik","Province de Liège","Waals Gewest","Région wallonne","<5"
"2020-05-20","63013","Bütgenbach","Butgenbach","Arrondissement Verviers","Arrondissement de Verviers","Provincie Luik","Province de Liège","Waals Gewest","Région wallonne","<5"
"2020-05-20","63038","Jalhay","Jalhay","Arrondissement Verviers","Arrondissement de Verviers","Provincie Luik","Province de Liège","Waals Gewest","Région wallonne","<5"
"2020-05-20","63058","Pepinster","Pepinster","Arrondissement Verviers","Arrondissement de Verviers","Provincie Luik","Province de Liège","Waals Gewest","Région wallonne","<5"
"2020-05-20","63072","Spa","Spa","Arrondissement Verviers","Arrondissement de Verviers","Provincie Luik","Province de Liège","Waals Gewest","Région wallonne","<5"
"2020-05-20","63079","Verviers","Verviers","Arrondissement Verviers","Arrondissement de Verviers","Provincie Luik","Province de Liège","Waals Gewest","Région wallonne","<5"
"2020-05-20","64034","Hannuit","Hannut","Arrondissement Borgworm","Arrondissement de Waremme","Provincie Luik","Province de Liège","Waals Gewest","Région wallonne","<5"
"2020-05-20","71002","As","As","Arrondissement Hasselt","Arrondissement de Hasselt","Provincie Limburg","Province du Limbourg","Vlaams Gewest","Région flamande","<5"
"2020-05-20","71004","Beringen","Beringen","Arrondissement Hasselt","Arrondissement de Hasselt","Provincie Limburg","Province du Limbourg","Vlaams Gewest","Région flamande","<5"
"2020-05-20","71016","Genk","Genk","Arrondissement Hasselt","Arrondissement de Hasselt","Provincie Limburg","Province du Limbourg","Vlaams Gewest","Région flamande","<5"
"2020-05-20","71022","Hasselt","Hasselt","Arrondissement Hasselt","Arrondissement de Hasselt","Provincie Limburg","Province du Limbourg","Vlaams Gewest","Région flamande","<5"
"2020-05-20","71024","Herk-de-Stad","Herck-la-Ville","Arrondissement Hasselt","Arrondissement de Hasselt","Provincie Limburg","Province du Limbourg","Vlaams Gewest","Région flamande","<5"
"2020-05-20","71037","Lummen","Lummen","Arrondissement Hasselt","Arrondissement de Hasselt","Provincie Limburg","Province du Limbourg","Vlaams Gewest","Région flamande","<5"
"2020-05-20","71045","Nieuwerkerken (Hasselt)","Nieuwerkerken (Hasselt)","Arrondissement Hasselt","Arrondissement de Hasselt","Provincie Limburg","Province du Limbourg","Vlaams Gewest","Région flamande","<5"
"2020-05-20","71053","Sint-Truiden","Saint-Trond","Arrondissement Hasselt","Arrondissement de Hasselt","Provincie Limburg","Province du Limbourg","Vlaams Gewest","Région flamande","9"
"2020-05-20","71066","Zonhoven","Zonhoven","Arrondissement Hasselt","Arrondissement de Hasselt","Provincie Limburg","Province du Limbourg","Vlaams Gewest","Région flamande","<5"
"2020-05-20","71070","Heusden-Zolder","Heusden-Zolder","Arrondissement Hasselt","Arrondissement de Hasselt","Provincie Limburg","Province du Limbourg","Vlaams Gewest","Région flamande","<5"
"2020-05-20","72003","Bocholt","Bocholt","Arrondissement Maaseik","Arrondissement de Maaseik","Provincie Limburg","Province du Limbourg","Vlaams Gewest","Région flamande","<5"
"2020-05-20","72004","Bree","Bree","Arrondissement Maaseik","Arrondissement de Maaseik","Provincie Limburg","Province du Limbourg","Vlaams Gewest","Région flamande","<5"
"2020-05-20","72020","Lommel","Lommel","Arrondissement Maaseik","Arrondissement de Maaseik","Provincie Limburg","Province du Limbourg","Vlaams Gewest","Région flamande","<5"
"2020-05-20","72021","Maaseik","Maaseik","Arrondissement Maaseik","Arrondissement de Maaseik","Provincie Limburg","Province du Limbourg","Vlaams Gewest","Région flamande","<5"
"2020-05-20","72037","Hamont-Achel","Hamont-Achel","Arrondissement Maaseik","Arrondissement de Maaseik","Provincie Limburg","Province du Limbourg","Vlaams Gewest","Région flamande","<5"
"2020-05-20","72039","Houthalen-Helchteren","Houthalen-Helchteren","Arrondissement Maaseik","Arrondissement de Maaseik","Provincie Limburg","Province du Limbourg","Vlaams Gewest","Région flamande","<5"
"2020-05-20","72042","Oudsbergen","Oudsbergen","Arrondissement Maaseik","Arrondissement de Maaseik","Provincie Limburg","Province du Limbourg","Vlaams Gewest","Région flamande","<5"
"2020-05-20","72043","Pelt","Pelt","Arrondissement Maaseik","Arrondissement de Maaseik","Provincie Limburg","Province du Limbourg","Vlaams Gewest","Région flamande","<5"
"2020-05-20","73006","Bilzen","Bilzen","Arrondissement Tongeren","Arrondissement de Tongres","Provincie Limburg","Province du Limbourg","Vlaams Gewest","Région flamande","<5"
"2020-05-20","73022","Heers","Heers","Arrondissement Tongeren","Arrondissement de Tongres","Provincie Limburg","Province du Limbourg","Vlaams Gewest","Région flamande","<5"
"2020-05-20","73032","Hoeselt","Hoeselt","Arrondissement Tongeren","Arrondissement de Tongres","Provincie Limburg","Province du Limbourg","Vlaams Gewest","Région flamande","<5"
"2020-05-20","73083","Tongeren","Tongres","Arrondissement Tongeren","Arrondissement de Tongres","Provincie Limburg","Province du Limbourg","Vlaams Gewest","Région flamande","<5"
"2020-05-20","73098","Wellen","Wellen","Arrondissement Tongeren","Arrondissement de Tongres","Provincie Limburg","Province du Limbourg","Vlaams Gewest","Région flamande","<5"
"2020-05-20","73107","Maasmechelen","Maasmechelen","Arrondissement Tongeren","Arrondissement de Tongres","Provincie Limburg","Province du Limbourg","Vlaams Gewest","Région flamande","<5"
"2020-05-20","81001","Aarlen","Arlon","Arrondissement Aarlen","Arrondissement d’Arlon","Provincie Luxemburg","Province du Luxembourg","Waals Gewest","Région wallonne","<5"
"2020-05-20","84043","Neufchâteau (Neufchâteau)","Neufchâteau (Neufchâteau)","Arrondissement Neufchâteau","Arrondissement de Neufchâteau","Provincie Luxemburg","Province du Luxembourg","Waals Gewest","Région wallonne","<5"
"2020-05-20","85011","Florenville","Florenville","Arrondissement Virton","Arrondissement de Virton","Provincie Luxemburg","Province du Luxembourg","Waals Gewest","Région wallonne","<5"
"2020-05-20","91013","Beauraing","Beauraing","Arrondissement Dinant","Arrondissement de Dinant","Provincie Namen","Province de Namur","Waals Gewest","Région wallonne","<5"
"2020-05-20","92048","Fosses-la-Ville","Fosses-la-Ville","Arrondissement Namen","Arrondissement de Namur","Provincie Namen","Province de Namur","Waals Gewest","Région wallonne","<5"
"2020-05-20","92087","Mettet","Mettet","Arrondissement Namen","Arrondissement de Namur","Provincie Namen","Province de Namur","Waals Gewest","Région wallonne","<5"
"2020-05-20","92094","Namen","Namur","Arrondissement Namen","Arrondissement de Namur","Provincie Namen","Province de Namur","Waals Gewest","Région wallonne","<5"
"2020-05-20","92137","Sambreville","Sambreville","Arrondissement Namen","Arrondissement de Namur","Provincie Namen","Province de Namur","Waals Gewest","Région wallonne","<5"
"2020-05-20","92138","Fernelmont","Fernelmont","Arrondissement Namen","Arrondissement de Namur","Provincie Namen","Province de Namur","Waals Gewest","Région wallonne","<5"
"2020-05-20","92140","Jemeppe-sur-Sambre","Jemeppe-sur-Sambre","Arrondissement Namen","Arrondissement de Namur","Provincie Namen","Province de Namur","Waals Gewest","Région wallonne","<5"
"2020-05-20","92142","Gembloux","Gembloux","Arrondissement Namen","Arrondissement de Namur","Provincie Namen","Province de Namur","Waals Gewest","Région wallonne","<5"
"2020-05-20",NA,NA,NA,NA,NA,NA,NA,NA,NA,"8"
"2020-05-21","11001","Aartselaar","Aartselaar","Arrondissement Antwerpen","Arrondissement d’Anvers","Provincie Antwerpen","Province d’Anvers","Vlaams Gewest","Région flamande","<5"
"2020-05-21","11002","Antwerpen","Anvers","Arrondissement Antwerpen","Arrondissement d’Anvers","Provincie Antwerpen","Province d’Anvers","Vlaams Gewest","Région flamande","<5"
"2020-05-21","11023","Kapellen (Antwerpen)","Kapellen (Anvers)","Arrondissement Antwerpen","Arrondissement d’Anvers","Provincie Antwerpen","Province d’Anvers","Vlaams Gewest","Région flamande","<5"
"2020-05-21","11039","Schilde","Schilde","Arrondissement Antwerpen","Arrondissement d’Anvers","Provincie Antwerpen","Province d’Anvers","Vlaams Gewest","Région flamande","<5"
"2020-05-21","13001","Arendonk","Arendonk","Arrondissement Turnhout","Arrondissement de Turnhout","Provincie Antwerpen","Province d’Anvers","Vlaams Gewest","Région flamande","<5"
"2020-05-21","13008","Geel","Geel","Arrondissement Turnhout","Arrondissement de Turnhout","Provincie Antwerpen","Province d’Anvers","Vlaams Gewest","Région flamande","<5"
"2020-05-21","13017","Kasterlee","Kasterlee","Arrondissement Turnhout","Arrondissement de Turnhout","Provincie Antwerpen","Province d’Anvers","Vlaams Gewest","Région flamande","<5"
"2020-05-21","13019","Lille","Lille","Arrondissement Turnhout","Arrondissement de Turnhout","Provincie Antwerpen","Province d’Anvers","Vlaams Gewest","Région flamande","<5"
"2020-05-21","13040","Turnhout","Turnhout","Arrondissement Turnhout","Arrondissement de Turnhout","Provincie Antwerpen","Province d’Anvers","Vlaams Gewest","Région flamande","<5"
"2020-05-21","13049","Westerlo","Westerlo","Arrondissement Turnhout","Arrondissement de Turnhout","Provincie Antwerpen","Province d’Anvers","Vlaams Gewest","Région flamande","<5"
"2020-05-21","21011","Koekelberg","Koekelberg","Arrondissement Brussel-Hoofdstad","Arrondissement de Bruxelles-Capitale",NA,NA,"Brussels Hoofdstedelijk Gewest","Région de Bruxelles-Capitale","<5"
"2020-05-21","21014","Sint-Joost-ten-Node","Saint-Josse-ten-Noode","Arrondissement Brussel-Hoofdstad","Arrondissement de Bruxelles-Capitale",NA,NA,"Brussels Hoofdstedelijk Gewest","Région de Bruxelles-Capitale","<5"
"2020-05-21","21015","Schaarbeek","Schaerbeek","Arrondissement Brussel-Hoofdstad","Arrondissement de Bruxelles-Capitale",NA,NA,"Brussels Hoofdstedelijk Gewest","Région de Bruxelles-Capitale","<5"
"2020-05-21","21019","Sint-Pieters-Woluwe","Woluwe-Saint-Pierre","Arrondissement Brussel-Hoofdstad","Arrondissement de Bruxelles-Capitale",NA,NA,"Brussels Hoofdstedelijk Gewest","Région de Bruxelles-Capitale","<5"
"2020-05-21","23025","Grimbergen","Grimbergen","Arrondissement Halle-Vilvoorde","Arrondissement de Hal-Vilvorde","Provincie Vlaams-Brabant","Province du Brabant flamand","Vlaams Gewest","Région flamande","<5"
"2020-05-21","23103","Wezembeek-Oppem","Wezembeek-Oppem","Arrondissement Halle-Vilvoorde","Arrondissement de Hal-Vilvorde","Provincie Vlaams-Brabant","Province du Brabant flamand","Vlaams Gewest","Région flamande","<5"
"2020-05-21","24134","Scherpenheuvel-Zichem","Montaigu-Zichem","Arrondissement Leuven","Arrondissement de Louvain","Provincie Vlaams-Brabant","Province du Brabant flamand","Vlaams Gewest","Région flamande","<5"
"2020-05-21","31005","Brugge","Bruges","Arrondissement Brugge","Arrondissement de Bruges","Provincie West-Vlaanderen","Province de Flandre occidentale","Vlaams Gewest","Région flamande","<5"
"2020-05-21","34013","Harelbeke","Harelbeke","Arrondissement Kortrijk","Arrondissement de Courtrai","Provincie West-Vlaanderen","Province de Flandre occidentale","Vlaams Gewest","Région flamande","<5"
"2020-05-21","35013","Oostende","Ostende","Arrondissement Oostende","Arrondissement d’Ostende","Provincie West-Vlaanderen","Province de Flandre occidentale","Vlaams Gewest","Région flamande","5"
"2020-05-21","36008","Izegem","Izegem","Arrondissement Roeselare","Arrondissement de Roulers","Provincie West-Vlaanderen","Province de Flandre occidentale","Vlaams Gewest","Région flamande","<5"
"2020-05-21","36015","Roeselare","Roulers","Arrondissement Roeselare","Arrondissement de Roulers","Provincie West-Vlaanderen","Province de Flandre occidentale","Vlaams Gewest","Région flamande","<5"
"2020-05-21","41002","Aalst (Aalst)","Alost (Alost)","Arrondissement Aalst","Arrondissement d’Alost","Provincie Oost-Vlaanderen","Province de Flandre orientale","Vlaams Gewest","Région flamande","<5"
"2020-05-21","42023","Waasmunster","Waasmunster","Arrondissement Dendermonde","Arrondissement de Termonde","Provincie Oost-Vlaanderen","Province de Flandre orientale","Vlaams Gewest","Région flamande","<5"
"2020-05-21","46003","Beveren (Sint-Niklaas)","Beveren (Saint-Nicolas)","Arrondissement Sint-Niklaas","Arrondissement de Saint-Nicolas","Provincie Oost-Vlaanderen","Province de Flandre orientale","Vlaams Gewest","Région flamande","<5"
"2020-05-21","46014","Lokeren","Lokeren","Arrondissement Sint-Niklaas","Arrondissement de Saint-Nicolas","Provincie Oost-Vlaanderen","Province de Flandre orientale","Vlaams Gewest","Région flamande","<5"
"2020-05-21","46024","Stekene","Stekene","Arrondissement Sint-Niklaas","Arrondissement de Saint-Nicolas","Provincie Oost-Vlaanderen","Province de Flandre orientale","Vlaams Gewest","Région flamande","<5"
"2020-05-21","52011","Charleroi","Charleroi","Arrondissement Charleroi","Arrondissement de Charleroi","Provincie Henegouwen","Province du Hainaut","Waals Gewest","Région wallonne","<5"
"2020-05-21","57081","Doornik","Tournai","Arrondissement Doornik-Moeskroen","Arrondissement de Tournai-Mouscron","Provincie Henegouwen","Province du Hainaut","Waals Gewest","Région wallonne","<5"
"2020-05-21","57096","Moeskroen","Mouscron","Arrondissement Doornik-Moeskroen","Arrondissement de Tournai-Mouscron","Provincie Henegouwen","Province du Hainaut","Waals Gewest","Région wallonne","<5"
"2020-05-21","62006","Awans","Awans","Arrondissement Luik","Arrondissement de Liège","Provincie Luik","Province de Liège","Waals Gewest","Région wallonne","<5"
"2020-05-21","62015","Beyne-Heusay","Beyne-Heusay","Arrondissement Luik","Arrondissement de Liège","Provincie Luik","Province de Liège","Waals Gewest","Région wallonne","<5"
"2020-05-21","62051","Herstal","Herstal","Arrondissement Luik","Arrondissement de Liège","Provincie Luik","Province de Liège","Waals Gewest","Région wallonne","<5"
"2020-05-21","71020","Halen","Halen","Arrondissement Hasselt","Arrondissement de Hasselt","Provincie Limburg","Province du Limbourg","Vlaams Gewest","Région flamande","<5"
"2020-05-21","71045","Nieuwerkerken (Hasselt)","Nieuwerkerken (Hasselt)","Arrondissement Hasselt","Arrondissement de Hasselt","Provincie Limburg","Province du Limbourg","Vlaams Gewest","Région flamande","<5"
"2020-05-21","71053","Sint-Truiden","Saint-Trond","Arrondissement Hasselt","Arrondissement de Hasselt","Provincie Limburg","Province du Limbourg","Vlaams Gewest","Région flamande","<5"
"2020-05-21","71070","Heusden-Zolder","Heusden-Zolder","Arrondissement Hasselt","Arrondissement de Hasselt","Provincie Limburg","Province du Limbourg","Vlaams Gewest","Région flamande","<5"
"2020-05-21","73032","Hoeselt","Hoeselt","Arrondissement Tongeren","Arrondissement de Tongres","Provincie Limburg","Province du Limbourg","Vlaams Gewest","Région flamande","<5"
"2020-05-21","73083","Tongeren","Tongres","Arrondissement Tongeren","Arrondissement de Tongres","Provincie Limburg","Province du Limbourg","Vlaams Gewest","Région flamande","<5"
"2020-05-21","92035","Eghezée","Eghezée","Arrondissement Namen","Arrondissement de Namur","Provincie Namen","Province de Namur","Waals Gewest","Région wallonne","<5"
"2020-05-21","92094","Namen","Namur","Arrondissement Namen","Arrondissement de Namur","Provincie Namen","Province de Namur","Waals Gewest","Région wallonne","<5"
"2020-05-21",NA,NA,NA,NA,NA,NA,NA,NA,NA,"<5"
"2020-05-22","11001","Aartselaar","Aartselaar","Arrondissement Antwerpen","Arrondissement d’Anvers","Provincie Antwerpen","Province d’Anvers","Vlaams Gewest","Région flamande","<5"
"2020-05-22","11002","Antwerpen","Anvers","Arrondissement Antwerpen","Arrondissement d’Anvers","Provincie Antwerpen","Province d’Anvers","Vlaams Gewest","Région flamande","5"
"2020-05-22","11005","Boom","Boom","Arrondissement Antwerpen","Arrondissement d’Anvers","Provincie Antwerpen","Province d’Anvers","Vlaams Gewest","Région flamande","<5"
"2020-05-22","11023","Kapellen (Antwerpen)","Kapellen (Anvers)","Arrondissement Antwerpen","Arrondissement d’Anvers","Provincie Antwerpen","Province d’Anvers","Vlaams Gewest","Région flamande","<5"
"2020-05-22","11039","Schilde","Schilde","Arrondissement Antwerpen","Arrondissement d’Anvers","Provincie Antwerpen","Province d’Anvers","Vlaams Gewest","Région flamande","<5"
"2020-05-22","12007","Bornem","Bornem","Arrondissement Mechelen","Arrondissement de Malines","Provincie Antwerpen","Province d’Anvers","Vlaams Gewest","Région flamande","<5"
"2020-05-22","12014","Heist-op-den-Berg","Heist-op-den-Berg","Arrondissement Mechelen","Arrondissement de Malines","Provincie Antwerpen","Province d’Anvers","Vlaams Gewest","Région flamande","<5"
"2020-05-22","13040","Turnhout","Turnhout","Arrondissement Turnhout","Arrondissement de Turnhout","Provincie Antwerpen","Province d’Anvers","Vlaams Gewest","Région flamande","<5"
"2020-05-22","21001","Anderlecht","Anderlecht","Arrondissement Brussel-Hoofdstad","Arrondissement de Bruxelles-Capitale",NA,NA,"Brussels Hoofdstedelijk Gewest","Région de Bruxelles-Capitale","<5"
"2020-05-22","21012","Sint-Jans-Molenbeek","Molenbeek-Saint-Jean","Arrondissement Brussel-Hoofdstad","Arrondissement de Bruxelles-Capitale",NA,NA,"Brussels Hoofdstedelijk Gewest","Région de Bruxelles-Capitale","<5"
"2020-05-22","23062","Overijse","Overijse","Arrondissement Halle-Vilvoorde","Arrondissement de Hal-Vilvorde","Provincie Vlaams-Brabant","Province du Brabant flamand","Vlaams Gewest","Région flamande","<5"
"2020-05-22","23064","Pepingen","Pepingen","Arrondissement Halle-Vilvoorde","Arrondissement de Hal-Vilvorde","Provincie Vlaams-Brabant","Province du Brabant flamand","Vlaams Gewest","Région flamande","<5"
"2020-05-22","23088","Vilvoorde","Vilvorde","Arrondissement Halle-Vilvoorde","Arrondissement de Hal-Vilvorde","Provincie Vlaams-Brabant","Province du Brabant flamand","Vlaams Gewest","Région flamande","<5"
"2020-05-22","23096","Zemst","Zemst","Arrondissement Halle-Vilvoorde","Arrondissement de Hal-Vilvorde","Provincie Vlaams-Brabant","Province du Brabant flamand","Vlaams Gewest","Région flamande","<5"
"2020-05-22","24020","Diest","Diest","Arrondissement Leuven","Arrondissement de Louvain","Provincie Vlaams-Brabant","Province du Brabant flamand","Vlaams Gewest","Région flamande","<5"
"2020-05-22","24033","Haacht","Haacht","Arrondissement Leuven","Arrondissement de Louvain","Provincie Vlaams-Brabant","Province du Brabant flamand","Vlaams Gewest","Région flamande","<5"
"2020-05-22","24104","Tervuren","Tervuren","Arrondissement Leuven","Arrondissement de Louvain","Provincie Vlaams-Brabant","Province du Brabant flamand","Vlaams Gewest","Région flamande","<5"
"2020-05-22","31043","Knokke-Heist","Knokke-Heist","Arrondissement Brugge","Arrondissement de Bruges","Provincie West-Vlaanderen","Province de Flandre occidentale","Vlaams Gewest","Région flamande","<5"
"2020-05-22","34022","Kortrijk","Courtrai","Arrondissement Kortrijk","Arrondissement de Courtrai","Provincie West-Vlaanderen","Province de Flandre occidentale","Vlaams Gewest","Région flamande","<5"
"2020-05-22","35011","Middelkerke","Middelkerke","Arrondissement Oostende","Arrondissement d’Ostende","Provincie West-Vlaanderen","Province de Flandre occidentale","Vlaams Gewest","Région flamande","<5"
"2020-05-22","35014","Oudenburg","Oudenburg","Arrondissement Oostende","Arrondissement d’Ostende","Provincie West-Vlaanderen","Province de Flandre occidentale","Vlaams Gewest","Région flamande","<5"
"2020-05-22","41024","Haaltert","Haaltert","Arrondissement Aalst","Arrondissement d’Alost","Provincie Oost-Vlaanderen","Province de Flandre orientale","Vlaams Gewest","Région flamande","<5"
"2020-05-22","41034","Lede","Lede","Arrondissement Aalst","Arrondissement d’Alost","Provincie Oost-Vlaanderen","Province de Flandre orientale","Vlaams Gewest","Région flamande","<5"
"2020-05-22","42026","Wichelen","Wichelen","Arrondissement Dendermonde","Arrondissement de Termonde","Provincie Oost-Vlaanderen","Province de Flandre orientale","Vlaams Gewest","Région flamande","<5"
"2020-05-22","42028","Zele","Zele","Arrondissement Dendermonde","Arrondissement de Termonde","Provincie Oost-Vlaanderen","Province de Flandre orientale","Vlaams Gewest","Région flamande","<5"
"2020-05-22","44021","Gent","Gand","Arrondissement Gent","Arrondissement de Gand","Provincie Oost-Vlaanderen","Province de Flandre orientale","Vlaams Gewest","Région flamande","<5"
"2020-05-22","45035","Oudenaarde","Audenarde","Arrondissement Oudenaarde","Arrondissement d’Audenarde","Provincie Oost-Vlaanderen","Province de Flandre orientale","Vlaams Gewest","Région flamande","<5"
"2020-05-22","45064","Maarkedal","Maarkedal","Arrondissement Oudenaarde","Arrondissement d’Audenarde","Provincie Oost-Vlaanderen","Province de Flandre orientale","Vlaams Gewest","Région flamande","<5"
"2020-05-22","46003","Beveren (Sint-Niklaas)","Beveren (Saint-Nicolas)","Arrondissement Sint-Niklaas","Arrondissement de Saint-Nicolas","Provincie Oost-Vlaanderen","Province de Flandre orientale","Vlaams Gewest","Région flamande","<5"
"2020-05-22","46014","Lokeren","Lokeren","Arrondissement Sint-Niklaas","Arrondissement de Saint-Nicolas","Provincie Oost-Vlaanderen","Province de Flandre orientale","Vlaams Gewest","Région flamande","<5"
"2020-05-22","46020","Sint-Gillis-Waas","Sint-Gillis-Waas","Arrondissement Sint-Niklaas","Arrondissement de Saint-Nicolas","Provincie Oost-Vlaanderen","Province de Flandre orientale","Vlaams Gewest","Région flamande","<5"
"2020-05-22","46021","Sint-Niklaas (Sint-Niklaas)","Saint-Nicolas (Saint-Nicolas)","Arrondissement Sint-Niklaas","Arrondissement de Saint-Nicolas","Provincie Oost-Vlaanderen","Province de Flandre orientale","Vlaams Gewest","Région flamande","<5"
"2020-05-22","46025","Temse","Tamise","Arrondissement Sint-Niklaas","Arrondissement de Saint-Nicolas","Provincie Oost-Vlaanderen","Province de Flandre orientale","Vlaams Gewest","Région flamande","<5"
"2020-05-22","52015","Courcelles","Courcelles","Arrondissement Charleroi","Arrondissement de Charleroi","Provincie Henegouwen","Province du Hainaut","Waals Gewest","Région wallonne","<5"
"2020-05-22","52048","Montigny-le-Tilleul","Montigny-le-Tilleul","Arrondissement Charleroi","Arrondissement de Charleroi","Provincie Henegouwen","Province du Hainaut","Waals Gewest","Région wallonne","<5"
"2020-05-22","63079","Verviers","Verviers","Arrondissement Verviers","Arrondissement de Verviers","Provincie Luik","Province de Liège","Waals Gewest","Région wallonne","<5"
"2020-05-22","71004","Beringen","Beringen","Arrondissement Hasselt","Arrondissement de Hasselt","Provincie Limburg","Province du Limbourg","Vlaams Gewest","Région flamande","<5"
"2020-05-22","71016","Genk","Genk","Arrondissement Hasselt","Arrondissement de Hasselt","Provincie Limburg","Province du Limbourg","Vlaams Gewest","Région flamande","<5"
"2020-05-22","71053","Sint-Truiden","Saint-Trond","Arrondissement Hasselt","Arrondissement de Hasselt","Provincie Limburg","Province du Limbourg","Vlaams Gewest","Région flamande","<5"
"2020-05-22","71066","Zonhoven","Zonhoven","Arrondissement Hasselt","Arrondissement de Hasselt","Provincie Limburg","Province du Limbourg","Vlaams Gewest","Région flamande","<5"
"2020-05-22","72039","Houthalen-Helchteren","Houthalen-Helchteren","Arrondissement Maaseik","Arrondissement de Maaseik","Provincie Limburg","Province du Limbourg","Vlaams Gewest","Région flamande","<5"
"2020-05-22","73006","Bilzen","Bilzen","Arrondissement Tongeren","Arrondissement de Tongres","Provincie Limburg","Province du Limbourg","Vlaams Gewest","Région flamande","<5"
"2020-05-22","92137","Sambreville","Sambreville","Arrondissement Namen","Arrondissement de Namur","Provincie Namen","Province de Namur","Waals Gewest","Région wallonne","<5"
"2020-05-22",NA,NA,NA,NA,NA,NA,NA,NA,NA,"5"
NA,"11002","Antwerpen","Anvers","Arrondissement Antwerpen","Arrondissement d’Anvers","Provincie Antwerpen","Province d’Anvers","Vlaams Gewest","Région flamande","<5"
NA,"11023","Kapellen (Antwerpen)","Kapellen (Anvers)","Arrondissement Antwerpen","Arrondissement d’Anvers","Provincie Antwerpen","Province d’Anvers","Vlaams Gewest","Région flamande","<5"
NA,"12005","Bonheiden","Bonheiden","Arrondissement Mechelen","Arrondissement de Malines","Provincie Antwerpen","Province d’Anvers","Vlaams Gewest","Région flamande","<5"
NA,"13008","Geel","Geel","Arrondissement Turnhout","Arrondissement de Turnhout","Provincie Antwerpen","Province d’Anvers","Vlaams Gewest","Région flamande","<5"
NA,"21002","Oudergem","Auderghem","Arrondissement Brussel-Hoofdstad","Arrondissement de Bruxelles-Capitale",NA,NA,"Brussels Hoofdstedelijk Gewest","Région de Bruxelles-Capitale","<5"
NA,"21003","Sint-Agatha-Berchem","Berchem-Sainte-Agathe","Arrondissement Brussel-Hoofdstad","Arrondissement de Bruxelles-Capitale",NA,NA,"Brussels Hoofdstedelijk Gewest","Région de Bruxelles-Capitale","<5"
NA,"21004","Brussel","Bruxelles","Arrondissement Brussel-Hoofdstad","Arrondissement de Bruxelles-Capitale",NA,NA,"Brussels Hoofdstedelijk Gewest","Région de Bruxelles-Capitale","<5"
NA,"21007","Vorst (Brussel-Hoofdstad)","Forest (Bruxelles-Capitale)","Arrondissement Brussel-Hoofdstad","Arrondissement de Bruxelles-Capitale",NA,NA,"Brussels Hoofdstedelijk Gewest","Région de Bruxelles-Capitale","<5"
NA,"21009","Elsene","Ixelles","Arrondissement Brussel-Hoofdstad","Arrondissement de Bruxelles-Capitale",NA,NA,"Brussels Hoofdstedelijk Gewest","Région de Bruxelles-Capitale","<5"
NA,"21011","Koekelberg","Koekelberg","Arrondissement Brussel-Hoofdstad","Arrondissement de Bruxelles-Capitale",NA,NA,"Brussels Hoofdstedelijk Gewest","Région de Bruxelles-Capitale","<5"
NA,"21016","Ukkel","Uccle","Arrondissement Brussel-Hoofdstad","Arrondissement de Bruxelles-Capitale",NA,NA,"Brussels Hoofdstedelijk Gewest","Région de Bruxelles-Capitale","<5"
NA,"21019","Sint-Pieters-Woluwe","Woluwe-Saint-Pierre","Arrondissement Brussel-Hoofdstad","Arrondissement de Bruxelles-Capitale",NA,NA,"Brussels Hoofdstedelijk Gewest","Région de Bruxelles-Capitale","<5"
NA,"23099","Kraainem","Kraainem","Arrondissement Halle-Vilvoorde","Arrondissement de Hal-Vilvorde","Provincie Vlaams-Brabant","Province du Brabant flamand","Vlaams Gewest","Région flamande","<5"
NA,"24045","Huldenberg","Huldenberg","Arrondissement Leuven","Arrondissement de Louvain","Provincie Vlaams-Brabant","Province du Brabant flamand","Vlaams Gewest","Région flamande","<5"
NA,"24062","Leuven","Louvain","Arrondissement Leuven","Arrondissement de Louvain","Provincie Vlaams-Brabant","Province du Brabant flamand","Vlaams Gewest","Région flamande","<5"
NA,"25072","Nijvel","Nivelles","Arrondissement Nijvel","Arrondissement de Nivelles","Provincie Waals-Brabant","Province du Brabant wallon","Waals Gewest","Région wallonne","<5"
NA,"25091","Rixensart","Rixensart","Arrondissement Nijvel","Arrondissement de Nivelles","Provincie Waals-Brabant","Province du Brabant wallon","Waals Gewest","Région wallonne","<5"
NA,"25110","Waterloo","Waterloo","Arrondissement Nijvel","Arrondissement de Nivelles","Provincie Waals-Brabant","Province du Brabant wallon","Waals Gewest","Région wallonne","<5"
NA,"31040","Zedelgem","Zedelgem","Arrondissement Brugge","Arrondissement de Bruges","Provincie West-Vlaanderen","Province de Flandre occidentale","Vlaams Gewest","Région flamande","<5"
NA,"32003","Diksmuide","Dixmude","Arrondissement Diksmuide","Arrondissement de Dixmude","Provincie West-Vlaanderen","Province de Flandre occidentale","Vlaams Gewest","Région flamande","<5"
NA,"33039","Heuvelland","Heuvelland","Arrondissement Ieper","Arrondissement d’Ypres","Provincie West-Vlaanderen","Province de Flandre occidentale","Vlaams Gewest","Région flamande","<5"
NA,"36008","Izegem","Izegem","Arrondissement Roeselare","Arrondissement de Roulers","Provincie West-Vlaanderen","Province de Flandre occidentale","Vlaams Gewest","Région flamande","<5"
NA,"41063","Sint-Lievens-Houtem","Sint-Lievens-Houtem","Arrondissement Aalst","Arrondissement d’Alost","Provincie Oost-Vlaanderen","Province de Flandre orientale","Vlaams Gewest","Région flamande","<5"
NA,"42006","Dendermonde","Termonde","Arrondissement Dendermonde","Arrondissement de Termonde","Provincie Oost-Vlaanderen","Province de Flandre orientale","Vlaams Gewest","Région flamande","<5"
NA,"43005","Eeklo","Eeklo","Arrondissement Eeklo","Arrondissement d’Eeklo","Provincie Oost-Vlaanderen","Province de Flandre orientale","Vlaams Gewest","Région flamande","<5"
NA,"43010","Maldegem","Maldegem","Arrondissement Eeklo","Arrondissement d’Eeklo","Provincie Oost-Vlaanderen","Province de Flandre orientale","Vlaams Gewest","Région flamande","<5"
NA,"43014","Sint-Laureins","Sint-Laureins","Arrondissement Eeklo","Arrondissement d’Eeklo","Provincie Oost-Vlaanderen","Province de Flandre orientale","Vlaams Gewest","Région flamande","<5"
NA,"44019","Evergem","Evergem","Arrondissement Gent","Arrondissement de Gand","Provincie Oost-Vlaanderen","Province de Flandre orientale","Vlaams Gewest","Région flamande","<5"
NA,"44021","Gent","Gand","Arrondissement Gent","Arrondissement de Gand","Provincie Oost-Vlaanderen","Province de Flandre orientale","Vlaams Gewest","Région flamande","<5"
NA,"44073","Wachtebeke","Wachtebeke","Arrondissement Gent","Arrondissement de Gand","Provincie Oost-Vlaanderen","Province de Flandre orientale","Vlaams Gewest","Région flamande","<5"
NA,"44084","Aalter","Aalter","Arrondissement Gent","Arrondissement de Gand","Provincie Oost-Vlaanderen","Province de Flandre orientale","Vlaams Gewest","Région flamande","<5"
NA,"46021","Sint-Niklaas (Sint-Niklaas)","Saint-Nicolas (Saint-Nicolas)","Arrondissement Sint-Niklaas","Arrondissement de Saint-Nicolas","Provincie Oost-Vlaanderen","Province de Flandre orientale","Vlaams Gewest","Région flamande","<5"
NA,"51008","Beloeil","Beloeil","Arrondissement Aat","Arrondissement d’Ath","Provincie Henegouwen","Province du Hainaut","Waals Gewest","Région wallonne","<5"
NA,"53053","Bergen","Mons","Arrondissement Bergen","Arrondissement de Mons","Provincie Henegouwen","Province du Hainaut","Waals Gewest","Région wallonne","<5"
NA,"57081","Doornik","Tournai","Arrondissement Doornik-Moeskroen","Arrondissement de Tournai-Mouscron","Provincie Henegouwen","Province du Hainaut","Waals Gewest","Région wallonne","<5"
NA,"57096","Moeskroen","Mouscron","Arrondissement Doornik-Moeskroen","Arrondissement de Tournai-Mouscron","Provincie Henegouwen","Province du Hainaut","Waals Gewest","Région wallonne","<5"
NA,"61019","Ferrières","Ferrières","Arrondissement Hoei","Arrondissement de Huy","Provincie Luik","Province de Liège","Waals Gewest","Région wallonne","<5"
NA,"61028","Héron","Héron","Arrondissement Hoei","Arrondissement de Huy","Provincie Luik","Province de Liège","Waals Gewest","Région wallonne","<5"
NA,"61043","Nandrin","Nandrin","Arrondissement Hoei","Arrondissement de Huy","Provincie Luik","Province de Liège","Waals Gewest","Région wallonne","<5"
NA,"61048","Ouffet","Ouffet","Arrondissement Hoei","Arrondissement de Huy","Provincie Luik","Province de Liège","Waals Gewest","Région wallonne","<5"
NA,"61068","Villers-Le-Bouillet","Villers-Le-Bouillet","Arrondissement Hoei","Arrondissement de Huy","Provincie Luik","Province de Liège","Waals Gewest","Région wallonne","<5"
NA,"61079","Anthisnes","Anthisnes","Arrondissement Hoei","Arrondissement de Huy","Provincie Luik","Province de Liège","Waals Gewest","Région wallonne","<5"
NA,"61080","Engis","Engis","Arrondissement Hoei","Arrondissement de Huy","Provincie Luik","Province de Liège","Waals Gewest","Région wallonne","<5"
NA,"62006","Awans","Awans","Arrondissement Luik","Arrondissement de Liège","Provincie Luik","Province de Liège","Waals Gewest","Région wallonne","<5"
NA,"62051","Herstal","Herstal","Arrondissement Luik","Arrondissement de Liège","Provincie Luik","Province de Liège","Waals Gewest","Région wallonne","<5"
NA,"62063","Luik","Liège","Arrondissement Luik","Arrondissement de Liège","Provincie Luik","Province de Liège","Waals Gewest","Région wallonne","<5"
NA,"62079","Oupeye","Oupeye","Arrondissement Luik","Arrondissement de Liège","Provincie Luik","Province de Liège","Waals Gewest","Région wallonne","<5"
NA,"62096","Seraing","Seraing","Arrondissement Luik","Arrondissement de Liège","Provincie Luik","Province de Liège","Waals Gewest","Région wallonne","10"
NA,"62118","Grâce-Hollogne","Grâce-Hollogne","Arrondissement Luik","Arrondissement de Liège","Provincie Luik","Province de Liège","Waals Gewest","Région wallonne","<5"
NA,"62120","Flémalle","Flémalle","Arrondissement Luik","Arrondissement de Liège","Provincie Luik","Province de Liège","Waals Gewest","Région wallonne","6"
NA,"62121","Neupré","Neupré","Arrondissement Luik","Arrondissement de Liège","Provincie Luik","Province de Liège","Waals Gewest","Région wallonne","<5"
NA,"63004","Baelen","Baelen","Arrondissement Verviers","Arrondissement de Verviers","Provincie Luik","Province de Liège","Waals Gewest","Région wallonne","<5"
NA,"63035","Herve","Herve","Arrondissement Verviers","Arrondissement de Verviers","Provincie Luik","Province de Liège","Waals Gewest","Région wallonne","<5"
NA,"63046","Limburg","Limbourg","Arrondissement Verviers","Arrondissement de Verviers","Provincie Luik","Province de Liège","Waals Gewest","Région wallonne","<5"
NA,"63067","Sankt Vith","Saint-Vith","Arrondissement Verviers","Arrondissement de Verviers","Provincie Luik","Province de Liège","Waals Gewest","Région wallonne","<5"
NA,"63087","Burg-Reuland","Burg-Reuland","Arrondissement Verviers","Arrondissement de Verviers","Provincie Luik","Province de Liège","Waals Gewest","Région wallonne","<5"
NA,"64023","Donceel","Donceel","Arrondissement Borgworm","Arrondissement de Waremme","Provincie Luik","Province de Liège","Waals Gewest","Région wallonne","<5"
NA,"64063","Remicourt","Remicourt","Arrondissement Borgworm","Arrondissement de Waremme","Provincie Luik","Province de Liège","Waals Gewest","Région wallonne","<5"
NA,"64074","Borgworm","Waremme","Arrondissement Borgworm","Arrondissement de Waremme","Provincie Luik","Province de Liège","Waals Gewest","Région wallonne","<5"
NA,"64076","Faimes","Faimes","Arrondissement Borgworm","Arrondissement de Waremme","Provincie Luik","Province de Liège","Waals Gewest","Région wallonne","<5"
NA,"91015","Bièvre","Bièvre","Arrondissement Dinant","Arrondissement de Dinant","Provincie Namen","Province de Namur","Waals Gewest","Région wallonne","<5"
NA,NA,NA,NA,NA,NA,NA,NA,NA,NA,"<5"
